1 202.078525 179.315206
1 186.819888 180.064576
1 214.176846 164.074055
1 182.952212 174.534474
1 206.669392 164.939290
1 196.768541 177.505941
1 204.328503 189.087506
1 189.331589 163.877402
1 203.527437 163.832954
1 199.534577 179.521387
1 209.442568 186.467994
1 180.724814 194.967207
1 203.531713 193.973627
1 193.107182 173.501593
1 192.250519 197.907028
1 194.037276 181.435106
1 199.799649 178.648621
1 181.725132 173.312320
1 183.153069 197.091140
1 188.637822 183.889312
1 189.229870 181.374885
1 199.026631 174.339036
1 190.123317 178.772194
1 201.737982 180.358956
1 199.410362 165.275356
1 200.678000 184.928028
1 178.902086 190.791062
1 199.439138 173.536568
1 201.121318 185.842062
1 185.497611 180.646397
1 198.505473 182.127880
1 182.344040 172.955946
1 186.702925 186.835629
1 215.404842 195.972708
1 209.131122 169.530986
1 203.190361 193.766879
1 210.067252 172.806962
1 218.071022 160.950646
1 191.954083 254.227627
1 192.652336 171.497000
1 140.971033 167.544552
1 171.884507 186.627348
1 216.445182 163.259140
1 145.132721 161.306149
1 214.839488 181.454366
1 179.565026 217.108669
1 164.303604 169.212262
1 235.891654 179.370363
1 267.546105 140.553637
1 137.238010 199.768967
1 179.319800 152.013601
1 180.756030 198.942319
1 212.768994 175.790257
1 152.502005 125.325532
1 175.054715 154.225965
1 166.492596 177.099530
1 158.642050 146.980536
1 179.045398 137.157330
1 208.811719 186.310293
1 223.730906 155.303061
1 207.455054 172.214111
1 181.494029 108.358372
1 177.455908 158.782285
1 205.918880 119.535114
1 231.317631 134.354498
1 136.503226 146.381281
1 176.950196 157.183359
1 209.720880 179.774205
1 208.794541 122.711873
1 227.301616 149.243506
1 171.984799 148.492530
1 180.094139 207.442537
1 199.376079 147.549034
1 192.840917 180.747650
1 212.562979 206.118055
1 193.792060 189.436655
1 165.257600 175.872475
1 159.468439 184.324252
1 237.264646 118.607079
1 177.423549 173.378347
1 278.269346 148.161786
1 184.414583 191.802854
1 183.245280 148.073520
1 182.301470 236.515077
1 214.111575 127.974295
1 119.201206 159.478967
1 176.397296 106.410002
1 174.589521 174.660772
1 199.362752 176.923558
1 111.804709 175.378119
1 164.015136 130.820786
1 215.925082 188.258046
1 199.249275 67.787838
1 140.056125 132.680475
1 176.352784 167.112797
1 192.208774 116.616790
1 201.401792 141.612900
1 160.769392 150.846206
1 191.984254 205.153085
1 171.894190 159.478650
1 217.966738 156.108359
1 229.877328 181.568457
1 173.681081 166.846063
1 134.619661 142.928102
1 161.971263 256.398202
1 175.529007 169.941042
1 204.686828 227.154591
1 259.552587 222.362889
1 168.854072 195.829772
1 204.484742 145.580069
1 328.586531 130.123648
1 169.160934 251.739790
1 180.643485 128.148486
1 183.316328 173.385835
1 170.361397 161.691592
1 148.644349 162.125755
1 224.553587 206.651645
1 197.797565 202.786293
1 204.833264 122.314231
1 154.985415 191.514562
1 230.653415 148.765801
1 182.891840 233.317766
1 179.593158 239.079923
1 194.950262 233.711535
1 202.613613 268.599794
1 261.398129 157.327617
1 201.688807 119.793291
1 154.880840 126.430331
1 167.078644 184.400155
1 155.751741 214.956126
1 144.436110 185.611587
1 113.119832 222.401736
1 157.319867 174.808632
1 196.976079 186.134943
1 220.839522 185.145827
1 207.747254 131.646441
1 122.631761 154.823256
1 191.248524 160.784328
1 226.294741 93.621292
1 164.143529 126.102707
1 233.069778 132.216884
1 218.042091 198.380887
1 241.266055 161.226003
1 203.898780 197.000930
1 137.338554 176.967861
1 147.170159 183.693687
1 215.103942 239.654124
1 167.567043 113.343899
1 214.076190 158.875618
1 149.001197 237.719847
1 282.584506 158.207829
1 214.998213 182.281519
1 201.196757 157.231410
1 177.567564 148.102585
1 242.455064 114.046453
1 216.703013 180.700176
1 227.730343 124.138517
2 59.664177 453.414726
2 50.576305 436.787278
2 51.425367 440.837784
2 43.175214 434.119097
2 75.720087 415.002922
2 58.804816 428.815023
2 60.732494 408.726670
2 72.406240 438.663397
2 78.024736 442.886722
2 67.604440 409.186050
2 50.591738 412.758446
2 64.626408 427.958435
2 74.532559 427.224107
2 64.811656 413.906890
2 39.766784 432.656259
2 54.629899 427.696813
2 39.445893 422.065107
2 64.010856 425.553187
2 59.602518 430.313672
2 64.184752 413.590620
2 80.182577 438.192942
2 61.246465 421.775181
2 61.668450 429.694248
2 53.810192 419.722364
2 56.175670 411.315359
2 63.494198 428.757342
2 83.436392 431.710276
2 43.408837 443.731623
2 62.548742 428.029501
2 65.727367 424.865274
2 71.831915 415.201987
2 54.176240 408.216230
2 65.391002 431.691994
2 45.589576 434.050779
2 40.333242 444.457525
2 47.776520 438.419990
2 12.638497 451.080154
2 41.038712 383.166900
1 316.667368 539.846046
1 301.337676 601.590990
1 315.012996 641.651921
1 137.580917 790.113407
1 148.218661 777.629893
1 139.421185 798.342218
1 138.908182 789.084680
1 146.418749 784.457072
1 150.308837 780.140365
1 157.117436 792.632554
1 158.460107 771.246079
1 146.027089 803.146904
1 157.586055 786.824144
1 151.165851 778.942263
1 154.737368 774.207855
1 153.580006 777.188003
1 164.555545 789.736037
1 161.261873 761.410870
1 144.243613 785.552113
1 146.093343 790.984559
1 136.628337 785.524255
1 135.578839 792.133503
1 135.556030 777.083723
1 150.762099 774.299002
1 147.859911 793.014543
1 150.481933 780.709372
1 130.425149 772.329319
1 170.979326 792.811980
1 143.297630 795.898551
1 154.225798 768.676333
1 156.864742 796.891839
1 161.861036 758.807051
1 157.033526 783.322430
1 154.356766 782.354495
1 171.076966 768.126136
1 149.792901 793.426537
1 155.137713 786.289303
1 144.477388 777.595097
1 165.961065 763.317471
1 183.871234 743.066517
1 145.656673 745.594746
1 168.217367 745.832882
1 84.858756 743.703884
1 204.470495 770.849755
1 170.116694 714.379319
1 175.775772 765.619962
1 135.562789 787.698971
1 142.015949 812.248929
1 143.868548 859.846456
1 131.203023 751.471108
1 132.061748 779.105883
1 179.623241 861.835044
1 159.015600 773.586559
1 148.308002 807.496094
1 130.035706 783.361864
1 234.584618 773.519709
1 120.191987 826.265516
1 138.352986 834.858940
1 148.026008 767.951668
1 96.672492 795.341263
1 136.123148 741.941009
1 94.294733 782.730297
1 137.259827 742.500747
1 135.993522 792.611132
1 139.317529 788.829622
1 154.133291 825.866740
1 207.596880 787.917213
1 122.358505 793.279023
1 130.343925 733.424591
1 132.456871 761.906237
1 207.016008 783.028919
1 118.855973 810.831734
1 149.723046 722.753445
1 137.561125 811.006476
1 143.538379 853.301583
1 139.317529 788.829622
1 138.241926 749.725135
1 164.417097 769.160357
1 155.919053 803.072947
1 323.606179 666.940324
1 166.396867 775.992436
1 152.791229 780.329704
1 186.687085 760.431907
1 166.704154 773.881494
1 116.954212 802.273598
1 155.417461 741.394155
1 163.034201 784.196842
1 141.421289 763.562974
1 170.934639 732.447781
1 184.180700 763.831850
1 121.283883 777.017636
1 195.341597 741.243513
1 140.426456 787.977891
1 115.158726 804.443247
1 158.243528 796.520148
1 184.653706 835.562849
2 313.986397 797.551474
1 147.789792 822.382380
1 142.558168 729.268925
1 171.164117 778.343105
1 135.319693 775.678826
1 113.916821 762.324671
1 152.983320 796.201581
1 170.515920 787.263997
1 175.352113 763.685177
1 122.466419 792.065208
1 162.124465 840.530034
1 174.879531 791.359288
1 140.112001 834.700497
1 158.166909 756.485529
1 137.903324 820.065933
1 323.008685 702.803886
1 187.777220 743.032666
2 329.978681 787.331667
1 177.893347 750.196306
1 144.517422 813.508779
2 499.585782 134.991032
2 483.869978 133.688808
2 506.632547 149.885286
2 518.370217 137.655406
2 500.372290 132.347817
2 493.720714 134.765195
2 509.805614 158.859363
2 494.685072 156.280964
2 516.707945 155.811111
2 512.198795 143.865391
2 498.891104 142.434045
2 503.031665 142.810787
2 482.063822 143.746553
2 496.084056 144.129262
2 491.287710 130.238975
2 493.997559 149.054409
2 516.354893 141.664266
2 497.273132 140.416961
2 491.863470 139.404843
2 484.169628 124.939385
2 500.296424 143.208910
2 502.431803 130.208756
2 507.653555 163.648638
2 490.172815 141.775291
2 507.237126 134.154348
2 495.384363 140.921447
2 485.296409 121.877189
2 495.878229 119.440463
2 499.532163 145.276059
1 414.159271 654.484542
1 396.965906 656.429721
1 409.232629 630.668999
1 407.023245 639.978443
1 393.944144 650.141133
1 399.197276 650.149638
1 405.431374 649.333913
1 391.300101 656.779568
1 400.259023 649.944374
1 399.088965 649.256337
1 399.326209 652.158784
1 391.609420 665.205160
1 408.133576 630.837110
1 399.173399 644.191207
1 409.607785 663.929181
1 400.950645 653.944074
1 381.955513 645.056636
1 405.424793 638.575822
1 381.367666 653.613494
1 410.397212 637.327155
1 401.354440 647.757411
1 390.971265 647.465206
1 405.861198 641.062399
1 394.385557 654.002274
1 393.340697 642.555826
1 411.539163 654.654595
1 408.226809 628.395687
1 395.338749 637.154486
1 403.421915 634.225238
1 399.215922 650.971434
1 423.036678 654.281203
2 556.654560 492.168320
2 566.327921 479.929622
2 559.645556 478.749257
2 542.108217 474.036524
2 559.685605 487.433473
2 563.369408 490.282628
2 573.381410 471.477110
2 559.161220 474.688788
2 557.486451 481.565274
2 556.840378 498.166857
2 558.252617 486.808067
2 558.899972 479.781194
2 548.343974 488.373185
2 565.753896 479.453980
2 568.280122 458.401332
2 552.993692 480.154732
2 536.452940 475.645585
2 545.797056 473.774194
2 567.445625 494.042759
2 543.069621 483.761617
2 558.284391 476.821103
2 547.655082 458.294657
2 561.074381 495.485274
2 563.167474 480.654356
2 557.684401 461.115869
2 542.971177 465.114985
2 564.947799 458.268381
2 567.193653 481.763242
2 559.099342 479.038836
2 580.142647 476.366680
2 565.634408 455.665149
2 557.992754 503.939145
2 564.291244 478.719299
2 544.664903 471.243575
2 568.669514 482.475636
2 567.311923 465.824784
1 430.206515 631.029800
1 415.040863 624.875476
1 372.945279 643.076559
1 355.300353 596.755466
2 593.585676 448.200171
2 555.842601 471.514078
1 348.453763 648.282513
1 399.511640 640.382375
1 419.272477 618.984869
1 466.900468 648.860316
1 446.204314 617.093228
1 401.927254 611.724626
2 555.472309 491.890267
1 429.025706 662.680546
1 451.984746 637.063415
1 384.145120 666.166223
2 557.900063 486.538001
1 413.345107 567.546401
1 461.381612 580.909268
1 367.046467 602.723196
1 465.901130 642.291645
1 385.420287 625.783211
1 441.178322 563.580117
1 415.547520 650.549728
1 368.006157 636.994492
1 397.505554 595.919752
1 425.879508 633.499773
1 388.069409 661.429558
2 524.657208 476.915684
1 404.753273 626.600693
1 427.747893 656.588393
1 439.071120 650.154891
1 363.293461 645.379769
1 351.172300 629.856599
1 385.239771 636.672814
1 411.349688 614.670666
1 398.348662 662.713061
1 393.165314 612.530378
1 373.178331 628.001269
1 405.600903 662.269302
1 364.213028 618.121498
1 374.644985 615.162709
1 438.797825 662.598355
1 394.217543 646.408871
1 507.934640 502.705528
1 421.337659 591.873562
1 380.373491 658.033002
1 393.693259 621.108063
1 415.794468 640.976368
2 583.160028 449.877948
2 576.895637 489.732763
1 365.008326 597.419740
1 348.846508 643.905345
1 399.123994 621.209145
1 397.258336 600.071502
1 421.526474 617.141779
1 364.141393 651.092560
1 426.345844 566.336331
2 592.982593 438.821340
2 546.381530 450.810444
1 405.705754 645.746512
1 423.501749 620.888807
1 470.136458 626.527943
1 412.719189 615.536570
2 540.029253 493.079282
1 399.389716 637.415649
1 360.437310 604.913902
1 375.229808 664.775438
2 592.675478 469.989411
1 450.034400 643.667477
1 389.791365 582.776953
1 383.718842 634.551855
1 339.846745 638.326196
1 348.814340 655.445644
1 382.543679 632.388670
1 369.466662 598.522096
1 443.663017 604.002497
1 438.200276 641.562845
1 411.248181 586.450958
1 398.018189 652.912235
1 463.953541 591.507144
2 549.493640 469.815826
1 389.811907 646.089756
1 427.622735 665.250028
2 575.177485 483.142784
1 372.210488 650.723815
1 455.306718 641.926598
1 388.666515 648.770817
1 455.162112 660.079926
1 467.487480 658.203776
1 386.117904 636.242907
1 379.038236 653.606916
1 357.608903 661.197396
1 362.079494 661.348041
1 402.954339 609.205189
1 437.353233 636.395605
1 448.366570 644.597372
1 411.744956 595.377976
1 361.270076 663.537392
1 384.187670 638.586638
1 467.991372 625.101348
1 481.176430 604.153948
2 564.839745 457.834852
2 534.430259 497.420896
1 450.519726 605.031138
1 418.256955 631.103295
1 403.196970 650.708416
1 403.647205 635.682621
1 410.832251 664.181307
1 373.181828 544.372627
1 410.578617 632.742502
1 444.392289 644.619403
1 404.358976 612.562259
1 407.490836 627.009475
1 379.917011 660.998588
1 423.833868 649.883058
1 414.138813 598.573543
1 404.396542 568.509849
1 385.002082 565.459589
1 398.764117 637.584165
1 398.610056 646.567803
1 418.876730 657.649045
1 426.988257 641.047041
1 409.979965 650.567929
1 444.776115 621.185128
1 397.805309 638.478310
1 388.872558 585.876067
1 350.392495 595.577549
1 375.986202 657.418327
1 418.134349 660.620645
1 352.696490 618.713745
1 388.478656 608.478892
1 382.129868 630.938582
1 452.461289 645.548156
1 457.654982 610.148299
1 422.624305 642.497226
1 348.323604 585.673591
1 432.399088 580.749782
1 419.618526 623.777701
1 389.601002 633.323337
1 414.173349 657.155581
1 417.587852 645.169858
1 411.496247 613.135580
1 394.954126 674.308099
1 410.850476 670.035768
1 575.661683 787.109299
1 554.016372 799.904415
1 566.340280 801.260464
1 570.123937 800.021367
1 591.474880 793.367133
1 567.376086 804.549630
1 560.549366 808.971070
1 587.251436 782.693528
1 587.747347 813.579480
1 572.751738 801.405733
1 552.745377 812.852118
1 564.153244 803.367135
1 566.634687 799.764181
1 569.401358 802.703440
1 581.768991 798.964816
1 572.759855 799.243772
1 577.898006 790.170492
1 573.053080 813.579015
1 572.145453 786.877142
1 560.629967 802.699365
1 568.084256 806.421477
1 556.173005 808.304817
1 569.348468 803.664456
1 559.722450 798.231480
1 554.189676 788.492689
1 565.268759 792.765162
1 570.431892 804.553449
1 566.122417 793.535738
1 556.450136 801.912863
1 558.457108 801.771453
1 553.909713 813.565870
1 551.165307 798.782531
1 588.384833 811.338194
1 546.552111 799.804377
1 578.038975 812.878854
1 570.841369 788.925269
1 569.494965 799.816144
2 389.538227 833.879714
2 402.161750 844.896420
2 378.960659 833.429814
2 411.442228 835.670410
2 409.237313 811.380150
2 387.390942 851.011779
2 400.025746 809.960347
2 405.207302 850.738799
2 397.114311 827.173351
2 401.636197 813.259206
2 387.290173 814.781166
2 399.712033 820.898581
2 402.382769 830.642689
2 397.509522 816.278095
2 411.152661 844.794265
2 395.711069 837.208026
2 398.257724 839.003859
2 416.083383 812.282884
2 412.266138 813.407596
2 413.065501 846.807698
2 390.094158 829.951194
2 398.878255 849.165779
2 401.366324 848.649844
2 401.175089 840.522349
2 405.832256 845.406995
2 398.449407 821.013905
2 400.384027 826.575821
2 391.501291 844.196585
2 402.664223 816.254259
2 404.526549 830.470441
2 402.357607 815.581699
2 397.917414 854.296024
2 388.306593 841.258806
2 382.629465 844.753000
1 383.077538 714.896458
1 538.764866 784.677781
1 539.521226 843.374306
1 596.304690 800.925341
2 401.044917 841.261543
1 588.516995 817.063004
1 577.111690 810.832054
1 535.765151 802.632802
1 563.920727 771.653933
1 606.990349 824.614147
1 566.077602 867.776098
1 384.333740 695.225458
1 557.043895 804.931353
1 559.554044 844.356004
1 579.358985 766.191049
1 609.585481 786.056992
1 595.146274 778.621920
1 565.800463 819.472070
2 409.166817 745.975971
2 344.474075 861.776521
1 586.514178 831.725171
1 545.193196 764.720902
1 541.905569 777.555874
1 384.315150 696.796665
1 581.473308 818.451189
1 412.197864 679.538160
1 590.737770 822.241793
1 562.523982 764.157144
1 585.218123 757.517368
2 392.719621 828.562584
1 404.764475 683.696108
1 435.051453 681.894549
1 636.211080 803.243665
1 526.811561 794.525117
2 391.055843 827.955476
1 568.925388 817.536801
1 391.614651 667.390374
1 400.896203 727.508044
1 585.909624 754.324451
2 371.794910 824.103247
1 375.573776 675.374572
1 501.203205 789.356029
1 574.273161 811.879995
1 446.460465 683.013970
1 601.798744 844.620678
2 419.758540 859.734588
1 553.915892 842.949475
1 554.184405 787.853141
1 580.461152 824.073347
2 398.637689 823.219220
1 642.321577 772.942152
1 604.183710 804.598835
1 430.075702 682.822041
1 436.349264 672.276142
1 571.651758 826.316930
1 594.412838 765.303035
1 560.087346 801.151392
1 569.101352 718.189778
1 574.538643 794.073101
1 569.309032 843.909581
1 587.623502 756.066988
1 550.415222 858.135423
2 428.270250 828.311729
1 416.339199 671.609223
1 563.432349 848.699308
1 590.054476 793.559883
1 579.369512 858.721797
1 355.578010 689.503367
1 592.312042 802.968100
1 406.897383 715.542889
1 369.328221 682.392082
1 576.540462 794.904799
2 408.269108 817.910766
1 551.998636 810.897122
1 618.458331 810.150707
2 383.746395 899.788649
2 409.999655 855.055193
2 346.527741 836.104222
1 565.001242 745.733650
1 549.396869 818.522542
1 539.767561 872.113818
2 387.224541 829.749392
1 543.741054 843.178330
1 575.961716 779.959386
1 562.382495 809.511298
2 411.388650 795.114829
1 522.685187 822.044482
1 547.330583 801.732891
1 383.701000 708.705342
1 567.692535 826.780905
1 537.941156 829.304719
2 434.505740 853.654607
2 426.508569 816.070590
1 594.795210 783.532488
1 601.700775 766.259854
1 563.515512 792.089409
2 412.762585 804.098645
1 522.699513 793.307379
1 527.188654 771.114677
1 509.368027 813.381997
1 495.845886 793.689865
1 538.227276 798.423407
1 516.109690 784.755232
1 531.360086 808.595012
1 585.351274 777.278836
1 557.255076 803.496365
1 566.976904 786.716525
2 384.308664 879.931581
1 562.657586 761.728095
1 536.470661 825.772753
1 620.349462 794.779340
1 578.600420 835.610065
1 604.663777 803.500756
2 420.828423 845.786371
1 412.197864 679.538160
1 578.337179 770.414978
1 569.571549 752.088290
2 404.804193 878.616558
1 417.245705 687.491117
1 334.351705 679.292321
1 573.187029 785.349936
2 373.249021 801.929954
1 639.421970 774.748103
2 385.337434 847.426945
2 454.198814 808.465122
1 576.556194 761.801415
1 638.123186 828.095226
2 400.168357 896.977164
1 506.234903 782.945581
2 385.537413 825.564250
1 555.739640 819.571149
1 574.923406 836.985415
1 443.831925 673.758159
1 576.992441 770.692072
1 551.056902 833.793429
1 373.928704 668.013532
2 387.608361 850.968126
1 556.970869 763.521900
2 411.060706 765.863014
1 571.233873 826.344799
1 359.624872 677.289874
1 642.414741 800.273364
1 567.347235 783.421416
2 424.007253 789.982406
1 358.922410 682.498389
1 584.662538 769.070987
2 362.510281 840.667371
1 551.234423 829.983843
2 398.339766 855.405331
1 385.645687 742.639608
2 390.872431 802.674023
1 631.146702 827.452202
1 633.915909 786.132286
2 360.458540 810.524093
1 394.557760 705.578028
2 439.724552 811.664013
1 379.162802 674.680471
2 394.966170 783.426206
1 527.461406 774.644737
1 580.192314 778.305640
1 572.853694 831.534252
2 394.971598 810.945994
2 379.754207 832.306834
1 454.098634 698.458595
1 449.998020 711.583661
2 393.566177 860.217394
2 416.374252 827.706831
1 597.539650 723.918734
1 531.353198 787.774519
1 389.163469 668.176778
2 388.107757 808.038044
1 568.823180 804.143714
1 537.010051 791.438560
1 439.251437 728.946900
2 382.033743 833.740880
1 555.954304 786.672779
2 367.452770 821.087757
1 587.394649 720.382476
2 447.118923 815.974372
1 425.741277 674.810869
2 391.381314 843.355727
1 565.633322 824.614182
2 374.957614 811.705275
1 401.558953 670.430341
2 431.244014 835.116291
2 416.180518 812.570300
1 583.349614 760.716637
1 591.997787 771.253068
1 381.243846 686.893885
1 561.856056 757.259972
2 358.226002 830.197149
1 546.405558 835.019612
1 591.818789 834.810145
2 410.923708 819.531465
1 404.319555 685.329880
2 384.838451 860.221469
2 384.705509 850.930409
1 565.339369 771.981923
2 353.425624 772.240558
1 625.148062 762.375993
1 570.249585 775.714058
1 556.918635 836.444526
1 360.871983 668.039429
2 398.912685 857.596992
1 406.129839 684.677950
1 551.696243 839.463228
1 540.335649 797.009289
1 561.907685 760.911348
1 565.627379 846.417869
1 541.643626 813.799407
1 528.415643 786.085588
1 586.796505 804.144098
1 529.529430 743.606474
2 380.384271 862.078869
2 404.547223 814.700967
1 392.380660 712.359282
1 436.897454 676.896480
1 573.590895 747.361988
1 515.660791 806.858005
1 580.217817 841.452721
1 531.918095 784.533195
1 544.974909 778.566239
1 376.764098 670.870572
1 552.366751 826.233557
1 572.575209 769.785144
1 506.417662 791.151045
1 589.566780 832.512287
1 572.563953 800.074436
2 410.428255 817.655375
1 591.862768 824.464168
1 539.795603 799.240087
2 363.804801 842.869798
1 599.919615 741.386463
2 446.496601 809.067672
1 408.345058 677.421827
1 418.987660 670.121771
1 534.127794 834.542901
1 627.175324 761.038671
2 426.111250 743.487256
1 543.821343 800.316986
1 653.325148 817.972698
1 553.495903 724.690057
1 562.537978 818.232741
1 642.227489 826.841490
1 570.202191 817.150075
1 582.548263 808.093278
1 517.258616 788.000849
1 565.764120 854.099441
2 424.464721 872.096098
1 583.534708 809.258357
1 545.564512 836.475904
1 452.809445 672.643787
2 383.992292 770.951789
1 593.758436 758.640834
1 588.973845 817.330220
2 460.607890 766.081825
1 646.937921 815.150015
1 583.031820 821.672722
1 575.890758 807.869540
1 649.218596 780.284585
1 626.099453 776.642434
1 623.027211 807.587114
1 589.328988 846.818296
1 594.164715 786.352034
1 605.093530 794.186441
1 551.649179 747.353785
1 519.595044 806.868388
1 562.552432 752.854614
1 533.731937 825.525090
2 435.308393 806.721125
1 427.919937 671.958026
1 519.061424 794.812729
1 439.204283 697.833509
2 371.874161 808.562739
1 449.627799 672.644855
2 435.189724 803.525126
1 602.156856 788.828039
1 407.500367 712.070124
1 435.355252 730.191461
1 552.388119 814.268094
1 515.175666 810.655025
1 561.428523 771.640335
1 598.044868 813.562840
1 572.276357 811.622932
1 406.149618 673.414432
1 601.770069 800.985252
1 534.129466 817.760159
1 567.970368 811.854648
1 561.347347 832.873129
1 542.406649 822.014366
1 607.938387 851.423815
1 558.553187 748.115875
1 448.137318 693.343147
1 529.319932 811.522671
1 568.558876 846.685373
1 397.856533 697.259703
2 393.413442 804.366285
1 552.691436 800.271003
2 391.042208 827.745372
1 444.475659 669.469849
1 583.406201 761.175374
2 397.748719 889.794878
1 533.711987 773.147782
2 387.785870 827.190217
1 593.495633 843.699920
1 422.844934 770.218415
1 543.637602 736.448427
2 425.833220 749.248317
2 386.168381 826.099519
1 504.761301 882.734609
2 360.373581 849.185510
1 579.566867 820.312709
1 619.724217 775.497180
1 593.526215 813.557300
1 587.345296 816.391634
1 440.812549 689.043471
2 351.555951 826.305034
1 621.721998 781.878549
1 602.489480 767.764477
1 575.175302 821.472777
2 422.998033 746.888582
1 362.910035 716.789676
2 416.604138 774.109662
1 558.220319 818.044763
1 527.096779 763.835063
1 438.795287 686.234549
2 359.403855 818.010024
2 408.048118 734.570377
2 402.035204 854.386508
1 402.312986 672.059727
1 539.595572 789.616230
1 556.873022 794.967733
1 433.338681 670.398681
1 434.040448 696.712255
1 552.120277 779.158705
1 490.436132 796.580008
2 378.463630 855.057135
2 411.712522 829.762206
2 396.142548 840.082020
1 582.260701 826.122071
1 440.575300 751.813985
1 531.091930 824.050481
2 418.902918 785.306198
2 406.948207 844.818359
1 580.846196 807.040659
2 491.058211 810.627983
2 402.058343 812.742522
1 566.390882 840.259513
2 386.379331 829.684100
1 619.571398 822.312775
2 380.663070 912.293643
1 570.129227 841.508202
1 473.957962 690.941851
2 442.739871 821.808153
1 569.229044 830.361317
2 448.726228 742.220672
1 658.044946 840.417577
1 432.237156 711.183339
2 413.585157 868.932877
1 466.316104 670.015871
1 418.747863 692.352361
1 564.810463 756.482948
2 381.757642 828.095716
1 618.648361 851.846075
1 553.485869 808.602785
1 379.154366 697.139646
1 509.461228 793.464451
2 460.146685 868.795554
1 561.066137 816.893693
1 486.559179 788.813606
1 431.084469 690.683294
1 585.424127 782.947619
1 568.800640 819.808279
2 376.857719 802.326688
1 534.371212 810.264940
1 576.093179 851.691009
2 401.185845 791.015133
1 485.391693 684.318968
1 531.529529 772.951211
1 619.258673 773.972521
1 559.008860 799.433330
1 560.409232 810.599009
1 565.899009 775.825167
1 419.481243 674.727922
1 609.374842 834.362768
1 551.773928 734.680553
1 582.883622 746.832469
1 822.570945 295.209373
1 821.036917 304.551643
1 829.830806 294.046739
1 827.008361 306.982318
1 819.703925 311.468283
1 819.562622 309.232983
1 819.550908 293.675277
1 823.128751 297.453261
1 823.478148 298.508401
1 815.426318 276.391480
1 818.450751 282.660983
1 820.312877 300.045297
1 819.187439 300.062221
1 804.173060 292.202385
1 822.934482 292.983958
1 828.970412 303.746897
1 820.841994 316.170513
1 819.024018 294.624643
1 831.099042 306.238499
1 818.992631 313.060734
1 819.454788 297.964086
1 839.922837 300.968418
1 814.952164 321.010370
1 803.852044 302.353583
1 823.426854 290.314283
1 799.510615 313.051670
1 837.694861 287.564907
1 831.735188 292.686087
1 805.251090 281.217554
1 834.640377 300.015460
1 819.206725 279.764840
1 822.409595 321.539671
1 803.484546 312.865743
1 821.588987 277.873229
1 817.297562 303.155753
1 814.325253 299.945888
1 826.184956 286.264424
1 795.558235 305.208255
1 797.385661 267.774833
1 845.269771 269.978142
1 813.917447 287.443049
1 807.457272 280.795137
1 784.939457 279.904856
1 859.774509 303.439743
1 793.858870 303.348908
1 829.117255 292.989055
1 775.502804 319.831965
1 821.284462 309.287685
1 854.519371 312.437016
1 791.020375 291.366349
1 808.650868 301.048874
1 784.193307 194.472052
1 846.410428 278.408030
1 794.764510 278.457295
1 811.205993 263.663445
1 820.903269 270.537894
1 911.321713 295.536340
1 765.973633 283.928337
1 856.274730 321.789085
1 857.463839 254.114757
1 792.707661 252.982555
1 942.266231 265.568594
1 796.805434 267.254285
1 809.491121 324.255977
1 809.426999 272.099616
1 913.871793 264.357805
1 728.596013 318.124259
1 845.029435 318.689727
1 835.083349 282.336589
1 755.294251 228.917321
1 835.137609 257.797683
1 757.874913 322.061041
1 791.654949 288.471450
1 823.057700 275.440253
1 802.889572 281.912906
1 844.823931 267.285012
1 770.595594 218.195798
1 814.706475 306.438009
1 774.887487 301.763984
1 810.298033 297.175831
1 817.385627 265.663922
1 804.529244 309.646351
1 857.654046 286.062807
1 801.696340 285.981227
1 826.183819 298.326837
1 848.970294 326.275050
1 902.037263 274.601304
1 824.810011 269.869827
1 791.183008 237.351179
1 762.457597 254.198294
1 893.441712 310.419083
1 852.370364 256.697238
1 827.583644 279.686298
1 831.441169 243.295213
1 800.997239 246.481309
1 818.679994 304.080545
1 916.646061 288.496474
1 814.366965 328.298138
1 878.426871 293.887033
1 809.933448 257.108686
1 783.369895 287.761034
1 807.534557 244.114096
1 788.004978 287.434156
1 848.702270 330.953616
1 835.032469 311.634486
1 810.899620 254.694152
1 875.211878 306.969898
1 781.668567 295.170548
1 883.059596 323.312005
1 811.536769 318.428992
1 836.061039 267.201220
1 812.387585 247.991588
1 816.985627 296.086488
1 807.178113 257.762623
1 883.249030 288.434742
1 831.450736 267.169446
1 810.165786 198.798362
1 920.211321 237.733594
1 896.981510 287.489508
1 848.378567 219.766243
1 795.215795 254.894332
1 787.771823 236.224247
1 797.337914 209.509038
1 844.959274 316.463600
1 803.161267 304.357761
1 852.621531 316.509032
1 836.334479 301.077848
1 740.655000 319.293512
1 792.981330 227.541265
2 840.676232 608.621616
2 852.475574 633.410839
2 846.066883 625.840064
2 851.954105 627.968782
2 839.991632 615.530566
2 853.077069 632.163393
2 838.369887 634.561641
2 866.584727 624.813974
2 828.963805 622.449259
2 852.416090 642.763955
2 837.016986 614.694498
2 843.478089 641.697435
2 838.721206 644.038280
2 863.400528 639.149061
2 859.753973 642.335668
2 837.233535 635.162835
2 853.881323 619.546542
2 853.359522 611.015333
2 850.418268 615.658842
2 857.351504 643.163369
2 835.521914 631.914579
2 831.556330 614.604932
2 850.077215 631.957816
2 851.245743 630.290808
2 837.884820 636.400251
2 853.265255 626.674026
2 850.192135 635.737483
2 855.763583 644.513919
2 856.436795 633.342058
2 852.717873 632.804110
2 850.444308 630.218780
2 841.498960 633.550477
2 831.691895 631.432495
1 797.954915 338.032613
1 803.751499 347.114403
1 844.307313 340.698107
1 807.819354 334.945688
2 891.188256 618.741300
1 789.788885 343.524239
1 847.791507 349.185613
1 735.593714 339.247963
1 825.423983 334.525516
1 855.807711 373.118430
1 850.739766 337.122530
1 853.950217 337.510927
1 856.903891 390.307872
2 796.485663 626.047722
1 699.460244 814.999008
