1 214.176846 164.074055
1 206.669392 164.939290
1 196.768541 177.505941
1 204.328503 189.087506
1 210.958168 179.125455
1 211.836927 174.842533
1 189.331589 163.877402
1 203.527437 163.832954
1 193.067098 161.343859
1 199.534577 179.521387
1 201.970054 177.160632
1 209.442568 186.467994
1 180.724814 194.967207
1 203.531713 193.973627
1 193.107182 173.501593
1 196.032144 186.401373
1 216.060535 192.472274
1 198.853969 176.148251
1 194.037276 181.435106
1 199.799649 178.648621
1 183.153069 197.091140
1 188.637822 183.889312
1 189.229870 181.374885
1 199.026631 174.339036
1 190.123317 178.772194
1 211.479674 193.053529
1 201.737982 180.358956
1 200.678000 184.928028
1 178.902086 190.791062
1 199.439138 173.536568
1 201.121318 185.842062
1 185.497611 180.646397
1 182.344040 172.955946
1 194.792092 166.717099
1 186.702925 186.835629
1 215.404842 195.972708
1 209.131122 169.530986
1 205.148379 156.622375
1 203.190361 193.766879
1 201.587909 182.185522
1 210.067252 172.806962
1 193.048696 145.620508
1 224.162073 155.552874
1 170.237053 170.675844
1 183.397866 119.107984
1 236.907809 203.501750
1 159.212340 140.529886
1 200.780410 185.189077
1 223.135558 146.051076
1 188.648779 132.942675
1 173.514531 178.062740
1 209.515713 187.557652
1 185.871943 176.540470
1 237.884838 142.633535
1 197.325800 131.201809
1 160.169108 98.707808
1 208.915597 198.378275
1 165.732506 146.801366
1 126.223127 124.007805
1 184.640625 208.027214
1 187.536159 180.820079
1 227.483816 138.017377
1 125.629713 164.198370
1 180.312836 169.241287
1 209.424339 210.937103
1 156.165557 172.071147
1 229.316026 218.224790
1 188.326003 92.935932
1 200.621237 195.239990
1 147.466753 226.774830
1 202.197827 161.143494
1 229.313228 159.104642
1 199.162627 189.946395
1 203.639957 156.331730
1 207.522576 201.408178
1 164.603955 113.253028
1 238.188472 110.681939
1 174.073582 190.965949
1 247.715153 132.793140
1 198.405140 267.533027
1 108.888979 94.161203
1 79.649463 162.708291
1 142.856024 160.026899
1 193.799481 158.535874
1 200.099802 181.815941
1 183.809172 220.621856
1 249.229305 121.480080
1 166.668125 230.425722
1 143.147179 61.974739
1 163.013428 185.114031
1 152.694573 228.676013
1 189.825967 137.296476
1 257.133612 188.051363
1 276.310039 179.262230
1 172.833736 249.486539
1 175.933868 169.546219
1 91.348122 146.377324
1 108.959265 123.359779
1 178.402690 170.986023
1 222.597097 138.356264
1 185.340877 172.945309
1 118.484501 167.782992
1 202.996944 204.917309
1 191.887390 117.036715
1 276.684826 137.087470
1 209.359127 160.367876
1 171.755028 229.750647
1 216.266465 195.064325
1 119.111098 142.883709
1 186.602681 214.271956
1 216.344437 115.972940
1 192.687314 184.371847
1 184.144356 166.612384
1 179.638730 228.528179
1 268.904817 118.511581
1 136.206281 196.187182
1 219.349514 214.318166
1 210.480664 197.321487
1 171.112847 255.499294
1 192.413214 167.468255
1 190.712072 144.895611
1 194.901430 200.142696
1 178.057375 180.055934
1 169.058358 169.787585
1 167.799674 134.249716
1 243.718594 141.516594
1 203.273278 193.848776
1 134.508442 151.799651
1 221.651017 152.989626
1 201.910476 184.096819
1 214.791902 190.210557
2 59.664177 453.414726
2 51.425367 440.837784
2 43.175214 434.119097
2 58.804816 428.815023
2 63.347146 425.863559
2 60.732494 408.726670
2 68.614963 418.307461
2 78.024736 442.886722
2 67.604440 409.186050
2 64.626408 427.958435
2 74.532559 427.224107
2 45.398665 416.726962
2 56.673980 431.836704
2 64.811656 413.906890
2 39.766784 432.656259
2 54.629899 427.696813
2 39.445893 422.065107
2 64.010856 425.553187
2 59.602518 430.313672
2 64.184752 413.590620
2 80.182577 438.192942
2 70.931752 442.930283
2 60.792721 428.363508
2 61.668450 429.694248
2 53.810192 419.722364
2 56.175670 411.315359
2 63.494198 428.757342
2 56.345963 431.619136
2 62.089104 430.141319
2 43.408837 443.731623
2 62.548742 428.029501
2 71.831915 415.201987
2 61.552714 420.683760
2 65.391002 431.691994
2 45.589576 434.050779
2 40.333242 444.457525
2 47.776520 438.419990
2 83.859896 425.730642
1 137.580917 790.113407
1 154.195366 773.573497
1 148.767415 779.060031
1 148.218661 777.629893
1 139.421185 798.342218
1 138.908182 789.084680
1 146.418749 784.457072
1 157.117436 792.632554
1 146.027089 803.146904
1 157.586055 786.824144
1 151.165851 778.942263
1 154.737368 774.207855
1 153.580006 777.188003
1 150.928066 781.749938
1 161.261873 761.410870
1 149.508251 763.863873
1 144.243613 785.552113
1 163.909595 777.338638
1 146.093343 790.984559
1 136.628337 785.524255
1 140.338804 770.199865
1 135.578839 792.133503
1 135.556030 777.083723
1 153.267474 780.133094
1 150.762099 774.299002
1 129.636304 786.653029
1 147.859911 793.014543
1 150.481933 780.709372
1 130.425149 772.329319
1 147.324617 770.897743
1 165.789670 780.267917
1 170.979326 792.811980
1 143.297630 795.898551
1 154.225798 768.676333
1 156.864742 796.891839
1 161.861036 758.807051
1 128.360333 771.670554
1 157.033526 783.322430
1 154.356766 782.354495
1 171.076966 768.126136
1 149.792901 793.426537
1 155.137713 786.289303
1 144.477388 777.595097
1 165.961065 763.317471
1 160.573092 762.600482
1 154.163819 775.293780
1 133.169976 819.811788
1 156.075977 781.691811
1 135.950764 767.908879
1 156.836912 762.745775
1 161.259435 776.396804
1 118.013875 808.109607
1 109.159962 757.347485
1 126.879746 738.779242
1 128.489896 768.212537
1 184.894371 784.545701
1 181.652696 784.445931
1 102.218257 780.262242
1 114.707777 787.621340
1 175.029470 751.894693
1 101.245788 734.857810
1 154.908443 797.299189
1 137.205259 781.293910
1 160.003455 731.473259
1 139.843956 780.693955
1 157.370285 764.582165
1 136.340306 782.021670
1 30.525247 740.490981
1 144.539685 793.006405
1 156.154769 778.477261
1 204.579030 827.011718
1 187.166821 793.924204
1 163.568251 821.800836
1 101.794273 765.984823
1 149.067014 734.637811
1 166.017262 790.010504
1 172.517941 755.794801
1 155.811017 751.099402
1 136.801167 824.146426
1 135.450017 723.774269
1 99.471278 717.320779
1 113.035847 817.993518
1 128.351336 777.955394
1 153.437932 716.505054
1 160.820853 726.394365
1 152.709689 719.838962
1 135.759973 808.494081
1 150.968773 709.156693
1 135.742304 804.939847
1 139.994248 761.414970
1 184.638032 763.632245
1 157.548319 754.648610
1 142.403685 831.246692
1 125.568463 707.472878
1 112.537167 745.468003
1 161.347317 822.420314
1 127.778413 757.145815
1 150.361991 807.687070
1 127.084998 732.326023
1 108.588848 681.971164
1 102.219470 751.703309
1 135.825341 805.764635
1 155.983186 771.514902
1 140.817638 797.539454
2 327.297363 888.723431
1 141.989319 753.490140
1 41.816626 751.101173
1 139.467177 805.048701
1 158.956535 768.642052
1 116.944039 706.876097
1 325.792185 686.972193
1 88.940228 754.129004
1 102.018424 758.373071
1 140.382718 748.574119
1 144.894422 803.610945
1 148.052751 760.462950
1 78.083806 804.942491
1 189.858306 788.227620
1 89.871441 787.731669
1 122.828331 819.463227
1 148.470034 842.181663
1 131.339723 760.694119
1 181.793471 794.199524
1 209.213138 816.181719
1 171.422908 787.464596
1 151.061334 749.610842
1 169.889332 785.445032
1 179.376123 795.223103
1 123.350055 779.109867
1 133.287852 833.116619
1 124.426411 768.364855
2 499.585782 134.991032
2 484.248733 151.095240
2 483.869978 133.688808
2 506.632547 149.885286
2 492.965995 129.845313
2 500.372290 132.347817
2 487.886167 155.139001
2 500.592111 143.538737
2 509.219396 138.393067
2 509.805614 158.859363
2 493.952420 155.236588
2 498.891104 142.434045
2 482.063822 143.746553
2 491.287710 130.238975
2 493.997559 149.054409
2 505.718363 140.086895
2 516.354893 141.664266
2 492.726283 160.391446
2 497.273132 140.416961
2 487.985610 127.781588
2 480.665799 140.519273
2 491.863470 139.404843
2 484.169628 124.939385
2 500.296424 143.208910
2 488.163780 137.309645
2 507.653555 163.648638
2 497.665782 137.406016
2 504.235634 136.967520
2 504.037112 143.205893
2 519.923327 144.451390
2 507.237126 134.154348
2 495.384363 140.921447
2 497.827101 132.321328
2 520.065446 142.572758
2 485.296409 121.877189
2 495.878229 119.440463
2 499.532163 145.276059
2 486.023560 139.868389
1 414.159271 654.484542
1 396.965906 656.429721
1 409.232629 630.668999
1 407.023245 639.978443
1 399.197276 650.149638
1 405.431374 649.333913
1 391.300101 656.779568
1 399.486811 646.725757
1 400.259023 649.944374
1 399.088965 649.256337
1 395.487644 652.575963
1 399.326209 652.158784
1 411.968041 650.520766
1 391.609420 665.205160
1 399.173399 644.191207
1 409.607785 663.929181
1 389.841955 658.005263
1 399.641320 649.664334
1 400.950645 653.944074
1 396.371375 649.914623
1 381.955513 645.056636
1 405.424793 638.575822
1 381.367666 653.613494
1 410.397212 637.327155
1 398.660293 649.819049
1 401.354440 647.757411
1 405.861198 641.062399
1 398.602001 647.378318
1 394.385557 654.002274
1 393.340697 642.555826
1 411.539163 654.654595
1 401.664526 639.774492
1 408.226809 628.395687
1 395.338749 637.154486
1 403.421915 634.225238
1 415.984239 646.909203
1 399.215922 650.971434
1 423.036678 654.281203
2 556.654560 492.168320
2 566.327921 479.929622
2 559.645556 478.749257
2 542.108217 474.036524
2 563.369408 490.282628
2 573.381410 471.477110
2 559.161220 474.688788
2 557.486451 481.565274
2 556.840378 498.166857
2 563.704203 473.647680
2 548.343974 488.373185
2 559.745212 479.979779
2 569.635254 470.297255
2 547.504747 473.173566
2 568.280122 458.401332
2 552.993692 480.154732
2 536.452940 475.645585
2 545.797056 473.774194
2 567.445625 494.042759
2 562.460124 483.713340
2 543.069621 483.761617
2 558.284391 476.821103
2 547.655082 458.294657
2 561.074381 495.485274
2 563.167474 480.654356
2 566.168079 497.857587
2 552.590856 490.349685
2 560.512513 470.929234
2 542.971177 465.114985
2 544.830961 464.668945
2 553.586758 461.895545
2 564.947799 458.268381
2 564.631733 472.059136
2 557.992754 503.939145
2 580.160206 485.271098
2 564.291244 478.719299
2 548.831643 495.501298
2 544.664903 471.243575
2 545.146850 474.591171
2 568.669514 482.475636
1 404.698889 637.924460
1 409.316308 643.922118
1 442.222216 651.480644
1 395.016428 640.649172
1 379.737261 630.815674
2 526.091081 467.817031
1 366.611616 638.840351
1 380.748315 641.051613
1 386.787000 615.774075
1 386.281691 648.751399
2 514.665545 473.578373
1 396.884181 650.288016
1 448.941574 619.251434
1 401.822571 626.069429
1 404.013832 635.913051
1 409.079578 596.260421
2 533.371287 458.563151
2 538.975256 495.203662
1 413.927651 643.500792
1 424.050767 658.817363
1 413.965288 634.681010
1 405.446055 650.176258
1 395.626773 645.534642
1 425.861290 614.769294
1 410.203069 632.505667
1 400.263022 661.287429
1 396.709927 634.217660
1 357.667254 631.450392
1 445.457053 661.527157
1 448.788128 642.802323
2 525.766315 530.038587
1 372.097148 623.108122
1 432.491247 647.243174
1 434.147956 651.654700
1 428.794975 654.396667
2 568.135759 476.529020
2 543.719147 498.323749
1 408.669748 610.042593
1 420.171719 621.986010
1 395.315636 664.160071
1 403.857580 628.738279
1 370.751699 603.883160
1 440.525741 634.262608
1 368.302976 634.672811
1 405.728385 662.211536
1 339.845706 661.616735
1 452.754983 632.560444
1 431.123879 641.951816
1 409.475906 647.798383
1 344.733023 629.230357
1 430.322939 638.742721
1 383.280666 663.850246
1 377.367238 648.524648
1 427.400223 637.708031
1 409.805720 636.372103
1 382.901515 610.479947
1 424.044767 642.913098
1 410.727168 644.677798
1 376.834387 605.822742
1 394.964924 662.796716
1 479.651644 635.512971
1 378.041277 647.300254
1 417.226138 630.962919
1 428.855328 638.923444
2 576.709284 457.461758
1 445.181657 608.392150
1 427.420659 615.779826
1 382.276163 611.316882
2 567.408057 499.553740
2 594.213513 477.138698
1 404.577713 628.546058
1 436.321475 628.039332
1 369.449934 631.686411
1 416.156414 605.144112
1 377.915355 664.166184
2 499.016726 527.202154
1 431.752812 633.939072
1 435.479890 655.897475
1 438.481952 658.608612
1 420.290707 638.369435
2 574.940096 506.078029
1 421.431841 591.123716
1 392.114856 668.457714
1 394.954126 674.308099
1 410.850476 670.035768
1 395.577588 668.116983
1 394.221399 669.527537
1 575.661683 787.109299
1 554.016372 799.904415
1 581.751516 787.336215
1 566.340280 801.260464
1 591.474880 793.367133
1 560.549366 808.971070
1 587.251436 782.693528
1 587.747347 813.579480
1 583.242380 791.272099
1 564.153244 803.367135
1 566.634687 799.764181
1 569.401358 802.703440
1 581.768991 798.964816
1 572.759855 799.243772
1 577.898006 790.170492
1 574.622078 798.789140
1 583.571398 807.125762
1 573.053080 813.579015
1 584.509425 787.087501
1 572.145453 786.877142
1 574.188549 798.183811
1 589.863390 791.962140
1 568.084256 806.421477
1 556.173005 808.304817
1 572.362892 786.040284
1 569.348468 803.664456
1 559.722450 798.231480
1 554.189676 788.492689
1 565.268759 792.765162
1 570.431892 804.553449
1 553.812317 802.677720
1 566.122417 793.535738
1 556.450136 801.912863
1 558.457108 801.771453
1 553.909713 813.565870
1 551.165307 798.782531
1 588.384833 811.338194
1 564.321143 806.739449
1 563.309108 788.919077
1 546.552111 799.804377
1 578.038975 812.878854
1 570.841369 788.925269
1 569.494965 799.816144
1 577.269699 796.321275
2 389.538227 833.879714
2 402.161750 844.896420
2 378.960659 833.429814
2 411.442228 835.670410
2 399.890100 830.041025
2 397.114311 827.173351
2 401.636197 813.259206
2 387.290173 814.781166
2 399.712033 820.898581
2 402.382769 830.642689
2 411.152661 844.794265
2 395.711069 837.208026
2 390.150597 825.066402
2 399.501159 818.059710
2 398.257724 839.003859
2 385.918454 817.639902
2 412.266138 813.407596
2 399.456228 830.895849
2 415.642324 835.764118
2 408.008256 824.890422
2 398.878255 849.165779
2 401.366324 848.649844
2 405.832256 845.406995
2 398.449407 821.013905
2 402.179150 831.091748
2 418.329704 828.496631
2 391.501291 844.196585
2 402.664223 816.254259
2 404.526549 830.470441
2 402.357607 815.581699
2 393.088402 831.176945
2 397.917414 854.296024
2 382.629465 844.753000
2 392.883817 821.695910
1 387.102148 676.436039
2 405.064184 868.878808
2 421.036476 832.256381
2 458.670204 797.320066
2 351.728313 851.679434
2 383.326144 809.131562
1 398.198966 667.311284
2 351.187763 842.260240
2 412.593656 839.519563
1 559.878337 840.837420
1 385.127705 722.077196
2 428.603279 805.727847
1 436.756379 677.413585
1 563.493812 860.683730
1 582.734509 759.589758
2 389.688820 832.244436
1 385.073759 681.293996
2 389.111831 866.793462
1 531.566568 773.790829
1 555.950121 800.755963
1 545.621068 833.308551
2 408.993172 820.415417
1 557.772131 785.942209
1 507.052068 803.344524
1 610.910869 736.477619
1 565.091353 820.963313
2 387.513053 849.533956
1 399.901111 721.280961
2 371.634384 807.778097
1 605.382255 827.515521
1 549.230711 792.855579
1 557.021186 816.855404
2 419.161974 826.149781
1 376.092638 703.091368
1 560.310609 756.740342
1 553.195212 798.275895
1 558.542138 806.411994
1 398.492804 733.441383
2 383.642221 823.277286
1 380.181920 672.722200
2 362.577971 834.487735
2 407.871544 854.919411
2 377.464660 832.726535
1 597.339047 746.649310
1 392.286324 669.745514
1 362.386860 707.083049
2 362.549711 829.159475
2 379.595559 872.505157
1 552.274843 807.951601
1 553.419780 838.824798
1 563.359698 820.995416
1 546.295128 837.016635
2 373.179756 852.545551
1 386.138966 694.784428
1 534.553948 773.244385
1 557.085405 803.961947
1 563.768517 800.776927
2 425.004526 843.475730
2 409.529124 793.449832
1 552.365197 822.354885
1 409.206453 741.427285
2 412.154354 845.428903
1 549.718423 833.209421
1 581.645197 804.100079
1 404.680222 715.794910
1 393.609151 686.736044
1 568.257575 804.090974
1 528.568181 832.154102
1 589.671177 816.780132
1 554.786128 812.613147
1 564.418940 809.666158
1 545.591072 788.021974
2 380.555595 823.879919
1 601.071953 823.492168
2 389.273184 778.420087
2 412.264203 791.068977
2 394.540111 857.666509
1 550.932396 814.341250
2 349.328661 819.649208
1 386.460756 691.566678
1 557.234083 826.779749
2 406.035563 817.504652
1 385.582410 672.957275
2 390.266852 811.252230
2 369.348636 821.552193
1 562.581805 830.584671
1 588.959883 777.178798
1 594.552742 811.676440
2 394.151265 806.205610
1 617.202700 746.281577
1 577.626881 870.632646
2 378.297248 903.561438
1 570.621706 790.695407
1 593.267803 763.747328
1 396.586244 671.046144
2 395.329886 803.193846
1 571.289000 794.325322
1 386.742085 704.271534
1 538.331233 797.543170
2 401.469903 897.323961
1 613.002497 761.966072
2 386.939335 829.666937
1 582.854720 777.223099
2 440.603834 815.794865
1 544.536631 871.652540
1 437.778618 669.457652
1 575.253502 799.745638
1 534.692219 848.915517
1 587.986824 853.958534
1 552.231074 855.728783
1 571.015607 783.641901
1 553.180198 800.189856
2 407.917493 842.034127
1 543.842763 805.019721
1 334.146741 696.767362
2 384.256374 766.540969
1 552.678381 834.039349
1 370.474770 688.856788
2 390.092500 883.284053
2 393.962009 911.864141
2 336.915771 836.446545
2 373.811738 810.949664
2 408.519223 818.965724
2 428.683511 865.317631
1 414.281341 672.539325
1 377.157883 685.671767
1 553.867446 790.325934
1 578.649570 780.031780
1 359.756285 703.643925
1 351.526635 670.989156
1 560.675229 814.568274
1 580.147542 759.405848
1 406.910848 713.258605
1 393.448549 692.169071
1 558.636681 795.590534
1 388.225598 713.541521
1 571.537551 833.628395
1 541.490615 830.434759
2 401.000215 826.954543
1 599.632801 778.880400
1 622.547659 791.363591
1 560.016820 772.088494
1 519.734727 836.266379
2 348.544507 854.484673
1 549.410873 817.226235
2 389.432567 840.979659
1 526.818571 767.688339
1 567.082022 780.294238
1 387.528723 673.228159
2 430.995701 830.591212
1 546.025331 809.028150
1 404.120034 706.693936
1 513.164598 703.572688
2 444.492104 805.359355
2 374.294142 812.186796
1 597.146602 691.158987
1 543.589070 792.951322
1 576.738268 854.396731
1 515.470271 849.001872
2 413.458433 912.853951
1 577.887981 818.905311
1 576.060878 838.841599
2 444.366937 778.258717
1 524.609182 836.668164
2 371.228598 832.326324
2 398.611818 791.299104
1 537.464058 831.040416
1 396.464692 727.823217
2 440.773672 803.582356
1 607.952986 774.972260
1 596.983364 754.548373
1 590.914410 793.500222
1 534.327322 793.156541
1 532.132263 785.427514
1 634.147332 770.965168
2 395.805660 804.803666
1 371.502222 711.375002
2 407.077540 874.935248
2 402.724314 841.882743
1 418.450308 698.643715
1 618.003912 734.413446
2 418.258461 860.278844
1 560.370577 826.296936
2 349.676263 856.795190
1 562.322708 848.489957
1 438.193562 690.408329
2 449.845185 814.018939
1 382.379798 721.855998
2 407.798049 817.710731
1 407.055321 736.566189
1 580.828746 802.196688
1 541.747314 824.369481
2 437.589073 771.217957
1 796.388864 306.657840
1 821.036917 304.551643
1 829.830806 294.046739
1 821.918281 286.535242
1 819.703925 311.468283
1 819.562622 309.232983
1 802.629404 300.577595
1 839.125300 303.166866
1 823.128751 297.453261
1 816.029020 288.743721
1 823.478148 298.508401
1 818.087407 302.558102
1 815.426318 276.391480
1 825.283169 296.602609
1 818.450751 282.660983
1 820.312877 300.045297
1 819.187439 300.062221
1 804.173060 292.202385
1 820.927539 293.228590
1 822.934482 292.983958
1 820.841994 316.170513
1 819.024018 294.624643
1 831.099042 306.238499
1 818.992631 313.060734
1 819.454788 297.964086
1 814.952164 321.010370
1 809.983797 301.390875
1 799.510615 313.051670
1 837.694861 287.564907
1 831.735188 292.686087
1 834.640377 300.015460
1 819.206725 279.764840
1 821.588987 277.873229
1 817.297562 303.155753
1 814.325253 299.945888
1 826.184956 286.264424
1 808.241882 250.532907
1 848.103730 319.785120
1 835.578733 305.938451
1 846.548968 271.555668
1 853.962188 268.417663
1 821.523706 303.320369
1 820.705521 303.526512
1 851.105662 320.446988
1 887.726699 329.647807
1 810.582973 297.643078
1 778.585875 259.079112
1 815.588748 332.843240
1 826.279151 269.857845
1 866.684082 291.257055
1 804.062384 298.121539
1 832.858169 302.650560
1 824.050089 325.692947
1 803.524500 316.449738
1 835.963073 277.149378
1 804.199863 299.416547
1 823.690465 310.741924
1 759.145724 274.325566
1 836.695748 276.233626
1 815.452821 262.819172
1 806.332223 286.864269
1 747.402863 298.991295
1 815.318273 317.307174
1 860.111350 298.553740
1 778.782085 259.837680
1 847.245641 317.703909
1 821.732443 229.300150
1 810.378272 256.812063
1 845.915248 287.494757
1 845.805621 274.646903
1 838.636443 264.044171
1 849.284188 253.625385
1 890.371885 263.534732
1 831.029826 328.958685
1 837.367781 305.742994
1 776.092246 295.174908
1 836.727725 250.968734
1 843.471464 317.391530
1 806.591106 332.926077
1 854.137521 281.280812
1 808.963353 210.740502
1 843.174012 289.435644
1 708.367200 318.587813
1 824.599339 248.700106
1 772.549703 258.458000
1 862.398107 279.836488
1 809.406112 260.237965
1 836.660119 285.085974
1 814.692886 245.734825
1 828.915931 275.448412
1 874.119293 306.989720
1 825.000850 311.976985
1 786.214543 290.858822
1 833.113705 327.427686
1 815.857130 293.917228
1 890.438094 257.665351
1 777.799214 252.657100
2 840.676232 608.621616
2 852.475574 633.410839
2 846.066883 625.840064
2 851.954105 627.968782
2 854.026035 648.220403
2 839.991632 615.530566
2 853.077069 632.163393
2 838.369887 634.561641
2 841.955730 613.519406
2 866.584727 624.813974
2 828.963805 622.449259
2 852.416090 642.763955
2 837.016986 614.694498
2 843.478089 641.697435
2 838.721206 644.038280
2 863.400528 639.149061
2 859.753973 642.335668
2 837.233535 635.162835
2 853.881323 619.546542
2 850.632442 625.157595
2 853.359522 611.015333
2 850.418268 615.658842
2 858.067359 619.559308
2 850.318600 639.521488
2 835.521914 631.914579
2 831.556330 614.604932
2 850.077215 631.957816
2 851.245743 630.290808
2 836.293860 616.051164
2 853.265255 626.674026
2 848.812040 628.612968
2 850.192135 635.737483
2 854.054095 633.278565
2 834.979246 636.262926
2 855.763583 644.513919
2 846.730506 607.687930
2 856.436795 633.342058
2 852.717873 632.804110
2 842.090755 638.151091
2 850.868218 630.077384
2 841.498960 633.550477
2 831.691895 631.432495
1 819.338119 335.733811
1 842.162970 336.617842
1 822.378615 357.168882
1 821.063285 347.291480
1 831.338675 345.800829
1 866.741073 368.499524
1 877.594190 345.904322
1 884.622358 360.043708
1 798.634667 348.307002
1 822.150856 369.339650
1 779.194516 363.553456
1 758.802173 353.289559
1 830.953684 365.359710
1 860.580799 357.157970
1 838.590109 337.755916
1 836.444973 390.672410
1 814.182941 337.549596
1 670.586044 730.566250
1 691.570820 737.773313
