1 210.114308 186.948301
1 205.196307 190.114481
1 212.278736 161.253949
1 195.050289 171.076614
1 179.145205 192.423152
1 220.372450 167.082820
1 208.432975 176.476157
1 190.286978 163.249754
1 186.174945 200.079040
1 180.475691 186.882647
1 204.553109 188.063940
1 199.999612 180.015226
1 196.346362 175.409721
1 182.203108 183.478241
1 198.891638 173.225857
1 180.544847 186.930235
1 186.504118 179.103378
1 212.387992 187.255458
1 212.946587 178.048028
1 209.544623 167.571960
1 181.902077 174.280506
1 212.620355 185.058393
1 188.913952 189.585743
1 179.717881 187.837870
1 184.536981 177.049929
1 184.258736 186.863044
1 194.252804 187.623283
1 201.516642 175.161366
1 221.555916 184.444234
1 198.418725 169.288476
2 147.719864 139.178096
2 293.914801 136.273860
2 245.197685 60.614106
2 123.511157 300.565481
2 304.332227 62.381701
2 318.756259 57.705115
2 240.868928 171.431778
2 158.408097 123.982872
2 238.095347 173.144910
2 6.988644 146.061295
2 317.447416 179.969107
2 225.903249 289.597707
2 18.138077 109.929903
2 3.136457 219.714821
2 129.998060 280.385958
2 246.814734 268.601933
2 31.140934 115.490686
2 114.672760 10.294318
2 24.569977 251.627972
2 87.105782 18.602916
2 203.383335 10.801702
1 186.719844 185.269501
1 192.601223 135.643204
1 189.232487 158.908600
1 190.108451 170.115095
1 195.595507 172.385411
1 208.241553 161.288322
2 170.181406 69.802801
1 239.680787 155.921636
1 153.805813 136.568932
1 156.627448 189.133595
2 191.149788 112.760044
1 173.265357 174.686993
1 208.374268 189.848653
2 143.381080 261.620352
1 203.401186 158.629724
1 217.428670 152.848693
1 162.553657 135.134607
1 112.754780 207.079527
1 153.119837 173.983145
2 192.419058 127.472755
1 205.592498 119.974881
1 227.048971 154.995369
1 213.904880 110.564066
1 48.238677 214.310080
1 148.491242 141.343604
1 109.419326 182.497847
1 187.900141 167.175878
1 181.056696 166.280282
1 183.958982 114.966666
2 305.173398 156.673011
1 199.038089 149.232194
2 224.828877 175.920138
1 262.100129 144.260218
1 173.199001 154.960617
1 235.388008 178.243544
1 220.043469 198.254397
2 322.311754 78.880256
1 198.892257 181.954696
2 136.209063 254.109404
1 251.544917 178.508677
1 251.731886 190.381474
2 162.433667 272.128431
1 188.073622 171.580604
1 209.793971 196.131780
2 70.478023 57.162101
2 243.399878 287.864126
2 222.206885 139.981551
1 250.224550 177.352935
1 206.547862 148.602679
2 229.764463 130.412218
1 185.925544 135.038402
1 241.783509 146.958143
2 108.814512 289.635327
2 94.233004 141.363390
2 199.369611 13.394897
1 202.651846 211.587428
1 111.076339 166.985598
2 231.564388 276.275286
1 175.191579 219.611594
1 168.844691 181.446099
1 160.019114 177.838851
2 290.407190 121.123410
2 95.502274 156.076101
1 128.747240 152.622574
1 188.034838 59.780181
1 214.467548 154.158663
1 165.255851 156.838018
1 137.059622 143.211759
1 145.003458 104.927635
1 225.494193 104.985832
1 178.692725 106.827370
1 203.583744 198.800766
1 198.856727 159.469114
1 194.457089 161.357345
1 176.476952 178.820445
1 242.114469 132.647675
1 250.852399 142.148352
1 266.240238 209.732652
1 222.365261 191.508082
1 203.421471 173.814951
1 188.840712 212.845804
2 104.529088 90.055420
1 164.506963 134.148860
2 219.231181 219.117860
1 159.732405 185.549830
1 180.751538 194.620741
1 218.618463 169.864003
1 168.312449 181.148253
1 179.784189 232.931825
2 179.422698 115.606095
1 272.523747 235.980584
1 247.158002 196.349506
2 220.787845 263.334211
1 148.876904 127.808908
1 296.498227 129.500898
1 149.515300 230.841877
2 199.385367 157.218411
1 215.580721 210.702332
1 220.629012 199.280996
2 53.408305 75.869367
2 161.622276 127.548769
1 148.303077 149.104096
1 200.184439 200.431621
1 202.072716 165.058884
1 184.459288 207.616891
1 227.224844 215.676737
1 202.752485 220.728430
2 235.551234 149.732367
1 264.201088 143.276266
1 235.975613 163.046072
1 224.484594 189.824382
1 179.895893 196.940664
1 197.812716 168.399007
2 243.679275 295.563099
1 110.239423 179.988714
1 110.352860 159.961676
1 152.444876 203.394770
1 243.075328 170.207442
1 185.765045 100.445308
1 200.382068 174.945546
1 257.677455 146.517835
2 20.994490 632.140718
2 66.088670 339.827348
2 153.389716 641.988353
2 215.846863 380.439899
2 197.668517 576.454287
2 142.015951 484.013842
2 162.585077 510.800457
2 28.433730 395.907137
2 285.577834 399.682199
2 243.642724 359.433039
2 119.399959 429.388510
2 73.254313 598.941207
2 134.954239 645.637362
2 99.191083 646.504344
2 175.878546 664.310229
2 265.221664 647.769798
2 220.671646 663.694366
2 300.429296 365.765844
2 264.067571 654.834057
2 238.884460 334.830174
2 90.578983 665.315855
2 139.387920 591.649831
2 91.484116 659.782441
2 56.130313 641.855962
2 272.044520 663.214039
1 326.742618 638.255384
2 261.359872 616.200261
2 110.937621 624.953549
2 258.545120 553.747302
2 50.742871 642.217445
2 149.349481 619.507104
2 264.840663 632.585411
2 291.536808 615.461410
1 331.558119 623.996701
2 82.765171 637.074749
2 330.901886 606.387579
1 296.160333 655.595856
2 314.871593 625.669895
1 321.533997 634.141534
1 329.012829 588.341689
2 273.431563 621.348769
2 277.256345 641.881147
2 63.342073 648.797812
2 261.729788 630.310990
2 234.833691 373.426191
2 252.204584 630.960194
2 329.926295 596.086993
2 266.607114 663.468186
2 244.489118 604.827741
2 79.481671 621.219359
2 294.395126 651.249634
1 145.030728 772.537774
1 157.487720 793.321122
1 143.108860 781.374177
1 154.390032 786.035741
1 152.529190 780.121808
1 145.163527 789.729331
1 142.908453 785.024548
1 147.016255 764.763246
1 149.145823 789.074265
1 164.059055 789.500816
1 129.883861 767.236260
1 162.035259 791.309183
1 148.994945 781.462857
1 139.319658 769.947154
1 150.635253 800.337475
1 139.604911 775.162807
1 139.669431 765.674780
1 148.445724 798.992661
1 161.454364 774.691989
1 130.097206 782.724603
1 146.637271 794.320656
1 144.572743 765.796607
1 165.210033 792.478869
1 148.886593 775.785309
1 154.683136 787.143884
1 141.519321 797.625571
1 172.323697 786.749599
1 143.634279 768.792677
1 171.706840 790.920699
1 150.302771 764.452877
1 165.169143 762.646692
1 164.121171 782.791520
1 131.403224 778.324781
1 142.264031 791.512781
1 156.685346 781.153872
1 144.954823 801.106475
1 168.558070 768.279076
2 45.445622 846.788738
2 314.745031 695.223919
2 278.842459 682.923933
2 144.085517 872.816056
2 179.601668 815.345060
2 235.255087 804.442660
2 66.431093 926.363874
2 304.534268 779.614386
2 226.630879 780.766078
2 168.179667 893.592700
2 155.089063 886.894080
2 206.757819 820.565459
2 100.781039 780.964956
2 251.927141 815.949635
2 97.995087 682.932946
2 109.632884 844.386862
2 186.317673 845.551338
2 251.392151 680.540094
2 78.445487 880.182434
2 292.569065 875.351900
1 158.671137 799.003355
2 219.338773 696.501226
2 224.173016 808.441930
1 193.333845 785.617726
1 118.833212 815.109877
1 144.427603 799.328834
1 166.031611 811.945597
1 163.674392 759.740853
1 137.744699 794.110272
1 102.574205 757.514111
2 327.376998 680.560679
1 173.227412 822.424279
2 203.633879 845.354646
1 125.399399 834.560685
1 138.429615 811.806614
1 155.075471 840.693259
2 105.617413 688.406084
1 131.250305 791.316290
1 174.131827 775.072414
1 156.534430 793.328650
2 97.731436 811.578508
1 129.515286 833.692222
1 186.668166 728.321732
1 96.441606 822.351068
1 130.060375 772.785930
1 192.890528 869.053678
2 130.387006 846.238235
2 260.864708 806.219326
1 174.781247 788.405827
1 153.162716 778.420713
1 206.863740 799.418667
1 173.110926 778.213321
1 164.195305 745.310803
1 142.752374 748.208606
1 166.920308 801.885074
2 278.687750 812.762286
1 153.906530 745.151253
1 118.494462 821.880393
1 116.851161 755.301280
2 75.888043 678.401265
1 149.839809 781.614290
2 71.626198 809.511069
1 149.832430 828.278024
1 140.425386 799.158721
1 134.855798 809.833058
1 212.746128 785.179976
2 269.611531 684.626066
1 165.623843 763.582951
1 226.576562 780.222876
2 219.960489 867.585897
2 123.231176 713.398255
2 242.697386 823.648885
1 241.938125 796.856998
1 147.846895 812.487727
1 150.240083 839.060228
1 157.909092 774.670722
2 258.949510 840.500886
1 144.183880 798.225381
2 158.949029 912.166371
2 327.592724 686.726802
2 139.637476 735.252928
1 169.266396 776.130397
2 257.746727 822.424629
1 145.197730 723.823871
2 244.783111 669.043730
1 199.680902 775.918732
1 201.974725 829.625206
2 272.766685 695.263410
1 181.441749 764.194661
1 136.023687 759.676734
2 216.999819 796.016725
2 94.517402 851.744627
2 57.207615 920.422463
1 159.210599 817.919338
2 159.605064 870.395214
1 134.427398 811.636501
1 136.890755 841.235389
1 219.267298 798.117297
1 171.670009 780.982026
1 149.880345 828.516342
1 175.454367 772.055734
2 247.632382 798.484897
1 149.219182 842.201135
1 144.204707 780.523045
1 137.618671 788.930740
2 2.454162 760.738225
2 228.017357 812.419811
1 252.114995 772.557853
1 156.965889 762.308816
1 158.056951 798.671486
2 229.853591 832.337725
2 317.969396 750.161590
2 331.415052 708.527101
2 125.925401 709.381821
2 200.313071 830.008958
2 235.075681 679.090266
1 180.136382 818.969133
1 172.430534 736.980309
2 262.858909 686.503880
1 153.689555 757.087668
1 164.250317 734.331949
2 97.710090 796.671989
1 143.909718 797.853442
1 188.853042 797.228357
2 300.514268 673.666587
1 235.501273 794.549734
1 202.952708 807.035517
2 225.563025 799.456065
2 291.001504 798.802848
1 111.724154 750.866880
2 317.346388 734.334825
2 175.040147 703.759930
2 306.477080 793.964404
1 187.616086 747.104276
2 323.468238 721.728637
1 294.190616 706.921221
1 185.801572 757.280395
1 231.334420 861.722247
1 100.786366 790.466751
2 290.075182 681.824033
1 154.588426 756.528544
2 19.538908 913.648522
2 291.251400 731.635986
1 202.576575 804.960614
1 119.431958 715.358928
1 159.950005 807.924638
2 99.641704 848.186786
1 148.273738 723.371560
1 137.163397 790.147448
1 151.513002 761.303874
1 193.469863 823.053704
1 146.656193 842.480081
1 199.396160 810.227733
1 88.477301 805.080642
2 146.442385 871.276845
1 160.346972 789.808236
2 314.686593 738.311625
1 325.233417 711.260155
1 147.260468 806.638098
2 73.987086 768.844073
2 329.894526 668.907877
1 112.897196 757.681708
2 215.699300 806.850743
1 146.852316 741.262109
1 231.262981 761.614200
1 174.859899 785.598991
1 110.930412 808.979033
2 311.534615 816.226076
1 332.426344 720.642246
2 253.040335 841.130067
2 305.752150 731.457054
1 119.769472 735.118602
2 286.268573 849.831232
1 186.941040 767.851712
2 79.395034 885.332838
2 292.798399 745.284255
1 191.432418 852.391109
1 208.231110 784.182357
1 160.043284 804.559040
2 331.135887 699.631972
1 134.328441 812.607750
2 158.844384 821.751563
2 208.171292 865.186695
1 297.386682 707.307444
1 152.166862 790.519669
1 171.992950 746.337949
1 192.065787 751.347638
1 180.498394 771.188594
2 179.454484 818.757141
2 275.806103 719.345785
1 146.081346 733.159653
2 116.552126 848.979961
2 159.698626 843.249234
1 181.521213 842.719744
2 246.238371 678.293265
1 176.994336 804.877981
1 158.879473 815.959104
1 195.336868 851.542999
2 305.160089 777.878011
2 167.177629 870.639968
1 166.871557 837.417011
2 266.174784 818.087765
1 149.814952 808.738918
2 179.440549 831.013425
1 170.731423 785.546382
1 154.545003 870.528187
2 200.277417 849.262607
1 136.778739 810.399224
1 192.027376 812.965225
2 187.368438 671.137087
2 325.636645 725.189998
1 152.438783 739.172065
2 328.551748 681.407015
1 164.963152 795.074617
1 133.487851 757.779470
2 269.510870 791.822233
2 208.581723 816.448737
1 170.873269 829.822590
1 163.482146 739.711123
2 317.793076 720.643446
2 318.521477 693.322931
2 301.215584 755.181121
2 101.208690 806.951986
1 141.710324 787.487074
2 195.913308 678.383722
2 304.990429 687.355415
2 99.593388 742.978399
2 298.958474 761.813860
1 172.671634 782.897370
1 197.264598 806.069552
2 145.567885 862.711757
2 200.071769 828.907521
2 300.271700 805.209815
1 157.537015 718.690108
1 231.256878 755.058377
1 140.017153 734.149451
2 320.609450 724.622865
2 349.778605 9.205542
2 605.066590 47.788371
2 589.443399 329.344407
2 581.120796 112.089809
2 665.653347 275.935088
2 363.834378 164.526498
2 647.042743 256.695106
2 527.996854 292.824059
2 666.366008 82.483431
2 649.420891 250.178670
2 429.921659 60.700783
2 442.269964 137.611678
2 578.546029 74.844074
2 340.834231 314.390766
2 608.180601 176.614387
2 584.759719 8.514276
2 406.604858 243.912258
2 530.761359 200.478255
2 623.500289 78.874461
2 402.867411 243.143525
2 444.498006 305.325461
2 459.060437 293.612571
2 443.598082 126.313029
2 495.815294 32.772039
2 346.301323 69.384848
2 580.286868 58.922934
2 659.702058 257.740437
1 382.260213 656.654334
1 405.111228 654.743552
1 414.979481 651.653271
1 403.504982 652.571265
1 390.688447 647.845610
1 405.143784 645.741016
1 397.298582 643.386521
1 399.545928 650.646476
1 408.363581 655.378863
1 407.056579 652.214464
1 385.087245 644.224714
1 412.893603 637.657770
1 405.531501 633.996536
1 408.893194 651.784645
1 398.156383 646.538719
1 400.441090 649.314884
1 397.339133 647.323642
1 399.327124 649.262928
1 398.053061 653.189044
1 394.188539 646.559336
1 398.752565 649.912308
1 397.250624 649.699913
1 406.456430 640.285232
1 397.868197 650.876934
1 400.504314 653.885126
1 421.667448 648.733453
1 380.384746 651.717041
1 392.518443 649.812297
1 408.039858 649.382839
1 394.418308 649.889421
1 406.652711 633.066539
1 394.835188 662.032331
1 395.472651 631.200161
1 402.283887 655.352194
1 394.118353 663.469716
1 402.351592 650.678890
1 393.106662 639.004447
1 401.110278 649.500800
2 455.653924 403.258451
2 554.207542 524.403726
2 407.654692 539.267475
2 545.309700 599.809725
2 409.899350 583.813836
2 472.503920 468.156992
2 638.136057 382.283967
2 567.767176 623.068481
2 531.947152 538.399774
2 414.301767 487.742486
2 379.458646 395.931238
2 603.739266 638.164720
2 501.170248 578.989438
2 493.003781 406.135317
2 439.302773 543.991638
2 624.977644 549.091301
2 418.523773 349.099599
2 651.343269 665.120359
2 400.695022 591.662895
2 408.283574 529.237805
1 411.303398 637.786725
1 399.344809 664.306134
1 421.655863 642.830230
1 389.050746 612.523835
2 521.321235 663.488202
1 376.684882 654.445155
1 402.166088 643.400137
2 450.387306 465.765517
2 522.038413 652.788061
1 432.406029 601.493539
2 565.548295 520.405326
1 407.958814 666.140295
1 416.011038 638.558181
1 399.528060 617.120614
1 360.368006 632.134744
1 407.873110 645.234346
1 424.139480 602.687992
1 457.343765 643.338799
1 407.929151 645.082015
2 507.459540 598.997272
1 388.958295 655.360802
2 660.411694 638.537387
1 411.068391 658.862555
1 455.154279 571.547474
2 395.174961 637.557991
1 403.986193 665.760157
1 413.145306 642.340221
1 380.731231 651.389786
2 479.245154 533.557156
1 389.867540 641.360914
1 370.650233 650.932399
1 360.965933 638.684361
1 475.221340 620.881134
1 383.787137 582.623198
1 450.463375 659.246787
1 435.516956 643.038194
1 389.231476 649.489295
1 355.510803 625.126039
1 401.119140 631.389809
1 384.510777 662.152871
1 478.368181 659.680175
2 391.706408 659.043111
1 419.858479 621.178727
1 364.431711 646.400924
2 608.590854 609.891588
2 481.326092 579.329690
2 387.241301 645.812147
1 430.793458 663.494018
1 399.134736 652.010616
2 414.219681 636.416550
1 451.116136 648.786843
1 384.137991 658.972729
1 418.824695 647.502878
1 416.484866 624.606036
1 383.367043 650.636146
1 452.325449 618.106900
2 398.641673 627.800465
1 458.932649 639.968488
1 404.527802 665.509040
2 404.577500 573.002520
1 394.453166 652.987389
1 414.866550 665.074324
1 379.945574 623.745109
1 434.097214 657.856674
1 337.876167 630.921790
1 374.435458 624.904641
1 409.569071 665.534669
1 394.925324 623.056432
2 535.068785 652.257343
1 372.675995 610.551487
2 396.503079 626.259342
1 418.476843 644.560052
1 421.100700 646.818521
1 375.929723 653.939508
1 421.638768 654.420744
1 480.231933 655.800612
1 395.474395 633.497932
1 402.000092 571.075153
1 474.578390 665.175932
1 383.476315 639.713661
1 358.090074 644.831383
1 378.751097 646.520658
1 409.388630 608.829695
1 425.815180 655.846401
1 386.405530 656.519790
1 421.606317 601.881297
1 452.653567 623.280226
1 416.102651 651.121192
1 358.909738 657.266897
1 370.925162 643.815027
2 453.522924 630.284522
1 337.636972 657.990220
1 379.065398 649.658745
2 498.351392 648.236154
1 388.958027 649.114932
1 366.778621 642.136077
1 393.080374 661.974688
2 421.334406 653.947874
1 453.980466 608.099491
1 378.027207 642.825063
1 407.862618 643.621327
1 530.835086 655.422694
1 423.583140 617.095068
1 376.083501 649.130781
1 413.157340 598.322832
2 395.200409 597.187586
1 365.045244 648.372032
1 357.496798 624.673448
1 372.915082 629.295175
1 404.176204 666.354877
1 406.039646 642.070697
2 393.818278 656.863062
2 425.463543 486.375580
2 387.952355 645.682318
1 405.333522 652.301556
1 436.969316 648.217187
2 362.401284 596.121953
1 358.961707 638.766236
1 433.803450 641.079098
1 378.874426 642.268174
1 428.573517 651.338547
2 392.223362 646.833235
2 361.551599 633.188628
2 421.925306 657.937264
1 398.074931 615.474185
2 404.072685 649.921004
2 404.041748 595.386479
1 364.976408 624.667167
2 419.291868 647.081892
1 432.156692 643.607915
1 439.681941 629.931662
1 427.199102 642.506306
1 380.340536 657.285287
1 398.933236 600.592390
1 398.983397 655.890513
1 388.611661 653.502366
1 413.943533 643.322277
1 361.135582 548.238873
1 356.626884 665.431233
1 422.062578 660.947262
1 417.263478 645.740383
1 427.478634 601.004893
2 483.492157 618.651108
1 451.534322 661.787362
1 368.409169 629.097029
1 383.965921 618.976656
1 452.508946 630.414185
1 437.960305 638.663323
1 394.326430 614.063482
1 480.578045 633.438801
1 336.342045 656.659054
2 491.735817 629.270054
1 378.852043 620.228477
1 432.793019 638.218241
1 425.536362 656.496999
2 403.190063 652.412936
2 490.630075 648.558393
1 430.280588 603.781174
2 400.516756 626.195140
1 400.288554 633.263649
1 350.183357 624.645936
2 436.914641 649.209582
1 396.065479 639.542578
2 529.801800 666.488028
2 359.543118 586.960460
1 376.237776 593.819988
1 426.397725 615.407909
1 422.542194 653.181636
2 378.076300 621.318185
1 425.523105 607.863157
1 381.115146 648.778165
2 406.357199 619.812405
1 455.067918 634.906117
1 372.136748 661.541622
1 348.280550 625.909909
2 395.184680 656.803644
1 417.891211 632.434556
1 366.638792 606.917725
1 449.566311 662.086808
2 428.471566 568.697313
1 444.364932 613.687143
1 355.913100 656.992216
2 370.377510 621.906626
1 389.891661 599.636276
1 369.842958 639.837653
1 348.027494 666.381106
2 367.174309 615.873977
1 371.102754 641.144203
2 346.103091 578.345928
1 412.068686 633.657993
1 429.506105 656.597987
1 345.592125 644.865856
1 345.420439 659.910111
2 359.793401 629.434679
1 336.862434 636.683888
1 384.133704 665.570476
2 391.419594 647.679949
1 458.671550 595.216667
2 395.227147 649.916558
1 413.738609 647.411198
1 434.400177 620.679080
1 428.667589 665.577239
2 401.688677 619.096079
2 338.287606 559.389191
2 438.003608 651.916806
1 391.767559 632.463224
2 429.401025 593.332829
2 403.488243 593.679612
1 414.707057 658.191966
2 477.854184 589.744584
1 389.206264 644.183169
2 473.274102 627.476824
2 394.936367 652.453574
1 389.121862 641.798647
1 350.444349 658.263914
1 423.405701 638.211104
1 343.020423 646.192023
1 387.229150 650.518733
2 420.138444 661.788190
2 350.278662 616.788989
2 367.013286 591.898189
1 456.878504 617.952656
1 481.410944 653.270727
1 403.643866 603.180472
2 359.166712 610.164979
2 396.381159 639.055040
1 443.477475 651.586536
1 450.708133 663.642168
2 484.547647 627.230057
1 395.982981 616.053413
1 391.319003 665.289358
1 425.416664 654.893848
1 389.981222 631.592411
2 396.107451 611.205388
2 367.990742 591.677410
1 403.767713 600.928749
2 486.031311 655.918219
1 403.252449 637.503275
1 363.799155 625.033807
1 414.218480 632.942566
1 429.526695 601.842117
1 366.478361 621.332905
2 421.349328 635.957477
1 389.916835 649.949126
2 384.004514 584.249755
2 395.826058 632.189084
1 424.082911 595.480839
2 513.636184 519.250531
2 448.568091 654.532713
1 366.033107 658.245126
2 418.881318 623.476118
1 424.691733 603.246867
1 396.995055 607.110240
1 488.800121 652.136110
1 357.611569 596.636918
1 432.741408 608.642695
1 361.469248 626.032878
1 435.691058 642.303659
2 371.378142 643.001403
1 404.878094 659.400253
1 417.311095 593.975247
1 372.910213 656.559183
2 381.160409 603.061715
2 365.223016 548.528696
1 424.076084 636.355727
2 355.742437 655.770340
1 381.244568 597.777280
2 378.713332 576.177258
1 429.125539 647.938872
1 368.155560 648.458376
1 383.739030 656.630512
1 425.227019 616.839342
2 460.879868 634.765832
1 374.888697 620.478829
1 339.390215 648.625462
1 437.170531 638.353012
1 393.290518 652.052275
2 396.891281 612.109285
1 340.413114 665.524984
2 380.760225 590.944132
1 445.646481 655.553622
1 376.893245 611.746652
1 389.023628 661.346299
1 439.691234 576.057134
2 423.166363 579.794779
2 340.168192 660.939451
2 395.738790 659.670847
1 435.166316 666.070472
2 409.909034 632.522944
1 435.673917 657.770662
2 348.338193 651.515953
1 385.930974 654.661423
1 403.214907 607.949613
1 409.013744 660.048112
2 439.120181 638.012509
1 420.787692 657.003079
1 413.207077 615.127422
1 441.045243 609.206997
1 396.216765 569.376574
1 384.122820 556.513104
2 436.431167 648.018622
1 399.285581 635.047752
1 397.971642 659.862424
1 369.669823 632.781264
2 395.576270 584.732970
1 356.393250 620.999178
1 386.008733 643.860213
1 398.149198 596.715176
1 340.459628 645.850309
1 408.691583 640.701908
1 492.861702 652.792124
2 361.727486 588.816751
1 387.870916 661.138802
1 424.991585 597.088726
1 395.744298 577.496034
1 371.363456 644.186619
2 403.394376 546.079521
2 378.145847 664.822615
1 393.429183 622.897639
1 345.626534 575.320598
1 405.662191 658.191419
2 371.571490 619.626661
1 392.041056 624.615929
2 467.542261 626.865117
1 432.738333 573.038978
1 400.433471 619.210854
1 507.274646 654.042944
2 448.699793 657.432611
1 383.543911 660.800654
1 368.724525 638.758407
1 443.852696 623.070274
1 472.588339 617.111906
1 373.309088 663.380249
1 439.768636 551.087524
1 453.651127 663.099994
2 424.954239 650.149426
1 351.830829 608.298059
2 371.799116 650.627312
2 481.705088 665.853388
2 368.655058 656.257854
1 392.232939 661.035726
2 431.513850 660.866369
2 422.404783 643.092124
1 341.972606 653.604507
2 348.179837 611.289817
1 412.667742 631.018667
1 369.058900 588.238364
2 385.239398 638.790347
1 355.730192 654.446082
2 355.980323 598.637316
2 356.057730 600.932132
1 368.801938 660.461071
1 518.326293 656.362841
2 345.925678 615.672189
1 360.419388 605.799429
2 420.625724 612.940772
2 416.805046 467.132365
1 384.778450 608.217224
2 458.063090 634.902358
1 411.668134 668.368042
1 592.269184 788.914880
1 572.212885 807.626350
1 562.109298 801.404777
1 569.393378 799.362321
1 550.314057 812.352350
1 585.959880 788.115219
1 569.629502 802.786922
1 577.599504 805.651019
1 574.622168 791.722488
1 564.053403 790.297419
1 553.192257 793.616418
1 549.161840 788.600295
1 576.378288 808.759825
1 576.727973 810.336564
1 559.810518 804.961297
1 562.278597 797.613960
1 571.998115 799.433039
1 566.964520 801.578735
1 574.470780 783.193272
1 572.089694 783.789241
1 576.423917 815.735739
1 592.906930 809.881322
1 592.085861 806.001343
1 575.887485 815.058752
1 574.647485 814.706093
1 565.419632 797.485520
1 582.643007 781.605743
1 586.486928 795.935543
1 571.754810 812.072489
1 569.199946 795.767835
1 571.582199 797.383136
1 577.335586 808.401524
1 580.041311 806.092403
1 567.753650 797.303679
1 561.438024 797.509067
1 570.353356 805.491408
2 577.914558 714.854242
2 436.675419 920.930438
2 443.770658 934.503837
2 610.104511 840.210379
2 642.694306 910.732831
2 659.645040 947.878012
2 486.398273 802.952947
2 349.544459 746.803773
2 339.589366 723.918474
2 412.598899 810.795338
2 382.367949 691.752045
2 448.318685 952.522040
2 503.259611 871.763370
2 408.423329 772.895511
2 650.792042 795.792364
2 520.087113 997.883590
2 447.291469 719.800295
2 646.125732 813.346760
2 473.722511 702.352219
2 648.836860 787.895538
2 572.124382 759.782192
2 542.324607 680.102779
2 622.243191 962.189270
2 524.971951 840.720524
1 614.234979 806.749821
1 567.848775 791.202477
1 385.435345 689.346154
1 581.808377 807.402911
2 565.898109 824.390506
1 595.737311 805.300949
2 438.007339 712.730282
1 563.617780 776.420335
1 368.089127 696.173771
2 421.188521 681.440168
2 561.453054 786.678725
2 352.812912 726.852871
1 568.697531 780.986572
2 634.314688 673.167986
1 558.661858 779.577794
1 629.607511 759.733380
1 380.902541 707.504497
1 423.866613 685.126105
1 572.882145 791.621771
1 539.930552 774.288311
1 411.058102 680.193246
1 603.130196 837.084193
2 414.190388 675.081544
1 436.391575 691.710709
2 551.451668 764.154335
2 621.515310 705.944484
1 518.050747 837.798108
1 549.290712 797.815493
1 554.088643 814.186821
1 592.332408 815.989369
1 393.588561 674.498189
2 530.452129 806.902852
2 516.802106 681.571725
1 524.878933 808.753717
1 615.669520 813.707474
2 420.345159 682.575324
1 420.054501 669.151471
2 599.567752 716.307828
1 530.377506 769.308438
2 560.833205 769.623555
1 400.571110 684.423354
1 436.800573 668.039923
1 548.821058 775.200094
1 346.826469 666.999653
2 335.085969 719.359326
2 607.176231 710.911407
1 413.305738 666.873095
1 394.668555 691.366857
1 560.918819 822.912623
1 410.612627 681.316172
1 579.748208 776.232198
2 396.042704 850.920955
2 581.132998 708.437888
2 518.724557 670.922461
1 568.658983 747.912716
1 475.437275 667.098336
1 385.245116 675.288951
2 404.444436 824.928662
2 540.367774 677.532630
1 552.310828 778.543075
1 422.232749 772.283112
1 503.800425 795.327230
1 437.720691 675.417562
2 395.489457 854.323362
2 580.790899 817.493357
2 586.468904 783.660713
1 535.319096 762.272492
1 561.737903 807.314756
1 375.027874 707.924298
1 575.118671 818.890039
1 390.732919 678.531158
2 570.908325 825.746290
1 409.774321 694.571568
1 491.919577 683.345653
1 387.723742 677.471196
1 434.728354 688.360136
1 450.400036 680.677764
1 599.367531 800.529692
1 603.501703 835.335821
1 528.694087 838.595466
1 545.731618 799.960273
1 391.354822 701.187492
2 372.321392 884.788750
1 429.514312 667.467605
1 552.965813 835.493333
2 659.600806 782.355725
1 578.281815 858.829451
1 436.445742 719.001565
1 513.051681 794.342920
1 462.727067 836.862195
2 579.404305 737.982472
2 549.278677 801.424399
1 585.176611 800.843644
1 375.056940 667.325767
1 612.066482 804.362731
1 572.412799 807.120580
2 393.631575 669.435235
1 335.545741 699.708088
1 385.958098 694.213984
1 602.334585 811.027816
2 563.532607 694.548905
2 537.245863 676.394594
1 367.698244 681.633071
1 379.310824 667.826792
2 616.053203 714.206339
1 380.701915 704.903360
1 403.314574 679.237064
1 424.634981 749.902508
2 456.427252 682.398326
2 378.053848 671.296867
1 522.495006 785.069201
1 421.393615 690.807841
2 581.790353 795.128081
2 414.868832 783.996193
2 456.680094 810.678204
1 577.779267 827.740028
2 508.965323 669.882561
1 608.682373 776.037092
2 333.503830 687.221434
2 542.766440 727.237073
1 424.458857 699.519931
1 534.741493 796.334518
1 650.065555 796.020843
1 581.365173 821.420199
2 562.570462 796.034207
1 573.749672 776.686242
2 566.749284 728.823712
1 583.318863 761.621259
2 337.069230 718.162467
1 495.415804 733.089672
2 426.952679 714.828866
2 608.364750 961.671488
2 625.249168 697.815226
1 413.217034 687.781381
2 396.992179 842.965837
1 402.673012 681.155191
2 617.164179 750.309006
2 442.856611 669.836985
1 466.206094 727.656568
2 354.989993 730.898903
2 484.211927 676.551445
1 519.750972 775.858521
2 597.681720 782.675604
1 558.367994 746.703809
2 609.749675 673.890810
1 514.370422 832.961255
2 552.893504 784.253817
1 594.869401 790.703868
2 491.820406 671.155025
1 512.452331 770.036320
2 442.631804 826.601485
2 583.228133 730.750155
1 585.429915 843.214578
1 367.076480 672.217963
2 602.828992 700.892975
1 581.606465 783.643631
1 581.034288 813.628911
1 433.389893 709.995674
1 429.745407 691.382414
1 452.264353 715.728965
1 561.190307 764.989495
1 433.655230 757.773177
1 577.118159 803.680663
1 500.903240 693.823706
1 439.129422 771.975219
2 490.524174 759.965590
1 385.774729 671.694733
2 588.227932 876.026547
2 516.817488 854.853848
1 422.781455 668.489185
1 386.780231 682.860842
1 627.273669 780.407031
1 421.770861 673.866330
2 427.614644 697.725376
1 371.428388 689.756654
2 521.127922 771.859376
2 517.901076 700.599201
2 361.768176 689.278910
2 583.104439 798.944517
1 434.457283 706.817156
1 446.395788 773.357295
2 628.727505 813.339385
1 380.078744 698.553287
2 335.845722 739.741567
1 378.248867 669.213182
2 609.767804 734.762003
1 439.969359 787.535970
1 387.648496 674.809276
2 408.275066 810.366610
2 527.149406 802.208012
2 575.748457 737.018502
2 389.789460 700.248403
1 576.664800 775.521544
1 426.371329 674.133587
1 566.488167 757.331581
1 563.068335 757.326359
1 518.206007 840.954923
2 406.485079 667.008492
2 571.660730 746.644945
2 594.832389 671.102351
2 534.167721 816.727620
1 386.281253 678.320268
2 356.211133 679.984873
2 530.697415 816.448755
2 547.154575 917.561512
1 568.208453 763.350052
2 401.585523 666.969131
1 370.288773 669.252164
1 378.199183 676.990674
1 415.290993 666.748548
2 467.628283 757.191356
2 375.230183 701.842655
1 551.734080 824.894975
2 370.970152 849.570587
1 451.261344 694.855000
1 475.805507 675.167358
2 549.534478 705.559765
1 429.104307 680.624592
1 409.110634 701.554222
1 378.711179 669.630927
1 380.992012 669.296915
1 356.865945 678.665727
1 366.583684 695.043261
1 427.901522 690.571387
1 380.701915 704.903360
2 350.178660 732.484548
2 543.344139 681.413558
1 379.563752 697.403436
1 422.003946 669.109990
1 577.662717 803.464650
2 408.343377 843.970669
1 346.514092 674.958001
1 417.744024 678.888944
1 385.917886 693.396695
2 520.989699 876.340634
1 620.905569 800.109142
1 542.154866 775.471207
2 561.546505 787.573021
2 366.993784 679.701711
1 411.443006 675.879229
1 410.907354 678.314174
1 629.095322 772.069802
1 404.680516 674.017442
1 373.362560 702.054289
1 581.189924 836.202867
1 386.669282 701.838227
1 358.569130 684.990727
2 384.742018 771.893385
1 419.783129 700.875207
1 531.137815 841.730387
1 399.214002 716.016855
2 396.995012 850.323422
1 371.977631 703.312207
2 490.706439 884.571759
2 570.186649 776.602725
1 381.454980 731.813142
1 540.083159 794.492981
2 560.890498 802.380090
1 381.359411 702.197403
2 560.140295 717.172863
1 380.441663 680.290181
1 393.974636 682.027459
1 392.812046 679.117908
2 413.775114 778.172246
2 373.864253 670.187900
1 481.563915 717.335745
2 503.512459 852.604325
1 421.032884 709.549195
1 609.404641 822.416261
2 464.484797 667.334253
1 550.820916 777.872784
1 351.600910 687.433040
1 476.835701 705.833357
1 392.633614 747.422470
1 380.241281 696.836725
2 358.040794 689.989163
1 358.119250 668.597922
2 570.201240 697.319952
1 413.042024 738.609320
1 531.091083 824.666679
2 570.716802 739.073828
1 468.691876 710.871836
1 411.008014 682.847865
2 352.509375 706.329022
1 594.509801 779.796444
2 542.519794 756.675459
1 381.260711 674.807025
2 354.277053 731.477472
1 364.207308 695.687062
1 492.069885 741.488305
2 602.925779 745.855572
1 637.304773 817.081580
1 413.074248 713.968259
1 403.797296 737.367586
2 490.484908 679.698755
1 370.306914 677.193307
1 393.491671 669.883247
2 435.195943 692.856156
1 386.682132 669.132373
2 514.212044 704.954165
1 387.792185 678.753006
1 373.613851 725.105961
1 368.909792 667.915865
1 534.130596 789.139264
2 545.601300 830.521847
2 361.255473 755.545703
2 616.836300 715.487939
2 568.034293 788.209142
2 400.300571 676.643080
2 569.343818 721.444715
2 493.567844 682.432189
2 374.295313 705.219011
2 436.631418 795.109667
1 601.995905 831.570818
1 478.921701 686.682647
1 398.522887 717.059054
2 535.131247 832.650651
2 355.108166 701.161947
1 364.626768 672.767830
1 392.583982 675.148858
2 368.077287 756.035712
2 657.271896 905.675396
1 578.548536 799.933832
2 519.792517 856.140101
2 492.739944 702.581169
1 404.061017 689.007608
1 546.161698 828.682729
2 508.104400 678.642798
2 588.600480 677.544064
1 588.067642 795.822121
1 350.040599 679.158859
2 613.895852 781.224054
1 448.957209 677.560223
2 619.375921 729.466698
2 491.208753 808.058770
2 358.679260 682.999824
1 371.145978 755.408573
2 337.074577 771.414682
1 538.637914 746.626143
2 535.317705 694.667396
1 350.944501 696.792022
2 518.060278 748.923045
2 490.039436 694.475738
2 349.606795 763.084902
1 388.954768 686.660851
1 534.592585 820.456114
1 407.834744 683.617604
1 407.186885 677.721800
1 584.982122 813.044104
2 568.335422 671.664479
2 415.307917 770.832346
2 577.674896 675.124184
1 466.307565 740.925881
2 412.776086 852.505126
1 498.254605 775.168491
1 451.819865 728.697010
1 582.748660 825.729189
1 614.092021 711.903371
1 441.836877 709.649140
1 442.969152 672.279018
2 543.906753 730.831842
1 418.801027 695.275771
2 337.825298 725.473932
1 400.237786 670.076722
1 366.184155 678.723354
1 551.285800 795.110201
1 443.338548 701.887084
2 383.373120 673.924588
1 538.697503 768.432914
1 396.773034 742.804678
1 403.472644 712.689298
1 440.895546 681.904722
1 455.166374 780.548911
2 545.895856 814.031007
1 354.994839 733.909377
2 566.683055 744.985267
2 607.170967 708.903681
1 393.092715 694.487116
1 441.331275 675.939515
1 399.100792 675.711087
2 365.411162 762.739750
1 391.463806 670.389290
2 401.052949 846.992907
2 431.159465 686.471623
1 385.885491 668.663450
1 505.050978 807.872676
1 551.399664 806.165593
2 554.635475 679.052928
2 338.052072 666.691688
2 411.312558 771.297232
2 588.023700 719.448628
2 465.004720 688.180385
2 396.792405 685.661173
2 411.474902 671.957404
2 571.808564 751.644305
2 504.861445 860.772286
2 385.107558 681.139465
2 386.973445 709.519953
1 443.596746 718.939712
2 417.158555 710.190771
2 438.163477 866.108658
1 346.971216 714.431228
2 512.174914 846.035609
1 421.724495 684.737050
1 414.504589 668.811473
2 348.273682 729.063213
1 409.719088 684.003889
2 557.842125 762.438888
2 416.606903 677.542577
1 357.642176 675.910976
1 497.172973 852.863671
2 660.281225 843.278151
1 362.002044 709.639466
1 472.451581 668.465565
1 454.144238 683.742100
2 376.025326 708.633733
1 553.364805 806.972814
1 443.425584 700.347988
1 370.955531 706.507063
1 394.983851 692.716482
2 436.754052 780.304748
2 359.054316 720.042478
1 401.809591 712.558520
2 475.772606 759.313140
1 464.962961 698.341847
2 562.771089 715.205840
1 586.443229 807.010686
1 433.265262 716.208742
1 361.165328 725.610369
1 479.525653 712.669277
2 411.440467 839.708312
1 390.270779 687.894899
2 595.728802 801.478923
1 520.347639 852.305097
1 369.736020 671.334555
2 591.838122 705.841344
1 584.000483 773.626279
2 614.827911 693.691306
1 581.143908 756.548541
1 439.691265 671.733520
1 438.790367 726.173784
1 553.134705 841.880470
2 366.645246 674.958810
2 338.027386 735.765676
2 365.551646 711.465806
2 402.491120 691.889081
1 402.077583 677.542456
1 631.266679 810.997945
1 579.107407 815.715240
1 372.450716 681.907647
2 356.712113 795.020350
2 342.052410 709.851424
1 553.706815 794.945613
2 580.291174 738.803985
1 508.246184 838.686642
1 398.584698 672.938136
1 479.051200 672.867122
1 602.568857 790.518644
2 599.920860 706.372323
2 386.752651 742.433939
2 514.836386 773.863147
2 440.632145 821.797749
2 560.774693 772.107947
2 609.052392 668.030192
2 610.013577 816.817649
1 555.254108 773.301638
1 523.259873 839.883298
1 490.367606 714.428749
2 500.065964 720.814011
1 372.549688 673.413828
1 406.061607 674.988793
1 541.908833 847.797266
1 510.985967 767.781337
1 411.739278 710.150771
2 402.831424 741.656201
1 390.582904 686.650260
2 384.658678 702.540569
2 571.281952 845.914521
2 430.310804 761.589534
1 564.513459 807.797657
2 512.561523 824.232922
2 341.788250 703.465184
2 579.206838 737.077989
1 458.882153 712.309921
2 389.642179 703.053020
1 567.607128 764.124757
2 588.446842 733.444466
1 579.273332 840.770948
2 515.022354 739.280449
2 537.347428 758.452920
1 437.289698 677.839841
2 545.423381 764.331277
1 570.330078 780.530514
1 359.976267 689.430635
2 570.055371 785.880966
2 477.275634 701.176929
1 360.860834 709.380496
1 532.379499 744.149890
2 342.418454 670.601611
2 401.474774 681.660021
2 400.205347 704.953222
2 379.459746 667.852627
1 407.015854 694.349148
2 343.684838 702.080633
1 644.485790 835.055993
1 554.649499 829.877794
1 392.493564 720.249462
1 420.642986 697.312721
1 423.976770 693.599448
1 589.483425 866.495819
1 492.330395 725.732701
2 349.919497 673.336158
1 416.783922 695.265038
2 595.347503 786.920273
1 350.180029 713.112986
2 632.253392 739.320460
2 449.708931 756.228707
2 382.891645 701.109971
1 480.932136 672.460071
1 405.721858 677.942730
1 366.080825 684.447524
2 392.204578 710.105684
1 578.195655 801.884227
1 433.965580 694.350923
1 383.224053 684.995429
2 450.195837 674.533344
1 825.323420 313.131564
1 817.333145 301.770809
1 812.226200 290.236725
1 830.429414 297.607845
1 824.995430 303.209579
1 814.043604 287.613507
1 831.667684 295.476292
1 834.044190 283.999700
1 827.473053 308.571495
1 819.691371 300.488439
1 820.776003 303.481807
1 820.155986 304.158386
1 822.841290 275.549347
1 826.779512 299.570688
1 802.061386 300.942897
1 818.328382 301.953430
1 830.789986 321.305360
1 821.461269 298.275657
1 837.939457 290.559085
1 809.734327 290.916042
1 799.208382 306.913418
1 827.960425 295.295719
1 822.190965 301.146311
1 824.871657 302.618242
1 818.187449 299.010597
1 822.383471 302.747937
1 809.235061 314.367895
1 817.915434 307.558264
1 838.150705 307.822859
1 817.894563 302.926957
1 820.400217 300.308929
1 833.266366 306.872088
1 825.397005 287.726416
1 824.072163 310.451970
1 818.762404 303.936763
1 812.497967 279.106009
1 832.419664 315.356267
1 820.978513 300.690964
1 843.686914 295.652230
1 836.313379 292.914827
2 722.194114 196.170142
2 799.967573 112.965367
2 893.464066 245.978228
2 755.215109 262.818065
2 967.740334 176.295514
2 847.526756 47.555112
2 896.554048 172.220755
2 882.950573 98.002196
2 777.515608 169.121337
2 830.285743 135.188482
2 995.768737 265.352777
2 900.574006 251.836751
2 844.330495 166.834008
2 909.989381 231.012482
2 721.232896 113.150164
2 850.339335 302.945682
2 700.217118 149.705557
2 923.879637 114.424918
2 799.230402 268.265659
2 725.838965 321.164163
2 826.266588 220.737925
2 942.296089 88.085685
2 992.212422 18.595498
2 961.750529 170.609145
1 762.780088 256.548860
1 820.190316 292.576346
2 813.877304 273.315344
2 804.643240 312.201230
2 906.100275 214.721506
1 853.114428 308.701418
2 933.403940 251.182427
2 942.563367 129.284363
2 889.425478 250.053364
1 858.488927 316.458016
1 827.988482 310.823535
2 859.914366 260.335646
1 768.386317 227.111474
2 809.687786 326.455868
2 795.598803 262.316395
2 924.295167 207.162496
1 794.318026 328.043175
1 802.628744 244.372027
2 717.813545 183.706735
1 812.596173 290.480465
1 790.430900 292.711292
2 932.566581 227.148452
1 806.964956 270.747207
1 833.014416 253.366641
2 788.236128 298.425331
2 778.558840 288.947663
1 811.865934 282.198363
2 734.025070 132.341631
1 795.763632 325.810020
1 834.560622 307.069370
1 755.030979 213.656458
2 858.591837 316.692136
2 969.138482 205.932695
2 838.062980 128.130855
1 844.885155 310.515642
1 819.683270 283.657228
1 845.469580 320.592890
2 839.710849 309.059983
2 917.580068 153.874755
1 812.618048 285.558127
1 821.726273 254.120560
1 790.246677 288.616919
1 810.237570 294.783208
1 788.081311 268.534519
1 778.831766 285.753719
1 804.910239 295.414531
1 790.280427 329.347714
2 789.241996 215.440217
2 673.534884 318.650118
2 904.736102 272.788637
1 800.330961 272.986412
2 819.064583 268.778624
1 823.376394 302.385071
2 913.667761 248.587905
2 767.564967 312.052066
1 792.801861 305.865275
1 764.407712 274.297521
1 798.178570 317.031578
2 809.461618 264.216356
1 875.117230 270.422765
1 824.421776 315.474835
1 802.440208 258.322682
1 822.318929 288.427651
1 791.611813 288.436323
1 840.685231 279.012516
1 833.361475 272.651585
2 917.795234 196.659096
1 777.461048 330.615920
2 773.247682 325.744459
1 795.612282 328.240457
1 837.782634 306.462941
1 848.651821 309.713148
2 775.382304 313.510931
2 919.497419 256.161990
1 771.521313 307.689095
1 803.279022 290.362647
1 848.822954 280.331274
1 839.743667 305.143921
2 928.179589 292.747108
2 824.569877 223.613562
2 842.968638 319.171638
1 805.696567 312.609949
2 920.895393 256.577305
1 839.663929 297.421291
1 800.408001 329.424447
2 812.706813 281.726452
2 783.303868 241.086673
1 822.423078 309.043166
2 787.376999 190.927398
2 792.141583 302.328919
1 821.075769 281.367555
1 791.588891 255.339718
2 803.778164 313.864393
1 817.289697 269.531353
2 890.668970 192.222020
1 816.244621 314.406991
1 820.870539 281.146515
1 844.283204 291.858630
1 857.808947 290.132676
2 733.188234 260.192863
2 729.478070 251.090914
2 759.010618 169.298722
1 856.493105 277.255689
2 922.085285 231.143465
1 835.414758 287.184440
1 772.097778 216.845738
1 909.913235 270.710729
2 865.730431 271.887916
2 725.398871 268.165860
1 835.118211 321.090931
1 732.210777 312.435105
2 897.978675 277.264067
1 875.863844 303.447344
2 801.016298 318.714889
1 885.173464 333.311445
1 854.726104 329.853733
1 776.997240 302.151538
1 824.940262 297.217327
2 811.920087 244.538894
2 831.477637 218.602359
2 940.518047 248.608929
1 844.065098 302.637166
2 815.036543 234.408416
2 768.223696 328.872421
1 833.967467 264.064940
2 785.877889 296.720856
1 863.921807 257.866808
2 924.822934 360.146150
2 853.461554 617.476469
2 898.600168 540.882315
2 750.100477 352.702020
2 910.013623 458.782088
2 968.121624 355.378469
2 909.437058 404.824141
2 857.254788 594.139169
2 977.632657 440.842494
2 720.361765 580.513346
2 772.892698 525.418582
2 952.169677 569.099599
2 813.839232 641.817628
2 864.808386 501.433124
2 922.861860 409.129112
2 757.961885 346.761935
2 921.044725 367.612915
2 710.275476 501.749901
2 923.699222 340.109950
2 857.317670 417.800218
1 811.696830 337.361918
2 991.200764 453.418249
1 840.399441 338.382286
2 942.367488 381.335771
2 716.289341 336.746474
2 728.913597 351.883725
2 694.784232 338.392694
1 850.778794 353.992147
2 806.482470 519.099032
1 868.481489 336.042098
2 788.161686 372.024459
1 838.567973 364.671984
2 770.758180 369.256965
2 886.965375 446.175798
1 753.083967 334.601596
2 874.179680 394.471774
1 816.936247 350.428687
2 730.879782 942.588539
2 737.304823 749.460525
2 836.032604 668.933878
2 977.535892 947.458170
2 922.795936 866.236940
2 906.207141 929.633314
2 970.266889 912.324051
2 841.109441 723.509132
2 975.466924 771.741003
2 864.426634 915.553717
2 960.869334 752.871921
2 693.274694 781.004788
2 666.953286 932.102326
2 741.835712 871.078402
2 780.253001 708.401185
2 773.670937 742.608605
2 684.534685 816.911812
2 703.269976 793.870202
2 681.900670 788.636827
2 697.480095 760.776078
1 673.931796 795.127873
2 754.915945 945.176584
2 707.266406 799.043365
2 673.447472 769.115525
