1 199.269705 173.437265
1 210.114308 186.948301
1 201.889364 166.244283
1 212.483211 172.490510
1 190.286978 163.249754
1 191.860712 185.192797
1 186.174945 200.079040
1 204.553109 188.063940
1 201.650211 166.035300
1 198.891638 173.225857
1 180.544847 186.930235
1 186.504118 179.103378
1 212.387992 187.255458
1 212.946587 178.048028
1 181.902077 174.280506
1 179.717881 187.837870
1 202.955266 172.699582
1 194.252804 187.623283
1 221.555916 184.444234
2 147.719864 139.178096
2 171.706898 110.554810
2 245.197685 60.614106
2 123.511157 300.565481
2 318.756259 57.705115
2 238.095347 173.144910
2 6.988644 146.061295
2 317.447416 179.969107
2 89.577762 289.336909
2 225.903249 289.597707
2 18.138077 109.929903
2 3.136457 219.714821
2 129.998060 280.385958
2 198.110545 10.437739
2 246.814734 268.601933
2 31.140934 115.490686
2 114.672760 10.294318
2 24.569977 251.627972
2 203.383335 10.801702
2 250.816113 241.056326
1 210.444555 203.481240
1 223.846698 249.426197
2 137.159584 318.596369
1 236.415643 288.243027
2 296.743865 173.198789
1 215.584122 214.457630
1 173.928701 149.445348
1 198.240223 152.524404
2 274.951169 314.560556
1 150.271316 164.834520
2 239.343154 253.916472
1 181.899395 204.828721
2 139.864079 118.365533
1 149.920896 132.864985
1 187.968648 168.468737
2 174.577323 109.401186
1 187.405537 214.739523
2 186.096205 107.348038
1 193.336027 164.901298
1 161.860894 198.290541
1 193.249490 207.698303
1 172.209273 175.945565
2 216.704223 125.693830
1 161.729667 191.885599
1 200.777269 139.185791
1 189.697477 194.641514
2 189.729073 321.816055
2 205.327127 151.665475
1 200.998171 202.738116
1 222.765783 172.131965
1 260.459286 160.376857
1 226.589784 128.316465
2 192.938259 191.108310
2 161.183913 323.163536
2 216.061173 142.139704
1 217.169938 215.798323
2 152.441329 135.227128
2 30.691346 104.517653
1 153.580207 158.940489
1 209.001672 161.147029
1 122.653619 190.854045
1 206.169862 141.477923
1 148.522607 138.066383
1 215.901465 175.723976
1 201.825366 183.453534
1 218.885917 183.719748
2 183.577184 149.053937
1 239.943924 184.589058
1 194.609787 250.722151
2 204.361454 164.780219
1 184.367015 145.288788
2 212.700698 160.947257
2 190.512446 116.786626
2 233.648879 148.890988
1 221.246654 213.529260
1 206.163048 175.996268
1 194.280885 282.614130
1 153.618342 140.115697
1 224.872192 185.435112
1 184.103570 209.889608
1 232.538510 214.659451
1 231.821087 184.110869
1 180.118493 210.210374
2 155.861641 177.278788
1 214.201139 148.042667
1 195.367605 214.994974
1 143.561593 180.429976
1 228.166715 187.077038
2 172.758994 186.024284
2 207.578139 187.346791
2 208.853561 119.562883
1 275.437226 312.036414
2 224.207784 115.901122
1 211.883664 229.303914
1 198.036337 211.552481
1 213.332085 156.402710
1 225.052347 207.612456
1 185.148434 227.351149
2 253.189812 263.923784
2 159.897434 132.581297
1 132.578388 196.422708
2 171.244360 543.570455
2 153.389716 641.988353
2 176.469311 624.306723
2 28.754951 434.886062
2 28.433730 395.907137
2 285.577834 399.682199
2 119.399959 429.388510
2 73.254313 598.941207
2 175.878546 664.310229
2 70.554998 631.565252
2 113.767959 649.917433
2 302.331907 652.871821
2 276.311812 657.143549
1 331.570074 653.113690
1 332.828423 642.481455
1 331.704553 652.787708
1 126.746203 786.033927
1 143.108860 781.374177
1 142.908453 785.024548
1 147.016255 764.763246
1 140.785421 784.378476
1 162.035259 791.309183
1 143.341848 761.361544
1 148.994945 781.462857
1 139.319658 769.947154
1 150.635253 800.337475
1 139.604911 775.162807
1 130.097206 782.724603
1 154.683136 787.143884
1 151.684056 759.675614
1 141.519321 797.625571
1 143.634279 768.792677
1 171.706840 790.920699
1 150.302771 764.452877
1 164.121171 782.791520
1 142.264031 791.512781
1 144.954823 801.106475
2 314.745031 695.223919
2 144.085517 872.816056
2 179.601668 815.345060
2 235.255087 804.442660
2 25.964187 815.865713
2 304.534268 779.614386
2 226.630879 780.766078
2 168.179667 893.592700
2 97.995087 682.932946
2 109.632884 844.386862
2 186.317673 845.551338
2 132.847880 719.890740
2 251.392151 680.540094
2 292.569065 875.351900
1 113.859737 801.116851
2 279.190780 719.362178
1 190.013619 789.781677
2 303.591605 675.570309
2 80.131105 684.656557
2 76.872377 811.701875
1 175.672034 753.651588
1 140.409145 761.164142
1 178.581355 810.083612
1 98.134289 776.805214
1 155.904197 778.413411
1 117.600151 749.917323
2 242.917997 846.681523
2 40.465609 789.295286
1 173.334292 821.074054
1 159.965898 735.598568
1 179.258163 801.064523
1 164.892814 817.768232
2 145.970816 828.554412
1 228.886509 759.809154
1 131.708106 724.956953
1 159.067533 806.723747
2 114.668548 907.149821
1 173.455046 768.242439
1 113.455581 797.434608
1 102.724242 770.410035
1 154.749991 731.958829
2 136.847181 862.080167
2 167.229446 915.713083
2 309.262457 704.559195
2 49.750317 815.546679
2 193.571699 800.434800
1 173.581071 757.611878
2 59.678169 818.372826
1 159.590742 779.212681
1 92.101610 749.868252
1 167.708058 764.366023
1 141.325325 760.805263
1 145.814061 755.771693
1 112.251955 749.929236
2 99.977294 912.469195
1 193.048589 768.074910
2 16.744204 796.241984
2 11.611384 836.862825
1 174.204574 746.579883
1 181.546043 759.691347
1 198.061873 750.450650
1 106.899975 774.597063
2 39.251007 868.955340
2 95.838813 881.777574
2 80.071087 758.224099
2 300.498201 696.433971
2 80.832321 761.584460
2 210.671805 767.730955
1 161.880308 758.061332
2 118.820403 847.479223
2 197.983745 801.417838
2 96.702634 892.419111
1 194.896414 808.735880
2 86.002544 780.008709
2 23.944562 813.534082
1 178.245806 797.630036
2 330.476036 757.120565
2 132.950276 765.533368
1 195.464045 761.379206
2 135.521954 727.568713
2 132.184310 768.010664
1 229.153025 768.461500
1 109.665632 769.999837
1 161.625677 751.237698
2 223.774764 699.552020
1 153.741332 792.541479
2 154.110960 862.077531
2 181.217370 809.270540
1 140.984269 779.302154
2 264.528527 751.872286
2 169.504860 803.915035
1 140.062085 801.327351
1 128.408992 819.390421
1 129.286197 764.211103
2 117.228640 813.740269
2 106.525951 931.876025
1 216.913780 837.945138
2 135.268218 895.941324
2 209.483614 798.390632
2 296.093212 671.277574
1 222.846518 740.922763
2 56.917266 768.926608
1 168.942606 775.410341
1 179.176419 789.671075
1 188.177953 819.449601
2 114.482457 727.653458
2 141.303878 924.972612
1 150.598921 836.776401
1 93.082665 774.381822
1 184.190422 721.168195
1 189.541962 827.594386
2 209.143653 828.564156
2 162.898089 991.485247
2 244.979215 702.602195
2 317.012740 671.172597
2 24.447529 800.745371
2 78.630163 780.671268
2 47.945821 825.247990
1 189.186962 738.981595
2 188.017172 824.834905
1 201.449225 768.871373
2 49.305807 755.390257
1 131.040712 791.368089
2 294.440943 668.387571
2 219.044592 774.693238
1 245.053458 759.102779
1 117.603910 823.964948
1 148.075629 814.065511
2 312.730230 774.161802
2 281.280944 766.021846
1 192.034761 823.318825
1 114.479967 829.647229
2 36.603717 845.078121
1 143.229890 754.819163
1 78.130333 842.257321
2 172.875048 833.546054
2 60.473109 892.714938
1 148.988360 772.616719
2 300.126417 866.662479
1 144.698663 773.242027
1 171.048531 808.284566
2 282.284104 721.496526
2 215.351184 843.267860
2 0.741906 757.427319
2 119.263193 835.053022
2 54.865399 751.269380
2 92.885982 787.950122
1 174.612678 736.396027
1 182.068814 794.734336
1 220.631565 756.268199
2 605.066590 47.788371
2 589.443399 329.344407
2 647.042743 256.695106
2 527.996854 292.824059
2 649.420891 250.178670
2 429.921659 60.700783
2 463.885595 159.578450
2 340.834231 314.390766
2 608.180601 176.614387
2 581.659812 104.667085
2 584.759719 8.514276
2 406.604858 243.912258
2 393.617551 91.206526
2 390.672135 228.799509
2 444.498006 305.325461
2 571.288115 214.680961
2 623.922658 204.271902
2 635.850288 286.914046
2 608.214131 184.521909
1 382.260213 656.654334
1 397.298582 643.386521
1 385.087245 644.224714
1 412.893603 637.657770
1 400.506485 650.383943
1 395.364842 649.921690
1 398.053061 653.189044
1 398.752565 649.912308
1 397.250624 649.699913
1 406.456430 640.285232
1 380.873523 652.353149
1 422.983944 640.758248
1 380.384746 651.717041
1 392.518443 649.812297
1 408.039858 649.382839
1 394.418308 649.889421
1 406.652711 633.066539
1 394.835188 662.032331
1 395.472651 631.200161
1 414.147286 642.437744
1 412.439738 656.811921
1 394.118353 663.469716
1 393.106662 639.004447
2 363.487086 575.203866
2 554.207542 524.403726
2 407.654692 539.267475
2 422.263068 585.874800
2 409.899350 583.813836
2 472.503920 468.156992
2 638.136057 382.283967
2 514.384405 514.909617
2 531.947152 538.399774
2 346.897906 350.992522
2 515.624875 369.475080
2 379.458646 395.931238
2 603.739266 638.164720
2 501.170248 578.989438
2 439.302773 543.991638
2 622.657885 589.764738
2 624.977644 549.091301
2 400.695022 591.662895
2 356.809001 521.837604
2 426.302961 632.641529
2 436.696533 365.541773
2 443.007409 646.567877
1 477.397926 652.072634
1 393.458520 602.410840
1 396.378648 653.380732
2 517.118486 621.217256
2 447.578531 597.261259
2 451.021513 592.797396
2 446.102297 574.878907
2 376.146394 616.362798
2 354.331739 566.561014
2 601.869058 610.836385
2 516.447990 626.183442
2 426.258912 550.160187
1 390.888391 649.600540
2 481.261366 590.228886
1 434.882472 644.396232
1 366.352928 651.120491
1 396.654021 656.299904
2 446.863854 588.188432
2 384.541481 572.143507
1 395.068002 663.197052
1 352.756180 653.492993
1 389.032819 652.506091
1 416.603907 614.746224
1 374.360553 661.583175
1 407.660342 652.890238
1 416.049692 640.160358
1 363.134196 628.714203
1 376.185268 634.121618
2 409.031250 538.517161
2 517.837144 624.809040
1 439.398312 587.854691
1 410.950189 659.315719
1 399.848660 629.227325
2 447.192807 646.398954
1 343.180060 599.848713
2 409.962399 655.102113
2 472.828249 553.661071
1 425.073963 638.609260
2 376.757923 589.879804
2 460.825321 620.968760
1 392.862317 634.729813
1 425.030436 649.524711
2 496.002697 658.952358
2 493.984437 620.928362
1 446.839002 623.845018
2 428.756539 554.662631
2 511.822350 628.396184
1 375.016217 651.493004
2 464.315852 654.473984
2 452.379621 619.560178
1 346.005653 639.376350
2 483.714079 636.452099
2 340.748399 602.083806
1 450.715397 624.131108
1 445.648115 636.366328
1 443.858432 591.609624
2 511.532181 614.505848
2 528.473140 607.653578
1 390.537916 618.615037
2 460.051912 643.032933
2 452.401772 659.286812
2 428.361220 545.636288
2 443.726628 562.053705
2 506.631769 623.772587
1 378.633798 650.775007
1 468.917419 649.145832
2 451.364471 618.628180
1 500.547258 644.070132
1 430.335637 649.790349
2 388.061430 574.260581
1 402.656028 648.394081
1 404.628511 624.752952
1 405.074439 662.237207
2 399.293788 631.406890
1 339.847243 631.490431
1 407.256923 635.641847
1 409.992266 657.465562
2 374.626596 652.357152
2 377.925131 568.406039
2 476.501034 614.461303
2 456.039461 635.650155
2 569.494258 650.440606
1 402.126349 651.490990
1 435.017252 614.081405
2 446.794148 624.471531
1 400.956769 608.124038
2 546.368714 565.161050
2 413.930990 645.333363
1 388.865389 663.977888
1 398.234688 637.833031
2 479.728268 614.327975
1 402.193949 628.099278
2 478.887995 622.226738
1 413.884888 549.757447
2 455.513413 639.609948
1 411.668134 668.368042
1 562.838830 823.133327
1 581.619194 791.499844
1 562.109298 801.404777
1 569.393378 799.362321
1 575.479506 794.895237
1 550.314057 812.352350
1 585.959880 788.115219
1 569.629502 802.786922
1 577.599504 805.651019
1 576.378288 808.759825
1 576.727973 810.336564
1 553.858209 800.021254
1 562.278597 797.613960
1 571.998115 799.433039
1 566.964520 801.578735
1 574.470780 783.193272
1 572.089694 783.789241
1 576.423917 815.735739
1 592.085861 806.001343
1 575.887485 815.058752
1 562.839817 799.521881
1 582.643007 781.605743
1 586.486928 795.935543
1 571.754810 812.072489
1 571.582199 797.383136
1 590.387599 797.733528
1 577.335586 808.401524
1 580.041311 806.092403
1 561.438024 797.509067
1 570.353356 805.491408
2 577.914558 714.854242
2 436.675419 920.930438
2 601.527925 716.441812
2 610.104511 840.210379
2 642.694306 910.732831
2 486.398273 802.952947
2 382.367949 691.752045
2 448.318685 952.522040
2 408.423329 772.895511
2 447.291469 719.800295
2 473.722511 702.352219
2 572.124382 759.782192
2 430.984447 864.594218
2 583.814646 844.751735
2 616.138961 886.174952
2 640.268417 817.193836
1 419.480150 666.752760
2 458.055965 921.793832
2 663.785858 834.355978
1 591.363514 801.366710
1 529.367623 775.898443
1 566.354372 817.313752
2 373.655150 899.281606
1 583.751787 799.409283
1 422.855496 675.684646
1 551.716684 777.661628
1 433.571460 670.118265
1 539.721788 803.354203
1 607.437559 792.879976
1 568.508374 795.577200
1 571.618520 760.940451
2 595.032529 727.679414
1 597.110737 810.932070
1 572.247476 810.058521
1 559.634193 807.485538
2 440.927629 718.335533
2 402.952775 767.414373
1 433.162488 681.841305
1 610.712415 863.151264
1 546.520911 769.763104
2 582.753813 839.962270
1 556.952176 774.526947
1 567.190444 820.839402
1 596.324215 783.118574
2 425.737451 764.055346
1 540.498881 807.048676
1 595.886989 837.588788
2 604.153672 753.216932
2 645.260079 758.667838
1 420.178461 690.161713
1 610.333800 820.504190
2 507.992907 718.900859
2 605.452319 733.656847
1 603.914455 794.131781
1 542.866369 792.510422
2 403.266147 729.964166
1 606.661664 772.256427
1 508.690839 800.307868
1 509.200180 769.628082
1 411.597935 670.903928
2 648.241574 735.286131
2 640.760392 749.995445
1 536.403329 778.507882
1 518.406627 783.874811
2 555.354945 864.293868
2 633.076326 873.348473
1 590.609693 747.489402
2 616.569806 762.639243
2 616.146608 734.908050
1 566.768838 760.629722
1 606.837219 782.838125
2 550.822116 823.540272
1 642.666042 919.516993
1 564.141094 836.133377
1 560.464685 775.284914
2 526.725888 855.052182
1 604.467370 818.659329
2 454.985659 748.280253
1 548.150402 841.821100
2 407.362090 754.178829
2 470.322471 912.174792
1 567.143825 793.538927
1 607.866025 806.766535
2 418.789104 759.025971
1 361.534434 683.637075
1 586.893404 798.649958
2 611.433546 809.554208
1 516.583755 939.330786
2 573.139444 813.249653
2 595.605793 752.837841
1 530.393165 774.898273
2 513.999821 837.054928
1 614.613886 828.464554
1 560.051915 817.057262
1 370.464737 676.943409
2 392.691559 776.396583
1 431.837863 672.696083
2 393.367261 788.457958
2 568.754977 754.663960
2 639.378356 735.949669
1 432.649057 670.005228
1 539.475731 786.023757
2 515.645087 869.297839
2 426.620194 749.083610
2 622.356066 863.778943
2 408.243338 767.288127
2 595.160008 726.792905
2 535.892735 687.109649
1 613.924677 796.488219
2 391.730334 764.886160
1 501.094917 814.253887
2 525.676056 843.553047
2 503.966577 692.368769
2 416.147589 758.945718
1 572.212423 833.327194
2 637.369760 834.885838
1 517.799351 814.314838
2 442.293219 806.656544
1 566.304323 740.647702
1 600.391092 788.016310
2 615.106754 703.382589
2 656.411195 864.521509
1 556.948820 787.786650
2 508.089065 850.235719
1 508.236344 775.591042
2 644.531636 733.795479
2 435.222993 781.045530
1 596.699564 820.263239
1 593.883201 840.979577
2 621.575599 875.193134
1 585.726511 807.052788
2 427.785014 694.838951
1 546.129721 828.141483
2 647.736223 705.929292
1 600.485647 800.922659
1 430.869711 687.600069
2 380.493727 751.275984
1 570.721669 773.201507
1 560.244879 772.692600
2 376.640252 787.372499
1 517.041344 799.364567
2 654.180631 744.472739
1 514.117085 686.246972
2 616.046397 903.573996
2 552.252443 678.736811
2 561.930646 774.734491
2 549.462239 831.872487
2 616.712301 707.525202
1 558.639419 794.672266
1 524.286592 788.147596
1 531.723344 785.144860
1 558.800872 801.420925
2 631.834910 688.759097
1 599.898948 841.076743
1 393.015401 674.792496
1 566.214700 838.801729
2 585.000976 755.101119
1 555.890001 792.705872
1 586.448138 795.568879
1 547.045618 784.061188
1 550.304651 781.937455
1 587.727399 772.047614
2 402.176806 783.382427
1 567.388451 805.998364
1 584.635963 798.896818
1 340.596201 674.393781
2 623.141434 723.104548
1 538.889937 838.179672
2 599.908256 753.202054
2 618.656802 893.770966
2 637.443944 834.719000
2 575.628939 759.870836
1 514.839289 758.571835
1 602.115989 852.461981
2 645.011212 720.791255
2 439.862488 745.545312
1 619.658994 790.544129
1 555.595172 796.241043
1 576.256779 801.676259
1 569.673204 727.130279
1 566.973677 814.475242
1 547.837932 793.063683
2 466.343670 725.584585
1 403.434897 668.377294
1 587.049204 753.101399
2 649.212571 703.770035
2 539.359412 918.402529
1 576.195918 750.457190
1 571.443010 803.008561
1 439.226441 668.829146
1 561.873055 827.754428
2 464.152915 819.760467
1 523.577046 790.915953
1 370.859644 702.155196
2 449.824293 846.284813
2 617.150477 774.926707
2 509.877657 856.500814
2 605.103244 708.895885
1 429.906791 692.401840
2 394.350773 790.332865
2 470.119559 746.601030
2 595.015838 887.941982
2 570.179997 772.403836
1 548.106637 829.892617
1 649.164056 801.701344
2 527.325007 675.690183
1 605.494076 738.875932
1 571.357565 813.850802
1 619.850999 812.047942
1 597.393725 784.662101
1 362.231407 674.871487
2 574.129816 689.527677
2 599.137145 916.099199
2 623.691941 794.274711
1 560.600793 790.832206
1 578.069208 759.503107
2 551.224677 741.496450
2 405.669449 754.638414
1 583.758550 742.136605
1 575.546427 725.426808
2 436.375938 797.011132
1 440.905578 700.367943
2 386.938652 776.691283
1 594.385762 769.842409
2 638.791049 800.214652
1 830.429414 297.607845
1 831.667684 295.476292
1 814.058431 301.075981
1 827.473053 308.571495
1 819.691371 300.488439
1 822.841290 275.549347
1 826.779512 299.570688
1 821.461269 298.275657
1 822.190965 301.146311
1 818.187449 299.010597
1 822.031434 305.360813
1 820.658663 284.509079
1 817.915434 307.558264
1 817.894563 302.926957
1 820.400217 300.308929
1 820.862003 300.408726
1 818.762404 303.936763
1 820.978513 300.690964
1 836.313379 292.914827
2 666.798979 177.648918
2 722.194114 196.170142
2 799.967573 112.965367
2 893.464066 245.978228
2 896.554048 172.220755
2 882.950573 98.002196
2 919.808063 177.226763
2 763.118143 314.693327
2 830.285743 135.188482
2 995.768737 265.352777
2 801.264136 178.192910
2 792.672124 105.940476
2 786.455709 275.805450
2 809.899771 309.508034
2 923.879637 114.424918
2 799.230402 268.265659
2 725.838965 321.164163
2 826.266588 220.737925
2 746.763665 98.818846
2 942.296089 88.085685
2 961.750529 170.609145
2 743.638688 290.934731
1 795.108998 307.877609
2 817.643501 306.839853
1 789.909043 270.626203
1 816.414285 253.503436
1 814.541258 255.894392
2 754.209592 206.170665
1 804.264505 316.048034
1 837.335123 305.099018
2 831.530661 333.075100
1 802.442305 296.455240
2 844.903078 299.189836
1 878.292318 273.252170
2 809.732745 269.177351
1 835.224365 321.599826
1 784.122498 288.006611
1 838.578872 239.026441
1 825.178737 324.690754
2 852.332723 243.138594
1 793.071271 291.778191
2 797.106305 184.654134
2 804.915034 250.480330
2 875.480846 305.595095
1 861.854844 300.679752
2 874.494257 260.953807
1 856.365658 219.930284
1 819.736968 314.190632
2 895.554287 313.015372
2 792.764509 293.290672
2 739.564123 182.709380
1 809.474506 313.677510
2 684.995966 265.983560
1 796.344186 296.616854
2 915.090430 204.637371
2 840.883526 289.878992
1 819.605280 317.891825
2 911.127849 159.390752
1 795.111483 285.976577
1 784.432658 251.773384
2 760.639773 320.657268
2 813.003985 316.042621
2 719.609303 323.019294
1 829.843734 274.461424
1 814.006910 299.448495
1 861.868075 272.686979
2 842.885162 271.143356
2 834.623448 265.018304
2 689.114783 319.083340
1 834.597474 278.745124
1 893.214302 309.522548
1 809.688359 289.389666
1 795.214542 307.898552
1 806.680407 285.668508
2 757.204776 309.159942
1 794.431076 285.294771
1 801.738869 315.768573
2 808.424285 323.777128
1 897.906389 292.703231
2 723.235027 165.152953
1 855.401712 264.011872
2 856.300768 256.633036
2 824.425047 277.386431
2 698.967276 259.371947
1 747.529388 300.245273
1 774.900819 309.606280
2 916.248253 332.667419
1 803.004049 276.711867
2 984.687717 224.853177
2 753.697373 300.229942
1 806.030322 327.374642
1 819.347105 274.550789
1 827.033814 309.920121
1 835.311870 304.973336
1 861.176407 304.590987
2 856.272332 283.741174
1 815.980352 287.460906
1 857.665978 215.480963
2 713.603893 294.838280
2 677.775509 342.930127
2 750.100477 352.702020
2 867.559483 627.575568
2 968.121624 355.378469
2 857.254788 594.139169
2 977.632657 440.842494
2 772.892698 525.418582
2 958.985674 356.512416
2 813.839232 641.817628
2 921.044725 367.612915
2 710.275476 501.749901
2 924.103747 350.051655
2 754.677179 336.472180
2 751.303571 335.513040
1 797.505995 348.793236
2 800.854551 366.826640
2 936.119322 338.103391
1 775.796660 336.722661
1 816.862615 352.207861
1 801.876790 351.714328
1 832.373026 337.839061
2 944.081721 352.259270
2 828.830213 335.600516
1 809.236611 338.365119
2 863.240049 520.261328
1 789.203585 344.463679
2 816.123383 341.177235
1 792.575098 358.525505
2 788.836085 385.812209
2 891.518097 369.791348
2 785.362527 348.337192
2 730.879782 942.588539
2 728.193996 675.485181
2 922.795936 866.236940
2 906.207141 929.633314
2 970.266889 912.324051
2 841.109441 723.509132
2 981.902447 834.698518
2 960.869334 752.871921
2 741.835712 871.078402
2 673.369685 888.476805
2 693.913683 824.463445
2 704.747477 872.880075
2 683.406238 920.117492
2 952.996482 861.671451
2 681.061938 820.185013
2 696.752637 844.042682
2 976.853138 683.238832
2 690.202406 860.480617
2 688.637645 864.474624
2 672.142277 793.649769
2 702.522538 843.249251
2 690.449262 873.706027
2 683.537497 859.157048
2 691.222604 818.921120
2 721.360590 812.883786
2 680.972215 778.509648
