1 197.585379 68.536473
1 227.392955 302.192280
1 313.969586 315.599614
1 230.003390 178.856653
1 314.414491 210.164995
1 33.712336 314.647254
1 67.476189 260.100194
1 140.683214 156.090703
1 327.772860 137.490116
1 24.904997 303.394023
1 173.588134 18.022255
1 95.152191 45.713199
1 104.480227 300.510895
1 48.617216 75.470187
1 61.422672 151.633035
1 239.003649 113.693761
1 118.284728 190.161764
1 69.832090 331.992364
1 263.906661 32.168027
1 85.354037 176.337397
1 188.429640 110.722341
1 85.447888 324.330994
1 241.341109 212.649048
2 311.303603 181.219448
2 296.287722 49.767000
2 304.295869 104.174248
2 218.346695 214.268148
2 22.485585 138.729812
2 260.349239 159.039324
2 6.199062 263.813075
2 324.061254 12.367633
2 274.374649 192.921543
2 111.295531 220.133324
2 262.440707 310.060783
2 208.130459 204.658832
2 160.450556 37.472569
2 327.701120 223.464263
2 226.152450 34.390305
2 84.408012 75.818389
2 186.346612 292.779963
2 49.404244 283.744333
2 27.811361 294.507556
2 232.037100 224.366833
2 70.388703 330.014283
2 75.593692 277.491447
2 68.494765 61.885264
2 138.617246 81.614730
2 129.997594 243.710430
2 82.412880 141.234770
2 159.875039 88.026675
2 69.140203 105.949610
2 298.526617 264.681685
2 56.607664 307.899096
2 312.166270 137.625010
2 26.267607 21.270480
2 316.370337 74.529812
2 321.298975 54.299931
2 264.232769 249.187822
2 255.375288 185.264193
2 211.479162 303.551273
1 211.658126 162.654176
2 188.234528 45.057762
1 9.360878 82.464656
1 105.969281 322.710188
1 221.794905 304.937920
1 260.840883 209.696351
1 144.915073 194.803928
2 233.599175 295.888134
2 175.422048 18.628398
2 331.911986 47.451429
1 106.251429 176.181990
1 24.748107 146.739899
2 142.087814 260.483188
1 126.343628 300.374694
2 24.029960 249.748334
2 86.707308 275.593852
2 19.569732 234.262826
1 91.281134 21.588542
1 219.632136 165.272040
2 113.376197 210.353963
1 196.630697 101.354444
2 210.001545 37.356823
2 316.146913 205.666510
1 78.917870 72.170473
2 44.044604 142.300101
2 238.168542 325.696906
1 138.801802 228.585746
1 252.020541 120.121254
2 162.561911 209.871452
1 163.491249 479.108492
1 58.795044 497.863921
1 38.816802 662.589717
1 219.538441 433.763289
1 193.193735 378.532522
1 221.169798 380.067057
1 194.360526 412.161575
1 259.142315 558.966514
1 189.382456 509.944123
1 299.019580 518.467157
1 230.529024 558.307207
1 218.647039 658.015779
1 206.277293 379.037724
1 235.155047 472.810310
1 180.265875 471.780884
1 149.900140 516.909154
1 105.358924 407.332115
1 204.424429 617.270977
1 152.879955 490.706121
1 30.461587 417.075698
1 283.232829 381.018830
1 0.480891 612.236223
1 146.920984 561.102274
1 47.585308 647.157558
1 315.283949 603.734123
1 196.074973 595.980173
1 184.756866 572.805023
1 33.137175 649.557979
1 276.358118 413.278334
1 284.242584 396.271092
1 102.107081 634.761869
1 316.598961 383.804521
2 299.201049 449.494960
2 173.855350 592.209000
2 260.483380 481.198041
2 115.556649 362.056388
2 252.749137 558.805498
2 273.631074 376.147589
2 255.596079 399.658589
2 134.712736 598.533107
2 330.712272 586.209813
2 197.531141 498.212117
2 233.907174 613.206898
2 304.892282 625.772198
2 27.028763 525.779509
2 60.834130 666.560717
2 22.493793 578.740681
2 314.257561 665.376860
2 62.149583 504.820760
2 231.058875 589.727769
2 205.058867 651.079323
2 242.136558 463.384920
2 254.849018 547.807566
2 208.381219 581.376326
2 206.069341 333.801522
2 64.670478 522.482213
2 91.462422 610.635597
2 284.807814 501.714916
2 90.035731 550.198436
2 92.715450 413.027946
2 43.140448 504.211251
1 209.749263 394.248778
2 103.587537 550.196030
2 253.108537 632.633913
1 245.626906 401.899703
1 182.753677 361.863704
2 150.645920 605.591613
2 249.102413 440.848040
1 256.596144 535.385354
1 162.214021 350.624698
2 136.483147 637.477244
1 282.773536 522.249496
1 267.213012 379.929200
2 245.278065 617.387642
2 124.635977 588.316294
1 262.977228 559.803518
2 134.415439 363.550173
1 244.909603 553.815426
1 151.845842 350.573492
2 78.648646 596.311173
1 291.008538 391.378592
2 167.609958 635.263228
1 127.543546 418.826807
1 241.802539 403.693594
2 115.723608 535.548524
1 18.906882 481.393001
2 284.381714 430.545953
1 112.389739 410.712759
2 282.434947 439.311267
1 252.955453 376.802969
1 222.769152 652.906552
2 135.534396 626.580918
2 10.170870 601.500241
2 256.074017 420.287734
1 154.256596 697.091081
1 321.284877 954.658500
1 175.153870 719.705380
1 74.087412 798.805581
1 114.278012 944.504855
1 273.741613 784.874202
1 19.453530 890.267033
1 263.934164 694.517496
1 136.924088 691.493316
1 36.741120 839.077199
1 265.422237 881.274801
1 91.065556 770.707594
1 127.126240 953.447158
1 167.710973 983.034401
1 131.248527 879.788805
1 318.283908 854.352679
1 203.245367 953.596296
1 64.373245 872.201101
1 219.812535 708.683614
1 44.055137 933.189976
1 250.228455 871.586628
1 18.933626 746.526430
1 290.334198 928.099551
1 274.301190 683.853948
1 102.448526 768.324268
2 87.527853 892.257136
2 278.084093 919.242683
2 131.113662 912.742586
2 180.811485 721.035935
2 296.334759 892.508787
2 240.171921 802.840766
2 107.076504 909.006980
2 204.323078 741.582202
2 213.138510 672.667877
2 155.575248 687.687698
2 116.215981 692.181778
2 173.237317 928.117672
2 274.114663 758.089276
2 236.881243 788.766236
2 240.933586 706.704299
2 217.341167 932.283425
2 277.356968 681.089350
2 0.594326 910.431778
2 13.041661 803.003318
2 316.195059 764.532779
2 205.393524 890.153634
2 118.604955 699.130390
2 61.644076 900.865378
2 168.701846 780.767669
2 165.308361 678.683242
2 245.606666 798.682587
2 219.097761 795.967136
2 21.331296 998.623514
1 32.703531 696.371535
1 113.737953 955.220488
2 192.446714 686.796977
1 260.229712 880.744373
1 277.739780 770.206587
1 199.531024 704.694441
1 262.480223 906.064862
2 11.867056 990.150092
2 248.753967 724.136803
1 271.140194 826.348732
1 73.490671 785.177389
1 294.852865 728.709459
1 275.685123 854.841087
2 195.406359 807.853403
2 200.240671 677.473791
2 170.715663 684.144800
1 282.155266 882.142739
1 437.672608 243.588201
1 554.275334 217.325744
1 659.482798 27.387874
1 554.549485 150.343773
1 366.801041 295.120732
1 624.710932 4.766620
1 399.545331 170.074996
1 554.231944 143.679682
1 538.309617 284.726028
1 337.443010 171.977115
1 555.786333 203.063245
1 333.861333 157.776151
1 617.951880 303.828925
1 600.836980 316.081911
1 400.372799 10.856292
1 415.575331 234.658095
1 378.244299 230.097020
1 387.232029 36.243329
1 400.507023 34.230554
1 469.101412 153.836452
1 494.527024 169.923801
1 639.038861 132.143028
1 400.560107 254.793233
1 480.077981 178.862291
1 376.892342 172.228952
1 560.683041 218.215616
1 414.725986 88.442162
1 489.112664 165.513744
1 409.032608 238.411885
2 545.232714 69.819280
2 497.057436 147.554779
2 396.730953 108.485341
2 617.156866 302.006276
2 346.692532 131.045582
2 547.567860 119.249576
2 352.786408 298.573828
2 568.405990 298.771720
2 403.785010 190.942886
2 386.675433 147.413109
2 485.581418 1.609562
2 389.899839 75.260711
2 629.392762 195.655718
2 535.392808 232.240501
2 487.276280 269.425335
2 617.622418 208.299237
2 452.664790 48.360798
2 616.741788 12.729389
2 551.283602 2.600051
2 345.087822 55.576289
2 553.615903 138.542809
2 508.720626 78.371781
2 583.254824 9.354457
2 629.694619 226.715719
2 375.697774 56.666100
2 467.638588 215.260343
1 371.406655 109.724268
1 643.616823 144.471046
2 509.762313 96.608896
2 504.163711 189.440539
1 374.042674 8.000822
1 391.942692 163.940137
1 478.178704 180.571142
1 462.105282 224.120308
2 606.183756 181.502105
1 557.255902 224.164157
1 491.268187 326.239801
2 515.994456 91.636532
1 453.628923 80.554580
1 556.342211 150.845952
2 511.570809 283.293760
2 582.656680 12.906860
1 525.964223 185.223858
2 341.142074 332.551625
1 456.619595 161.615624
2 344.084009 51.090332
2 535.644680 205.897352
1 466.636703 185.031588
1 337.497819 498.309166
1 400.627405 354.314444
1 479.796687 394.757654
1 531.729551 438.009189
1 465.860585 497.771392
1 530.813643 627.469104
1 439.673418 455.271631
1 605.222508 510.639681
1 538.450583 385.941499
1 634.484924 386.131854
1 636.274505 643.814850
1 536.492319 547.066807
1 476.762103 405.179591
1 582.233200 512.266875
1 611.870395 354.925545
1 428.424631 359.832228
1 372.358615 528.288930
1 649.120156 403.353534
1 580.333194 508.599401
1 575.767190 358.325627
1 616.376797 646.466445
1 508.200340 343.851177
1 597.926505 594.775631
1 414.058782 537.756811
1 607.111084 487.176608
1 532.285224 549.423580
1 471.975369 344.255530
2 533.400303 599.213708
2 641.172031 627.485645
2 576.459885 523.426468
2 448.339665 568.537646
2 453.971741 647.496468
2 379.576731 453.259534
2 650.687050 406.399743
2 338.545480 618.229938
2 644.760365 509.502881
2 616.722677 420.477605
2 488.089405 503.064856
2 411.144280 406.662058
2 623.372161 468.380917
2 552.020073 656.825809
2 467.628122 554.710692
2 548.055822 583.751248
2 557.924016 394.976669
2 487.438303 384.154701
2 528.320052 391.491566
2 562.553138 558.126708
2 616.423212 525.475439
2 475.160978 406.484023
2 403.064486 466.049517
2 398.533265 589.718275
2 540.981224 355.940442
2 662.607590 345.115221
2 423.316303 410.300961
1 590.327287 592.325236
1 386.027301 545.425145
1 498.671188 525.855150
2 517.880792 416.522738
1 544.143851 473.710522
1 415.222307 532.337152
1 629.844502 516.718119
2 640.195338 542.597146
1 580.956255 585.372811
1 510.463746 540.880175
2 558.192204 636.879112
1 507.971721 555.900031
2 541.048036 573.325269
1 613.798834 509.354409
1 386.379766 492.754309
2 505.273369 588.971566
2 517.042855 641.219305
2 359.457244 607.858960
2 421.138846 559.357748
2 502.528433 478.188370
1 519.339281 739.861842
1 662.544581 850.616544
1 595.691517 676.109538
1 543.640552 695.150826
1 450.262727 972.000762
1 514.578574 810.166524
1 573.766390 747.255712
1 631.519930 765.158865
1 372.598587 849.859184
1 633.561672 927.470537
1 489.580713 845.742489
1 555.375538 872.662250
1 534.212399 935.118961
1 632.818256 867.544517
1 575.931702 827.643372
1 445.027406 693.433344
1 514.116324 880.708123
1 560.013102 804.072625
1 526.179331 995.142182
1 540.790254 809.096258
1 583.042329 701.874352
1 397.046499 880.540643
1 416.923185 703.356275
1 412.347251 890.888053
1 635.012244 862.428616
1 635.301028 902.354209
2 458.647282 888.125089
2 358.843302 932.203177
2 486.158226 701.801227
2 459.009833 947.583832
2 387.540374 943.278405
2 510.628871 687.380767
2 502.008098 803.772595
2 658.978667 687.662515
2 376.102059 924.033618
2 410.316333 800.393337
2 501.907144 883.835943
2 465.223297 959.861419
2 372.024948 827.011581
2 372.156638 796.222384
2 510.447942 846.363111
2 579.728320 968.079010
2 605.570660 885.512517
2 557.632724 776.662259
2 479.682360 718.267100
2 586.682614 740.667829
2 424.326101 922.616785
2 573.949316 771.258111
2 444.632350 769.252331
2 427.137828 896.014539
2 432.330753 767.295837
2 647.750576 935.049148
2 634.725527 904.321227
2 490.173772 705.255456
2 345.161844 771.372761
2 492.872069 763.559999
2 347.232917 890.314360
2 483.492404 732.168499
1 422.067649 971.987241
2 392.118915 804.046610
2 606.346501 939.802519
1 559.222793 975.628118
2 384.825420 892.168931
2 359.401756 940.660722
2 472.124193 715.572800
1 595.074911 728.922929
2 448.943403 723.442622
1 398.288099 702.801180
1 946.685645 109.988788
1 827.422182 105.188145
1 766.849249 309.958389
1 767.907736 98.066569
1 723.442000 85.014089
1 917.625834 122.586314
1 900.365892 54.065705
1 788.971267 268.132435
1 974.755801 146.535561
1 691.561735 314.308697
1 980.420592 68.781357
1 962.258994 313.001479
1 672.372467 90.696022
1 841.535291 300.881902
1 886.028776 301.519180
1 848.896776 101.239247
1 983.302944 111.420018
1 929.245363 145.278844
1 893.361030 289.998926
1 857.788573 22.876179
1 778.319062 153.347837
1 699.510087 290.988315
1 727.528044 274.202015
1 799.138123 243.896612
1 679.509416 176.519714
1 839.545475 84.013812
1 866.157609 248.868468
1 980.670262 100.503480
1 928.259221 68.468331
1 925.703512 260.486935
2 825.531417 308.638669
2 822.344151 161.353950
2 802.479489 279.875984
2 712.757922 330.332361
2 879.787301 294.005986
2 785.736209 193.188338
2 670.936081 239.491144
2 875.924621 256.132601
2 803.246346 171.690774
2 980.532567 95.485614
2 827.670306 273.804941
2 893.840095 186.712941
2 963.742458 276.499814
2 804.450220 289.370520
2 837.232900 322.303772
2 931.047050 81.067241
2 748.202896 54.657703
2 985.729523 320.669806
2 848.235397 11.428255
2 893.714932 139.460270
2 752.627736 165.661173
2 835.685507 164.206653
2 672.715336 96.579324
2 772.732596 169.926988
2 941.315398 214.493748
1 686.297675 292.389181
2 819.903366 207.605221
1 746.868091 306.361301
2 850.322823 193.733274
2 760.785388 187.814603
1 823.385483 2.233519
2 976.111718 243.870736
1 927.972108 100.301781
2 787.911405 195.973731
2 814.042341 193.000907
2 960.285748 124.945135
1 870.896686 283.309711
2 893.524681 31.863894
2 975.874775 99.602513
2 701.621101 273.286595
1 716.912458 35.060198
1 942.513318 174.799040
2 861.136827 328.214036
2 780.247854 206.775833
1 988.382518 14.791193
1 922.648089 181.049743
1 869.044270 109.196785
1 894.656013 246.761097
2 676.948388 317.934231
1 900.489719 199.053868
1 707.480242 278.894719
2 992.682744 290.183113
2 942.130842 136.199015
2 896.418939 155.175346
1 897.060344 547.312910
1 735.501662 492.877225
1 788.146643 665.920776
1 732.729678 562.481058
1 874.550603 338.888955
1 772.921251 442.633022
1 933.083970 644.164863
1 701.520157 588.107285
1 818.778591 659.622318
1 785.529985 378.422290
1 793.020601 467.315333
1 996.085707 409.312371
1 795.199957 354.587125
1 894.956407 462.415673
1 849.637310 379.541859
1 739.893326 519.316578
1 713.646393 559.191219
1 969.534941 365.967606
1 927.313567 450.265303
1 820.994823 456.586847
1 689.472887 423.828622
1 880.941533 540.155885
1 832.153658 388.326459
1 739.328962 440.117238
1 973.331642 581.856048
2 960.949527 569.570709
2 935.966839 653.051092
2 888.106214 369.840557
2 927.315655 378.736469
2 683.668105 524.249998
2 761.356937 492.751501
2 691.004191 582.766931
2 979.082283 493.955603
2 828.378831 474.763314
2 848.086646 586.213854
2 811.866568 632.505143
2 778.108954 615.200695
2 732.608011 515.422528
2 879.844751 592.811505
2 735.073520 632.649006
2 896.992502 567.010741
2 751.724726 452.877944
2 697.186770 591.876354
2 773.996828 552.161962
2 933.404402 379.427592
2 816.502501 606.469002
2 902.932218 421.229533
1 965.442770 341.607157
1 852.619083 356.013676
2 963.547961 647.818820
1 712.308800 339.862028
1 756.113170 367.413485
1 931.927989 353.486149
2 720.172797 656.483129
2 973.779128 639.418572
1 873.505801 440.704466
2 997.306883 476.451662
1 949.546012 354.869929
2 965.065459 586.295683
2 789.351625 511.803969
1 746.973062 460.156741
1 798.628065 490.909408
1 747.739725 487.070743
2 788.710121 461.501936
1 736.533004 443.487923
1 818.843501 903.990710
1 777.875427 961.349815
1 784.662348 807.976081
1 698.351632 832.887170
1 861.669362 870.495413
1 884.976513 967.340616
1 776.948956 925.669527
1 705.506024 782.124510
1 752.682000 760.811311
1 889.445493 755.067427
1 991.276271 928.139018
1 774.961623 824.542234
1 761.411600 684.993317
1 742.257953 755.718707
1 948.075843 711.627920
1 790.947674 667.164776
1 787.572453 772.058655
1 729.567595 828.907751
1 804.312989 796.868233
1 992.452014 887.245723
1 973.469796 973.959822
1 984.950837 781.143714
2 806.888779 903.158509
2 719.869456 922.801414
2 711.178231 902.302355
2 910.685141 887.346740
2 955.729005 752.378792
2 824.573524 951.077650
2 688.667302 741.599192
2 851.580954 973.453359
2 751.369956 730.967509
2 901.751763 901.376158
2 961.570173 672.819592
2 828.199575 803.765985
2 730.353121 806.652293
2 851.828095 829.326335
2 957.127626 945.695485
2 670.284679 670.533588
2 673.480700 875.861290
2 853.446083 923.633050
1 765.552504 984.109375
2 757.231481 913.551279
2 911.040743 991.731090
1 774.620400 821.531862
2 690.159287 828.810313
2 723.003862 865.776803
1 884.255086 738.214641
2 767.292928 739.038721
1 795.358882 804.797584
2 673.030152 869.679807
2 667.702043 702.229747
1 856.874408 789.680879
1 785.001774 695.859340
1 890.550973 962.118109
2 779.153928 738.552702
1 816.712959 819.516516
1 724.511912 868.525727
