1 199.269705 173.437265
1 210.114308 186.948301
1 205.196307 190.114481
1 200.028815 178.904122
1 188.380839 167.329228
1 212.278736 161.253949
1 212.483211 172.490510
1 195.050289 171.076614
1 179.145205 192.423152
1 203.705688 176.662764
1 208.432975 176.476157
1 190.286978 163.249754
1 191.860712 185.192797
1 199.578806 182.418145
1 186.174945 200.079040
1 180.475691 186.882647
1 204.553109 188.063940
1 220.977149 175.115079
1 196.939850 198.505773
1 199.999612 180.015226
1 196.346362 175.409721
1 193.785615 175.874331
1 201.650211 166.035300
1 182.203108 183.478241
1 198.891638 173.225857
1 180.544847 186.930235
1 186.504118 179.103378
1 180.106523 173.681083
1 212.387992 187.255458
1 212.946587 178.048028
1 209.544623 167.571960
1 181.902077 174.280506
1 212.620355 185.058393
1 188.913952 189.585743
1 204.101071 172.079548
1 179.717881 187.837870
1 207.066242 193.777773
1 214.856571 170.711981
1 202.955266 172.699582
1 194.252804 187.623283
1 201.516642 175.161366
1 221.555916 184.444234
1 209.057956 178.535843
1 198.418725 169.288476
2 147.719864 139.178096
2 293.914801 136.273860
2 171.706898 110.554810
2 245.197685 60.614106
2 247.747488 300.629079
2 123.511157 300.565481
2 304.332227 62.381701
2 318.756259 57.705115
2 158.408097 123.982872
2 238.095347 173.144910
2 6.988644 146.061295
2 317.447416 179.969107
2 225.903249 289.597707
2 18.138077 109.929903
2 3.136457 219.714821
2 246.814734 268.601933
2 31.140934 115.490686
2 265.037625 240.178044
2 114.672760 10.294318
2 140.521718 239.398896
2 24.569977 251.627972
2 87.105782 18.602916
1 202.806182 179.856664
1 158.902703 197.640876
1 200.796756 176.948359
2 197.408090 114.422278
2 125.664055 257.192497
1 215.004249 123.635760
1 164.893114 161.953822
1 161.768140 158.546464
1 191.791926 222.566165
1 179.571576 184.126075
2 112.050502 248.721662
2 118.890774 77.343943
1 166.626189 221.064436
1 191.968532 176.749780
2 144.487150 146.968461
2 123.952630 290.182475
1 216.032307 154.054548
1 147.094579 230.117025
1 163.251876 212.025234
1 163.774363 226.019274
1 195.717973 153.283606
2 10.596405 253.847344
1 183.861186 188.596894
1 233.316014 192.787545
1 210.761877 149.353618
1 198.895853 232.786408
1 185.456373 196.671887
2 127.656123 297.990723
2 167.315486 85.644567
1 220.197723 147.046756
1 252.046617 163.403069
2 124.717712 185.727654
1 171.352536 107.174728
1 219.368843 207.430821
2 149.823857 237.386561
2 212.844278 276.964419
1 156.673796 192.890077
1 176.327841 173.195565
2 126.984133 157.797694
2 190.967624 132.446674
1 162.469261 169.338478
1 202.362547 199.561384
1 171.285182 109.083296
1 184.669085 161.830419
1 186.084842 166.323007
2 301.434041 247.302353
2 326.177100 292.648887
2 161.972301 132.604077
1 185.630383 168.207947
2 169.939797 187.062562
1 186.853806 185.494097
2 94.281648 311.010628
1 190.909159 123.075952
2 195.512705 169.005903
1 215.073341 180.974805
2 194.236071 165.331073
2 1.563116 253.658199
2 304.812418 190.908222
1 191.827441 182.587163
1 222.681399 155.071603
1 183.984566 201.406016
1 154.237335 177.423690
1 149.567617 136.090495
2 315.196602 176.718729
2 81.600262 285.670297
1 233.381021 191.384189
1 182.317396 144.143357
1 166.695345 221.112024
1 133.811322 198.485692
1 168.969158 200.110150
1 209.635007 178.216471
2 126.363026 262.187225
1 218.870102 197.220936
2 212.048425 322.963524
2 108.224302 257.927433
1 219.392589 211.214977
1 201.637953 151.170739
2 197.822575 264.911309
1 181.332954 190.292136
2 254.622172 319.476423
1 178.019326 157.015519
1 193.048128 137.729199
2 17.358651 81.861580
1 198.385372 233.423857
2 86.953685 220.008335
1 216.061900 183.560623
1 205.323362 161.238174
1 164.482865 181.725598
1 170.363673 170.875138
1 169.557672 202.728004
2 182.028921 107.194441
2 145.352547 123.901057
1 214.037731 153.119065
1 192.811341 182.400519
1 205.485809 136.421404
2 260.167085 258.966450
2 308.167238 129.699841
2 175.998604 171.144434
1 250.685964 202.932227
2 168.534011 240.940505
2 171.244360 543.570455
2 20.994490 632.140718
2 153.389716 641.988353
2 215.846863 380.439899
2 197.668517 576.454287
2 176.469311 624.306723
2 142.015951 484.013842
2 162.585077 510.800457
2 28.754951 434.886062
2 258.849622 571.780342
2 28.433730 395.907137
2 285.577834 399.682199
2 206.003233 444.655875
2 119.399959 429.388510
2 73.254313 598.941207
2 134.954239 645.637362
2 99.191083 646.504344
2 207.408084 475.388057
2 175.878546 664.310229
2 54.358089 356.182631
2 239.710750 594.597555
2 242.279020 339.411281
2 318.328098 608.846560
2 154.091739 496.330194
2 125.367933 636.655625
2 332.398791 547.888628
1 321.191558 660.445611
2 301.610529 373.721521
2 316.950320 581.791118
2 326.628453 615.839054
2 333.040857 596.119015
2 59.630082 451.696690
1 145.030728 772.537774
1 157.487720 793.321122
1 126.746203 786.033927
1 143.108860 781.374177
1 154.390032 786.035741
1 152.529190 780.121808
1 145.163527 789.729331
1 142.908453 785.024548
1 147.016255 764.763246
1 140.785421 784.378476
1 149.145823 789.074265
1 164.059055 789.500816
1 129.883861 767.236260
1 162.035259 791.309183
1 143.341848 761.361544
1 157.305392 776.514772
1 139.319658 769.947154
1 150.635253 800.337475
1 139.604911 775.162807
1 139.669431 765.674780
1 148.445724 798.992661
1 161.454364 774.691989
1 147.551750 782.847987
1 130.097206 782.724603
1 146.637271 794.320656
1 144.572743 765.796607
1 165.210033 792.478869
1 145.398130 795.977175
1 138.434013 794.852440
1 137.038868 779.913534
1 148.886593 775.785309
1 154.683136 787.143884
1 151.684056 759.675614
1 141.519321 797.625571
1 172.323697 786.749599
1 143.634279 768.792677
1 171.706840 790.920699
1 150.302771 764.452877
1 154.831874 780.177508
1 165.169143 762.646692
1 139.070384 777.583477
1 164.121171 782.791520
1 147.781349 780.633312
1 156.685346 781.153872
1 144.954823 801.106475
2 45.445622 846.788738
2 278.842459 682.923933
2 179.601668 815.345060
2 235.255087 804.442660
2 25.964187 815.865713
2 66.431093 926.363874
2 304.534268 779.614386
2 226.630879 780.766078
2 168.179667 893.592700
2 155.089063 886.894080
2 206.757819 820.565459
2 95.990597 827.499648
2 100.781039 780.964956
2 251.927141 815.949635
2 97.995087 682.932946
2 109.632884 844.386862
2 186.317673 845.551338
2 54.460575 712.218472
2 132.847880 719.890740
2 251.392151 680.540094
2 92.891069 894.358573
2 78.445487 880.182434
2 292.569065 875.351900
2 53.254607 831.348087
1 173.196947 783.006730
1 330.005635 669.617532
2 214.364994 785.347861
1 116.598072 747.323274
2 206.710881 761.907385
1 178.644574 798.279350
1 117.858920 815.447936
1 132.985173 792.512192
1 159.127928 809.591329
1 160.674325 801.318657
1 140.564557 824.252457
2 150.274738 838.776288
1 151.658974 798.437447
1 146.421412 805.562635
1 193.645639 785.056934
1 122.371735 749.102347
1 216.635791 797.005021
2 123.550287 840.433660
1 205.965330 830.132882
1 122.468089 758.443880
1 145.125316 831.281359
2 220.465850 773.124246
1 155.108178 809.076997
2 175.891233 868.287733
2 83.783559 825.528017
1 145.385717 736.750562
1 135.879188 838.024791
1 171.622069 778.768329
1 191.135638 794.754015
2 219.037872 874.913751
1 115.874129 833.173293
1 306.233480 682.246009
1 170.786128 836.875353
1 196.612050 817.492839
2 182.086754 886.780047
1 150.812973 826.655554
1 156.260952 777.792033
1 168.125660 765.767931
1 152.543476 773.947454
1 86.249289 748.943188
2 95.879543 852.014544
1 140.313546 765.441863
1 123.613097 759.740189
1 135.690480 782.839497
1 176.032093 777.532594
1 175.869027 788.555210
2 225.676514 730.762775
1 175.353421 768.107255
2 295.240752 703.050764
1 163.852228 735.243016
1 156.610270 791.433659
1 170.550668 747.822597
1 127.956125 799.820858
2 265.146007 703.388479
1 201.821151 800.216853
1 174.139738 787.232636
2 73.508797 778.526792
2 98.541002 852.077449
2 51.693741 803.270697
1 112.989998 862.065176
1 148.014885 798.005374
2 59.203576 882.013247
2 112.267977 863.520924
2 280.687105 892.292540
1 148.742415 779.559691
1 139.442997 737.174454
2 163.312321 886.958363
1 142.456359 816.964455
1 178.457377 776.046974
2 149.319974 865.403174
1 151.711962 747.719227
1 95.171691 719.857842
2 144.790477 739.475741
2 207.685808 884.769555
1 193.645639 785.056934
2 275.787400 915.899995
1 129.689348 773.475849
2 128.958176 868.303145
1 172.158521 815.978794
2 246.381527 821.129334
1 181.663310 752.614111
2 190.241317 822.631187
2 302.522836 730.703932
2 318.793004 858.143054
1 167.917726 795.271804
1 111.858498 782.033598
1 176.816108 784.423938
1 160.409254 823.805243
2 82.441427 867.205989
1 124.453731 774.592631
1 150.349048 769.266207
1 191.357316 796.167276
2 202.859862 785.547326
2 243.796431 802.200581
1 120.712743 756.835099
1 97.530461 753.604752
2 192.490303 799.910265
1 115.898050 770.663408
1 158.623392 789.226862
1 78.878781 813.500691
2 239.108695 770.647302
2 253.354083 780.247023
1 153.560790 832.835835
1 179.649475 797.521076
2 202.233879 770.267100
2 349.778605 9.205542
2 605.066590 47.788371
2 589.443399 329.344407
2 581.120796 112.089809
2 665.653347 275.935088
2 363.834378 164.526498
2 647.042743 256.695106
2 527.996854 292.824059
2 666.366008 82.483431
2 649.420891 250.178670
2 429.921659 60.700783
2 442.269964 137.611678
2 578.546029 74.844074
2 463.885595 159.578450
2 340.834231 314.390766
2 608.180601 176.614387
2 581.659812 104.667085
2 584.759719 8.514276
2 406.604858 243.912258
2 393.617551 91.206526
2 530.761359 200.478255
2 390.672135 228.799509
2 402.867411 243.143525
2 334.950622 271.238755
2 571.288115 214.680961
2 352.536699 159.641452
1 382.260213 656.654334
1 405.111228 654.743552
1 414.979481 651.653271
1 403.504982 652.571265
1 390.688447 647.845610
1 405.143784 645.741016
1 397.298582 643.386521
1 408.363581 655.378863
1 407.056579 652.214464
1 387.102474 631.882672
1 385.087245 644.224714
1 412.893603 637.657770
1 405.531501 633.996536
1 408.893194 651.784645
1 398.156383 646.538719
1 400.441090 649.314884
1 397.339133 647.323642
1 399.327124 649.262928
1 400.506485 650.383943
1 398.053061 653.189044
1 398.752565 649.912308
1 397.250624 649.699913
1 406.456430 640.285232
1 397.868197 650.876934
1 400.504314 653.885126
1 421.667448 648.733453
1 422.983944 640.758248
1 380.384746 651.717041
1 392.518443 649.812297
1 411.925322 644.440037
1 408.039858 649.382839
1 394.418308 649.889421
1 406.652711 633.066539
1 394.377634 647.022654
1 394.835188 662.032331
1 395.472651 631.200161
1 402.283887 655.352194
1 414.147286 642.437744
1 412.439738 656.811921
1 402.351592 650.678890
1 411.733015 641.469493
1 401.110278 649.500800
2 455.653924 403.258451
2 554.207542 524.403726
2 407.654692 539.267475
2 422.263068 585.874800
2 409.899350 583.813836
2 569.053141 516.305782
2 638.136057 382.283967
2 337.238754 627.361551
2 514.384405 514.909617
2 421.769390 657.734760
2 567.767176 623.068481
2 515.624875 369.475080
2 379.458646 395.931238
2 603.739266 638.164720
2 501.170248 578.989438
2 493.003781 406.135317
2 439.302773 543.991638
2 622.657885 589.764738
2 624.977644 549.091301
2 418.523773 349.099599
2 400.695022 591.662895
2 356.809001 521.837604
2 385.689197 574.159636
2 360.650448 608.995889
1 405.744949 656.741969
2 477.204450 544.509500
2 426.457685 615.798370
2 356.119499 601.201816
1 387.213254 665.631090
2 574.954180 655.311422
1 403.300131 642.556334
1 383.884236 625.548958
2 406.109008 611.324058
1 391.090397 648.107260
2 396.440692 643.384963
1 386.344262 619.315180
2 362.074422 564.644021
2 449.175782 639.039135
1 361.367554 657.655072
1 421.530662 641.807671
2 376.510523 571.417004
2 578.885534 647.993186
1 412.954082 662.874120
2 549.963202 521.586100
1 374.192344 653.721920
2 630.270981 649.586255
1 360.093624 620.577766
1 375.565116 664.668722
2 372.950377 558.640288
1 398.437480 655.551121
2 489.787995 664.432083
1 393.598262 653.446461
1 423.126898 645.672876
2 348.275236 597.548185
2 492.836543 665.287218
2 544.872142 644.680011
1 369.958551 600.506014
1 451.661921 654.409017
1 421.228500 658.970705
2 415.144029 606.039645
2 392.858140 604.887565
1 424.991724 643.197446
2 353.163739 553.949091
1 377.808712 628.589777
2 338.040092 607.648495
2 390.007457 611.530045
1 368.307251 662.999264
2 467.019520 656.914502
1 390.051137 648.482173
2 340.740932 586.762311
2 348.275222 573.957660
1 373.599136 656.698386
1 444.235316 647.908613
2 412.191977 647.524775
1 401.039266 651.297167
2 333.904890 563.766938
2 387.704445 589.277521
1 464.933991 656.655980
1 366.540881 648.528701
2 406.619578 581.128342
2 397.183763 583.526352
1 409.732571 654.246369
2 439.887088 651.386179
1 375.564416 605.751301
1 410.199108 651.636702
2 353.518048 601.554703
1 384.691095 664.873170
2 378.178585 644.211600
1 352.693641 645.696811
1 592.269184 788.914880
1 591.487549 810.596792
1 569.833038 799.846903
1 581.619194 791.499844
1 562.109298 801.404777
1 569.393378 799.362321
1 550.314057 812.352350
1 585.959880 788.115219
1 574.622168 791.722488
1 564.053403 790.297419
1 553.192257 793.616418
1 569.200985 800.474026
1 576.727973 810.336564
1 553.858209 800.021254
1 559.810518 804.961297
1 548.627846 793.185977
1 571.998115 799.433039
1 566.964520 801.578735
1 572.089694 783.789241
1 570.978102 799.174940
1 576.423917 815.735739
1 592.906930 809.881322
1 592.085861 806.001343
1 575.887485 815.058752
1 574.647485 814.706093
1 562.839817 799.521881
1 565.419632 797.485520
1 555.859829 792.941726
1 582.643007 781.605743
1 586.486928 795.935543
1 571.754810 812.072489
1 580.683493 819.967901
1 571.582199 797.383136
1 590.387599 797.733528
1 577.335586 808.401524
1 570.353356 805.491408
2 577.914558 714.854242
2 436.675419 920.930438
2 601.527925 716.441812
2 373.322691 854.021838
2 574.700117 858.400583
2 610.104511 840.210379
2 642.694306 910.732831
2 659.645040 947.878012
2 526.803464 864.987154
2 486.398273 802.952947
2 349.544459 746.803773
2 381.538185 894.107693
2 339.589366 723.918474
2 412.598899 810.795338
2 382.367949 691.752045
2 503.259611 871.763370
2 408.423329 772.895511
2 650.792042 795.792364
2 520.087113 997.883590
2 496.779949 667.697406
2 473.722511 702.352219
2 572.124382 759.782192
2 542.324607 680.102779
2 622.243191 962.189270
2 430.984447 864.594218
2 583.814646 844.751735
2 616.138961 886.174952
2 517.396751 740.843291
1 384.356609 673.653590
1 510.579050 797.223754
2 368.443833 747.588295
1 377.560672 668.016191
2 534.389702 848.172360
2 581.191394 849.423226
1 573.473443 794.818839
1 374.288087 676.445674
2 526.790529 878.224618
1 544.642379 824.032297
1 565.915430 793.578666
1 561.692872 840.157162
2 504.162924 698.712899
2 517.699497 710.605308
1 582.687172 773.911592
2 363.031587 714.319558
1 581.610007 801.533927
2 514.532436 862.902672
2 496.999922 878.212445
1 479.902357 825.268185
1 400.205124 682.212002
1 566.056096 775.030680
2 560.338236 754.054026
1 531.604296 872.711805
2 604.822312 852.786135
1 401.375752 684.010173
2 549.470077 709.643981
2 362.320641 917.180254
1 548.183644 794.139267
1 563.450897 807.846793
1 557.008729 803.255382
1 580.943018 780.942601
1 583.865924 844.534665
2 446.432242 718.749657
1 602.786998 825.373604
1 400.467556 693.491191
1 623.147222 846.071348
1 560.698919 811.234774
1 576.103245 798.697229
2 572.154357 855.415490
1 538.030568 828.251683
2 438.926152 703.553181
2 426.636568 669.472161
1 552.110400 777.209627
1 392.173729 686.251614
1 569.051854 805.128878
1 615.316037 807.506145
1 536.484086 828.377365
1 569.327858 769.670884
1 425.166932 696.614524
2 558.237936 712.577986
1 389.792254 667.059505
2 610.694759 829.494199
2 595.332415 684.707796
1 539.645321 770.745864
1 381.099134 681.648095
1 413.482720 670.060971
2 636.594450 793.910365
1 567.707130 762.460750
1 546.546895 797.042293
1 549.303625 784.803468
2 556.034210 694.893072
2 598.835777 826.948969
1 588.418297 805.706190
2 623.683751 927.393657
2 545.787046 711.351680
1 577.914677 776.102424
2 528.815633 882.021201
1 374.738552 677.220334
2 413.667255 723.608679
1 585.210783 786.534269
1 557.707065 786.638965
1 597.062431 823.525835
2 507.119143 902.034977
2 558.725225 743.915729
1 442.415505 675.031367
2 458.439353 709.125571
2 544.702303 700.226717
2 639.423043 817.814935
1 390.792955 675.102790
2 548.023760 686.644662
1 566.518671 797.776527
2 591.637459 744.525269
2 537.345778 714.043360
1 524.208272 804.786839
1 555.419597 823.742214
1 423.643991 689.211446
1 549.920329 851.510845
1 590.677477 789.392601
1 615.304247 787.900544
2 587.015488 871.178150
1 606.674863 786.174766
2 541.313399 738.590127
1 610.523216 804.932404
1 396.836946 684.630271
1 532.743094 819.919103
1 431.681222 682.025698
2 545.193004 818.442747
2 509.536747 827.531183
2 626.460306 851.851182
2 647.799374 796.905223
1 600.971934 792.070426
1 560.412853 740.770261
1 578.790500 793.269898
1 589.726231 825.010392
2 434.169758 705.175282
2 488.174932 706.862470
1 588.370101 799.191651
1 602.266164 836.580052
1 361.272379 675.455057
2 611.171822 695.738761
2 427.044920 782.692042
2 501.129198 853.550287
2 468.229976 819.299896
2 440.252724 689.878888
2 401.002290 691.121800
2 513.680411 856.240393
2 506.879990 893.704727
1 550.182761 862.790035
1 596.051429 766.026202
2 466.352743 857.504365
1 559.539340 753.785549
1 546.295225 795.905254
2 609.978018 913.139185
2 494.894763 878.345484
2 482.304647 710.183016
2 502.209806 872.683643
1 532.516137 803.649809
1 584.542060 809.375120
1 614.534402 829.188057
1 551.974292 832.623607
2 480.684399 723.104854
2 481.460612 736.913455
1 548.948923 770.515040
2 571.660112 829.986831
2 513.315560 718.139480
1 527.052663 834.216634
1 574.393630 777.045476
1 549.425095 778.306361
1 562.523522 806.160070
1 565.166577 774.457485
1 559.922246 785.821817
1 633.308249 824.870093
1 522.267348 852.931847
2 573.088866 693.305417
2 499.453273 853.849609
2 542.539654 737.695786
1 553.389522 785.802144
2 605.608073 831.994728
2 593.895508 862.798954
2 601.600437 672.549757
2 363.432225 882.105295
1 551.634384 859.446984
2 552.334462 830.124844
2 480.241911 681.310120
2 542.960837 754.661228
1 564.330702 810.050911
1 598.545352 800.259351
1 825.323420 313.131564
1 817.333145 301.770809
1 812.226200 290.236725
1 830.429414 297.607845
1 824.995430 303.209579
1 814.043604 287.613507
1 833.030645 316.684872
1 831.667684 295.476292
1 814.058431 301.075981
1 834.044190 283.999700
1 827.473053 308.571495
1 820.776003 303.481807
1 835.591285 300.783414
1 807.626186 302.934711
1 820.155986 304.158386
1 822.841290 275.549347
1 826.779512 299.570688
1 802.061386 300.942897
1 818.328382 301.953430
1 830.789986 321.305360
1 821.461269 298.275657
1 837.939457 290.559085
1 809.734327 290.916042
1 799.208382 306.913418
1 827.960425 295.295719
1 822.190965 301.146311
1 828.619228 297.276916
1 824.871657 302.618242
1 818.187449 299.010597
1 822.031434 305.360813
1 822.383471 302.747937
1 820.658663 284.509079
1 817.915434 307.558264
1 838.150705 307.822859
1 817.894563 302.926957
1 820.400217 300.308929
1 833.266366 306.872088
1 825.397005 287.726416
1 824.072163 310.451970
1 820.862003 300.408726
1 818.762404 303.936763
1 812.497967 279.106009
1 829.669497 290.198884
1 832.419664 315.356267
1 820.978513 300.690964
1 797.302606 305.825083
1 843.686914 295.652230
1 836.313379 292.914827
2 666.798979 177.648918
2 722.194114 196.170142
2 799.967573 112.965367
2 893.464066 245.978228
2 755.215109 262.818065
2 967.740334 176.295514
2 847.526756 47.555112
2 882.950573 98.002196
2 919.808063 177.226763
2 777.515608 169.121337
2 763.118143 314.693327
2 830.285743 135.188482
2 995.768737 265.352777
2 801.264136 178.192910
2 900.574006 251.836751
2 844.330495 166.834008
2 909.989381 231.012482
2 721.232896 113.150164
2 955.189126 119.127902
2 923.431828 272.093459
2 921.373790 74.377634
2 809.899771 309.508034
2 700.217118 149.705557
2 923.879637 114.424918
2 799.230402 268.265659
2 725.838965 321.164163
2 826.266588 220.737925
2 942.296089 88.085685
2 998.183651 278.084384
2 992.212422 18.595498
2 961.750529 170.609145
2 747.794707 283.159653
2 743.638688 290.934731
2 997.285452 284.926989
1 818.424492 289.711595
1 839.059469 298.795859
2 692.523443 103.276125
1 812.333317 306.796566
1 832.406911 316.039000
1 802.168698 281.103734
1 825.953194 313.312778
1 837.541246 325.928448
1 779.054669 285.579913
1 823.442285 285.200503
1 827.402696 282.219897
2 999.103351 5.836293
2 985.124265 192.319493
1 830.436575 326.340174
2 962.051761 251.870458
2 981.957754 177.000680
1 854.659411 329.087788
1 834.376042 285.855786
2 754.326851 328.563202
1 777.552321 315.718029
2 772.504660 325.007246
2 839.802538 232.375620
1 841.147839 283.613660
1 786.776045 290.796442
1 837.163922 322.262347
1 791.874633 314.011168
1 754.286491 265.833730
1 810.515234 299.573824
1 818.236031 299.077106
1 841.848362 233.513041
2 950.271454 135.234423
2 791.577338 174.792448
1 749.612516 314.255027
1 809.207445 285.297191
2 829.669090 187.474035
1 862.544929 256.956094
1 840.736681 298.271076
1 796.367741 299.558273
1 798.521955 272.908381
1 850.195550 284.515916
1 783.759163 278.305523
1 823.175352 258.054959
1 827.559488 262.526523
1 802.982684 256.800457
1 833.580138 311.878738
2 781.955265 315.036890
1 796.291179 309.938619
2 730.318721 306.731342
2 727.604291 311.000833
1 822.348093 295.018717
2 778.254835 189.684045
1 848.104868 314.398457
2 751.807880 280.240040
2 837.134556 114.832808
1 777.691680 287.044904
1 778.101496 306.566984
2 911.582664 166.950974
1 842.472467 314.985715
1 800.046501 303.587178
2 707.923193 325.701513
1 813.846965 265.239107
1 784.589127 286.014593
1 789.186508 310.350345
1 857.383738 293.676171
1 806.731865 300.568725
2 768.715391 305.008757
2 973.023066 243.117268
1 823.664777 301.720479
1 771.844124 318.359239
1 779.341791 300.588950
1 849.785550 309.958578
1 770.175953 327.011170
1 796.662750 324.841534
1 805.546659 282.336574
1 826.890651 314.100114
1 818.370259 252.606277
1 862.952467 277.381563
1 774.278352 282.067351
1 814.377096 278.621942
2 839.037313 329.790205
1 797.093148 294.356703
1 774.960901 251.467729
1 794.294611 248.743443
2 754.095125 322.209034
1 808.439488 267.486511
1 784.114852 310.027109
1 791.656294 296.767687
1 784.225994 312.384891
2 924.822934 360.146150
2 853.461554 617.476469
2 898.600168 540.882315
2 677.775509 342.930127
2 750.100477 352.702020
2 867.559483 627.575568
2 968.121624 355.378469
2 909.437058 404.824141
2 921.326964 580.380160
2 857.254788 594.139169
2 977.632657 440.842494
2 720.361765 580.513346
2 772.892698 525.418582
2 813.839232 641.817628
2 864.808386 501.433124
2 922.861860 409.129112
2 757.961885 346.761935
2 921.044725 367.612915
2 710.275476 501.749901
2 821.702857 505.467745
2 857.317670 417.800218
1 785.556146 338.998732
2 776.185235 334.090394
1 762.713680 349.823134
2 777.708365 355.753098
2 942.926476 444.711489
1 829.061409 338.128558
2 772.211689 344.680054
2 917.475311 360.989151
2 872.563116 416.836754
2 824.795742 454.571188
2 810.868427 358.689897
2 851.367673 353.295374
2 891.004010 365.613009
1 759.242493 345.047679
2 730.049357 374.033737
1 836.219240 335.507798
2 774.947410 355.630466
2 752.341182 362.196597
2 878.145842 378.774238
1 800.043018 335.764394
2 781.678021 349.387012
2 942.600821 374.758782
2 817.317326 740.240759
2 728.193996 675.485181
2 676.107195 838.903866
2 836.032604 668.933878
2 922.795936 866.236940
2 906.207141 929.633314
2 970.266889 912.324051
2 975.466924 771.741003
2 981.902447 834.698518
2 864.426634 915.553717
2 960.869334 752.871921
2 761.362816 885.111847
2 693.274694 781.004788
2 741.835712 871.078402
2 780.253001 708.401185
2 806.801612 766.132397
2 672.487678 695.653379
2 680.872713 750.237994
2 694.946192 767.579539
2 974.480141 786.180491
2 683.911367 788.417207
2 978.304119 749.112208
