1 199.269705 173.437265
1 210.114308 186.948301
1 205.196307 190.114481
1 200.028815 178.904122
1 188.380839 167.329228
1 212.278736 161.253949
1 212.483211 172.490510
1 195.050289 171.076614
1 179.145205 192.423152
1 220.372450 167.082820
1 208.432975 176.476157
1 190.286978 163.249754
1 191.860712 185.192797
1 199.578806 182.418145
1 180.475691 186.882647
1 220.977149 175.115079
1 196.939850 198.505773
1 199.999612 180.015226
1 196.346362 175.409721
1 193.785615 175.874331
1 201.650211 166.035300
1 198.891638 173.225857
1 180.544847 186.930235
1 186.504118 179.103378
1 180.106523 173.681083
1 212.387992 187.255458
1 209.544623 167.571960
1 205.334414 178.161422
1 212.620355 185.058393
1 188.913952 189.585743
1 204.101071 172.079548
1 179.717881 187.837870
1 207.066242 193.777773
1 214.856571 170.711981
1 184.536981 177.049929
1 184.258736 186.863044
1 194.252804 187.623283
1 201.516642 175.161366
1 204.039642 182.773306
1 209.057956 178.535843
1 198.418725 169.288476
2 293.914801 136.273860
2 171.706898 110.554810
2 245.197685 60.614106
2 294.372177 189.389279
2 247.747488 300.629079
2 123.511157 300.565481
2 304.332227 62.381701
2 240.868928 171.431778
2 158.408097 123.982872
2 238.095347 173.144910
2 6.988644 146.061295
2 317.447416 179.969107
2 89.577762 289.336909
2 225.903249 289.597707
2 18.138077 109.929903
2 3.136457 219.714821
2 129.998060 280.385958
2 198.110545 10.437739
2 246.814734 268.601933
2 114.672760 10.294318
2 140.521718 239.398896
2 87.105782 18.602916
1 198.044745 180.204425
1 217.247861 151.358254
1 242.585823 228.225859
1 191.271644 185.943008
2 129.531093 85.711711
2 243.655822 287.775723
1 242.535682 153.105066
2 71.952144 26.696642
2 228.145057 138.323493
1 180.462078 208.107077
1 252.231958 144.976700
1 185.242150 157.717545
1 241.121956 193.867844
1 193.989874 228.746454
1 212.406067 163.193258
1 192.914071 165.406801
2 98.616248 100.066528
1 167.772213 163.295653
2 325.862007 215.648223
1 246.766572 206.017602
1 198.713929 186.940108
1 206.964188 194.968471
1 195.900617 139.962385
1 175.196942 154.786107
2 110.413402 132.437872
1 200.395643 175.358910
2 2.284937 254.239142
1 177.364199 181.018189
1 193.200647 196.916562
1 184.777453 213.516393
2 330.693864 32.001240
1 237.063191 142.386396
2 138.859974 134.442599
1 175.516406 136.109097
1 226.131341 126.850566
1 190.762720 161.279276
1 168.865574 203.748107
2 222.759022 308.207131
2 3.924158 188.492234
1 193.417688 182.293561
1 206.615478 153.482063
1 138.767373 184.670009
2 264.411018 160.386657
1 174.026873 124.074201
1 147.995812 166.979205
1 196.361384 196.695045
1 213.519344 142.701762
1 185.578044 192.259185
2 268.149525 169.580671
2 95.593712 104.573572
1 192.625814 142.694474
1 244.757468 252.867110
1 170.388589 228.747751
1 185.446192 188.516193
1 146.888917 125.500524
1 212.293563 161.116873
2 32.597493 219.691058
2 298.019843 181.128787
1 200.557223 179.178095
1 236.174893 186.952554
1 198.928924 195.247871
1 154.233132 139.687008
1 248.336423 229.008863
2 171.105062 135.243530
2 272.728436 149.325658
1 225.902175 229.119265
1 146.404118 139.944915
1 218.984337 243.710105
2 113.072146 127.893226
1 178.130375 198.074383
1 178.322735 185.121237
1 167.969618 200.685481
1 173.484333 192.605972
1 187.163044 107.455965
1 212.220622 148.354878
1 247.588013 211.638977
1 223.609441 164.964025
1 226.593743 130.736691
1 175.228149 113.396771
1 205.264644 184.885039
1 189.801497 203.697609
1 218.152611 145.968724
2 66.088670 339.827348
2 215.846863 380.439899
2 197.668517 576.454287
2 176.469311 624.306723
2 162.585077 510.800457
2 28.754951 434.886062
2 258.849622 571.780342
2 28.433730 395.907137
2 243.642724 359.433039
2 206.003233 444.655875
2 73.254313 598.941207
2 99.191083 646.504344
2 207.408084 475.388057
2 175.878546 664.310229
2 111.032318 653.084332
2 158.677480 623.586063
2 130.528066 614.936938
2 82.576300 652.747671
2 181.643613 648.865390
2 87.274357 650.636483
1 145.030728 772.537774
1 157.487720 793.321122
1 126.746203 786.033927
1 143.108860 781.374177
1 154.390032 786.035741
1 152.529190 780.121808
1 145.163527 789.729331
1 142.908453 785.024548
1 147.016255 764.763246
1 140.785421 784.378476
1 149.145823 789.074265
1 164.059055 789.500816
1 129.883861 767.236260
1 162.035259 791.309183
1 143.341848 761.361544
1 157.305392 776.514772
1 148.994945 781.462857
1 139.319658 769.947154
1 150.635253 800.337475
1 139.604911 775.162807
1 148.445724 798.992661
1 161.454364 774.691989
1 145.115120 801.068668
1 147.551750 782.847987
1 130.097206 782.724603
1 146.637271 794.320656
1 144.572743 765.796607
1 165.210033 792.478869
1 145.398130 795.977175
1 138.434013 794.852440
1 137.038868 779.913534
1 148.886593 775.785309
1 154.683136 787.143884
1 172.323697 786.749599
1 171.706840 790.920699
1 150.302771 764.452877
1 154.831874 780.177508
1 139.070384 777.583477
1 164.121171 782.791520
1 131.403224 778.324781
1 147.781349 780.633312
1 142.264031 791.512781
1 156.685346 781.153872
1 144.954823 801.106475
1 168.558070 768.279076
2 45.445622 846.788738
2 278.842459 682.923933
2 144.085517 872.816056
2 179.601668 815.345060
2 235.255087 804.442660
2 25.964187 815.865713
2 66.431093 926.363874
2 304.534268 779.614386
2 226.630879 780.766078
2 168.179667 893.592700
2 155.089063 886.894080
2 95.990597 827.499648
2 100.781039 780.964956
2 251.927141 815.949635
2 97.995087 682.932946
2 186.317673 845.551338
2 132.847880 719.890740
2 251.392151 680.540094
2 92.891069 894.358573
2 78.445487 880.182434
2 292.569065 875.351900
2 175.827367 876.074690
1 103.526625 809.621779
1 187.296348 833.362366
1 151.465372 784.626617
1 164.340773 823.524760
1 188.886293 771.917181
2 277.011174 710.107444
1 129.794270 734.230520
1 179.176264 807.600618
1 152.471787 803.217574
1 89.324872 832.534950
2 175.852747 876.481415
1 151.994780 752.322945
2 181.353327 722.462477
1 157.916095 792.201078
1 144.877101 768.396935
1 106.967002 814.101385
1 171.741821 781.343403
2 129.896929 739.512813
2 111.963838 759.977302
1 156.303949 738.193757
1 124.654272 828.084601
1 152.012717 753.385522
2 139.989692 766.407818
1 148.118349 765.336598
1 128.775349 810.759846
2 61.985727 997.147558
1 175.055339 728.141700
1 177.104533 827.956359
1 204.238314 826.456927
2 168.991463 764.306953
2 208.294501 797.864531
1 181.900500 764.198169
1 143.054058 788.754944
2 20.767477 757.349628
1 197.975046 768.316389
1 190.499495 807.255650
1 174.782491 826.468361
1 177.294440 788.780821
2 80.769298 823.908098
1 133.230120 770.950626
1 106.072167 815.416937
2 118.404802 820.744475
1 154.820005 802.139241
1 140.121593 830.606096
1 150.341138 795.471857
1 167.163092 767.807222
1 165.210927 753.310309
1 176.105465 804.020097
2 188.792702 885.253494
1 201.433833 816.832634
1 161.588299 787.254904
2 243.182380 706.450118
2 237.165026 781.555133
1 145.027520 806.116622
1 116.518384 778.344826
1 162.142568 761.847591
1 166.544417 715.054610
1 151.365559 777.310798
2 150.672492 759.791981
2 59.504246 701.062902
1 145.933168 757.376637
1 149.942770 796.948399
1 220.720348 782.022085
1 136.143546 813.978394
1 132.480190 707.445681
1 143.938885 850.318535
2 200.671253 839.628792
1 122.756247 772.148128
1 189.761323 766.773003
1 161.399585 785.132242
2 308.272929 870.005146
2 123.343074 741.315107
2 238.350298 826.816896
1 154.403345 792.718356
1 120.676654 799.735198
1 144.084614 854.683900
1 82.634552 796.260268
1 139.499240 829.764163
1 198.246354 866.279545
1 162.418212 751.913566
1 144.170585 787.917956
2 245.358404 776.669093
1 153.540890 791.828676
1 81.411012 803.277733
1 129.203754 784.839669
1 130.392913 817.121514
1 174.147682 817.838492
1 172.134315 774.940130
1 147.995254 793.458059
1 140.997550 787.196568
2 254.404603 818.530156
2 330.968855 842.487854
1 147.126479 798.881037
1 118.523812 818.925176
1 143.771687 762.772557
2 97.366585 844.217158
2 158.637303 750.793263
2 213.414906 750.887474
1 152.870442 799.681071
2 105.981439 776.897745
2 328.482189 872.896493
1 166.746644 783.406001
2 170.077802 724.381586
2 228.559101 803.058591
2 238.831069 947.747154
2 113.883863 787.692712
1 127.128733 809.758839
1 183.279087 804.034339
1 108.341254 718.037262
2 94.449775 757.304179
1 125.278344 801.245598
1 109.110788 766.910291
1 167.415599 755.588095
2 92.650091 849.853801
1 149.824615 779.182175
2 109.448406 848.688375
1 134.937052 750.390634
2 137.567201 822.171962
1 139.853430 837.316430
2 149.301921 851.450505
1 127.511137 811.966024
1 128.848046 815.769993
1 160.916541 799.959893
1 69.257165 802.894092
2 319.622298 868.160996
2 196.849035 784.120056
1 119.254417 795.844531
1 87.259824 780.575633
1 119.004707 802.606095
2 102.577260 802.077589
2 349.778605 9.205542
2 589.443399 329.344407
2 581.120796 112.089809
2 665.653347 275.935088
2 363.834378 164.526498
2 647.042743 256.695106
2 527.996854 292.824059
2 666.366008 82.483431
2 649.420891 250.178670
2 429.921659 60.700783
2 442.269964 137.611678
2 578.546029 74.844074
2 463.885595 159.578450
2 340.834231 314.390766
2 608.180601 176.614387
2 581.659812 104.667085
2 584.759719 8.514276
2 406.604858 243.912258
2 393.617551 91.206526
2 530.761359 200.478255
2 390.672135 228.799509
2 623.500289 78.874461
2 371.782737 51.913341
2 402.867411 243.143525
2 444.498006 305.325461
2 571.288115 214.680961
2 365.653030 246.633972
2 370.234066 293.940004
2 608.294362 16.439773
1 382.260213 656.654334
1 400.060358 664.114563
1 405.111228 654.743552
1 414.979481 651.653271
1 403.504982 652.571265
1 390.688447 647.845610
1 405.143784 645.741016
1 397.298582 643.386521
1 399.545928 650.646476
1 407.056579 652.214464
1 387.102474 631.882672
1 385.087245 644.224714
1 412.893603 637.657770
1 405.531501 633.996536
1 400.441090 649.314884
1 397.339133 647.323642
1 399.327124 649.262928
1 400.506485 650.383943
1 395.364842 649.921690
1 398.053061 653.189044
1 394.188539 646.559336
1 398.752565 649.912308
1 397.250624 649.699913
1 406.456430 640.285232
1 380.873523 652.353149
1 400.504314 653.885126
1 422.983944 640.758248
1 380.384746 651.717041
1 392.518443 649.812297
1 411.925322 644.440037
1 408.039858 649.382839
1 394.418308 649.889421
1 406.652711 633.066539
1 394.377634 647.022654
1 394.835188 662.032331
1 402.283887 655.352194
1 414.147286 642.437744
1 412.439738 656.811921
1 394.118353 663.469716
1 402.351592 650.678890
1 393.106662 639.004447
1 411.733015 641.469493
2 554.207542 524.403726
2 407.654692 539.267475
2 422.263068 585.874800
2 409.899350 583.813836
2 569.053141 516.305782
2 472.503920 468.156992
2 638.136057 382.283967
2 337.238754 627.361551
2 514.384405 514.909617
2 421.769390 657.734760
2 567.767176 623.068481
2 531.947152 538.399774
2 346.897906 350.992522
2 515.624875 369.475080
2 603.739266 638.164720
2 501.170248 578.989438
2 493.003781 406.135317
2 622.657885 589.764738
2 624.977644 549.091301
2 651.343269 665.120359
2 400.695022 591.662895
2 356.809001 521.837604
2 393.541828 607.740710
1 423.660816 659.724774
1 385.127371 605.047312
2 439.777705 643.350688
1 376.604370 650.571855
1 417.942172 621.969913
2 373.879472 610.178115
1 406.419128 630.910383
2 447.098001 639.489681
1 445.953068 622.531349
1 460.554827 579.688434
1 389.220951 641.768876
2 469.029508 418.672526
1 424.692047 588.199486
1 418.653115 636.566114
1 408.429282 644.912928
2 446.438702 643.994873
1 385.351887 639.722948
1 420.222827 636.678170
1 386.562935 653.233023
1 413.626688 664.053449
1 394.251685 599.295970
1 445.072666 653.941997
1 412.058349 625.082325
2 475.276219 628.418600
1 407.404228 595.357571
1 415.580662 638.162776
1 401.745502 631.963769
1 473.038436 622.901758
1 398.395926 658.350653
1 445.083765 646.711443
1 392.959279 612.913617
2 526.343773 566.430245
1 408.114356 610.286366
1 433.219865 648.037485
1 477.930350 599.526105
2 476.623124 506.147640
1 383.349619 595.967175
1 389.031325 638.760154
2 371.155827 589.781198
2 442.369410 616.816967
2 449.278923 641.083962
1 418.530045 653.868840
2 394.832451 649.045845
1 380.173343 649.599330
1 390.888174 631.493064
1 398.906833 628.731983
1 443.297043 593.798780
1 418.534813 607.774430
1 356.124021 660.052113
2 359.941093 619.331239
1 405.984032 660.565585
2 493.024601 652.636807
1 433.060955 650.813844
1 378.349920 656.904142
2 404.401394 614.424140
1 356.718211 658.107290
1 347.529774 656.316149
2 489.238277 645.721686
2 445.526246 530.815230
2 416.682254 653.602753
1 467.129221 592.942550
1 383.825427 659.858700
1 411.909242 589.818535
1 429.388252 612.683484
1 432.603300 621.250564
2 484.009585 582.925059
2 442.208765 617.427875
2 378.095238 650.469257
2 390.332885 632.463238
1 401.058100 661.464169
2 468.427654 579.346764
1 387.902284 649.856539
2 521.443651 455.664980
1 416.120138 647.065440
2 418.620281 658.366764
1 402.859159 634.722585
2 365.571426 632.686180
2 362.089406 579.614725
2 551.198652 661.754671
1 425.953185 572.520630
2 424.721033 624.206666
2 404.697633 650.078611
2 421.696584 600.937115
2 438.149966 526.232876
2 363.102033 620.893240
1 370.310014 633.152785
1 464.753788 623.017396
1 400.309225 645.977125
2 465.346598 644.567592
1 401.636670 629.736625
2 413.298867 562.412372
1 399.989617 663.945201
1 414.401205 642.601895
1 443.985973 662.833583
2 431.660411 613.819267
1 356.786836 630.974896
1 411.668134 668.368042
1 592.269184 788.914880
1 591.487549 810.596792
1 569.833038 799.846903
1 572.212885 807.626350
1 562.838830 823.133327
1 581.619194 791.499844
1 562.109298 801.404777
1 550.314057 812.352350
1 585.959880 788.115219
1 564.241788 810.020203
1 569.629502 802.786922
1 577.599504 805.651019
1 574.622168 791.722488
1 564.053403 790.297419
1 553.192257 793.616418
1 549.161840 788.600295
1 576.378288 808.759825
1 569.200985 800.474026
1 576.727973 810.336564
1 553.858209 800.021254
1 559.810518 804.961297
1 548.627846 793.185977
1 562.278597 797.613960
1 572.089694 783.789241
1 576.423917 815.735739
1 592.906930 809.881322
1 592.085861 806.001343
1 575.887485 815.058752
1 574.647485 814.706093
1 562.839817 799.521881
1 565.419632 797.485520
1 555.859829 792.941726
1 582.643007 781.605743
1 571.754810 812.072489
1 569.199946 795.767835
1 580.683493 819.967901
1 571.582199 797.383136
1 590.387599 797.733528
1 567.753650 797.303679
1 570.353356 805.491408
2 577.914558 714.854242
2 601.527925 716.441812
2 443.770658 934.503837
2 373.322691 854.021838
2 574.700117 858.400583
2 610.104511 840.210379
2 642.694306 910.732831
2 659.645040 947.878012
2 526.803464 864.987154
2 486.398273 802.952947
2 349.544459 746.803773
2 381.538185 894.107693
2 339.589366 723.918474
2 412.598899 810.795338
2 382.367949 691.752045
2 448.318685 952.522040
2 408.423329 772.895511
2 650.792042 795.792364
2 496.779949 667.697406
2 646.125732 813.346760
2 473.722511 702.352219
2 648.836860 787.895538
2 572.124382 759.782192
2 542.324607 680.102779
2 524.971951 840.720524
2 430.984447 864.594218
2 583.814646 844.751735
1 530.640513 785.861617
1 546.592864 787.098611
2 487.737890 772.108773
1 547.118872 813.507813
1 546.787309 795.105591
1 550.302002 842.718865
1 568.348560 783.296272
1 575.085623 813.177416
2 625.999905 797.331604
1 488.987730 782.300512
1 574.024725 801.142639
1 506.892765 815.689982
1 562.651710 822.027576
1 579.976041 837.391888
1 563.038944 783.759953
1 645.594847 822.296476
1 591.689915 853.606848
1 605.544281 821.986646
2 388.349020 725.941297
1 623.833235 802.504816
1 584.829558 811.573100
1 381.738062 670.684152
1 522.323722 807.374249
2 430.484977 984.961966
1 612.363506 775.734620
2 484.105907 675.346193
1 517.628454 812.293989
2 486.349144 757.746418
1 606.645728 751.187922
2 404.817429 728.723236
1 373.341903 680.864563
1 585.938099 796.944136
2 473.905221 965.599015
1 556.476515 831.403046
2 377.357894 763.870586
1 596.496744 818.545484
1 569.225306 851.086074
2 527.071821 677.276658
1 562.688051 760.096353
2 505.478941 682.453289
1 608.607958 844.434791
1 542.650897 772.105243
1 372.017613 735.159565
1 584.463949 814.847942
2 628.612251 808.281581
1 595.500403 782.522381
1 592.919575 716.843400
1 586.658832 838.822593
1 534.602600 818.346425
2 513.084360 846.968225
2 486.972730 684.429257
2 382.058735 743.412361
1 427.661815 681.105067
2 349.907649 851.015297
2 361.434635 833.522512
1 544.296416 840.445151
1 435.753578 702.922551
1 523.825142 819.613862
2 493.612993 703.523553
2 345.263302 840.797325
1 521.992144 799.706352
1 561.778961 773.029738
1 574.288319 761.055836
2 464.519163 776.445797
2 371.043495 830.427684
1 570.015807 801.113249
2 451.075638 715.199770
1 582.012632 849.721074
2 424.192103 740.607389
1 519.503193 784.588879
1 551.208197 767.404328
2 657.075472 821.554919
1 398.352411 675.001730
2 378.706004 707.756231
1 562.867569 785.527387
2 470.081201 746.582372
2 412.486492 863.497604
1 461.488395 677.610972
2 659.218066 820.770003
1 582.570993 796.517135
2 650.533276 702.255848
1 560.203486 822.652031
1 580.625634 812.504392
2 563.715818 681.275034
1 517.425105 723.912637
1 547.843175 813.744392
1 588.521939 817.340396
1 635.158770 793.240707
1 559.605914 807.029613
1 383.002552 715.057375
2 451.049123 704.943646
2 369.190304 823.006023
1 545.944049 819.790120
2 504.852495 669.677445
1 539.243405 844.483274
1 562.751761 768.467436
1 611.846651 766.031807
1 513.496127 844.058049
1 579.008825 841.375624
1 561.565447 804.397125
1 394.677815 669.181482
2 420.830318 700.144775
1 575.355135 769.414816
1 573.522361 793.740192
2 545.724209 818.818822
2 408.946399 719.733647
1 534.987455 811.613780
1 412.089489 696.384925
1 535.380986 813.109618
1 518.870283 819.953702
1 376.495387 671.618899
2 512.015500 775.628932
2 357.644650 857.786920
2 615.577984 864.267363
1 534.267797 757.608901
1 412.255275 703.125154
1 532.057079 771.100903
2 436.603535 668.885849
1 545.190893 776.600289
1 548.766472 759.991667
1 562.867214 815.755598
1 611.194689 812.738653
1 577.292515 827.651381
2 374.965369 739.009859
1 544.434675 801.459399
1 388.731951 691.997720
1 589.579642 868.550743
1 574.386069 762.453892
1 628.590421 846.127064
1 376.393947 682.473288
2 534.803546 795.143226
1 525.160144 840.607718
1 550.795368 821.960210
1 565.462356 750.836632
2 389.858170 794.383812
1 575.232504 737.104778
1 593.548347 809.624626
1 598.724999 808.855525
1 383.990739 689.784752
2 437.714253 694.420370
1 537.514127 796.864457
2 482.990155 789.808531
1 586.012482 789.372849
1 411.221289 697.062169
1 583.701438 824.472444
1 438.878806 689.452912
2 525.134187 898.586366
2 518.138074 855.079127
1 567.494503 857.032342
1 622.693819 826.496032
2 520.120823 680.748202
1 617.179463 778.934045
2 450.095596 704.802955
2 376.379667 693.108760
2 449.544030 701.730517
1 551.271771 803.169886
1 571.217544 810.447631
1 549.471078 876.255213
1 598.565515 818.859163
2 460.580484 669.404956
1 611.805879 815.853566
1 624.337618 847.701175
1 394.947886 689.740284
1 592.385077 800.259564
2 554.747154 691.768750
1 582.915105 811.154847
1 534.890810 820.438204
1 361.084262 669.316686
1 550.752347 782.280189
1 572.732681 815.037631
2 577.929559 747.843060
2 632.759072 829.649070
2 506.444742 679.464612
1 634.294816 726.233881
2 503.876470 744.111366
2 526.289775 677.534513
2 465.997314 674.604619
1 601.235114 810.228156
2 658.386523 838.023000
2 447.866548 672.966930
1 604.027219 774.463017
1 584.896845 800.564885
1 634.312649 771.901406
2 388.358040 766.206570
1 642.040869 795.908399
2 537.213112 670.184738
1 575.790059 786.303813
1 605.455869 802.044452
1 606.166714 794.103736
1 584.560911 795.076271
1 817.333145 301.770809
1 812.226200 290.236725
1 830.429414 297.607845
1 824.995430 303.209579
1 814.043604 287.613507
1 833.030645 316.684872
1 814.058431 301.075981
1 834.044190 283.999700
1 827.473053 308.571495
1 819.691371 300.488439
1 820.776003 303.481807
1 835.591285 300.783414
1 807.626186 302.934711
1 820.155986 304.158386
1 822.841290 275.549347
1 826.779512 299.570688
1 818.328382 301.953430
1 821.461269 298.275657
1 837.939457 290.559085
1 809.734327 290.916042
1 827.960425 295.295719
1 822.190965 301.146311
1 828.619228 297.276916
1 824.871657 302.618242
1 818.187449 299.010597
1 822.031434 305.360813
1 822.383471 302.747937
1 820.658663 284.509079
1 809.235061 314.367895
1 817.915434 307.558264
1 817.894563 302.926957
1 820.400217 300.308929
1 833.266366 306.872088
1 824.072163 310.451970
1 818.762404 303.936763
1 812.497967 279.106009
1 829.669497 290.198884
1 832.419664 315.356267
1 820.978513 300.690964
1 797.302606 305.825083
1 843.686914 295.652230
1 836.313379 292.914827
2 666.798979 177.648918
2 799.967573 112.965367
2 893.464066 245.978228
2 755.215109 262.818065
2 967.740334 176.295514
2 847.526756 47.555112
2 896.554048 172.220755
2 919.808063 177.226763
2 777.515608 169.121337
2 830.285743 135.188482
2 995.768737 265.352777
2 801.264136 178.192910
2 675.563414 185.947463
2 900.574006 251.836751
2 844.330495 166.834008
2 792.672124 105.940476
2 786.455709 275.805450
2 909.989381 231.012482
2 721.232896 113.150164
2 955.189126 119.127902
2 921.373790 74.377634
2 809.899771 309.508034
2 700.217118 149.705557
2 923.879637 114.424918
2 725.838965 321.164163
2 826.266588 220.737925
2 746.763665 98.818846
2 942.296089 88.085685
2 998.183651 278.084384
2 992.212422 18.595498
2 961.750529 170.609145
2 747.794707 283.159653
2 743.638688 290.934731
1 805.587202 306.337898
2 861.211343 275.486705
1 836.990491 306.070630
1 862.165078 295.627125
2 703.759062 222.565845
1 817.055548 307.607412
2 942.302886 169.720654
1 792.474676 295.521167
1 872.173515 308.504582
1 887.999113 284.108713
1 819.814672 286.806268
1 827.217117 305.690680
1 871.683128 268.320938
1 857.700720 279.916397
1 832.238103 304.407423
1 827.350116 305.818939
2 895.270609 170.271381
2 814.705189 277.593055
2 783.872706 292.333779
1 820.096441 297.503372
1 797.861069 327.579617
2 908.591133 326.343966
1 797.664254 268.328932
1 803.964092 261.481919
2 852.977539 304.413369
1 780.330636 264.771223
2 730.324085 279.182508
2 749.273337 309.570011
2 929.537117 273.667300
2 855.698117 247.975412
2 887.259213 254.709021
1 798.769489 264.487237
1 811.134969 261.197413
2 808.673469 317.687497
1 831.329789 309.324107
1 804.165074 305.777053
1 794.953752 332.342811
1 820.340644 290.064183
2 775.289836 329.308366
1 926.384596 304.288224
1 835.967715 315.658762
2 738.761166 314.554541
1 830.692291 256.211115
1 824.818065 309.528624
1 795.564963 315.465012
2 745.733764 307.859375
1 797.393387 282.329053
2 726.637475 311.577977
1 795.954248 320.384819
1 828.798246 292.240060
2 935.830329 178.792751
2 859.987817 238.723098
2 784.305895 207.759072
2 903.424471 194.015323
1 803.401003 270.098723
2 808.261379 126.591190
2 763.864162 225.330940
1 870.888918 305.319674
1 804.593510 298.973555
1 846.316557 298.637210
2 756.184561 319.906319
1 806.844887 299.640248
1 888.846582 255.398216
1 821.266508 304.068674
2 788.874430 276.390477
1 800.124827 272.997239
2 928.267537 330.400764
2 956.800068 165.394278
1 860.846655 297.614414
2 884.062423 222.285340
1 814.311542 274.984926
2 943.180073 248.846357
2 774.590299 296.796062
2 690.978068 284.938332
2 711.877516 251.918916
1 798.784316 277.949711
2 924.822934 360.146150
2 898.600168 540.882315
2 677.775509 342.930127
2 750.100477 352.702020
2 867.559483 627.575568
2 910.013623 458.782088
2 968.121624 355.378469
2 909.437058 404.824141
2 977.632657 440.842494
2 720.361765 580.513346
2 772.892698 525.418582
2 958.985674 356.512416
2 952.169677 569.099599
2 813.839232 641.817628
2 864.808386 501.433124
2 922.861860 409.129112
2 757.961885 346.761935
2 921.044725 367.612915
2 710.275476 501.749901
2 821.702857 505.467745
2 892.481285 391.734008
2 925.621443 377.154021
2 913.749572 404.471759
2 939.601433 386.958845
2 868.048473 405.740492
2 748.408373 342.167857
2 780.004940 343.640956
2 799.599747 349.301359
2 952.981104 342.002320
1 829.705649 354.285848
1 804.551384 333.760151
2 776.171648 342.434633
1 799.004997 337.047871
1 826.008990 352.921663
2 958.926129 349.857402
2 863.045692 343.074821
1 837.606932 333.838847
2 730.879782 942.588539
2 817.317326 740.240759
2 728.193996 675.485181
2 737.304823 749.460525
2 676.107195 838.903866
2 836.032604 668.933878
2 977.535892 947.458170
2 906.207141 929.633314
2 970.266889 912.324051
2 841.109441 723.509132
2 975.466924 771.741003
2 981.902447 834.698518
2 864.426634 915.553717
2 693.274694 781.004788
2 666.953286 932.102326
2 741.835712 871.078402
2 780.253001 708.401185
2 806.801612 766.132397
2 690.029645 845.458922
2 789.208959 879.678841
2 697.940460 909.757045
2 683.361395 801.383148
2 742.469213 882.671408
