1 202.078525 179.315206
1 186.819888 180.064576
1 214.176846 164.074055
1 206.669392 164.939290
1 196.768541 177.505941
1 204.328503 189.087506
1 210.958168 179.125455
1 211.836927 174.842533
1 189.331589 163.877402
1 203.527437 163.832954
1 199.534577 179.521387
1 201.970054 177.160632
1 209.442568 186.467994
1 180.724814 194.967207
1 193.107182 173.501593
1 196.032144 186.401373
1 216.060535 192.472274
1 192.250519 197.907028
1 194.037276 181.435106
1 199.799649 178.648621
1 181.725132 173.312320
1 183.153069 197.091140
1 188.637822 183.889312
1 189.229870 181.374885
1 199.026631 174.339036
1 190.123317 178.772194
1 211.479674 193.053529
1 201.737982 180.358956
1 199.410362 165.275356
1 200.678000 184.928028
1 178.902086 190.791062
1 199.439138 173.536568
1 210.518514 165.218820
1 185.497611 180.646397
1 198.505473 182.127880
1 194.792092 166.717099
1 186.702925 186.835629
1 203.281993 182.508794
1 215.404842 195.972708
1 203.190361 193.766879
1 201.587909 182.185522
1 210.067252 172.806962
1 199.203428 191.108679
1 200.512831 154.463264
1 193.328111 181.121346
1 209.517670 163.079869
1 159.055495 188.717112
1 227.607559 185.578668
1 190.743338 168.622712
1 170.201155 160.601705
1 202.668927 151.582878
1 228.558672 169.399201
1 176.833388 165.104415
1 229.038561 153.259623
1 137.332001 154.492247
1 185.678574 221.840815
1 219.606935 185.853132
1 145.294488 162.157828
1 191.465764 187.293028
1 202.727709 214.278556
1 198.186504 211.821684
1 214.615983 118.937054
1 227.851334 216.019693
1 200.533303 147.370480
1 133.997167 176.405230
1 198.785134 167.865477
1 184.694265 201.504765
1 234.930631 174.927227
1 231.206568 167.306288
1 172.594322 190.492060
1 84.065622 168.238833
1 187.306422 165.257886
1 181.450707 215.086001
1 261.033165 175.295716
1 129.427895 179.560336
1 218.100296 152.632191
1 152.597736 199.933726
1 219.620344 200.910190
1 216.859309 111.211964
1 190.852698 156.367112
1 185.576689 159.452796
1 228.121254 138.197491
1 198.186504 211.821684
1 145.743801 206.486028
1 186.322113 144.921835
1 210.915451 188.988723
1 198.107479 171.330809
1 134.040043 179.004472
1 193.027161 153.004051
1 254.223788 138.565981
1 253.179725 170.295173
1 203.254572 145.482766
1 138.124160 172.468016
1 131.816378 153.424758
1 174.656001 215.103084
1 175.375997 139.692328
1 200.213094 160.172334
1 217.594405 136.727096
1 153.888602 152.156664
1 194.056580 136.050952
1 171.960642 164.904058
1 181.597913 193.253012
1 186.602548 148.174364
1 200.131184 183.402243
1 194.411832 145.845765
1 221.971296 140.518451
1 207.570791 124.879718
1 202.149758 173.360055
2 59.664177 453.414726
2 50.576305 436.787278
2 58.482343 434.984402
2 51.425367 440.837784
2 43.175214 434.119097
2 58.804816 428.815023
2 60.732494 408.726670
2 68.614963 418.307461
2 78.024736 442.886722
2 50.591738 412.758446
2 64.626408 427.958435
2 56.673980 431.836704
2 64.811656 413.906890
2 54.629899 427.696813
2 64.010856 425.553187
2 70.931752 442.930283
2 61.668450 429.694248
2 53.810192 419.722364
2 83.436392 431.710276
2 56.345963 431.619136
2 62.089104 430.141319
2 62.548742 428.029501
2 71.831915 415.201987
2 61.552714 420.683760
2 54.332525 422.651007
2 45.589576 434.050779
2 40.333242 444.457525
2 47.776520 438.419990
2 83.859896 425.730642
2 59.857501 425.550966
1 332.582874 639.840444
1 137.580917 790.113407
1 154.195366 773.573497
1 148.218661 777.629893
1 139.421185 798.342218
1 138.908182 789.084680
1 146.418749 784.457072
1 160.131038 787.909778
1 150.308837 780.140365
1 157.117436 792.632554
1 146.027089 803.146904
1 157.586055 786.824144
1 151.165851 778.942263
1 154.737368 774.207855
1 153.580006 777.188003
1 164.555545 789.736037
1 150.928066 781.749938
1 161.261873 761.410870
1 149.508251 763.863873
1 144.243613 785.552113
1 163.909595 777.338638
1 136.628337 785.524255
1 135.578839 792.133503
1 135.556030 777.083723
1 150.762099 774.299002
1 129.636304 786.653029
1 147.859911 793.014543
1 150.481933 780.709372
1 130.425149 772.329319
1 147.324617 770.897743
1 165.789670 780.267917
1 170.979326 792.811980
1 143.297630 795.898551
1 154.225798 768.676333
1 146.283493 780.222102
1 161.861036 758.807051
1 128.360333 771.670554
1 157.033526 783.322430
1 154.356766 782.354495
1 171.076966 768.126136
1 149.792901 793.426537
1 155.137713 786.289303
1 144.477388 777.595097
1 165.961065 763.317471
1 153.460078 773.446648
1 127.604263 805.060832
1 190.920113 781.076707
1 158.210048 778.615238
1 160.683186 762.336147
1 114.284161 789.091222
1 149.318464 774.086585
1 188.801189 753.141808
1 140.265255 744.079277
1 152.622530 791.899735
1 124.588643 767.745190
1 188.647345 787.967108
1 98.279154 749.785503
1 125.931712 749.706048
1 142.641397 733.476253
1 154.861338 747.335947
1 218.323663 766.417713
1 151.367682 777.305357
1 170.759856 798.715218
1 157.039835 829.194336
1 87.792135 747.285687
1 108.796083 847.044563
1 149.708583 798.766684
1 149.923931 807.039403
1 177.156888 741.957104
1 164.508815 791.550275
1 168.164342 772.540263
1 174.196023 764.993038
1 189.759368 777.931232
1 167.605268 808.703566
1 130.171480 784.006443
1 145.276533 811.511454
1 135.541975 803.939912
1 181.590949 850.723299
1 193.978442 761.064180
1 145.113343 805.217467
1 126.704487 802.239526
1 143.138400 774.462357
1 178.101455 784.214783
1 185.900280 818.586039
1 147.730013 815.568003
1 129.534043 777.789101
1 125.937084 796.040515
1 167.463276 790.272580
1 153.743743 820.067252
1 213.055473 800.545486
1 127.120158 797.638407
1 172.486111 852.285591
1 131.748700 773.839148
1 156.688515 769.400646
1 142.455624 790.721320
1 127.199503 775.743450
1 160.849044 753.678677
1 114.377743 709.608804
1 120.708438 784.106815
1 159.056517 791.065005
1 134.778994 792.297126
1 169.246244 753.076431
1 206.394292 889.144998
1 112.772351 778.364252
1 96.700337 762.946749
1 194.469348 754.263591
1 130.545628 716.311604
1 146.130175 725.678011
1 143.659733 740.782574
1 185.963498 789.002026
1 152.916738 750.024050
1 152.150256 781.316980
1 142.691711 807.300093
1 135.484166 806.385407
1 180.320963 743.910552
1 95.615173 743.603001
1 171.727230 813.224678
1 153.959440 746.650846
1 148.343014 796.463505
1 139.751881 780.832234
1 158.190481 773.595334
1 97.082322 696.801035
1 196.528600 811.540537
1 210.543656 777.759926
1 150.987267 733.359255
1 111.600781 762.017817
1 174.875551 794.539225
1 163.380072 778.596030
1 173.659243 731.351802
1 140.105824 740.164541
1 149.812804 799.485828
1 165.589609 786.606792
1 181.029514 749.357412
1 76.002116 781.895183
1 97.049768 771.974375
1 194.680279 779.711733
1 173.013981 768.003086
1 173.010726 763.755283
1 126.129931 767.647921
1 101.311085 813.355431
1 184.107683 748.786515
1 178.293530 760.588588
1 131.756296 823.043546
1 168.465352 756.865529
1 154.633274 721.876987
1 181.856757 776.389498
1 99.405013 749.347103
2 332.667243 827.400592
1 165.140691 765.395249
1 168.512737 770.854792
1 160.094067 763.476481
1 179.866426 791.929154
1 163.355764 814.074249
1 129.949766 763.473185
1 200.729256 816.725016
1 165.900306 791.525348
1 185.195939 735.487496
1 206.825881 697.270763
2 318.318582 822.015279
1 77.833910 782.238686
1 122.349626 815.155366
2 499.585782 134.991032
2 484.248733 151.095240
2 487.072859 134.072046
2 506.632547 149.885286
2 492.965995 129.845313
2 518.370217 137.655406
2 500.372290 132.347817
2 487.886167 155.139001
2 493.720714 134.765195
2 509.805614 158.859363
2 516.707945 155.811111
2 493.952420 155.236588
2 512.198795 143.865391
2 503.031665 142.810787
2 482.063822 143.746553
2 496.084056 144.129262
2 493.997559 149.054409
2 505.718363 140.086895
2 487.985610 127.781588
2 491.863470 139.404843
2 484.169628 124.939385
2 500.296424 143.208910
2 502.431803 130.208756
2 488.163780 137.309645
2 507.653555 163.648638
2 490.172815 141.775291
2 507.121802 126.362128
2 519.923327 144.451390
2 507.237126 134.154348
2 497.827101 132.321328
2 520.065446 142.572758
2 485.296409 121.877189
2 495.878229 119.440463
2 499.532163 145.276059
2 486.023560 139.868389
2 510.797974 136.490700
2 439.548745 135.976985
1 414.159271 654.484542
1 409.232629 630.668999
1 407.023245 639.978443
1 399.197276 650.149638
1 405.431374 649.333913
1 399.486811 646.725757
1 395.487644 652.575963
1 399.326209 652.158784
1 411.968041 650.520766
1 398.848586 635.686138
1 391.609420 665.205160
1 408.133576 630.837110
1 399.173399 644.191207
1 409.607785 663.929181
1 400.774781 650.308213
1 399.641320 649.664334
1 400.950645 653.944074
1 396.906714 642.965381
1 398.298446 654.480653
1 405.424793 638.575822
1 381.367666 653.613494
1 410.397212 637.327155
1 401.354440 647.757411
1 405.861198 641.062399
1 394.385557 654.002274
1 411.539163 654.654595
1 401.664526 639.774492
1 408.226809 628.395687
1 395.338749 637.154486
1 403.421915 634.225238
1 415.984239 646.909203
1 399.215922 650.971434
2 556.654560 492.168320
2 566.327921 479.929622
2 559.645556 478.749257
2 559.685605 487.433473
2 563.369408 490.282628
2 557.486451 481.565274
2 556.840378 498.166857
2 563.704203 473.647680
2 558.252617 486.808067
2 559.745212 479.979779
2 569.635254 470.297255
2 565.753896 479.453980
2 547.504747 473.173566
2 536.452940 475.645585
2 545.797056 473.774194
2 567.445625 494.042759
2 543.069621 483.761617
2 558.284391 476.821103
2 547.655082 458.294657
2 561.074381 495.485274
2 563.167474 480.654356
2 566.168079 497.857587
2 557.684401 461.115869
2 552.590856 490.349685
2 560.512513 470.929234
2 563.243376 477.289553
2 542.971177 465.114985
2 544.830961 464.668945
2 553.586758 461.895545
2 564.947799 458.268381
2 567.193653 481.763242
2 559.099342 479.038836
2 580.142647 476.366680
2 565.634408 455.665149
2 557.992754 503.939145
2 580.160206 485.271098
2 564.291244 478.719299
2 544.664903 471.243575
2 545.146850 474.591171
2 568.669514 482.475636
2 529.081396 474.661253
1 401.983664 627.647601
1 394.331898 628.390821
1 390.103967 648.801817
1 419.499975 644.383865
1 386.451024 637.152120
1 428.072408 652.975795
2 513.961635 493.246317
1 413.791832 654.857693
1 429.094593 646.172668
2 562.852341 447.643937
1 378.768331 595.714565
1 426.354254 604.985810
1 363.494636 608.165836
1 444.133425 665.095614
1 378.385603 613.360300
2 535.794714 478.375482
1 374.742760 656.588284
1 422.296031 623.757654
1 376.914589 635.923836
1 371.373998 582.020139
1 425.606146 643.939477
1 414.961128 652.475260
1 421.809897 605.871352
1 422.253510 656.863372
1 377.433575 664.184441
1 406.730697 630.187123
2 562.479029 448.437608
1 419.512713 639.254698
1 375.465341 642.114931
1 412.941933 575.915381
1 428.224005 623.219104
1 443.671606 642.863134
1 403.411047 612.818223
1 417.362118 624.903447
1 358.488614 636.673287
1 381.339086 647.720846
1 384.481676 632.984891
1 409.125720 638.543015
1 399.832289 642.660108
1 381.099159 611.540511
1 395.526615 638.516943
1 371.606326 608.163189
1 377.321997 663.799349
1 446.591982 631.139193
1 443.123443 640.928648
1 394.743764 635.443524
1 445.490223 635.323318
1 388.685672 644.127042
1 377.597775 646.956480
1 369.048689 601.624032
1 366.582982 609.640516
1 373.406546 603.623795
1 403.596999 641.959420
1 398.277009 618.959845
2 510.020631 491.798609
2 545.618242 508.056556
1 358.722681 633.086152
1 407.574771 662.497275
1 393.362715 651.510291
1 425.948433 638.557996
2 539.895510 496.941940
1 391.239388 630.684188
1 379.764288 652.808669
1 407.081339 643.116919
1 370.921618 649.828803
2 562.349638 485.193741
1 368.303328 636.660679
1 396.086683 644.356988
1 412.824899 608.704860
1 416.275382 652.703712
1 395.168564 634.095844
2 534.806032 451.729587
1 450.010232 620.666780
1 380.725972 657.787268
1 435.291664 632.041144
1 417.813133 605.571626
1 434.913937 658.948721
1 392.968303 629.703211
1 413.134052 620.503528
1 449.815660 638.626846
1 376.907088 632.437279
1 393.339254 624.908754
1 483.644186 597.252577
1 372.942687 594.942075
1 409.356017 618.913924
1 362.684980 630.099019
1 393.575371 593.158653
1 342.846629 638.338875
1 394.549462 582.976958
1 416.218414 634.488849
2 555.514260 503.008913
1 387.119230 660.953475
1 401.558515 649.664024
1 392.114856 668.457714
1 394.954126 674.308099
1 410.850476 670.035768
1 395.577588 668.116983
1 394.221399 669.527537
1 575.661683 787.109299
1 554.016372 799.904415
1 570.123937 800.021367
1 567.376086 804.549630
1 560.549366 808.971070
1 587.251436 782.693528
1 587.747347 813.579480
1 583.242380 791.272099
1 552.745377 812.852118
1 564.153244 803.367135
1 566.634687 799.764181
1 581.768991 798.964816
1 572.759855 799.243772
1 577.898006 790.170492
1 574.622078 798.789140
1 583.571398 807.125762
1 573.053080 813.579015
1 584.509425 787.087501
1 572.145453 786.877142
1 574.188549 798.183811
1 555.463841 818.504065
1 589.863390 791.962140
1 560.629967 802.699365
1 568.084256 806.421477
1 572.362892 786.040284
1 569.348468 803.664456
1 554.189676 788.492689
1 565.268759 792.765162
1 570.431892 804.553449
1 553.812317 802.677720
1 556.450136 801.912863
1 558.457108 801.771453
1 553.909713 813.565870
1 551.165307 798.782531
1 588.384833 811.338194
1 564.321143 806.739449
1 563.309108 788.919077
1 546.552111 799.804377
1 570.841369 788.925269
2 389.538227 833.879714
2 402.161750 844.896420
2 411.442228 835.670410
2 409.237313 811.380150
2 399.890100 830.041025
2 400.025746 809.960347
2 405.207302 850.738799
2 397.114311 827.173351
2 397.580039 831.068220
2 401.312932 830.117661
2 387.290173 814.781166
2 402.382769 830.642689
2 397.509522 816.278095
2 411.152661 844.794265
2 395.711069 837.208026
2 390.150597 825.066402
2 399.501159 818.059710
2 398.257724 839.003859
2 416.083383 812.282884
2 412.266138 813.407596
2 399.456228 830.895849
2 413.065501 846.807698
2 408.008256 824.890422
2 390.094158 829.951194
2 398.878255 849.165779
2 401.366324 848.649844
2 401.175089 840.522349
2 405.832256 845.406995
2 398.449407 821.013905
2 402.179150 831.091748
2 418.329704 828.496631
2 400.384027 826.575821
2 404.526549 830.470441
2 402.357607 815.581699
2 393.088402 831.176945
2 388.306593 841.258806
2 382.629465 844.753000
1 532.339056 841.042658
1 553.471386 754.618740
1 579.070855 780.412814
1 544.973609 806.040384
1 543.023923 849.582737
1 553.130960 829.794909
1 561.558007 862.137961
2 451.828198 794.699257
1 545.866164 857.497540
1 522.594142 779.417287
1 537.333773 854.620905
2 371.100756 866.353553
1 519.227405 802.472205
1 570.227372 797.910319
1 545.877125 815.644297
2 417.230093 815.524919
1 572.225302 814.517245
1 596.438936 768.200120
2 357.077077 801.715692
1 421.518712 666.930760
2 401.435293 867.925920
2 428.846667 825.007566
1 649.332154 796.078740
1 566.471210 876.126779
1 589.115191 821.302743
1 366.269975 667.937929
1 571.745633 792.125168
2 375.556345 788.965474
1 598.778938 799.910389
2 381.195359 823.247714
1 580.027843 824.318705
1 570.301224 805.023071
1 578.246580 774.500141
1 587.571478 782.522458
2 368.303549 805.545845
1 591.970536 810.591634
2 413.226309 787.103443
1 564.787815 795.150122
1 542.228901 767.646465
1 371.047469 668.107959
2 391.903291 799.719996
1 546.567947 833.998846
1 515.593789 830.196658
1 582.298375 796.089597
1 598.734095 823.025183
1 576.702258 807.666892
1 409.029109 673.259843
2 365.608552 791.411452
1 530.786257 768.431502
1 612.103766 824.923124
1 561.572725 807.178557
2 444.177731 766.296241
2 427.189248 772.137243
2 358.575648 803.729191
1 591.728640 773.812288
1 606.646101 775.588800
2 417.312766 821.316424
1 411.914192 677.149383
1 556.394096 797.839774
1 569.888085 791.287478
1 594.339691 769.274561
1 574.551551 783.143512
1 593.082777 824.625396
1 509.418448 810.657758
2 353.907547 846.775778
1 534.620043 784.036809
1 512.835629 762.485422
2 415.215398 833.079730
1 375.265665 681.519523
1 547.690029 799.083285
1 555.797927 847.474034
1 529.535827 914.571109
1 519.580258 754.056539
1 584.420475 852.189944
1 520.802388 849.394161
1 582.432256 834.696445
1 391.316695 668.280742
1 385.460920 686.846373
1 348.863072 699.192832
1 592.832643 830.024614
1 527.229564 806.169649
1 574.475606 793.355106
2 456.269020 822.549973
1 576.976163 802.652193
2 366.738802 837.793370
2 470.861860 778.876810
1 571.225528 819.060902
1 559.933962 797.197083
1 427.555084 681.037114
1 532.137771 777.085493
1 542.683421 766.283071
2 402.214965 766.116093
1 569.693953 763.278915
1 556.509609 816.108624
1 561.482919 829.584664
1 362.619008 673.305538
1 599.343820 806.684681
1 594.062943 787.948820
1 579.025175 833.922035
1 543.572661 869.453867
1 525.029776 758.758738
1 525.738068 881.526344
2 416.126779 830.502013
2 347.454370 802.778086
1 498.191495 788.765151
2 373.778967 840.287542
1 580.069965 786.967879
1 620.244399 709.787223
1 580.618984 814.211307
1 595.187400 769.766892
1 549.157742 791.762184
1 543.823859 842.217501
1 551.603457 757.680370
1 580.862180 870.285566
1 544.506963 803.201488
1 580.847941 761.026111
1 638.144094 754.078241
1 594.981243 805.203984
1 389.000335 670.779668
1 584.605562 776.041794
2 457.300900 790.083933
2 370.053867 845.043364
1 419.015347 707.179213
1 572.973229 853.106981
1 414.506571 673.228288
1 370.485168 698.469335
2 406.625712 840.672385
1 609.421603 841.364935
1 598.085578 772.605509
1 547.041461 816.358049
1 570.954307 827.464948
1 607.991184 845.769527
1 516.490482 841.322152
1 619.092461 704.730914
1 531.722609 823.501319
2 454.837725 789.464837
1 659.931531 773.007746
2 393.771346 798.331712
1 589.699792 774.786772
1 556.705208 794.965695
1 587.814515 788.501679
2 361.639821 821.897761
1 572.356577 763.848435
2 479.292451 770.729384
2 433.113434 801.349131
1 546.755588 835.977037
1 628.818340 840.428975
1 576.478891 821.454064
1 641.213153 790.539191
1 430.102417 710.498374
1 524.994470 810.088012
1 497.107011 771.965827
1 580.004219 836.979418
1 378.637697 684.271049
1 524.331216 815.314917
1 569.462421 759.670273
2 435.150218 848.220357
1 578.056634 780.736276
1 573.645252 822.356127
1 543.363997 789.536702
1 568.900750 797.137447
1 567.707631 783.913892
1 601.711600 852.541123
1 562.486753 812.318891
1 588.443282 730.225423
1 577.625022 813.390985
1 612.269773 822.329667
1 585.910713 786.590620
1 401.207511 676.266554
1 588.486148 789.889718
1 552.562129 817.977385
1 387.093444 681.141769
1 573.025048 759.338480
2 423.539902 823.013577
1 556.313908 826.559271
1 523.328890 826.190970
2 440.006317 836.559159
1 574.770391 773.516481
1 523.128580 818.023818
1 569.741367 843.973934
1 564.261269 831.076007
1 585.726887 832.334137
1 596.773609 814.260698
1 546.332679 760.852392
2 414.219137 803.234209
1 517.331418 806.734679
2 394.749057 827.440881
1 576.311065 767.590747
1 571.184539 863.100735
1 595.407480 795.301077
1 503.378496 785.021976
1 506.404563 785.297010
1 558.614441 863.820702
1 511.337139 762.772519
1 572.162047 798.378316
1 566.555896 755.186225
2 394.030665 864.493219
1 587.626975 771.849460
1 541.409729 864.901530
1 545.265190 832.194205
1 652.122447 820.937648
1 600.168415 843.035036
1 390.561507 676.240727
2 429.676585 835.571904
1 605.586647 768.299444
1 617.813102 808.963011
2 366.095895 854.277849
1 560.667941 845.850515
1 614.271425 792.756593
2 410.303908 793.534863
1 606.295960 765.366598
2 363.305697 821.005873
2 421.499159 813.616353
1 592.366291 798.110645
1 502.927355 815.924593
1 411.213113 669.602888
1 423.408213 689.465399
1 527.328381 792.002964
1 641.123347 812.945298
1 564.570356 781.683734
1 488.633730 811.759475
1 587.171429 781.875231
1 585.249888 788.251263
2 471.867963 806.267042
2 414.672637 878.151814
2 429.925885 840.637533
2 385.302577 818.274278
1 413.112754 687.611019
1 595.903702 769.264875
1 518.184338 771.834785
1 611.369223 785.464983
1 604.617506 812.445494
1 534.301994 771.668881
1 558.953310 808.180191
2 344.622042 787.899139
1 567.362178 831.325184
1 596.823226 828.855233
1 447.218865 721.840039
1 587.576950 803.931863
1 572.031583 815.624690
2 414.435063 824.575869
2 435.043880 783.238813
2 463.798925 758.659226
2 432.140931 831.954510
1 384.413962 678.768111
1 379.849699 677.527744
1 612.610615 812.581307
1 608.711187 763.453955
1 570.821257 813.535655
2 422.401031 816.464915
1 649.829362 834.895736
1 520.302071 821.230660
1 482.355117 688.178090
1 603.355755 750.634259
1 610.863873 833.714935
1 583.285992 776.022415
1 572.749970 846.339582
1 558.469516 821.920402
2 411.989366 771.965708
1 492.528244 833.704938
1 538.488511 762.929844
1 405.412769 724.865412
1 620.119659 803.323281
1 401.948012 674.488936
1 604.711849 782.194205
1 515.699191 773.705193
1 534.937792 850.690724
1 362.794484 712.644665
1 581.572752 810.584517
1 559.483746 791.696741
1 448.802667 669.864734
1 564.834959 845.218556
1 536.792252 831.221806
1 594.348064 737.031661
1 576.015761 839.143266
2 408.641238 809.420798
2 416.077984 827.887569
1 635.043988 812.377542
1 554.351093 829.527588
1 366.614345 675.373471
1 602.533357 724.893996
2 421.438687 756.006968
1 608.630189 828.272155
1 377.201225 688.496966
1 614.952166 796.986588
1 519.775120 803.527206
1 542.511181 869.457168
1 535.864340 785.873432
2 429.863451 869.246956
1 565.348527 777.672417
1 590.032722 794.039271
1 576.002754 817.733853
2 350.427691 829.500672
1 657.457612 767.772943
1 622.251445 748.204369
1 475.142773 752.572597
2 469.440116 752.588555
2 388.794932 831.601013
2 388.981797 836.497518
1 576.219363 811.257185
1 446.999166 745.886669
1 495.323563 796.144947
1 574.524369 874.918292
1 508.767925 822.149510
1 537.646566 753.463002
1 575.655682 805.141104
1 626.338703 774.609596
1 611.628196 811.963899
2 438.515687 859.464902
1 547.267714 864.107343
1 601.776688 796.460933
1 566.617724 791.246708
2 413.805208 884.270757
1 558.954935 818.742609
1 647.293612 752.761678
2 411.626083 829.671633
1 556.893409 853.845117
2 361.592396 841.399702
1 421.134087 697.622443
2 386.443495 825.614303
1 556.460716 825.371217
1 536.993392 863.812122
1 596.674794 801.278571
2 399.936040 795.046046
2 419.045388 835.084642
1 528.950974 812.713857
1 603.959301 737.805624
2 347.650353 841.082753
1 396.206922 723.493044
1 415.329537 671.477048
1 518.692837 792.861589
1 583.397755 786.266877
1 514.172062 826.123300
2 449.689134 842.104961
1 612.571367 836.158315
1 548.355582 832.261037
1 383.820199 675.968974
1 545.568492 813.512519
1 617.564068 809.923282
1 588.538406 766.728666
1 583.084934 874.557804
1 404.801191 681.652488
1 572.259386 807.242613
2 397.821629 801.403556
2 375.078346 805.908429
1 529.309087 840.629433
1 591.444647 847.672156
1 425.658145 709.757730
2 493.568865 807.367313
2 415.758258 851.266280
1 550.732484 774.276054
2 425.976824 837.938426
1 540.720304 865.091937
2 387.499799 837.981005
2 445.702649 800.492214
1 635.842285 836.590904
1 576.177361 780.142507
1 596.083308 802.983710
2 404.222376 845.330200
1 443.699243 673.236242
1 548.965710 826.550526
1 551.104249 815.690352
1 586.291558 890.726627
1 520.274536 794.709174
2 393.273321 795.973189
1 512.041439 776.001249
1 565.084387 810.063810
1 581.178983 817.103798
1 538.558744 828.503402
2 454.272745 734.348656
1 549.004549 797.949121
1 457.582362 806.798349
1 617.397642 819.508125
1 479.083949 759.985650
1 541.409386 845.667405
1 514.966506 839.376782
1 516.441019 836.667975
2 411.929666 804.053388
1 485.575132 856.282302
2 440.519316 752.743902
1 588.224012 803.724077
1 444.578407 728.219252
1 503.372854 816.370419
1 660.379900 799.303431
1 608.937787 688.673449
1 547.388546 799.585737
2 417.245786 841.996563
1 588.944756 888.644864
1 527.199579 799.940250
1 545.448065 726.642244
1 615.751147 794.282703
1 538.593399 740.862711
1 543.256781 782.608049
1 613.673931 821.030971
1 583.493739 805.372341
2 457.249577 796.600701
2 425.981066 803.562750
1 541.207492 791.396623
2 454.239158 812.500788
1 525.715166 848.254377
2 339.195864 850.540499
1 559.141480 860.850274
1 548.707644 796.664450
1 375.792991 678.839700
1 616.359834 803.849371
2 402.141172 816.234264
1 631.252012 861.900251
1 465.314977 805.689104
2 403.481990 819.168797
1 601.365127 832.439898
2 449.428365 815.219153
2 446.946979 799.304893
1 494.019571 807.487021
1 555.871236 829.566766
1 528.533906 799.869513
1 546.484845 806.627410
1 584.298451 818.719372
1 544.948136 733.020378
2 380.814431 847.032994
1 596.339282 892.679752
2 420.837654 785.543455
1 521.848069 851.564782
1 600.834829 772.885456
1 519.347480 867.427596
1 552.624318 837.002690
2 475.246057 713.575232
1 822.570945 295.209373
1 821.036917 304.551643
1 829.830806 294.046739
1 821.918281 286.535242
1 827.008361 306.982318
1 819.703925 311.468283
1 819.562622 309.232983
1 802.629404 300.577595
1 823.128751 297.453261
1 816.029020 288.743721
1 823.478148 298.508401
1 821.751465 291.149601
1 818.087407 302.558102
1 815.426318 276.391480
1 818.450751 282.660983
1 820.312877 300.045297
1 819.187439 300.062221
1 820.927539 293.228590
1 828.970412 303.746897
1 820.841994 316.170513
1 815.418058 296.885520
1 819.024018 294.624643
1 831.099042 306.238499
1 818.992631 313.060734
1 819.454788 297.964086
1 814.089782 286.227806
1 814.952164 321.010370
1 825.252307 296.898763
1 809.983797 301.390875
1 823.426854 290.314283
1 837.694861 287.564907
1 831.735188 292.686087
1 805.251090 281.217554
1 834.640377 300.015460
1 819.206725 279.764840
1 822.409595 321.539671
1 803.484546 312.865743
1 817.297562 303.155753
1 826.184956 286.264424
1 865.119051 332.943781
1 820.813510 328.740146
1 821.027937 304.372697
1 844.109483 301.481007
1 819.579121 293.358538
1 849.164598 277.875716
1 823.970971 277.733180
1 844.356837 317.135797
1 780.083830 325.029705
1 836.905855 328.737387
1 858.244580 310.958602
1 857.105339 323.659187
1 816.125854 269.937554
1 814.170453 333.093454
1 863.113338 306.497556
1 797.742408 283.261380
1 830.854880 313.155619
1 790.691478 330.756835
1 827.234108 248.266321
1 859.959433 289.552814
1 836.178148 283.220067
1 812.568833 305.111345
1 827.981313 260.473946
1 802.501708 295.493517
1 830.447625 295.545935
1 881.878011 254.846956
1 824.647149 267.542859
1 800.727084 289.321758
1 816.635915 291.360097
1 814.698669 311.240467
1 795.129034 325.526730
1 848.720489 310.620103
1 869.260716 314.842394
1 802.031647 286.765918
1 792.477061 250.223766
1 835.300973 291.814472
1 889.718297 296.094892
1 793.690054 323.704453
1 860.060780 301.482306
1 768.877568 257.963242
1 740.313670 278.894449
1 844.136665 249.279983
1 857.939186 258.584822
1 819.056885 257.759105
1 827.224544 275.863665
1 758.297533 325.505181
1 863.281206 262.084384
1 797.742408 283.261380
1 815.346795 312.960628
1 837.564720 273.213770
1 816.577035 277.393565
1 850.838023 292.075272
1 784.756468 290.428261
1 807.252930 313.491132
1 832.723940 304.906498
1 844.018375 302.730692
1 786.859673 294.494858
1 793.853820 291.769275
1 863.323917 272.015447
1 840.319684 304.542473
1 823.998041 299.015777
1 735.921614 282.108074
1 796.915041 245.086350
1 820.253305 258.953949
1 825.867439 278.858077
1 776.100390 311.857409
1 804.073989 323.611436
1 851.738821 300.048731
1 848.806653 285.055823
1 858.318322 295.182521
1 826.037817 290.982421
1 836.403323 301.482074
1 801.783900 290.983833
1 753.584154 284.996425
1 829.103509 188.382711
1 817.016050 300.830489
1 775.729831 307.669214
1 882.451540 299.058046
1 848.970725 333.031987
1 797.978169 320.565815
1 788.335789 234.655339
1 812.877586 282.193978
1 827.621789 294.221935
1 763.091237 236.818255
1 822.720805 319.659982
1 884.867829 302.995998
1 924.633035 302.823487
1 821.308289 276.464727
1 774.525609 298.769591
1 827.175316 281.376259
1 803.333271 317.284609
1 802.672226 286.416652
1 787.191383 313.179178
1 761.348338 328.121355
1 792.869676 261.336553
2 840.676232 608.621616
2 852.475574 633.410839
2 846.066883 625.840064
2 851.954105 627.968782
2 839.991632 615.530566
2 866.584727 624.813974
2 852.416090 642.763955
2 840.738615 643.357703
2 843.478089 641.697435
2 838.721206 644.038280
2 863.400528 639.149061
2 859.753973 642.335668
2 837.233535 635.162835
2 853.881323 619.546542
2 853.359522 611.015333
2 850.418268 615.658842
2 858.067359 619.559308
2 857.351504 643.163369
2 850.318600 639.521488
2 835.521914 631.914579
2 831.556330 614.604932
2 850.077215 631.957816
2 856.027421 643.177058
2 852.373098 634.690302
2 851.245743 630.290808
2 837.884820 636.400251
2 853.265255 626.674026
2 848.812040 628.612968
2 850.192135 635.737483
2 854.054095 633.278565
2 849.995893 630.763458
2 846.559716 642.299393
2 855.763583 644.513919
2 856.436795 633.342058
2 852.717873 632.804110
2 850.444308 630.218780
2 850.868218 630.077384
2 841.498960 633.550477
2 831.691895 631.432495
1 867.122970 342.691835
1 815.393106 334.942651
1 824.842320 345.209878
1 837.722066 347.796584
1 821.570883 350.663624
1 763.517689 354.146859
1 835.089346 363.301415
1 931.119354 334.471359
1 716.183884 372.508946
1 820.167374 355.662000
1 670.811778 771.902470
1 686.680039 822.662628
1 668.875940 751.102895
1 667.697257 774.224424
1 679.183021 825.561726
