1 199.269705 173.437265
1 210.114308 186.948301
1 205.196307 190.114481
1 201.889364 166.244283
1 200.028815 178.904122
1 188.380839 167.329228
1 212.278736 161.253949
1 212.483211 172.490510
1 195.050289 171.076614
1 179.145205 192.423152
1 203.705688 176.662764
1 220.372450 167.082820
1 208.432975 176.476157
1 190.286978 163.249754
1 191.860712 185.192797
1 199.578806 182.418145
1 186.174945 200.079040
1 180.475691 186.882647
1 220.977149 175.115079
1 196.939850 198.505773
1 199.999612 180.015226
1 196.346362 175.409721
1 193.785615 175.874331
1 201.650211 166.035300
1 182.203108 183.478241
1 198.891638 173.225857
1 180.544847 186.930235
1 186.504118 179.103378
1 180.106523 173.681083
1 212.387992 187.255458
1 212.946587 178.048028
1 181.902077 174.280506
1 205.334414 178.161422
1 212.620355 185.058393
1 188.913952 189.585743
1 204.101071 172.079548
1 179.717881 187.837870
1 207.066242 193.777773
1 214.856571 170.711981
1 202.955266 172.699582
1 184.536981 177.049929
1 184.258736 186.863044
1 194.252804 187.623283
1 201.516642 175.161366
1 221.555916 184.444234
1 204.039642 182.773306
1 209.057956 178.535843
1 198.418725 169.288476
2 147.719864 139.178096
2 293.914801 136.273860
2 171.706898 110.554810
2 245.197685 60.614106
2 294.372177 189.389279
2 123.511157 300.565481
2 304.332227 62.381701
2 318.756259 57.705115
2 240.868928 171.431778
2 158.408097 123.982872
2 238.095347 173.144910
2 317.447416 179.969107
2 89.577762 289.336909
2 225.903249 289.597707
2 18.138077 109.929903
2 3.136457 219.714821
2 129.998060 280.385958
2 198.110545 10.437739
2 246.814734 268.601933
2 31.140934 115.490686
2 114.672760 10.294318
2 140.521718 239.398896
2 24.569977 251.627972
2 87.105782 18.602916
2 203.383335 10.801702
1 212.257284 131.531777
1 164.813506 190.731459
1 227.995577 185.470810
1 154.608110 127.361865
2 231.489028 205.606351
1 173.372292 204.393415
1 187.897565 148.075777
1 182.156369 166.705938
2 111.627872 280.153372
1 179.937497 223.817252
1 175.210578 166.008248
1 175.360098 203.523135
1 211.965997 202.557884
1 168.934206 181.369630
1 183.231477 162.929579
1 171.007109 192.292979
2 295.795978 183.807885
1 236.263887 158.117860
1 189.833463 201.542900
1 217.703253 183.522967
2 105.455890 294.543873
1 165.094125 180.336521
1 183.144275 166.132849
1 153.146535 128.583532
1 251.736121 232.267295
2 214.190316 215.005596
2 281.651094 173.403895
2 50.079188 130.467412
1 175.453676 192.812947
1 170.192712 195.441580
1 176.293367 174.648244
1 141.170200 180.020947
1 237.448476 127.230116
1 209.525638 190.111059
1 202.614105 132.656745
1 187.568159 153.603098
1 225.375268 178.061614
1 165.397021 155.548227
2 86.500931 60.390186
1 157.393423 195.849028
1 156.526280 168.611074
1 209.527294 205.387097
1 182.956810 182.014403
2 112.563665 316.192594
1 186.503128 189.133506
1 208.297378 173.206217
1 189.582010 203.549319
2 319.734837 314.193195
1 183.271003 139.345654
2 32.894912 107.962332
2 328.370952 152.121738
1 162.146874 187.477718
1 221.193929 171.337242
1 244.125876 93.752941
2 252.822133 204.407890
1 139.617836 164.131509
2 11.043561 136.235146
1 171.237959 160.213517
1 205.525755 188.296526
1 219.408651 221.621237
1 174.789214 176.183270
1 239.565564 170.346828
1 199.633550 129.631221
1 171.087713 186.071532
1 239.281136 196.193793
2 212.251765 158.922427
1 237.161242 174.404104
2 313.143733 264.075978
1 152.075952 125.141736
1 221.749239 164.399286
2 283.976265 239.325828
1 174.743244 191.497941
1 202.655346 140.199114
1 183.039216 179.730144
1 159.318556 215.459651
1 226.022865 161.633606
1 211.412658 184.909114
1 211.467194 141.731376
2 236.882384 167.482577
1 171.603059 186.726006
2 303.468546 189.085292
1 204.663658 198.057438
1 183.761664 199.403081
2 179.535508 0.571656
1 219.119025 165.910326
1 200.650132 204.295322
1 150.839701 202.556431
2 25.250111 212.867197
2 206.081421 102.428387
2 223.706851 278.510464
2 0.654571 209.166705
1 174.263776 177.161772
1 162.316186 125.408783
1 190.984334 164.877406
1 197.302512 205.075970
2 304.393266 148.992506
2 171.854170 232.919082
1 233.361706 167.616706
1 205.362640 155.705993
1 181.178338 256.678901
1 140.801032 166.819383
2 253.235086 118.665664
1 152.486243 142.512484
2 311.679616 200.520472
1 215.182419 163.775348
1 229.931719 225.537670
1 169.908966 174.010617
2 171.244360 543.570455
2 66.088670 339.827348
2 153.389716 641.988353
2 215.846863 380.439899
2 197.668517 576.454287
2 176.469311 624.306723
2 28.754951 434.886062
2 258.849622 571.780342
2 28.433730 395.907137
2 285.577834 399.682199
2 243.642724 359.433039
2 206.003233 444.655875
2 119.399959 429.388510
2 73.254313 598.941207
2 134.954239 645.637362
2 99.191083 646.504344
2 207.408084 475.388057
2 175.878546 664.310229
2 244.870752 580.896527
2 162.822039 630.521069
2 164.029952 586.437710
2 106.298030 613.344666
2 185.345142 626.118888
2 159.289511 629.666623
2 164.422493 624.250106
2 270.396035 600.820114
2 127.945248 612.383377
2 184.973922 664.643611
1 324.604842 655.752072
2 146.895041 626.433817
2 241.954664 611.204193
2 163.757636 607.275847
2 301.213248 622.700785
2 241.016603 346.416066
2 317.062877 610.651340
2 135.672323 628.190143
1 145.030728 772.537774
1 126.746203 786.033927
1 143.108860 781.374177
1 152.529190 780.121808
1 145.163527 789.729331
1 142.908453 785.024548
1 147.016255 764.763246
1 149.145823 789.074265
1 164.059055 789.500816
1 129.883861 767.236260
1 162.035259 791.309183
1 143.341848 761.361544
1 157.305392 776.514772
1 148.994945 781.462857
1 139.319658 769.947154
1 150.635253 800.337475
1 139.604911 775.162807
1 139.669431 765.674780
1 148.445724 798.992661
1 161.454364 774.691989
1 145.115120 801.068668
1 147.551750 782.847987
1 130.097206 782.724603
1 146.637271 794.320656
1 144.572743 765.796607
1 165.210033 792.478869
1 145.398130 795.977175
1 138.434013 794.852440
1 137.038868 779.913534
1 148.886593 775.785309
1 154.683136 787.143884
1 151.684056 759.675614
1 141.519321 797.625571
1 172.323697 786.749599
1 143.634279 768.792677
1 171.706840 790.920699
1 150.302771 764.452877
1 154.831874 780.177508
1 165.169143 762.646692
1 164.121171 782.791520
1 131.403224 778.324781
1 147.781349 780.633312
1 142.264031 791.512781
1 156.685346 781.153872
1 144.954823 801.106475
2 45.445622 846.788738
2 314.745031 695.223919
2 278.842459 682.923933
2 144.085517 872.816056
2 179.601668 815.345060
2 235.255087 804.442660
2 25.964187 815.865713
2 66.431093 926.363874
2 304.534268 779.614386
2 226.630879 780.766078
2 168.179667 893.592700
2 155.089063 886.894080
2 206.757819 820.565459
2 95.990597 827.499648
2 100.781039 780.964956
2 251.927141 815.949635
2 97.995087 682.932946
2 109.632884 844.386862
2 186.317673 845.551338
2 54.460575 712.218472
2 132.847880 719.890740
2 251.392151 680.540094
2 92.891069 894.358573
2 78.445487 880.182434
2 292.569065 875.351900
1 170.329228 816.536689
2 94.213799 833.790811
1 124.239385 769.847753
1 212.873897 801.295551
1 165.659355 787.404022
2 99.711653 844.703592
2 102.211016 764.253687
1 326.926527 684.053168
1 141.511628 743.173734
1 174.879159 786.568849
2 165.009826 909.888300
1 141.309159 785.898253
1 119.360757 828.787876
1 141.573529 781.561043
1 161.139160 785.721999
1 182.961447 774.994183
1 140.009115 776.104774
2 89.988208 759.256327
2 102.758594 750.247239
1 142.336695 817.749623
1 203.341354 786.261723
1 144.967284 779.967077
1 173.767091 794.253213
1 136.560937 780.898173
2 149.950915 704.009656
2 196.401190 831.736041
1 115.510455 774.768621
1 158.570303 746.077256
2 316.540565 688.307456
2 176.726721 867.475149
1 117.854446 806.207627
1 168.157997 802.721800
2 92.304469 836.346405
1 143.763026 791.196593
1 118.181545 794.946754
2 114.105795 833.631440
1 153.959125 786.189492
1 177.515859 796.234021
1 85.266811 771.624451
1 113.454094 819.269249
1 149.528153 773.748240
2 124.779797 777.464506
1 191.195490 791.332555
2 287.513063 740.609923
1 87.361530 768.516475
2 121.023546 712.006984
2 149.573407 799.620824
1 157.605985 780.003084
1 142.507124 820.696627
1 159.826621 751.141756
1 117.720110 776.609739
2 174.054963 924.866178
2 154.354396 791.848284
2 163.168014 850.725037
1 161.602861 804.109250
1 118.318149 770.638415
1 147.031304 766.900965
2 247.594236 756.267094
1 136.376150 795.247580
1 148.834245 750.636926
2 129.505148 843.786788
1 141.618824 787.390601
2 113.614963 817.165837
2 97.169990 810.992321
1 147.280227 766.734787
2 196.465220 839.322993
2 90.158049 789.725127
1 118.010698 766.704470
1 168.511096 815.982559
1 173.172865 841.905051
1 124.550262 806.805097
2 72.812519 844.514752
2 38.090670 883.805862
1 89.312161 788.988800
2 126.130982 816.789414
2 8.345538 765.289734
1 158.151661 786.602562
2 192.565523 820.684831
2 167.018276 698.868883
2 153.471759 839.749842
2 177.272506 837.735207
2 149.451021 799.157072
2 96.214243 717.674151
2 156.474803 963.002201
1 191.105659 772.606651
2 74.501029 916.017520
1 175.696533 806.692901
2 130.371544 667.082863
2 108.423142 709.972487
1 146.692724 805.618863
1 136.136793 766.530658
1 198.546057 764.820130
2 152.419866 903.334227
1 131.843144 790.772113
1 149.893293 776.568441
1 199.709065 832.697137
1 162.810774 760.025891
2 51.416601 717.953838
2 185.756388 819.706757
1 136.354292 802.879589
2 114.424706 695.437548
1 123.561145 791.381371
1 163.224989 812.071127
2 146.107806 942.044474
2 214.671757 810.468564
1 147.719737 730.391878
2 349.778605 9.205542
2 589.443399 329.344407
2 581.120796 112.089809
2 665.653347 275.935088
2 647.042743 256.695106
2 527.996854 292.824059
2 666.366008 82.483431
2 649.420891 250.178670
2 429.921659 60.700783
2 442.269964 137.611678
2 578.546029 74.844074
2 463.885595 159.578450
2 340.834231 314.390766
2 581.659812 104.667085
2 406.604858 243.912258
2 393.617551 91.206526
2 530.761359 200.478255
2 390.672135 228.799509
2 623.500289 78.874461
2 371.782737 51.913341
2 402.867411 243.143525
2 334.950622 271.238755
2 571.288115 214.680961
2 459.060437 293.612571
2 341.817499 177.241129
2 538.570455 103.941087
2 588.556260 8.569708
2 362.273170 193.668253
2 658.859014 279.183803
1 382.260213 656.654334
1 400.060358 664.114563
1 405.111228 654.743552
1 414.979481 651.653271
1 403.504982 652.571265
1 390.688447 647.845610
1 405.143784 645.741016
1 397.298582 643.386521
1 399.545928 650.646476
1 408.363581 655.378863
1 407.056579 652.214464
1 387.102474 631.882672
1 385.087245 644.224714
1 412.893603 637.657770
1 405.531501 633.996536
1 408.893194 651.784645
1 398.156383 646.538719
1 400.441090 649.314884
1 397.339133 647.323642
1 399.327124 649.262928
1 400.506485 650.383943
1 398.053061 653.189044
1 394.188539 646.559336
1 398.752565 649.912308
1 397.250624 649.699913
1 406.456430 640.285232
1 380.873523 652.353149
1 397.868197 650.876934
1 400.504314 653.885126
1 421.667448 648.733453
1 422.983944 640.758248
1 380.384746 651.717041
1 392.518443 649.812297
1 411.925322 644.440037
1 408.039858 649.382839
1 394.418308 649.889421
1 406.652711 633.066539
1 394.377634 647.022654
1 394.835188 662.032331
1 395.472651 631.200161
1 402.283887 655.352194
1 414.147286 642.437744
1 412.439738 656.811921
1 394.118353 663.469716
1 402.351592 650.678890
1 393.106662 639.004447
1 411.733015 641.469493
1 401.110278 649.500800
2 455.653924 403.258451
2 363.487086 575.203866
2 554.207542 524.403726
2 407.654692 539.267475
2 422.263068 585.874800
2 545.309700 599.809725
2 409.899350 583.813836
2 569.053141 516.305782
2 472.503920 468.156992
2 638.136057 382.283967
2 337.238754 627.361551
2 514.384405 514.909617
2 421.769390 657.734760
2 567.767176 623.068481
2 531.947152 538.399774
2 414.301767 487.742486
2 346.897906 350.992522
2 515.624875 369.475080
2 379.458646 395.931238
2 603.739266 638.164720
2 501.170248 578.989438
2 493.003781 406.135317
2 439.302773 543.991638
2 622.657885 589.764738
2 624.977644 549.091301
2 418.523773 349.099599
2 651.343269 665.120359
2 400.695022 591.662895
2 356.809001 521.837604
1 352.942548 634.294418
2 416.940147 613.800596
1 449.736443 661.224246
1 402.405747 663.411865
1 433.944771 627.642162
1 428.772401 624.938807
1 406.431533 645.066995
1 401.927642 619.842191
1 392.152796 599.184764
2 432.387387 564.036675
1 400.379891 641.346665
1 388.317101 573.638038
2 434.051941 508.863584
1 357.497506 648.356978
1 441.687685 633.158553
2 452.216706 580.069172
2 414.335901 577.901278
2 525.988114 629.610344
1 419.235964 658.105682
2 422.231209 608.925420
1 431.097832 638.493982
2 455.244171 574.611662
1 373.923822 638.809140
2 452.864957 576.062342
2 379.490906 605.524421
1 397.910688 614.054267
1 478.786038 659.238634
1 378.197632 639.067681
1 436.020503 641.816945
1 399.953264 624.742652
1 385.158087 658.108922
2 445.739371 548.296538
1 385.524902 663.675255
2 583.436189 638.476956
1 375.025035 638.637817
2 443.750223 608.686551
2 428.955916 566.462324
1 408.629115 622.263601
1 359.037902 558.300034
1 505.185778 631.625216
1 365.909604 651.417654
2 382.777833 613.532640
1 361.803202 639.540068
1 425.692796 631.794633
1 384.969471 660.031881
1 439.196637 635.844485
1 380.166096 648.012367
1 388.856227 598.195374
1 390.418319 620.757924
1 355.615078 627.464383
1 401.408703 653.240481
1 399.332533 655.239293
1 370.975663 654.015965
2 424.876446 623.210744
2 372.653373 603.316959
1 348.032422 620.984359
1 383.150882 638.170387
2 423.589627 570.400526
1 418.737375 653.883877
1 373.324374 663.942121
1 370.429243 657.037009
2 373.725728 571.843502
2 347.181967 642.889375
1 345.411727 644.184023
2 364.085289 545.943034
1 381.265190 631.653454
2 565.867290 614.375962
1 388.597317 545.891277
1 431.714989 640.043497
1 394.668965 658.824842
2 636.028450 606.982351
1 336.715121 646.552508
2 435.570874 555.860080
1 481.522694 625.077480
1 363.843172 632.709609
1 438.531235 645.356924
1 389.711793 645.519366
1 395.991553 632.948328
1 422.083360 637.322142
2 376.421192 593.307530
1 446.719025 624.590970
1 341.767757 655.667639
2 438.193619 358.161146
1 348.185702 631.292908
1 401.803219 607.303730
2 444.860232 587.079749
1 401.053773 601.101305
2 377.428614 632.778536
2 435.691669 529.087057
1 408.718747 652.193432
1 344.350006 605.746182
2 434.661524 585.194221
1 484.842545 636.963242
2 430.727618 530.940369
1 420.161176 648.302483
1 393.457317 626.229423
1 335.924978 585.935483
1 411.222216 646.851837
1 434.441469 650.736727
2 471.315008 623.880670
1 523.795946 630.135800
1 382.326007 636.726595
1 458.267865 581.005355
1 357.873207 645.039165
2 379.140269 512.665708
1 411.668134 668.368042
1 592.269184 788.914880
1 591.487549 810.596792
1 569.833038 799.846903
1 572.212885 807.626350
1 562.838830 823.133327
1 581.619194 791.499844
1 562.109298 801.404777
1 569.393378 799.362321
1 575.479506 794.895237
1 550.314057 812.352350
1 585.959880 788.115219
1 564.241788 810.020203
1 569.629502 802.786922
1 577.599504 805.651019
1 574.622168 791.722488
1 564.053403 790.297419
1 553.192257 793.616418
1 549.161840 788.600295
1 576.378288 808.759825
1 569.200985 800.474026
1 576.727973 810.336564
1 553.858209 800.021254
1 559.810518 804.961297
1 548.627846 793.185977
1 562.278597 797.613960
1 571.998115 799.433039
1 566.964520 801.578735
1 574.470780 783.193272
1 572.089694 783.789241
1 570.978102 799.174940
1 576.423917 815.735739
1 592.906930 809.881322
1 592.085861 806.001343
1 575.887485 815.058752
1 574.647485 814.706093
1 562.839817 799.521881
1 565.419632 797.485520
1 555.859829 792.941726
1 582.643007 781.605743
1 586.486928 795.935543
1 571.754810 812.072489
1 569.199946 795.767835
1 580.683493 819.967901
1 571.582199 797.383136
1 590.387599 797.733528
1 577.335586 808.401524
1 580.041311 806.092403
1 567.753650 797.303679
1 561.438024 797.509067
1 570.353356 805.491408
2 577.914558 714.854242
2 436.675419 920.930438
2 601.527925 716.441812
2 443.770658 934.503837
2 373.322691 854.021838
2 610.104511 840.210379
2 642.694306 910.732831
2 659.645040 947.878012
2 526.803464 864.987154
2 349.544459 746.803773
2 381.538185 894.107693
2 339.589366 723.918474
2 412.598899 810.795338
2 382.367949 691.752045
2 448.318685 952.522040
2 503.259611 871.763370
2 408.423329 772.895511
2 650.792042 795.792364
2 520.087113 997.883590
2 496.779949 667.697406
2 447.291469 719.800295
2 646.125732 813.346760
2 473.722511 702.352219
2 648.836860 787.895538
2 572.124382 759.782192
2 542.324607 680.102779
2 622.243191 962.189270
2 524.971951 840.720524
2 430.984447 864.594218
2 583.814646 844.751735
2 616.138961 886.174952
1 547.927119 812.706933
1 415.279118 690.504029
1 382.056584 691.583119
1 400.299965 670.641000
2 598.617706 676.316676
1 524.890287 761.921810
1 567.666613 790.447419
1 380.840601 667.721897
1 361.135584 680.689250
1 568.957261 732.096035
2 434.005858 950.756209
1 575.269778 812.584101
2 626.550587 910.136230
1 541.335843 800.620767
1 632.956659 815.303910
1 606.227006 803.261107
1 392.251883 688.339103
1 572.674223 804.235954
2 433.851606 946.552044
1 400.901368 668.699177
1 550.692315 776.407926
2 485.604666 715.409192
2 508.485476 684.365427
1 535.277993 822.155551
2 341.967482 714.612194
1 570.881772 793.545786
2 456.705148 721.822313
1 348.460951 672.528464
1 572.927124 806.491948
1 610.500104 810.166200
1 564.712857 791.025796
1 413.545107 677.609753
1 613.316756 806.441032
1 596.974203 784.357263
1 386.018827 684.089534
1 589.790247 825.933610
1 528.068044 774.261884
1 608.571106 820.354717
1 571.721497 816.740664
1 426.881250 680.172161
1 379.673062 667.480413
1 569.049407 804.438278
2 536.961438 700.129920
2 398.434106 849.254324
1 500.135650 776.833335
1 505.576739 793.266009
2 563.969633 852.447453
2 592.147520 997.899152
1 458.089499 686.281101
1 575.687217 801.027777
1 502.877910 813.984104
2 429.991929 831.549223
1 458.446636 681.364510
2 357.181414 876.751972
1 575.994117 789.801480
2 483.462213 841.473237
1 610.327292 836.341032
1 390.664837 667.870383
1 434.066915 670.373680
1 554.341584 869.519663
2 512.161628 839.222234
1 387.631791 671.169000
1 590.881724 864.908894
1 579.610244 807.661254
1 593.918093 767.307012
2 481.527301 693.534605
1 546.651638 835.010065
1 597.033958 778.885084
1 551.973450 780.241489
1 386.107934 673.662184
1 388.715047 666.856618
2 456.576674 668.200692
1 533.400392 682.229500
1 497.261319 813.488543
1 593.034945 782.236463
1 576.138724 800.915663
2 463.154443 667.672046
1 410.402139 669.988112
1 616.038432 769.240768
1 581.000635 805.447138
1 562.790785 810.054064
1 398.569196 677.271780
2 462.282253 736.433766
1 536.935753 797.807976
1 623.753276 838.370667
1 577.329765 816.949575
1 564.593331 797.123473
1 552.365247 784.339562
2 396.688459 711.405183
1 398.730488 695.414032
1 567.848921 771.126150
1 622.274595 774.069998
1 556.225749 774.854119
1 546.802960 838.268888
1 561.130111 772.532095
1 581.260173 777.829734
1 581.429310 805.102168
1 612.666950 746.590428
1 556.950234 721.013807
2 361.361618 728.756981
1 633.585497 775.407526
1 361.392578 731.458820
2 399.721946 859.124147
1 391.567599 689.251124
1 380.043379 680.599289
1 371.612167 695.838488
1 466.918914 715.751049
2 547.103830 691.254019
1 497.055223 703.317499
1 573.994149 828.672651
2 598.529306 932.012211
1 566.637685 813.356756
2 627.849724 883.524948
2 481.305474 696.805291
1 421.376285 693.155087
1 387.559311 700.896455
1 404.679300 698.559048
1 575.320849 767.584793
2 617.549189 824.444615
1 595.430346 831.350824
1 581.241264 776.079458
1 554.646901 792.526154
2 631.345876 913.604339
1 598.150751 754.978005
1 571.388305 768.402304
1 386.534757 683.442899
1 590.519992 810.235905
2 595.754248 893.346585
2 644.219247 940.696503
1 386.311601 679.442203
1 398.442367 694.788106
1 495.060629 741.488499
2 337.166049 724.641622
1 558.702588 788.428994
1 574.679733 777.650125
2 384.764339 828.505028
2 488.747537 712.701528
1 604.880484 783.659894
1 548.267497 813.124170
1 596.894738 856.077482
2 380.231703 703.575318
1 550.299439 788.522139
1 563.260838 839.058297
1 565.616305 786.676701
1 386.049860 723.149478
1 384.789454 696.066711
1 571.284291 698.488855
2 447.896032 686.745955
1 599.401965 854.565876
2 581.048324 687.530660
2 374.152271 758.565036
2 401.007491 831.971596
1 563.117590 770.310990
1 388.693313 706.337288
1 610.978819 737.383365
1 573.103402 806.903874
1 587.561371 697.403213
1 571.288590 795.097358
1 595.391326 835.335054
1 561.958650 761.664741
2 616.440533 815.160993
1 600.334568 823.383557
1 571.580602 786.890734
1 518.529930 807.995287
1 588.878807 815.292217
1 558.545236 816.976287
1 576.703830 801.130241
2 628.356612 785.845265
1 583.648797 840.633008
1 495.338435 764.135684
1 570.999565 779.232842
1 380.107046 698.828182
2 400.650702 703.911598
2 637.814179 674.400222
2 599.830623 731.778630
1 531.339707 787.412946
2 646.462732 852.938746
1 545.379588 866.292426
1 379.282508 744.094932
2 592.315378 798.760954
1 558.073886 799.692434
1 596.273918 745.595842
1 574.776162 746.782309
1 538.453840 818.727143
1 825.323420 313.131564
1 817.333145 301.770809
1 812.226200 290.236725
1 830.429414 297.607845
1 824.995430 303.209579
1 814.043604 287.613507
1 833.030645 316.684872
1 831.667684 295.476292
1 814.058431 301.075981
1 834.044190 283.999700
1 827.473053 308.571495
1 820.776003 303.481807
1 835.591285 300.783414
1 807.626186 302.934711
1 820.155986 304.158386
1 822.841290 275.549347
1 826.779512 299.570688
1 802.061386 300.942897
1 818.328382 301.953430
1 821.461269 298.275657
1 837.939457 290.559085
1 809.734327 290.916042
1 799.208382 306.913418
1 827.960425 295.295719
1 822.190965 301.146311
1 828.619228 297.276916
1 824.871657 302.618242
1 818.187449 299.010597
1 822.031434 305.360813
1 822.383471 302.747937
1 820.658663 284.509079
1 809.235061 314.367895
1 817.915434 307.558264
1 838.150705 307.822859
1 817.894563 302.926957
1 820.400217 300.308929
1 833.266366 306.872088
1 825.397005 287.726416
1 824.072163 310.451970
1 820.862003 300.408726
1 818.762404 303.936763
1 812.497967 279.106009
1 829.669497 290.198884
1 832.419664 315.356267
1 820.978513 300.690964
1 843.686914 295.652230
1 836.313379 292.914827
2 666.798979 177.648918
2 722.194114 196.170142
2 799.967573 112.965367
2 893.464066 245.978228
2 755.215109 262.818065
2 967.740334 176.295514
2 847.526756 47.555112
2 896.554048 172.220755
2 882.950573 98.002196
2 919.808063 177.226763
2 777.515608 169.121337
2 763.118143 314.693327
2 830.285743 135.188482
2 995.768737 265.352777
2 801.264136 178.192910
2 675.563414 185.947463
2 900.574006 251.836751
2 792.672124 105.940476
2 786.455709 275.805450
2 909.989381 231.012482
2 721.232896 113.150164
2 850.339335 302.945682
2 955.189126 119.127902
2 923.431828 272.093459
2 921.373790 74.377634
2 809.899771 309.508034
2 700.217118 149.705557
2 923.879637 114.424918
2 799.230402 268.265659
2 725.838965 321.164163
2 826.266588 220.737925
2 746.763665 98.818846
2 942.296089 88.085685
2 998.183651 278.084384
2 992.212422 18.595498
2 961.750529 170.609145
2 743.638688 290.934731
1 816.383905 326.416980
1 812.945112 321.236052
2 737.094260 299.295197
1 828.514033 308.077231
1 849.887836 286.389764
1 786.922387 303.334971
2 747.262682 261.828207
1 784.827356 286.996458
1 863.018909 303.914787
1 822.900103 313.854712
2 829.331906 108.051405
1 863.548450 327.308780
1 814.944646 315.598543
1 800.798413 307.144800
1 837.412967 289.404086
1 842.596507 251.785768
1 827.487059 278.380651
2 720.267529 302.913574
2 775.372034 109.264875
1 828.806847 314.672076
2 706.837844 268.634907
1 826.022436 304.606206
1 848.680742 264.931361
1 819.303002 292.282353
1 798.459353 263.358271
1 826.648405 269.337128
1 797.470990 290.214663
1 828.513921 266.571494
1 763.477135 315.253350
2 853.754864 216.930880
1 803.148953 272.819258
1 858.565954 331.865873
1 861.020004 259.222258
1 864.688642 292.620472
1 831.466946 285.181328
1 739.938989 297.728151
2 834.257360 83.086786
1 833.908844 306.161800
1 792.891907 285.036141
1 818.441412 233.543560
1 817.794559 325.681819
1 818.729940 286.738413
1 830.502861 269.181450
1 848.707882 275.938785
2 785.395146 312.957285
1 806.590697 283.923802
1 873.115352 262.521470
1 808.664250 266.295749
1 862.727725 302.591360
1 752.979180 274.206442
2 723.033239 277.226220
2 721.633643 310.738026
2 885.638060 275.494598
2 811.215673 298.921914
1 756.328050 296.744532
1 851.245989 273.174284
1 836.475075 288.242467
1 865.515478 280.236618
1 835.858824 280.377573
1 846.727884 286.522194
1 839.582373 247.575158
2 879.528478 265.342033
1 834.045413 253.254826
1 877.084930 315.087684
1 815.279656 268.002185
1 851.664856 228.631935
1 862.849932 255.578995
1 825.612042 254.851858
1 857.011874 299.149365
2 753.345753 127.044952
1 825.358965 312.938308
1 787.976003 307.309365
2 744.416979 313.778087
1 844.298829 331.804119
2 723.181434 316.584830
1 804.924597 244.483233
2 855.787273 140.799960
2 822.358595 181.694230
1 841.017223 300.937775
1 812.360222 248.783742
2 883.517024 285.233976
1 820.374907 325.662373
1 804.954837 309.875297
2 873.447659 289.764758
1 833.957221 276.084885
1 799.410580 294.560227
1 808.047772 332.092474
2 872.237149 230.738037
1 791.786136 299.828234
2 773.334983 152.025696
2 912.402320 260.954954
1 832.483147 316.252698
1 826.398678 327.803539
1 873.617396 262.928017
1 773.406137 314.119604
1 860.554782 292.970091
1 817.644849 316.440018
1 796.319184 280.501352
2 924.822934 360.146150
2 853.461554 617.476469
2 898.600168 540.882315
2 677.775509 342.930127
2 750.100477 352.702020
2 867.559483 627.575568
2 910.013623 458.782088
2 968.121624 355.378469
2 921.326964 580.380160
2 857.254788 594.139169
2 977.632657 440.842494
2 720.361765 580.513346
2 772.892698 525.418582
2 958.985674 356.512416
2 952.169677 569.099599
2 864.808386 501.433124
2 922.861860 409.129112
2 757.961885 346.761935
2 921.044725 367.612915
2 710.275476 501.749901
2 821.702857 505.467745
2 923.699222 340.109950
2 857.317670 417.800218
2 685.483442 632.728853
2 727.250463 342.547406
1 777.489677 355.978865
2 722.076807 362.467319
1 819.524427 349.729837
1 785.861611 345.516367
2 891.886389 389.095764
1 745.615710 351.247188
2 929.113541 389.280965
2 938.918344 359.284036
2 936.984753 347.443333
2 738.070003 340.317534
1 832.458339 351.492887
2 746.529435 336.256742
2 958.098903 346.747821
1 846.206817 339.384662
2 685.921177 335.049572
1 797.066170 374.496438
1 800.161674 343.376622
1 870.115371 337.624164
2 760.809603 334.666347
2 730.879782 942.588539
2 817.317326 740.240759
2 728.193996 675.485181
2 737.304823 749.460525
2 676.107195 838.903866
2 836.032604 668.933878
2 977.535892 947.458170
2 922.795936 866.236940
2 906.207141 929.633314
2 970.266889 912.324051
2 841.109441 723.509132
2 975.466924 771.741003
2 981.902447 834.698518
2 864.426634 915.553717
2 960.869334 752.871921
2 761.362816 885.111847
2 693.274694 781.004788
2 666.953286 932.102326
2 741.835712 871.078402
2 780.253001 708.401185
2 806.801612 766.132397
2 667.238010 800.871715
2 670.899288 934.497810
2 678.311063 791.123433
2 926.330452 757.931235
2 666.721647 788.944198
2 704.699230 748.148035
2 701.407379 958.278426
