1 197.585379 68.536473
1 227.392955 302.192280
1 313.969586 315.599614
1 230.003390 178.856653
1 314.414491 210.164995
1 33.712336 314.647254
1 67.476189 260.100194
1 140.683214 156.090703
1 327.772860 137.490116
1 24.904997 303.394023
1 173.588134 18.022255
1 95.152191 45.713199
1 104.480227 300.510895
1 48.617216 75.470187
1 61.422672 151.633035
1 239.003649 113.693761
1 118.284728 190.161764
1 69.832090 331.992364
1 263.906661 32.168027
1 85.354037 176.337397
1 188.429640 110.722341
1 85.447888 324.330994
1 241.341109 212.649048
2 311.303603 181.219448
2 296.287722 49.767000
2 304.295869 104.174248
2 218.346695 214.268148
2 22.485585 138.729812
2 260.349239 159.039324
2 6.199062 263.813075
2 324.061254 12.367633
2 274.374649 192.921543
2 111.295531 220.133324
2 262.440707 310.060783
2 23.491015 238.615023
2 208.130459 204.658832
2 160.450556 37.472569
2 327.701120 223.464263
2 226.152450 34.390305
2 84.408012 75.818389
2 186.346612 292.779963
2 49.404244 283.744333
2 259.220601 265.894176
2 27.811361 294.507556
2 232.037100 224.366833
2 70.388703 330.014283
2 75.593692 277.491447
2 68.494765 61.885264
2 138.617246 81.614730
2 129.997594 243.710430
2 82.412880 141.234770
2 159.875039 88.026675
2 69.140203 105.949610
2 28.657664 4.273275
2 298.526617 264.681685
2 56.607664 307.899096
2 312.166270 137.625010
2 26.267607 21.270480
2 316.370337 74.529812
2 321.298975 54.299931
2 264.232769 249.187822
2 255.375288 185.264193
2 150.853766 309.951760
2 308.802271 75.423410
1 47.651598 82.782619
2 285.859960 167.040211
1 14.183240 96.854208
1 52.476834 254.308761
2 157.191069 77.305286
1 7.072519 56.558611
2 75.305277 291.177834
1 321.135911 153.092883
1 11.738395 317.245785
2 295.505964 288.338590
1 295.979215 152.446680
1 331.777560 37.562320
1 288.460226 172.765521
2 12.244352 242.095400
2 237.177812 190.781104
2 75.819397 35.305627
1 232.493310 122.682153
1 62.698726 197.284262
1 0.918340 144.930451
1 58.021365 114.118396
1 163.491249 479.108492
1 58.795044 497.863921
1 38.816802 662.589717
1 219.538441 433.763289
1 193.193735 378.532522
1 221.169798 380.067057
1 194.360526 412.161575
1 259.142315 558.966514
1 189.382456 509.944123
1 299.019580 518.467157
1 230.529024 558.307207
1 218.647039 658.015779
1 206.277293 379.037724
1 193.212425 450.287582
1 235.155047 472.810310
1 180.265875 471.780884
1 149.900140 516.909154
1 105.358924 407.332115
1 204.424429 617.270977
1 152.879955 490.706121
1 30.461587 417.075698
1 283.232829 381.018830
1 0.480891 612.236223
1 146.920984 561.102274
1 47.585308 647.157558
1 315.283949 603.734123
1 196.074973 595.980173
1 184.756866 572.805023
1 33.137175 649.557979
1 276.358118 413.278334
1 284.242584 396.271092
1 102.107081 634.761869
1 316.598961 383.804521
2 299.201049 449.494960
2 173.855350 592.209000
2 260.483380 481.198041
2 115.556649 362.056388
2 252.749137 558.805498
2 273.631074 376.147589
2 255.596079 399.658589
2 134.712736 598.533107
2 330.712272 586.209813
2 197.531141 498.212117
2 233.907174 613.206898
2 304.892282 625.772198
2 281.478477 407.085735
2 27.028763 525.779509
2 60.834130 666.560717
2 22.493793 578.740681
2 314.257561 665.376860
2 62.149583 504.820760
2 231.058875 589.727769
2 205.058867 651.079323
2 242.136558 463.384920
2 254.849018 547.807566
2 208.381219 581.376326
2 206.069341 333.801522
2 64.670478 522.482213
2 91.462422 610.635597
2 284.807814 501.714916
2 90.035731 550.198436
2 92.715450 413.027946
1 28.516030 592.875510
1 217.208659 511.066632
2 16.819001 507.922189
1 315.897335 395.151040
2 82.997788 603.220126
1 168.698036 455.918138
2 243.849985 611.413080
1 204.537153 531.289153
2 250.599782 596.885298
2 251.823384 475.457964
1 186.966499 496.369797
1 35.903476 472.279337
2 272.501824 485.756584
2 148.327446 645.624399
1 193.552208 594.495813
1 154.256596 697.091081
1 321.284877 954.658500
1 175.153870 719.705380
1 74.087412 798.805581
1 114.278012 944.504855
1 273.741613 784.874202
1 63.229111 954.847485
1 19.453530 890.267033
1 263.934164 694.517496
1 136.924088 691.493316
1 36.741120 839.077199
1 265.422237 881.274801
1 91.065556 770.707594
1 127.126240 953.447158
1 167.710973 983.034401
1 131.248527 879.788805
1 318.283908 854.352679
1 203.245367 953.596296
1 64.373245 872.201101
1 182.175276 940.294038
1 219.812535 708.683614
1 44.055137 933.189976
1 250.228455 871.586628
1 203.154321 897.236786
1 18.933626 746.526430
1 290.334198 928.099551
1 274.301190 683.853948
1 102.448526 768.324268
2 87.527853 892.257136
2 278.084093 919.242683
2 131.113662 912.742586
2 180.811485 721.035935
2 296.334759 892.508787
2 240.171921 802.840766
2 107.076504 909.006980
2 204.323078 741.582202
2 213.138510 672.667877
2 155.575248 687.687698
2 181.319500 985.091133
2 116.215981 692.181778
2 173.237317 928.117672
2 274.114663 758.089276
2 236.881243 788.766236
2 240.933586 706.704299
2 217.341167 932.283425
2 277.356968 681.089350
2 0.594326 910.431778
2 13.041661 803.003318
2 316.195059 764.532779
2 205.393524 890.153634
2 118.604955 699.130390
2 61.644076 900.865378
2 168.701846 780.767669
2 165.308361 678.683242
2 245.606666 798.682587
2 219.097761 795.967136
2 21.331296 998.623514
2 220.030256 918.716897
2 196.392213 919.253748
1 207.740381 746.883611
2 198.934586 932.372399
2 284.785231 898.315851
2 137.947889 681.629289
2 259.732493 902.129247
2 279.363846 946.797419
2 64.215905 878.300053
1 0.912609 936.339048
1 33.931074 846.682964
2 192.676830 924.756565
1 222.670935 849.338715
1 200.132069 938.310365
1 127.663228 941.590346
1 101.419843 940.361201
1 187.487213 956.041196
1 89.445586 875.095266
1 437.672608 243.588201
1 554.275334 217.325744
1 659.482798 27.387874
1 554.549485 150.343773
1 494.573009 201.953483
1 366.801041 295.120732
1 624.710932 4.766620
1 399.545331 170.074996
1 554.231944 143.679682
1 538.309617 284.726028
1 337.443010 171.977115
1 555.786333 203.063245
1 333.861333 157.776151
1 617.951880 303.828925
1 600.836980 316.081911
1 400.372799 10.856292
1 415.575331 234.658095
1 378.244299 230.097020
1 506.271850 286.688390
1 387.232029 36.243329
1 400.507023 34.230554
1 469.101412 153.836452
1 494.527024 169.923801
1 639.038861 132.143028
1 400.560107 254.793233
1 343.499290 58.704461
1 480.077981 178.862291
1 376.892342 172.228952
1 560.683041 218.215616
1 414.725986 88.442162
1 489.112664 165.513744
1 409.032608 238.411885
2 545.232714 69.819280
2 497.057436 147.554779
2 396.730953 108.485341
2 617.156866 302.006276
2 346.692532 131.045582
2 547.567860 119.249576
2 352.786408 298.573828
2 568.405990 298.771720
2 403.785010 190.942886
2 386.675433 147.413109
2 485.581418 1.609562
2 389.899839 75.260711
2 629.392762 195.655718
2 535.392808 232.240501
2 487.276280 269.425335
2 617.622418 208.299237
2 452.664790 48.360798
2 616.741788 12.729389
2 551.283602 2.600051
2 345.087822 55.576289
2 553.615903 138.542809
2 508.720626 78.371781
2 583.254824 9.354457
2 341.019188 293.961635
2 629.694619 226.715719
2 375.697774 56.666100
2 467.638588 215.260343
2 379.932190 61.745284
2 547.918377 250.015578
1 379.543589 213.872438
2 630.708582 226.784943
1 482.209250 176.900032
2 368.951175 66.151242
2 523.170581 121.007015
2 382.969938 112.650202
1 368.481385 168.886299
1 551.345549 220.854317
2 396.265217 232.381358
2 562.661460 117.529234
2 494.373724 118.486035
2 334.443332 316.642948
2 392.324466 14.153864
2 400.365922 86.225377
2 358.166187 248.765441
2 348.009900 83.183777
1 356.620602 212.368551
1 367.644127 52.729670
2 382.009281 153.059069
1 337.497819 498.309166
1 400.627405 354.314444
1 479.796687 394.757654
1 531.729551 438.009189
1 465.860585 497.771392
1 530.813643 627.469104
1 439.673418 455.271631
1 605.222508 510.639681
1 538.450583 385.941499
1 634.484924 386.131854
1 636.274505 643.814850
1 536.492319 547.066807
1 476.762103 405.179591
1 582.233200 512.266875
1 611.870395 354.925545
1 428.424631 359.832228
1 372.358615 528.288930
1 649.120156 403.353534
1 580.333194 508.599401
1 575.767190 358.325627
1 616.376797 646.466445
1 508.200340 343.851177
1 597.926505 594.775631
1 414.058782 537.756811
1 607.111084 487.176608
1 532.285224 549.423580
1 471.975369 344.255530
2 533.400303 599.213708
2 641.172031 627.485645
2 576.459885 523.426468
2 448.339665 568.537646
2 453.971741 647.496468
2 379.576731 453.259534
2 650.687050 406.399743
2 338.545480 618.229938
2 644.760365 509.502881
2 616.722677 420.477605
2 488.089405 503.064856
2 411.144280 406.662058
2 623.372161 468.380917
2 552.020073 656.825809
2 467.628122 554.710692
2 548.055822 583.751248
2 557.924016 394.976669
2 487.438303 384.154701
2 528.320052 391.491566
2 562.553138 558.126708
2 616.423212 525.475439
2 598.103253 453.918760
2 475.160978 406.484023
2 403.064486 466.049517
2 398.533265 589.718275
2 540.981224 355.940442
2 662.607590 345.115221
1 597.517902 503.677212
2 655.248860 633.880391
1 413.112282 352.594132
2 470.722025 410.197700
2 537.725829 370.941044
2 541.981918 561.741802
2 541.881307 392.269130
1 641.410127 395.955965
1 491.778734 347.149367
1 578.041633 482.733249
2 585.612362 403.993468
1 543.847537 368.187715
2 583.787545 555.702751
1 480.295147 435.796600
2 570.002556 660.475286
2 598.942919 643.955134
2 436.507842 382.082078
1 519.339281 739.861842
1 662.544581 850.616544
1 595.691517 676.109538
1 543.640552 695.150826
1 450.262727 972.000762
1 514.578574 810.166524
1 573.766390 747.255712
1 631.519930 765.158865
1 372.598587 849.859184
1 633.561672 927.470537
1 489.580713 845.742489
1 555.375538 872.662250
1 386.681430 967.360749
1 534.212399 935.118961
1 632.818256 867.544517
1 575.931702 827.643372
1 445.027406 693.433344
1 514.116324 880.708123
1 560.013102 804.072625
1 526.179331 995.142182
1 540.790254 809.096258
1 583.042329 701.874352
1 397.046499 880.540643
1 416.923185 703.356275
1 412.347251 890.888053
1 635.012244 862.428616
1 635.301028 902.354209
2 458.647282 888.125089
2 358.843302 932.203177
2 486.158226 701.801227
2 459.009833 947.583832
2 387.540374 943.278405
2 510.628871 687.380767
2 502.008098 803.772595
2 658.978667 687.662515
2 376.102059 924.033618
2 410.316333 800.393337
2 501.907144 883.835943
2 465.223297 959.861419
2 372.024948 827.011581
2 372.156638 796.222384
2 510.447942 846.363111
2 579.728320 968.079010
2 605.570660 885.512517
2 557.632724 776.662259
2 479.682360 718.267100
2 586.682614 740.667829
2 424.326101 922.616785
2 573.949316 771.258111
2 444.632350 769.252331
2 427.137828 896.014539
2 432.330753 767.295837
2 647.750576 935.049148
2 634.725527 904.321227
2 490.173772 705.255456
2 345.161844 771.372761
2 492.872069 763.559999
1 549.392975 786.339968
1 574.210681 784.914452
2 368.290105 788.477254
1 504.296937 882.042323
1 575.336358 790.595809
2 483.250100 737.686036
1 334.879709 969.468577
2 651.566664 718.035403
1 423.025046 834.188445
1 485.358407 838.075806
1 359.539840 982.009132
2 339.209364 822.442843
2 500.129342 843.606914
2 479.894441 860.909377
1 524.224594 774.487577
1 946.685645 109.988788
1 827.422182 105.188145
1 766.849249 309.958389
1 767.907736 98.066569
1 723.442000 85.014089
1 917.625834 122.586314
1 900.365892 54.065705
1 788.971267 268.132435
1 974.755801 146.535561
1 691.561735 314.308697
1 980.420592 68.781357
1 962.258994 313.001479
1 672.372467 90.696022
1 841.535291 300.881902
1 886.028776 301.519180
1 848.896776 101.239247
1 983.302944 111.420018
1 929.245363 145.278844
1 893.361030 289.998926
1 857.788573 22.876179
1 778.319062 153.347837
1 699.510087 290.988315
1 727.528044 274.202015
1 799.138123 243.896612
1 679.509416 176.519714
1 839.545475 84.013812
1 866.157609 248.868468
1 980.670262 100.503480
1 928.259221 68.468331
1 925.703512 260.486935
2 761.223703 188.258693
2 825.531417 308.638669
2 722.519278 299.405164
2 822.344151 161.353950
2 802.479489 279.875984
2 712.757922 330.332361
2 879.787301 294.005986
2 785.736209 193.188338
2 670.936081 239.491144
2 875.924621 256.132601
2 803.246346 171.690774
2 980.532567 95.485614
2 827.670306 273.804941
2 893.840095 186.712941
2 963.742458 276.499814
2 832.603590 18.087352
2 804.450220 289.370520
2 837.232900 322.303772
2 931.047050 81.067241
2 748.202896 54.657703
2 985.729523 320.669806
2 848.235397 11.428255
2 893.714932 139.460270
2 752.627736 165.661173
2 835.685507 164.206653
2 672.715336 96.579324
2 772.732596 169.926988
2 941.315398 214.493748
1 694.871982 300.883262
1 834.563182 15.243748
2 832.144116 0.516509
2 847.278250 1.195963
2 906.367566 295.612892
2 845.823573 275.058367
2 878.199148 156.056855
1 835.418466 80.303643
1 866.942812 102.557614
1 894.466087 261.352513
1 861.430568 142.021831
2 909.106429 181.043490
1 930.106022 34.200594
1 898.031838 133.944537
1 911.302333 41.420537
2 810.106811 303.058152
1 897.060344 547.312910
1 735.501662 492.877225
1 788.146643 665.920776
1 732.729678 562.481058
1 874.550603 338.888955
1 772.921251 442.633022
1 933.083970 644.164863
1 701.520157 588.107285
1 818.778591 659.622318
1 785.529985 378.422290
1 793.020601 467.315333
1 996.085707 409.312371
1 795.199957 354.587125
1 894.956407 462.415673
1 849.637310 379.541859
1 739.893326 519.316578
1 713.646393 559.191219
1 969.534941 365.967606
1 927.313567 450.265303
1 820.994823 456.586847
1 689.472887 423.828622
1 880.941533 540.155885
1 832.153658 388.326459
1 739.328962 440.117238
1 973.331642 581.856048
2 960.949527 569.570709
2 935.966839 653.051092
2 888.106214 369.840557
2 927.315655 378.736469
2 683.668105 524.249998
2 761.356937 492.751501
2 691.004191 582.766931
2 979.082283 493.955603
2 828.378831 474.763314
2 848.086646 586.213854
2 811.866568 632.505143
2 778.108954 615.200695
2 732.608011 515.422528
2 879.844751 592.811505
2 735.073520 632.649006
2 896.992502 567.010741
2 751.724726 452.877944
2 697.186770 591.876354
2 773.996828 552.161962
2 933.404402 379.427592
2 816.502501 606.469002
2 902.932218 421.229533
1 790.700935 423.920132
2 961.396284 363.318113
2 669.640258 534.768609
2 868.803914 453.933874
1 849.470419 454.679543
2 866.309135 609.796909
1 915.220188 418.945545
2 914.873086 382.116764
1 982.015061 582.507022
2 764.320414 573.562882
2 984.241049 553.816481
1 922.475294 478.389596
1 742.105633 540.729620
1 818.843501 903.990710
1 777.875427 961.349815
1 784.662348 807.976081
1 713.883973 681.871294
1 698.351632 832.887170
1 861.669362 870.495413
1 884.976513 967.340616
1 776.948956 925.669527
1 985.729791 736.182174
1 705.506024 782.124510
1 752.682000 760.811311
1 889.445493 755.067427
1 991.276271 928.139018
1 774.961623 824.542234
1 761.411600 684.993317
1 742.257953 755.718707
1 948.075843 711.627920
1 790.947674 667.164776
1 787.572453 772.058655
1 753.908400 957.381225
1 729.567595 828.907751
1 804.312989 796.868233
1 992.452014 887.245723
1 973.469796 973.959822
1 984.950837 781.143714
2 806.888779 903.158509
2 719.869456 922.801414
2 711.178231 902.302355
2 910.685141 887.346740
2 955.729005 752.378792
2 824.573524 951.077650
2 688.667302 741.599192
2 851.580954 973.453359
2 751.369956 730.967509
2 901.751763 901.376158
2 961.570173 672.819592
2 828.199575 803.765985
2 730.353121 806.652293
2 851.828095 829.326335
2 957.127626 945.695485
2 670.284679 670.533588
2 900.559246 691.848082
2 673.480700 875.861290
2 853.446083 923.633050
2 854.914231 981.010331
1 807.300141 769.775277
1 998.176464 800.700355
1 993.888103 917.368695
1 942.348510 731.453721
1 803.808843 849.015786
2 675.177707 903.697351
2 683.535352 709.882896
1 893.347317 772.978274
1 933.322509 684.305955
