1 186.819888 180.064576
1 214.176846 164.074055
1 182.952212 174.534474
1 206.669392 164.939290
1 196.768541 177.505941
1 204.328503 189.087506
1 211.836927 174.842533
1 189.331589 163.877402
1 203.527437 163.832954
1 193.067098 161.343859
1 201.970054 177.160632
1 203.531713 193.973627
1 193.107182 173.501593
1 196.032144 186.401373
1 216.060535 192.472274
1 198.853969 176.148251
1 192.250519 197.907028
1 194.037276 181.435106
1 199.799649 178.648621
1 181.725132 173.312320
1 183.153069 197.091140
1 188.637822 183.889312
1 189.229870 181.374885
1 199.026631 174.339036
1 211.479674 193.053529
1 199.410362 165.275356
1 200.678000 184.928028
1 178.902086 190.791062
1 199.439138 173.536568
1 210.518514 165.218820
1 185.497611 180.646397
1 198.505473 182.127880
1 182.344040 172.955946
1 194.792092 166.717099
1 186.702925 186.835629
1 203.281993 182.508794
1 215.404842 195.972708
1 209.131122 169.530986
1 205.148379 156.622375
1 203.190361 193.766879
1 210.067252 172.806962
1 171.090992 157.344092
1 217.621872 139.612432
1 193.623307 186.105604
1 225.822813 189.221893
1 185.532915 158.550390
1 224.934736 140.747210
1 225.145943 146.766659
1 265.016081 225.291892
1 167.435997 204.340778
1 227.204220 153.923616
1 199.465117 120.582658
1 199.127737 209.233430
1 187.254365 224.459963
1 218.575650 200.437674
1 176.571127 157.977779
1 187.304571 180.772368
1 184.258909 195.634072
1 151.885191 164.804332
1 200.250371 189.554549
1 211.344364 187.788591
1 187.553713 218.113843
1 199.068291 200.238506
1 260.459458 187.020913
1 172.401239 203.551865
1 218.246264 213.832674
1 196.849472 120.236768
1 221.313412 157.504363
1 217.250353 125.832889
1 186.965852 130.194426
1 184.762135 235.694138
1 145.117118 217.630579
1 198.566317 164.765203
1 226.710719 210.749445
1 197.857003 180.242610
1 148.898405 119.437837
1 197.572689 182.483433
1 181.875567 185.283433
1 172.903424 208.564026
1 218.505934 138.603142
1 232.955166 188.807603
1 182.026373 158.125336
1 171.100888 175.075497
1 191.615600 181.138728
1 202.276424 170.847889
1 234.779453 218.062037
1 260.959188 191.655733
1 178.766544 190.565232
1 149.308949 235.673613
1 193.208633 162.826525
1 257.256377 170.049557
1 229.624856 103.602108
1 237.293092 196.418071
1 207.166961 189.241257
1 225.200698 102.073961
1 162.176268 189.867042
1 192.406260 229.705390
1 169.135444 124.943958
1 257.510633 184.683496
1 229.391999 164.371632
1 239.737318 182.562936
1 171.073826 159.891498
1 128.188427 226.397418
1 199.183724 224.722615
1 186.508055 236.731087
1 120.673003 185.062865
1 169.050017 187.335795
1 221.852027 164.477866
1 185.822874 173.803347
1 246.639218 208.607019
1 165.913016 200.456021
1 208.384478 175.426005
1 90.260382 172.554781
1 183.067017 164.509157
1 255.186952 102.154197
1 162.570365 137.750700
1 208.207942 160.462787
1 234.709818 111.285943
1 145.928420 197.699209
1 169.740075 245.357650
1 193.664274 234.953948
1 227.140732 125.654841
1 229.640885 173.207308
1 229.054378 202.050941
1 248.961735 123.478989
1 224.848756 155.006259
1 251.924245 208.263875
1 201.823343 137.220052
1 236.540687 231.355591
1 176.626919 160.579542
1 209.818330 229.955409
1 235.186718 187.540431
1 250.298671 124.589112
1 276.954574 218.211590
1 181.994106 154.510606
1 200.407939 188.919023
1 249.828899 163.560047
1 186.750607 174.236518
1 149.615576 232.195029
1 173.994761 243.982825
2 51.425367 440.837784
2 43.175214 434.119097
2 75.720087 415.002922
2 60.732494 408.726670
2 68.614963 418.307461
2 78.024736 442.886722
2 67.604440 409.186050
2 50.591738 412.758446
2 45.398665 416.726962
2 56.673980 431.836704
2 39.766784 432.656259
2 54.629899 427.696813
2 39.445893 422.065107
2 59.602518 430.313672
2 64.184752 413.590620
2 80.182577 438.192942
2 70.931752 442.930283
2 61.246465 421.775181
2 60.792721 428.363508
2 61.668450 429.694248
2 53.810192 419.722364
2 56.705041 425.612133
2 56.175670 411.315359
2 83.436392 431.710276
2 56.345963 431.619136
2 62.089104 430.141319
2 43.408837 443.731623
2 65.727367 424.865274
2 71.831915 415.201987
2 61.552714 420.683760
2 54.332525 422.651007
2 65.391002 431.691994
2 45.589576 434.050779
2 63.955935 438.324871
2 40.333242 444.457525
2 47.776520 438.419990
2 81.879786 370.917605
2 67.240116 370.332221
2 62.643798 470.066871
2 75.532695 454.723678
2 41.565388 432.322616
1 313.430396 637.097261
1 137.580917 790.113407
1 154.195366 773.573497
1 148.767415 779.060031
1 148.218661 777.629893
1 139.421185 798.342218
1 138.908182 789.084680
1 146.418749 784.457072
1 160.131038 787.909778
1 158.460107 771.246079
1 146.027089 803.146904
1 157.586055 786.824144
1 151.165851 778.942263
1 154.737368 774.207855
1 153.580006 777.188003
1 164.555545 789.736037
1 161.261873 761.410870
1 163.909595 777.338638
1 146.093343 790.984559
1 140.338804 770.199865
1 135.578839 792.133503
1 153.267474 780.133094
1 150.762099 774.299002
1 129.636304 786.653029
1 147.859911 793.014543
1 150.481933 780.709372
1 130.425149 772.329319
1 147.324617 770.897743
1 170.979326 792.811980
1 143.297630 795.898551
1 154.225798 768.676333
1 146.283493 780.222102
1 156.864742 796.891839
1 161.861036 758.807051
1 128.360333 771.670554
1 157.033526 783.322430
1 154.356766 782.354495
1 171.076966 768.126136
1 149.792901 793.426537
1 155.137713 786.289303
1 144.477388 777.595097
1 165.961065 763.317471
1 160.573092 762.600482
1 171.163035 788.570685
1 173.127505 766.779636
1 158.190983 800.187401
1 181.313840 837.703639
1 136.992415 718.116442
1 161.688091 766.637153
1 158.281263 782.462795
1 174.144797 751.477135
1 131.800149 775.996985
1 157.271229 796.242532
1 188.181365 748.705608
1 140.914495 826.997948
1 174.444972 783.941953
1 163.309913 802.975563
1 154.380485 737.469062
1 131.304406 793.472586
1 135.083647 721.328260
1 101.424528 773.264120
1 83.414516 764.214528
1 110.333616 804.303883
1 110.642449 763.015883
1 172.983849 753.058001
1 160.312949 815.743655
1 136.500788 806.213120
1 177.961755 789.789213
1 125.732828 779.860489
1 153.270259 732.021858
1 162.059164 777.119085
1 100.983727 752.715909
1 173.509104 788.388190
1 171.193713 802.206510
1 156.507126 737.410596
1 121.262768 804.364083
1 163.873349 791.710328
1 111.827031 754.774159
1 134.587579 807.714756
1 203.819125 819.177533
1 154.658602 771.592654
1 161.029147 735.671771
1 134.917679 857.650782
1 148.590380 832.802378
1 122.190345 783.006142
1 124.505575 770.273099
1 126.150116 789.562216
1 153.812389 820.569830
1 112.765715 724.164106
1 198.931263 810.958577
1 114.229128 789.126622
1 135.583362 848.638937
1 181.584387 778.018937
1 167.514660 823.461727
1 165.660017 785.282538
1 145.081439 770.503995
1 124.319598 754.658996
1 103.740721 799.521163
1 143.088600 838.523170
1 144.758053 765.266957
1 147.041453 774.041068
1 170.791905 782.785919
1 157.294216 748.261384
1 185.453707 740.857403
1 147.017788 798.871646
1 119.883972 749.641027
1 132.807320 776.055574
1 132.004255 788.883917
1 186.128524 764.718635
1 138.733564 787.085938
1 175.848512 786.771346
1 162.672241 817.987880
1 177.302811 758.823830
1 128.022529 791.782097
1 185.129167 769.372641
1 211.495011 824.981963
1 154.335297 763.708354
1 117.417578 771.181846
1 120.097675 800.774608
1 96.438080 792.379479
1 68.168421 778.302541
1 103.928824 809.730291
1 218.907481 805.171635
1 140.688899 798.029550
1 187.980907 820.431934
1 164.070500 761.442327
1 187.229398 818.774393
2 499.585782 134.991032
2 484.248733 151.095240
2 487.072859 134.072046
2 483.869978 133.688808
2 492.965995 129.845313
2 518.370217 137.655406
2 500.372290 132.347817
2 493.720714 134.765195
2 500.592111 143.538737
2 509.219396 138.393067
2 509.805614 158.859363
2 494.685072 156.280964
2 512.198795 143.865391
2 498.891104 142.434045
2 503.031665 142.810787
2 503.838197 164.691625
2 482.063822 143.746553
2 496.084056 144.129262
2 491.287710 130.238975
2 493.997559 149.054409
2 505.718363 140.086895
2 516.354893 141.664266
2 492.726283 160.391446
2 497.273132 140.416961
2 487.985610 127.781588
2 480.665799 140.519273
2 491.863470 139.404843
2 484.169628 124.939385
2 500.296424 143.208910
2 502.431803 130.208756
2 488.163780 137.309645
2 507.653555 163.648638
2 490.172815 141.775291
2 497.665782 137.406016
2 504.235634 136.967520
2 507.121802 126.362128
2 504.037112 143.205893
2 519.923327 144.451390
2 495.384363 140.921447
2 520.065446 142.572758
2 485.296409 121.877189
2 495.878229 119.440463
2 499.532163 145.276059
2 486.023560 139.868389
2 461.117275 189.893395
1 396.965906 656.429721
1 409.232629 630.668999
1 407.023245 639.978443
1 393.944144 650.141133
1 399.197276 650.149638
1 405.431374 649.333913
1 399.486811 646.725757
1 399.088965 649.256337
1 399.326209 652.158784
1 411.968041 650.520766
1 398.848586 635.686138
1 391.609420 665.205160
1 399.173399 644.191207
1 409.607785 663.929181
1 389.841955 658.005263
1 400.950645 653.944074
1 396.371375 649.914623
1 381.955513 645.056636
1 398.298446 654.480653
1 405.424793 638.575822
1 381.367666 653.613494
1 410.397212 637.327155
1 401.354440 647.757411
1 390.971265 647.465206
1 405.861198 641.062399
1 398.602001 647.378318
1 394.385557 654.002274
1 393.340697 642.555826
1 401.664526 639.774492
1 408.226809 628.395687
1 415.984239 646.909203
1 399.215922 650.971434
1 423.036678 654.281203
2 556.654560 492.168320
2 559.645556 478.749257
2 542.108217 474.036524
2 559.685605 487.433473
2 563.369408 490.282628
2 573.381410 471.477110
2 559.161220 474.688788
2 557.486451 481.565274
2 556.840378 498.166857
2 563.704203 473.647680
2 558.252617 486.808067
2 558.899972 479.781194
2 548.343974 488.373185
2 569.635254 470.297255
2 565.753896 479.453980
2 568.280122 458.401332
2 552.993692 480.154732
2 536.452940 475.645585
2 545.797056 473.774194
2 567.445625 494.042759
2 562.460124 483.713340
2 543.069621 483.761617
2 558.284391 476.821103
2 547.655082 458.294657
2 561.074381 495.485274
2 563.167474 480.654356
2 557.684401 461.115869
2 552.590856 490.349685
2 560.512513 470.929234
2 563.243376 477.289553
2 544.830961 464.668945
2 553.586758 461.895545
2 567.193653 481.763242
2 559.099342 479.038836
2 580.142647 476.366680
2 565.634408 455.665149
2 557.992754 503.939145
2 580.160206 485.271098
2 564.291244 478.719299
2 548.831643 495.501298
2 545.146850 474.591171
2 568.669514 482.475636
1 425.048578 614.091211
2 549.980479 467.792334
1 446.893168 660.235242
1 400.785326 666.013579
1 380.384253 652.114113
2 554.469412 478.303711
1 395.174429 625.222838
1 381.948970 600.372310
1 403.752123 580.939679
1 428.480539 648.460341
1 386.697501 641.664299
1 427.602257 642.902192
2 575.134091 501.223886
1 420.110134 616.535227
1 407.812288 661.814008
1 388.899174 584.876009
1 373.111799 652.006140
1 399.870070 655.005911
2 556.598265 456.206057
1 397.190420 665.578421
1 421.704140 645.011239
1 447.462949 616.444772
1 412.545209 618.665739
1 348.762308 597.558860
2 559.677706 469.067590
2 580.211658 531.625759
1 455.635257 642.380132
1 464.824020 612.885671
1 379.984592 624.819071
1 388.680734 663.676041
1 361.078172 652.733921
1 362.715922 639.104706
1 409.437241 653.774368
1 380.423302 626.084569
1 350.093578 619.696793
1 394.063686 623.372110
1 440.905441 614.400730
1 416.479407 640.983890
1 393.395503 645.722017
1 379.735338 622.496335
1 358.987879 634.272312
1 405.598221 630.810734
1 422.565888 618.562654
2 558.201762 501.533693
1 401.098295 581.910064
1 435.978370 658.971051
1 368.586911 659.429894
1 393.988178 617.945234
1 407.530941 581.786634
1 357.067548 623.024367
1 403.143638 643.321637
1 457.843376 596.446474
1 466.250719 657.153887
1 386.788072 656.340715
1 352.096313 648.520803
1 392.793906 664.047344
1 414.670399 638.379236
1 356.267692 640.276267
1 397.607644 664.321633
1 394.033160 663.161149
1 425.063136 660.589630
1 419.220864 630.791362
1 416.169945 611.713390
1 426.614058 596.573819
1 413.472600 631.774325
1 403.961493 607.835096
1 395.140382 641.030222
1 354.671051 665.973053
1 369.511238 632.096878
1 395.358166 625.089435
1 380.435682 642.859363
1 474.133362 645.388510
1 339.973451 584.199664
1 369.155551 649.514439
1 425.307234 625.528590
1 436.236293 644.549215
1 356.051161 647.325656
1 375.689816 656.701351
1 384.436710 635.540754
1 398.689542 601.690931
1 340.303258 661.726182
1 362.533100 657.061244
1 392.114856 668.457714
1 394.954126 674.308099
1 410.850476 670.035768
1 395.577588 668.116983
1 575.661683 787.109299
1 554.016372 799.904415
1 566.340280 801.260464
1 570.123937 800.021367
1 591.474880 793.367133
1 567.376086 804.549630
1 560.549366 808.971070
1 587.251436 782.693528
1 587.747347 813.579480
1 583.242380 791.272099
1 572.751738 801.405733
1 552.745377 812.852118
1 564.153244 803.367135
1 566.634687 799.764181
1 581.768991 798.964816
1 577.898006 790.170492
1 574.622078 798.789140
1 573.053080 813.579015
1 584.509425 787.087501
1 572.145453 786.877142
1 555.463841 818.504065
1 589.863390 791.962140
1 568.084256 806.421477
1 556.173005 808.304817
1 572.362892 786.040284
1 554.189676 788.492689
1 565.268759 792.765162
1 570.431892 804.553449
1 553.812317 802.677720
1 566.122417 793.535738
1 556.450136 801.912863
1 558.457108 801.771453
1 553.909713 813.565870
1 551.165307 798.782531
1 588.384833 811.338194
1 564.321143 806.739449
1 563.309108 788.919077
1 546.552111 799.804377
1 570.841369 788.925269
1 569.494965 799.816144
1 577.269699 796.321275
2 402.161750 844.896420
2 411.442228 835.670410
2 409.237313 811.380150
2 399.890100 830.041025
2 400.025746 809.960347
2 405.207302 850.738799
2 397.580039 831.068220
2 401.636197 813.259206
2 401.312932 830.117661
2 387.290173 814.781166
2 399.712033 820.898581
2 402.382769 830.642689
2 397.509522 816.278095
2 411.152661 844.794265
2 395.711069 837.208026
2 390.150597 825.066402
2 399.501159 818.059710
2 398.257724 839.003859
2 376.583223 838.678080
2 382.307555 837.874612
2 416.083383 812.282884
2 385.918454 817.639902
2 412.266138 813.407596
2 399.456228 830.895849
2 413.065501 846.807698
2 415.642324 835.764118
2 408.008256 824.890422
2 390.094158 829.951194
2 398.878255 849.165779
2 401.366324 848.649844
2 401.175089 840.522349
2 398.449407 821.013905
2 402.179150 831.091748
2 405.133892 836.167852
2 418.329704 828.496631
2 400.384027 826.575821
2 391.501291 844.196585
2 402.664223 816.254259
2 402.357607 815.581699
2 393.088402 831.176945
2 382.629465 844.753000
2 406.273939 803.317752
1 579.289491 822.243888
1 581.053924 782.532878
1 528.927183 817.134856
1 595.328503 741.795048
1 561.344019 769.504802
1 591.205300 806.545754
1 544.107851 808.576864
1 533.656875 754.559328
1 601.082365 781.158540
2 424.826227 850.345541
1 432.210605 672.220168
1 509.840471 748.527156
2 379.771360 851.895706
1 454.238227 676.574984
1 546.816668 814.774350
1 531.695332 759.636016
1 567.476333 799.082968
2 407.823042 846.346827
1 580.027578 843.837564
1 415.364528 678.509951
1 559.705096 803.835301
1 396.536180 685.084777
1 575.729468 826.495169
1 421.232451 690.466510
2 414.260438 832.906999
2 447.226275 856.327397
1 600.716304 819.068052
1 544.105647 808.157416
1 425.052864 699.163017
1 556.367501 789.658693
1 606.281880 805.344146
1 575.640104 807.274545
2 433.633753 792.807606
2 416.646163 868.283078
1 549.443737 778.990025
1 622.724652 766.951534
2 395.386319 836.995201
1 522.506360 770.175386
1 565.919335 799.165987
1 543.965576 784.112718
1 526.802485 809.790314
1 592.395422 827.345301
1 532.065178 817.074621
1 383.895489 677.169640
2 387.717970 811.349668
1 471.909116 718.806769
2 444.067846 837.449996
1 569.737550 787.866813
1 396.870816 671.156217
1 573.509868 776.802010
1 575.442958 819.872064
2 382.089695 884.647678
1 517.425685 737.321478
2 402.352253 819.346555
1 540.418407 759.159420
2 410.196875 823.344605
1 626.515682 780.899106
1 452.858768 680.498146
1 406.539300 699.756033
1 546.905520 807.961529
1 563.341893 834.320415
1 557.860654 808.209081
1 554.226796 807.447540
2 411.930440 819.683756
2 368.718731 854.769727
1 558.842490 793.535294
2 357.401956 859.283739
1 383.845112 701.079955
1 619.206622 796.298844
1 591.607190 810.929773
2 367.017227 815.829698
1 555.365473 840.969988
1 572.457175 827.763349
1 530.796181 884.617901
1 600.575328 792.858863
2 494.389290 872.607036
1 596.976575 768.400776
2 366.998470 844.756836
1 555.769211 796.286440
2 428.324566 827.654792
1 550.384582 839.053966
1 610.172680 796.515436
1 558.066178 764.347044
1 548.288759 788.984578
2 527.024875 927.059974
1 354.586617 671.038183
1 554.365649 784.345732
1 587.578166 833.114289
2 401.882264 848.575523
1 508.356824 781.999663
2 384.642434 808.201972
2 408.156962 835.880823
1 595.413484 848.138753
2 443.462193 813.414636
1 570.651042 842.447476
1 548.632311 787.036812
1 534.264384 801.158596
2 436.371718 819.025126
1 575.538919 769.748472
2 348.548260 799.893402
1 579.113717 751.034255
2 384.952903 875.217528
1 582.700835 787.671023
1 580.454461 764.355979
1 547.996055 756.653341
1 544.287461 807.637517
2 396.550488 885.009369
2 376.668866 820.736994
1 525.728468 806.588796
1 530.476961 791.789481
1 414.150584 702.772034
2 390.757144 810.342991
1 602.475015 798.040569
1 365.655715 702.111452
1 604.022494 744.964384
1 583.391850 783.045527
2 424.727832 888.918018
1 573.268423 815.920444
1 555.988538 757.229754
1 515.268432 800.366179
1 510.928950 760.062074
1 585.044704 753.835281
2 400.453949 815.480884
2 413.122521 839.100064
1 415.378339 685.483914
2 374.418540 836.064034
1 612.253965 776.749943
1 584.229563 786.580547
1 406.158668 673.650691
1 578.982805 786.356761
1 544.624516 736.856238
1 588.906046 794.806951
1 513.613087 839.083809
1 516.623174 766.997187
2 359.153642 806.549488
1 445.087024 725.999257
1 524.762511 758.554913
1 524.732410 799.069094
1 619.088334 863.773424
1 557.481839 765.251658
1 609.249655 820.352945
1 431.433864 721.993730
1 420.470006 671.554202
1 402.065492 675.564731
1 592.299174 759.063939
1 599.371165 794.512508
1 527.189576 811.309142
1 410.273122 668.598493
1 588.624720 763.556552
1 593.289224 802.214958
2 421.132155 806.697086
1 572.028221 773.663591
2 416.326099 788.243377
1 541.004250 840.602177
1 609.147778 763.754893
1 586.832561 819.922825
1 421.001377 709.102410
2 391.559932 830.545876
1 539.006826 777.359523
1 547.357273 786.252943
1 403.166844 673.187100
1 568.199331 782.487828
1 632.475207 785.736311
1 604.337721 808.370877
1 393.835326 675.386436
1 498.980443 820.888792
1 547.047684 813.597113
2 363.682391 789.101343
1 506.011718 802.184446
1 542.303835 777.673353
2 423.164904 810.448426
1 602.419044 833.937234
1 568.587589 822.380144
2 372.324111 781.462431
2 405.004717 835.122377
1 419.267413 691.964963
1 575.558348 860.483991
1 418.925784 675.295572
2 374.216295 851.980236
1 616.210616 794.144327
2 452.260836 763.511112
1 605.305172 768.373348
1 561.092171 791.796607
1 617.192452 779.470539
2 420.719633 844.302354
2 443.083780 825.988865
2 386.625902 825.841079
2 372.349572 836.554033
1 542.936066 780.974929
1 592.623160 823.118453
1 561.977279 775.249345
2 370.791444 756.539332
1 559.659709 779.431209
1 379.051751 678.828088
2 384.078355 833.162753
1 518.203015 825.842603
2 426.898325 782.600522
1 611.075685 785.913414
1 509.552199 744.067145
2 386.322386 865.828399
1 536.404702 730.316118
1 546.353572 814.416214
1 454.021891 724.593378
1 385.601192 667.697749
1 617.664226 827.145794
1 615.213754 849.940936
2 358.015262 809.283844
2 389.919197 856.326568
2 409.746765 795.593584
2 399.301022 889.970219
2 436.786999 795.184478
1 616.439779 845.043483
1 569.851936 777.030558
1 536.892185 802.542962
2 393.962502 889.347649
2 373.328632 820.972140
1 426.927130 677.569107
2 402.975611 816.787410
1 479.139801 710.530733
1 488.148860 784.817924
2 392.119200 823.221169
1 589.026182 769.906515
1 581.399466 788.235759
1 548.287961 800.564675
1 421.795618 675.021451
1 510.289377 803.862293
2 388.020721 817.667077
2 393.872102 893.736644
1 572.155744 810.936505
1 475.785966 672.804283
1 486.187007 668.482656
2 399.251403 826.755522
1 421.315868 717.682056
1 455.942429 668.567808
1 535.618265 838.116728
1 476.501277 692.772702
1 564.602036 738.290872
1 544.662347 802.530512
1 566.658976 858.210822
2 387.827800 842.355155
2 432.942280 792.192153
2 418.873988 854.376882
1 595.221727 769.449713
1 508.144503 817.346465
1 417.281288 686.019072
1 545.599185 828.152106
1 503.375331 795.881811
1 544.812445 705.517179
1 526.404906 788.396826
1 570.329175 857.152386
1 538.289120 770.837884
2 426.518839 775.381988
1 472.738082 677.609146
1 510.003197 824.070930
2 411.155165 832.250419
2 388.841656 775.921063
2 387.088197 810.125157
1 822.570945 295.209373
1 821.036917 304.551643
1 829.830806 294.046739
1 821.918281 286.535242
1 827.008361 306.982318
1 819.703925 311.468283
1 819.562622 309.232983
1 802.629404 300.577595
1 819.550908 293.675277
1 816.029020 288.743721
1 823.478148 298.508401
1 821.751465 291.149601
1 815.426318 276.391480
1 825.283169 296.602609
1 820.312877 300.045297
1 820.927539 293.228590
1 822.934482 292.983958
1 828.970412 303.746897
1 820.841994 316.170513
1 815.418058 296.885520
1 819.024018 294.624643
1 818.992631 313.060734
1 819.454788 297.964086
1 839.922837 300.968418
1 814.089782 286.227806
1 814.952164 321.010370
1 825.252307 296.898763
1 803.852044 302.353583
1 823.426854 290.314283
1 799.510615 313.051670
1 837.694861 287.564907
1 831.735188 292.686087
1 805.251090 281.217554
1 834.640377 300.015460
1 822.409595 321.539671
1 803.484546 312.865743
1 821.588987 277.873229
1 814.325253 299.945888
1 826.184956 286.264424
1 836.306129 311.987258
1 841.381660 314.231501
1 806.780161 324.737671
1 821.167219 308.939333
1 791.734887 291.333732
1 810.786613 304.584414
1 797.352126 290.490037
1 818.630954 305.727543
1 847.547773 284.656522
1 890.749109 303.157874
1 841.645895 304.574966
1 855.241321 318.754698
1 805.163973 313.533438
1 833.828675 288.093985
1 873.545986 249.533840
1 802.029083 276.298828
1 838.555938 260.766389
1 851.189654 312.709312
1 807.657179 287.264413
1 806.020319 315.081193
1 812.732265 296.108216
1 805.566404 327.239047
1 841.249288 307.522502
1 814.976650 307.100556
1 801.282628 283.835728
1 806.387214 303.453162
1 809.736922 306.098443
1 837.111006 291.257813
1 830.513188 282.988989
1 809.269765 277.413081
1 855.762332 312.913433
1 844.713527 272.765602
1 801.305494 301.266637
1 818.686908 291.339222
1 801.425585 311.379030
1 802.870507 298.274158
1 797.205712 324.593806
1 878.377382 311.938717
1 812.589494 298.090113
1 813.976259 283.355997
1 830.502790 264.142915
1 816.377202 291.051519
1 831.410017 242.900072
1 836.559619 269.754082
1 851.942197 266.845575
1 873.610364 307.860813
1 858.122243 308.604682
1 841.709144 270.720189
1 835.496556 248.662265
1 874.142119 328.491652
1 826.300118 296.908813
1 843.250702 290.735954
1 804.193872 327.259244
1 790.484738 319.554987
1 798.077213 302.288620
1 871.958075 261.791029
1 817.898347 301.610260
1 822.183743 298.522319
1 866.386510 299.403748
1 845.674267 311.093423
1 828.401598 311.142692
1 841.668455 308.505005
1 820.005891 286.515051
1 798.565149 276.502505
1 826.981857 324.940654
1 844.239210 325.978461
1 823.353829 216.056105
1 828.224933 285.174150
1 856.796182 253.970704
1 803.824520 315.338321
1 817.847880 273.227963
1 827.856902 266.199226
1 866.823541 320.678987
1 815.427629 261.873105
1 835.033668 329.208689
1 859.163722 279.774254
1 776.058478 241.319939
1 834.555599 303.317923
1 819.482237 312.463403
1 853.437976 256.583612
1 810.029943 285.084647
1 833.410345 292.394385
1 838.024524 264.269594
1 822.193555 260.254219
1 852.663144 296.216907
1 771.829097 244.221975
1 819.555775 326.966762
1 832.591015 247.127670
1 860.492175 228.416466
1 808.899528 282.592848
1 814.237031 326.894939
1 830.735072 245.029862
1 883.259465 300.485928
1 815.987792 290.033905
1 867.101730 325.634578
1 798.249894 250.000152
1 891.822741 279.156444
1 798.650314 313.826630
1 857.886793 312.371249
1 863.419682 292.942056
1 828.781352 302.799055
1 777.102202 264.257785
1 813.161033 277.722086
1 784.502745 306.206600
1 835.411437 283.808472
1 837.930103 248.013833
1 789.122513 274.655836
1 858.961625 261.995117
2 840.676232 608.621616
2 852.475574 633.410839
2 846.066883 625.840064
2 851.954105 627.968782
2 854.026035 648.220403
2 853.077069 632.163393
2 838.369887 634.561641
2 841.955730 613.519406
2 866.584727 624.813974
2 828.963805 622.449259
2 852.416090 642.763955
2 837.016986 614.694498
2 840.738615 643.357703
2 843.478089 641.697435
2 838.721206 644.038280
2 863.400528 639.149061
2 859.753973 642.335668
2 837.233535 635.162835
2 850.632442 625.157595
2 853.359522 611.015333
2 850.418268 615.658842
2 858.067359 619.559308
2 857.351504 643.163369
2 850.318600 639.521488
2 835.521914 631.914579
2 856.027421 643.177058
2 837.884820 636.400251
2 853.265255 626.674026
2 850.192135 635.737483
2 854.054095 633.278565
2 849.995893 630.763458
2 846.559716 642.299393
2 834.979246 636.262926
2 846.730506 607.687930
2 842.090755 638.151091
2 850.868218 630.077384
2 841.498960 633.550477
2 831.691895 631.432495
1 843.986186 345.080990
1 795.729749 342.675800
1 864.763296 349.232470
1 855.967387 335.476532
1 782.066029 351.566618
1 850.226378 343.398772
1 813.920644 345.397376
1 818.652413 340.473984
1 830.592299 352.966490
