1 202.078525 179.315206
1 186.819888 180.064576
1 214.176846 164.074055
1 182.952212 174.534474
1 206.669392 164.939290
1 210.958168 179.125455
1 193.067098 161.343859
1 209.442568 186.467994
1 216.060535 192.472274
1 192.250519 197.907028
1 181.725132 173.312320
1 188.637822 183.889312
1 211.479674 193.053529
1 199.410362 165.275356
1 200.678000 184.928028
1 185.497611 180.646397
1 198.505473 182.127880
1 186.702925 186.835629
1 203.281993 182.508794
1 205.148379 156.622375
1 230.449966 181.403236
1 235.314491 149.543676
1 256.471947 135.369795
1 208.394511 173.417644
1 204.750893 154.034966
1 205.452134 151.981514
1 179.875745 193.869858
1 208.133860 144.147835
1 167.016543 198.367366
1 195.765327 142.121057
1 206.074284 198.615643
1 165.354668 200.139952
1 150.355592 171.934181
1 118.546775 153.473202
1 197.645881 177.771449
1 167.626795 203.883628
1 179.995626 119.030990
1 242.552319 142.490557
1 199.875189 184.710722
1 217.571529 193.598015
1 190.355851 209.009450
1 191.028244 165.380402
1 144.111043 187.008229
1 152.925268 166.644612
1 159.260588 205.600753
1 189.643129 149.821380
1 198.202448 185.321404
1 193.146398 250.175890
1 228.934275 135.604862
1 173.501596 148.428936
1 193.217970 188.590907
1 180.655707 168.065591
1 263.314830 136.022121
1 223.258156 168.243957
1 156.723185 159.545024
1 193.453099 170.226401
1 177.871623 127.229814
1 174.406833 153.438610
1 235.864954 146.375902
1 172.696559 186.338702
1 299.825271 147.128140
1 184.797509 101.292338
1 122.218906 189.496725
1 151.035888 212.500575
1 199.045018 204.833631
1 304.105328 119.494077
1 147.599467 210.879451
1 230.588524 199.572436
1 184.831732 171.000091
1 170.399699 77.543958
1 218.633020 133.522690
1 124.355572 211.947722
2 59.664177 453.414726
2 50.576305 436.787278
2 51.425367 440.837784
2 43.175214 434.119097
2 75.720087 415.002922
2 58.804816 428.815023
2 63.347146 425.863559
2 60.732494 408.726670
2 72.406240 438.663397
2 68.614963 418.307461
2 78.024736 442.886722
2 67.604440 409.186050
2 56.673980 431.836704
2 64.811656 413.906890
2 39.766784 432.656259
2 54.629899 427.696813
2 39.445893 422.065107
2 64.010856 425.553187
2 59.602518 430.313672
2 80.182577 438.192942
2 70.931752 442.930283
2 61.246465 421.775181
2 60.792721 428.363508
2 61.668450 429.694248
2 53.810192 419.722364
2 56.705041 425.612133
2 56.175670 411.315359
2 63.494198 428.757342
2 83.436392 431.710276
2 56.345963 431.619136
2 62.089104 430.141319
2 43.408837 443.731623
2 62.548742 428.029501
2 65.727367 424.865274
2 54.176240 408.216230
2 54.332525 422.651007
2 65.391002 431.691994
2 63.955935 438.324871
2 40.333242 444.457525
2 83.859896 425.730642
2 102.929125 408.915055
2 46.818834 410.760540
1 325.914336 651.917325
2 29.217778 367.259745
2 90.317121 456.086996
1 148.218661 777.629893
1 139.421185 798.342218
1 146.027089 803.146904
1 153.580006 777.188003
1 164.555545 789.736037
1 149.508251 763.863873
1 136.628337 785.524255
1 140.338804 770.199865
1 135.578839 792.133503
1 153.267474 780.133094
1 129.636304 786.653029
1 147.859911 793.014543
1 147.324617 770.897743
1 170.979326 792.811980
1 156.864742 796.891839
1 128.360333 771.670554
1 154.356766 782.354495
1 149.792901 793.426537
1 144.477388 777.595097
1 165.961065 763.317471
1 172.000828 778.035907
1 160.177503 792.109954
1 168.117062 765.434463
1 113.507244 781.564506
1 120.681922 752.476021
1 179.964167 817.632880
1 195.425787 739.423201
1 138.665479 810.388108
1 141.016059 766.221931
1 145.064382 806.216398
1 111.461385 813.634555
1 171.311095 786.315954
1 103.211141 812.671880
1 191.109624 850.356866
1 150.696234 825.865516
1 125.836371 787.213152
1 189.411865 789.661315
1 184.304502 757.204578
1 193.329006 762.661414
2 316.966016 812.071961
1 119.690267 799.226894
2 310.163870 899.997179
1 161.758516 800.151234
1 139.971738 818.427483
2 294.543333 900.744337
1 134.989380 789.384454
1 116.283776 727.261034
1 161.642221 757.926385
1 205.105773 732.463501
1 213.379094 788.968766
1 167.581543 804.781888
1 120.051892 833.883845
1 147.145166 800.298546
1 130.712618 730.283033
1 99.970125 800.974419
1 136.946686 837.116754
1 316.769576 699.982258
1 167.514362 821.862360
1 147.135897 827.051127
1 129.064827 836.286486
1 127.194400 809.036809
2 499.585782 134.991032
2 484.248733 151.095240
2 487.072859 134.072046
2 506.632547 149.885286
2 492.965995 129.845313
2 518.370217 137.655406
2 487.886167 155.139001
2 493.720714 134.765195
2 500.592111 143.538737
2 509.805614 158.859363
2 494.685072 156.280964
2 493.952420 155.236588
2 512.198795 143.865391
2 498.891104 142.434045
2 503.031665 142.810787
2 503.838197 164.691625
2 482.063822 143.746553
2 496.084056 144.129262
2 491.287710 130.238975
2 493.997559 149.054409
2 505.718363 140.086895
2 516.354893 141.664266
2 487.985610 127.781588
2 480.665799 140.519273
2 491.863470 139.404843
2 484.169628 124.939385
2 500.296424 143.208910
2 502.431803 130.208756
2 488.163780 137.309645
2 507.653555 163.648638
2 490.172815 141.775291
2 504.235634 136.967520
2 507.121802 126.362128
2 504.037112 143.205893
2 519.923327 144.451390
2 507.237126 134.154348
2 497.827101 132.321328
2 520.065446 142.572758
2 485.296409 121.877189
2 495.878229 119.440463
2 499.532163 145.276059
2 486.023560 139.868389
2 516.153479 130.286778
2 511.107720 166.385524
1 414.159271 654.484542
1 396.965906 656.429721
1 405.431374 649.333913
1 391.300101 656.779568
1 399.486811 646.725757
1 411.968041 650.520766
1 398.848586 635.686138
1 408.133576 630.837110
1 399.641320 649.664334
1 396.906714 642.965381
1 396.371375 649.914623
1 381.955513 645.056636
1 398.298446 654.480653
1 381.367666 653.613494
1 410.397212 637.327155
1 390.971265 647.465206
1 394.385557 654.002274
1 395.338749 637.154486
1 403.421915 634.225238
1 415.984239 646.909203
2 556.654560 492.168320
2 566.327921 479.929622
2 559.645556 478.749257
2 542.108217 474.036524
2 559.685605 487.433473
2 563.369408 490.282628
2 573.381410 471.477110
2 559.161220 474.688788
2 557.486451 481.565274
2 556.840378 498.166857
2 563.704203 473.647680
2 558.252617 486.808067
2 558.899972 479.781194
2 548.343974 488.373185
2 559.745212 479.979779
2 569.635254 470.297255
2 565.753896 479.453980
2 552.993692 480.154732
2 536.452940 475.645585
2 545.797056 473.774194
2 543.069621 483.761617
2 558.284391 476.821103
2 547.655082 458.294657
2 563.167474 480.654356
2 566.168079 497.857587
2 557.684401 461.115869
2 552.590856 490.349685
2 560.512513 470.929234
2 563.243376 477.289553
2 542.971177 465.114985
2 544.830961 464.668945
2 564.947799 458.268381
2 567.193653 481.763242
2 559.099342 479.038836
2 580.142647 476.366680
2 565.634408 455.665149
2 557.992754 503.939145
2 580.160206 485.271098
2 564.291244 478.719299
2 548.831643 495.501298
2 544.664903 471.243575
2 545.146850 474.591171
2 568.669514 482.475636
1 417.401382 655.954429
1 417.090855 648.967234
2 549.233075 440.490015
1 433.189026 642.599977
1 423.776863 648.435852
1 412.791975 633.826398
1 397.163250 619.931798
1 427.222299 643.738387
1 403.214123 664.117709
1 433.159040 626.734080
2 556.778267 520.234335
1 416.910633 655.672058
1 369.666050 596.707427
1 408.949732 661.129399
1 355.611618 606.822467
1 422.130698 611.846584
1 394.980757 646.126831
1 374.534046 649.743964
1 397.385967 645.070916
1 424.222414 620.058254
1 416.587747 626.310714
2 569.927056 456.967363
1 462.306674 641.667319
2 573.509863 466.601334
1 388.612501 579.529083
2 506.916994 467.872112
1 394.132977 658.383008
1 376.142849 656.414608
2 601.915358 462.320363
1 371.403426 655.509970
1 367.838501 666.392263
1 399.638890 639.825545
1 423.626897 650.921230
1 353.923439 664.479031
1 373.350735 623.977676
1 420.888914 640.421921
2 642.301380 505.727987
1 356.951597 616.710392
1 410.348932 598.822383
1 422.383729 661.067601
1 370.780373 659.242456
1 381.868149 618.413465
1 406.546796 617.148065
1 479.223380 621.443048
1 430.235301 599.716730
2 539.999448 515.059086
1 429.274131 645.852143
1 409.833565 623.568970
1 382.977566 653.645054
1 407.583556 630.746750
1 425.928119 652.868457
1 454.314484 633.535914
1 408.133731 599.694341
1 427.577270 623.231070
1 430.011501 645.183581
1 372.063403 613.366603
1 404.796238 600.849358
1 390.302286 600.813113
1 374.804461 579.093915
1 361.391692 643.533552
1 424.168037 635.848317
1 410.850476 670.035768
1 394.221399 669.527537
1 575.661683 787.109299
1 554.016372 799.904415
1 581.751516 787.336215
1 591.474880 793.367133
1 587.251436 782.693528
1 587.747347 813.579480
1 566.634687 799.764181
1 581.768991 798.964816
1 572.759855 799.243772
1 583.571398 807.125762
1 584.509425 787.087501
1 574.188549 798.183811
1 589.863390 791.962140
1 556.173005 808.304817
1 559.722450 798.231480
1 565.268759 792.765162
1 570.431892 804.553449
1 556.450136 801.912863
1 558.457108 801.771453
1 563.309108 788.919077
1 578.038975 812.878854
1 569.494965 799.816144
1 577.269699 796.321275
2 389.538227 833.879714
2 402.161750 844.896420
2 411.442228 835.670410
2 409.237313 811.380150
2 387.390942 851.011779
2 400.025746 809.960347
2 405.207302 850.738799
2 397.114311 827.173351
2 397.580039 831.068220
2 401.636197 813.259206
2 401.312932 830.117661
2 387.290173 814.781166
2 399.712033 820.898581
2 402.382769 830.642689
2 411.152661 844.794265
2 395.711069 837.208026
2 390.150597 825.066402
2 399.501159 818.059710
2 398.257724 839.003859
2 382.307555 837.874612
2 416.083383 812.282884
2 385.918454 817.639902
2 399.456228 830.895849
2 415.642324 835.764118
2 408.008256 824.890422
2 390.094158 829.951194
2 398.878255 849.165779
2 401.366324 848.649844
2 399.819838 837.191383
2 405.832256 845.406995
2 398.449407 821.013905
2 402.179150 831.091748
2 418.329704 828.496631
2 400.384027 826.575821
2 402.664223 816.254259
2 402.357607 815.581699
2 393.088402 831.176945
2 397.917414 854.296024
2 388.306593 841.258806
2 382.629465 844.753000
1 396.237143 671.171018
2 408.841005 863.504302
2 386.253625 888.034460
1 466.098001 691.269542
1 378.943217 680.321082
1 404.884906 671.798470
2 373.730048 795.767124
1 361.487539 704.037968
2 377.737119 831.930907
1 600.144823 777.720627
1 370.997540 699.351139
2 382.453992 870.614402
2 414.503605 784.131401
1 550.070200 837.942057
2 408.201822 849.937555
1 547.142420 796.126989
1 575.392853 808.236152
1 370.625529 668.446825
2 399.819492 790.467715
1 551.718153 780.296827
2 339.269117 799.424845
1 560.056490 800.608709
1 561.948364 799.650196
1 543.568812 777.527299
1 603.046363 780.130752
1 456.655490 679.204214
1 578.271616 774.084415
1 527.387572 779.582795
1 594.094536 758.405960
1 616.412340 867.581709
1 566.944970 746.955579
1 402.466707 666.902350
1 502.415517 800.981603
2 378.173548 793.382064
1 504.778516 783.109655
1 571.203177 717.413398
1 551.742012 841.477239
1 585.731007 781.626872
1 616.332514 787.550525
2 372.434196 815.926907
2 417.543682 794.915655
2 403.056707 806.385746
1 645.897082 831.275035
2 430.317356 823.267494
2 351.421807 845.885243
1 600.394577 794.886790
2 362.321866 815.327441
2 415.648699 860.389639
2 393.186323 837.675952
2 361.061751 881.755530
1 552.985161 820.286215
2 393.365000 834.108316
2 388.824440 814.939188
1 530.236167 784.884646
1 599.699338 799.950192
1 604.119801 738.214817
1 597.911284 791.425836
1 566.154844 848.959897
1 405.628865 683.285483
1 554.740902 833.502526
1 607.928214 838.821927
1 590.661465 816.385091
2 375.811317 884.919354
1 636.422182 737.275949
1 599.315916 812.538065
1 560.904120 820.468578
2 399.016177 809.854083
2 347.820407 783.041722
1 589.622040 787.288890
1 590.582643 819.530224
1 600.724992 757.173772
1 546.659613 837.476261
1 516.302326 830.113416
1 429.417939 692.262237
1 384.185967 675.080031
2 388.678638 819.211998
2 380.059151 836.146938
1 513.069367 865.304972
1 567.833983 795.710548
2 365.523809 853.272918
1 597.198877 857.342307
1 573.000972 794.886572
2 426.309211 834.373647
1 560.316154 795.354432
1 590.465649 849.741681
1 422.462081 678.336250
2 387.793057 912.448210
2 387.327965 729.755710
1 525.728765 802.882792
1 597.816088 834.867299
2 396.137922 810.878405
2 445.947822 833.271703
1 545.476779 817.213904
1 592.902280 804.796349
2 395.826175 807.756195
1 625.109165 761.818796
1 626.491468 818.786113
1 543.328789 844.976933
1 512.314055 826.943223
2 418.468413 827.653882
2 442.931981 882.138633
1 554.597241 812.683330
2 427.583118 845.026565
2 384.575638 851.105710
2 426.056375 844.955468
1 619.934973 840.245542
2 431.200164 820.258520
1 530.011408 805.975926
1 366.669153 706.645098
1 413.238342 679.812188
1 638.065320 760.534127
1 553.938925 785.436166
2 362.802771 814.909144
2 411.592479 781.058496
1 511.757265 820.322061
1 541.374163 766.403040
1 447.023122 674.466081
2 412.154357 835.047686
1 570.934160 856.310679
1 398.388239 680.967185
1 403.680391 703.591996
1 525.817469 760.915034
1 585.161194 832.991434
2 390.734177 840.830835
1 493.024711 860.382049
2 365.023783 841.443513
2 381.960486 833.012987
1 346.672470 670.111271
2 399.782062 782.572904
2 428.682024 825.742717
2 396.912590 851.305386
2 432.907160 856.523040
1 574.145206 821.130005
2 414.019329 821.323157
2 377.220154 831.830456
1 562.707007 821.050540
1 558.813796 757.723615
2 433.479329 906.163976
1 540.515033 841.353651
1 582.117648 803.839192
1 561.663941 782.299293
1 589.931982 817.306431
1 575.603063 881.500826
1 440.828907 704.018259
2 408.953723 847.640170
2 399.965066 764.290583
1 484.310087 794.296533
1 617.784910 890.001480
1 568.669458 797.974078
1 395.567926 688.874877
2 354.751000 836.163812
1 641.439398 771.423380
1 531.723902 775.733962
1 420.271032 717.239706
2 374.240021 706.715273
2 471.703824 846.788776
2 370.420256 750.243291
2 385.926284 847.415549
1 541.360572 791.479347
2 362.105898 771.975002
1 346.662535 708.580376
1 380.826854 700.584094
1 564.256957 845.386675
1 543.875167 775.703532
1 568.611160 830.549500
2 415.063694 855.009078
1 512.596019 871.021088
1 421.347475 688.228983
1 614.042018 798.616561
1 502.628197 797.340098
2 375.085823 746.600331
2 404.688318 714.838780
1 511.489642 841.549114
2 372.282202 854.555966
1 594.360564 827.552864
2 390.226351 807.409865
2 406.276717 833.949134
1 578.747530 796.072131
2 381.452637 776.942676
2 452.143825 834.927607
2 430.362484 859.822688
2 416.639214 888.024957
2 413.999000 849.790593
1 597.243004 782.486518
1 506.627584 810.182089
1 549.367084 858.881761
1 567.083997 763.849056
2 397.143801 818.921012
1 532.610098 759.346874
1 538.382723 818.781726
2 411.382926 834.532600
1 544.650706 867.860149
1 536.128663 855.197690
2 399.453031 827.980294
1 567.819115 834.403884
2 389.394136 831.422159
2 408.603938 762.415178
1 617.732320 813.785774
2 440.445711 769.850669
1 392.541714 687.276866
1 376.923405 671.862893
2 354.683681 732.419514
2 381.209193 795.316509
2 382.955549 818.883231
2 400.321250 817.090517
2 368.278280 812.158116
2 378.792168 804.827833
1 490.894659 783.643334
1 571.608759 786.324486
1 623.587904 792.904920
1 583.169591 770.955725
1 517.777806 917.937131
1 614.726814 742.450343
1 645.240737 802.994706
1 458.108872 801.016663
2 383.291606 861.450497
1 623.682110 803.894424
1 559.454952 773.511359
1 609.544500 711.390812
1 645.840192 782.992375
1 550.042897 858.902457
1 511.285607 883.348354
1 611.309590 818.040624
2 457.571078 795.817032
1 469.554126 823.461916
2 398.534826 842.168493
1 540.917890 849.321853
1 553.773286 722.193121
2 397.336556 829.017351
1 611.908850 830.159338
2 430.766910 780.668415
1 575.906096 726.545129
2 341.537023 866.719011
1 366.278146 674.148752
1 598.439851 774.676735
1 590.992258 794.188770
2 380.557662 827.974804
2 446.810429 886.046040
2 362.111233 830.124021
1 551.789627 816.464881
1 604.329596 796.860980
2 380.372292 850.669372
2 389.006493 766.467529
1 565.855558 788.371389
2 392.816038 806.069945
1 524.780778 855.474875
2 400.039418 739.549323
2 437.932655 814.980320
1 594.040096 760.073717
2 372.718818 924.675371
1 372.031063 715.119933
2 425.639472 784.243589
2 454.815566 820.842081
2 390.080225 850.928742
1 509.295054 839.866487
2 346.859161 753.653181
2 440.297459 800.024012
1 582.692723 790.027233
1 537.453378 803.401458
1 822.570945 295.209373
1 821.918281 286.535242
1 819.703925 311.468283
1 839.125300 303.166866
1 816.029020 288.743721
1 823.478148 298.508401
1 821.751465 291.149601
1 818.087407 302.558102
1 818.450751 282.660983
1 804.173060 292.202385
1 815.418058 296.885520
1 819.024018 294.624643
1 831.099042 306.238499
1 825.252307 296.898763
1 809.983797 301.390875
1 799.510615 313.051670
1 831.735188 292.686087
1 803.484546 312.865743
1 814.325253 299.945888
1 826.184956 286.264424
1 749.819474 317.381029
1 851.953922 288.834415
1 825.748317 294.722920
1 803.590247 316.528698
1 800.583093 297.978175
1 801.222083 316.700556
1 761.576118 299.889419
1 786.415763 303.958278
1 806.679405 308.187742
1 812.292555 280.274579
1 788.844567 260.822041
1 840.381591 316.994146
1 779.935037 323.753865
1 866.101938 296.677092
1 808.727226 322.050600
1 802.630066 297.823115
1 802.198393 330.838215
1 865.012303 294.223997
1 831.356497 323.793251
1 777.884069 283.918972
1 806.659829 288.121848
1 800.412556 257.387206
1 816.114651 293.433245
1 794.949148 279.018234
1 801.260579 247.268264
1 779.162272 251.624372
1 847.817727 304.144366
1 815.429620 326.585851
1 811.450303 329.005977
1 838.375229 302.345278
1 762.154911 307.447834
1 760.361880 331.013427
1 793.527902 305.879893
1 841.579851 296.812403
1 826.257334 304.514378
1 769.147459 302.896451
1 815.086132 283.587054
1 773.943254 299.123180
1 805.591861 309.985980
1 810.555263 240.708652
1 782.319959 284.159635
1 836.473531 286.533681
1 858.977170 246.423661
1 795.623346 277.046932
1 781.799446 319.322711
1 822.931945 305.086633
2 840.676232 608.621616
2 852.475574 633.410839
2 846.066883 625.840064
2 851.954105 627.968782
2 854.026035 648.220403
2 839.991632 615.530566
2 853.077069 632.163393
2 841.955730 613.519406
2 828.963805 622.449259
2 852.416090 642.763955
2 837.016986 614.694498
2 840.738615 643.357703
2 843.478089 641.697435
2 838.721206 644.038280
2 863.400528 639.149061
2 859.753973 642.335668
2 837.233535 635.162835
2 853.881323 619.546542
2 850.632442 625.157595
2 853.359522 611.015333
2 850.418268 615.658842
2 858.067359 619.559308
2 857.351504 643.163369
2 850.318600 639.521488
2 835.521914 631.914579
2 850.077215 631.957816
2 856.027421 643.177058
2 852.373098 634.690302
2 851.245743 630.290808
2 836.293860 616.051164
2 837.884820 636.400251
2 853.265255 626.674026
2 848.812040 628.612968
2 849.995893 630.763458
2 834.979246 636.262926
2 855.763583 644.513919
2 846.730506 607.687930
2 856.436795 633.342058
2 850.444308 630.218780
2 841.498960 633.550477
2 831.691895 631.432495
1 786.169859 354.090501
1 844.456897 346.011816
1 808.202252 362.761163
2 864.373325 654.016011
1 823.676529 350.595514
1 764.381491 342.485680
1 792.725306 365.193489
1 795.863740 374.974341
1 814.296446 357.223607
1 834.275456 380.534193
1 803.196362 340.793870
1 805.276657 345.838628
1 866.382993 334.837696
1 769.208784 392.053357
1 849.022761 393.438128
1 760.429810 416.405866
1 789.444958 335.721993
1 825.019157 338.784626
1 670.600041 818.577245
