1 202.078525 179.315206
1 186.819888 180.064576
1 214.176846 164.074055
1 182.952212 174.534474
1 206.669392 164.939290
1 196.768541 177.505941
1 204.328503 189.087506
1 210.958168 179.125455
1 211.836927 174.842533
1 189.331589 163.877402
1 203.527437 163.832954
1 193.067098 161.343859
1 199.534577 179.521387
1 201.970054 177.160632
1 209.442568 186.467994
1 180.724814 194.967207
1 203.531713 193.973627
1 193.107182 173.501593
1 196.032144 186.401373
1 216.060535 192.472274
1 198.853969 176.148251
1 192.250519 197.907028
1 194.037276 181.435106
1 199.799649 178.648621
1 181.725132 173.312320
1 183.153069 197.091140
1 188.637822 183.889312
1 189.229870 181.374885
1 199.026631 174.339036
1 190.123317 178.772194
1 211.479674 193.053529
1 201.737982 180.358956
1 199.410362 165.275356
1 200.678000 184.928028
1 178.902086 190.791062
1 199.439138 173.536568
1 210.518514 165.218820
1 201.121318 185.842062
1 185.497611 180.646397
1 198.505473 182.127880
1 182.344040 172.955946
1 194.792092 166.717099
1 186.702925 186.835629
1 203.281993 182.508794
1 215.404842 195.972708
1 209.131122 169.530986
1 205.148379 156.622375
1 203.190361 193.766879
1 201.587909 182.185522
1 210.067252 172.806962
1 224.940230 203.061955
1 199.027201 158.522772
1 177.387349 147.704001
1 226.628046 114.394220
1 198.153489 144.662140
1 203.012803 172.402234
1 193.413516 142.281167
1 189.314862 134.698357
1 174.284372 96.395461
1 184.172050 193.669269
1 238.533389 134.245169
1 204.306252 184.311368
1 166.650685 217.870599
1 189.725680 167.506338
1 134.728141 150.040282
1 177.675350 148.803930
1 170.656861 149.690420
1 201.280560 182.397200
1 187.625790 180.044959
1 239.993823 169.470317
1 201.202343 137.176754
1 176.368947 188.436164
1 263.146169 148.551988
1 149.057841 147.304405
1 215.500648 158.928795
1 132.015266 181.849872
1 203.655412 225.855995
1 190.493394 93.835455
1 201.108330 166.757875
1 222.237027 158.718457
1 237.557040 233.130580
1 198.710161 234.479255
1 172.246457 187.177933
1 194.450398 178.552550
1 223.238883 153.951603
1 201.931526 173.237359
1 192.756783 164.786491
1 195.430752 162.654115
1 150.639629 86.943250
1 161.758047 161.579454
1 156.851392 225.983686
1 180.741116 163.298681
1 229.576692 154.226710
1 197.685029 201.283383
1 230.063633 154.671997
1 195.243976 166.600213
1 129.361620 182.875802
1 195.083110 183.706128
1 213.852236 124.094661
1 187.393012 181.142180
1 142.036744 205.072641
1 203.993806 240.362786
1 175.225108 155.402082
1 213.339569 173.972691
1 145.393814 142.260280
1 205.485460 146.577027
1 223.670722 176.777422
1 226.619299 102.459110
1 177.883390 133.533089
1 172.358421 80.769228
1 199.525018 151.775123
1 72.665681 139.680592
1 201.657750 181.279004
1 279.844323 160.067760
2 59.664177 453.414726
2 50.576305 436.787278
2 58.482343 434.984402
2 51.425367 440.837784
2 43.175214 434.119097
2 75.720087 415.002922
2 58.804816 428.815023
2 63.347146 425.863559
2 60.732494 408.726670
2 72.406240 438.663397
2 68.614963 418.307461
2 78.024736 442.886722
2 67.604440 409.186050
2 50.591738 412.758446
2 64.626408 427.958435
2 74.532559 427.224107
2 45.398665 416.726962
2 56.673980 431.836704
2 64.811656 413.906890
2 39.766784 432.656259
2 54.629899 427.696813
2 39.445893 422.065107
2 64.010856 425.553187
2 59.602518 430.313672
2 64.184752 413.590620
2 80.182577 438.192942
2 70.931752 442.930283
2 61.246465 421.775181
2 60.792721 428.363508
2 61.668450 429.694248
2 53.810192 419.722364
2 56.705041 425.612133
2 56.175670 411.315359
2 63.494198 428.757342
2 83.436392 431.710276
2 56.345963 431.619136
2 62.089104 430.141319
2 43.408837 443.731623
2 62.548742 428.029501
2 65.727367 424.865274
2 71.831915 415.201987
2 61.552714 420.683760
2 54.176240 408.216230
2 54.332525 422.651007
2 65.391002 431.691994
2 45.589576 434.050779
2 63.955935 438.324871
2 40.333242 444.457525
2 47.776520 438.419990
2 83.859896 425.730642
2 104.570006 389.179323
2 60.189125 421.225343
2 132.176866 380.403158
2 40.995523 429.709460
2 58.567543 446.278898
1 137.580917 790.113407
1 154.195366 773.573497
1 148.767415 779.060031
1 148.218661 777.629893
1 139.421185 798.342218
1 138.908182 789.084680
1 146.418749 784.457072
1 160.131038 787.909778
1 150.308837 780.140365
1 157.117436 792.632554
1 158.460107 771.246079
1 146.027089 803.146904
1 157.586055 786.824144
1 151.165851 778.942263
1 154.737368 774.207855
1 153.580006 777.188003
1 164.555545 789.736037
1 150.928066 781.749938
1 161.261873 761.410870
1 149.508251 763.863873
1 144.243613 785.552113
1 163.909595 777.338638
1 146.093343 790.984559
1 136.628337 785.524255
1 140.338804 770.199865
1 135.578839 792.133503
1 135.556030 777.083723
1 153.267474 780.133094
1 150.762099 774.299002
1 129.636304 786.653029
1 147.859911 793.014543
1 150.481933 780.709372
1 130.425149 772.329319
1 147.324617 770.897743
1 165.789670 780.267917
1 170.979326 792.811980
1 143.297630 795.898551
1 154.225798 768.676333
1 146.283493 780.222102
1 156.864742 796.891839
1 161.861036 758.807051
1 128.360333 771.670554
1 157.033526 783.322430
1 154.356766 782.354495
1 171.076966 768.126136
1 149.792901 793.426537
1 155.137713 786.289303
1 144.477388 777.595097
1 165.961065 763.317471
1 160.573092 762.600482
1 172.714653 750.050414
1 131.286228 738.430964
1 175.991486 754.050724
1 131.309745 835.260855
1 170.739719 767.834583
1 101.560538 756.767820
1 164.781810 739.598589
1 108.474115 737.808930
1 138.465266 771.912595
1 107.107292 784.451526
1 146.498353 767.748695
1 151.489171 846.561618
1 161.302959 789.584962
1 140.422576 807.954276
1 165.601438 719.665258
1 200.368736 740.587126
1 164.639736 771.874707
1 139.085880 774.452483
1 93.223496 768.902341
1 149.751307 801.083746
1 134.454143 768.482755
1 159.492985 818.337708
1 268.043266 755.057495
1 171.281447 790.375200
1 205.169958 803.675395
1 152.278688 772.128683
2 323.718543 872.827531
1 173.671964 817.869963
1 155.306629 830.946277
1 92.563215 765.946978
1 110.972075 842.942115
1 177.191800 810.946703
1 157.705388 799.276766
1 158.210721 788.048721
1 107.457664 751.667632
1 151.968541 781.823636
1 116.001017 793.679924
1 156.231441 741.381925
1 169.277010 789.630312
1 169.952656 745.082632
1 134.957782 735.372582
1 176.178431 765.336119
1 132.757126 761.867579
1 157.269577 761.222074
1 119.186212 827.995895
1 109.132185 738.336595
1 155.253380 777.468330
1 155.711721 778.325148
1 81.969456 801.380546
1 144.341189 752.217786
1 203.382018 821.996166
1 100.276952 847.037475
1 132.442730 833.448487
1 152.360691 813.494770
1 157.124217 832.948516
1 158.950812 738.314646
1 137.922441 826.650203
1 169.183633 780.893389
1 160.617950 842.093987
1 164.502412 821.468747
1 180.740358 804.281794
1 148.601086 755.275586
1 205.841308 779.080342
1 124.173122 769.432033
1 129.134206 792.087781
1 154.734577 744.877984
1 237.691113 807.604627
1 179.982739 834.751459
1 118.275967 797.692439
1 83.651096 801.992559
1 197.365905 737.827645
1 170.864417 714.313309
1 171.074871 766.049239
1 128.161626 893.652210
1 77.761375 764.121230
2 499.585782 134.991032
2 484.248733 151.095240
2 487.072859 134.072046
2 483.869978 133.688808
2 506.632547 149.885286
2 492.965995 129.845313
2 518.370217 137.655406
2 500.372290 132.347817
2 487.886167 155.139001
2 493.720714 134.765195
2 500.592111 143.538737
2 509.219396 138.393067
2 509.805614 158.859363
2 494.685072 156.280964
2 516.707945 155.811111
2 493.952420 155.236588
2 512.198795 143.865391
2 498.891104 142.434045
2 503.031665 142.810787
2 503.838197 164.691625
2 482.063822 143.746553
2 496.084056 144.129262
2 491.287710 130.238975
2 493.997559 149.054409
2 505.718363 140.086895
2 516.354893 141.664266
2 492.726283 160.391446
2 497.273132 140.416961
2 487.985610 127.781588
2 480.665799 140.519273
2 491.863470 139.404843
2 484.169628 124.939385
2 500.296424 143.208910
2 502.431803 130.208756
2 488.163780 137.309645
2 507.653555 163.648638
2 490.172815 141.775291
2 497.665782 137.406016
2 504.235634 136.967520
2 507.121802 126.362128
2 504.037112 143.205893
2 519.923327 144.451390
2 507.237126 134.154348
2 495.384363 140.921447
2 497.827101 132.321328
2 520.065446 142.572758
2 485.296409 121.877189
2 495.878229 119.440463
2 499.532163 145.276059
2 486.023560 139.868389
1 414.159271 654.484542
1 396.965906 656.429721
1 409.232629 630.668999
1 407.023245 639.978443
1 393.944144 650.141133
1 399.197276 650.149638
1 405.431374 649.333913
1 391.300101 656.779568
1 399.486811 646.725757
1 400.259023 649.944374
1 399.088965 649.256337
1 395.487644 652.575963
1 399.326209 652.158784
1 411.968041 650.520766
1 398.848586 635.686138
1 391.609420 665.205160
1 408.133576 630.837110
1 399.173399 644.191207
1 409.607785 663.929181
1 389.841955 658.005263
1 400.774781 650.308213
1 399.641320 649.664334
1 400.950645 653.944074
1 396.906714 642.965381
1 396.371375 649.914623
1 381.955513 645.056636
1 398.298446 654.480653
1 405.424793 638.575822
1 381.367666 653.613494
1 410.397212 637.327155
1 398.660293 649.819049
1 401.354440 647.757411
1 390.971265 647.465206
1 405.861198 641.062399
1 398.602001 647.378318
1 394.385557 654.002274
1 393.340697 642.555826
1 411.539163 654.654595
1 401.664526 639.774492
1 408.226809 628.395687
1 395.338749 637.154486
1 403.421915 634.225238
1 415.984239 646.909203
1 399.215922 650.971434
1 423.036678 654.281203
2 556.654560 492.168320
2 566.327921 479.929622
2 559.645556 478.749257
2 542.108217 474.036524
2 559.685605 487.433473
2 563.369408 490.282628
2 573.381410 471.477110
2 559.161220 474.688788
2 557.486451 481.565274
2 556.840378 498.166857
2 563.704203 473.647680
2 558.252617 486.808067
2 558.899972 479.781194
2 548.343974 488.373185
2 559.745212 479.979779
2 569.635254 470.297255
2 565.753896 479.453980
2 547.504747 473.173566
2 568.280122 458.401332
2 552.993692 480.154732
2 536.452940 475.645585
2 545.797056 473.774194
2 567.445625 494.042759
2 562.460124 483.713340
2 543.069621 483.761617
2 558.284391 476.821103
2 547.655082 458.294657
2 561.074381 495.485274
2 563.167474 480.654356
2 566.168079 497.857587
2 557.684401 461.115869
2 552.590856 490.349685
2 560.512513 470.929234
2 563.243376 477.289553
2 542.971177 465.114985
2 544.830961 464.668945
2 553.586758 461.895545
2 564.947799 458.268381
2 567.193653 481.763242
2 564.631733 472.059136
2 559.099342 479.038836
2 580.142647 476.366680
2 565.634408 455.665149
2 557.992754 503.939145
2 580.160206 485.271098
2 564.291244 478.719299
2 548.831643 495.501298
2 544.664903 471.243575
2 545.146850 474.591171
2 568.669514 482.475636
1 437.272004 633.287162
1 389.259704 598.016798
1 419.291452 606.278971
1 345.327099 638.174841
1 361.493571 659.876639
1 365.534572 663.290416
1 444.222461 628.155090
1 393.186662 630.838190
1 392.531223 658.547416
1 444.543055 640.645648
1 466.188620 651.576893
1 421.076536 645.406209
1 416.082317 655.196204
1 404.634081 640.126195
1 384.753186 655.122406
1 350.090840 653.014395
1 398.622434 636.420958
1 361.562815 664.231419
2 531.238655 457.346595
1 405.943526 640.633736
1 392.319771 600.847238
1 361.209588 608.204595
1 391.289128 636.103712
1 435.557547 643.885189
1 389.203862 663.804523
1 335.543690 640.789075
1 354.439133 615.715294
1 424.228114 622.411094
1 359.937436 606.685011
1 400.665264 644.212826
1 396.278460 641.673933
1 399.327489 642.015567
1 465.610926 657.208105
1 406.428262 652.231039
1 368.181589 661.259627
1 400.338961 631.290561
2 568.441805 461.854089
1 353.321601 619.163885
1 384.811247 644.805922
1 378.979089 648.686062
1 381.869548 653.256967
1 374.072992 643.089178
1 406.640345 627.536982
1 433.580667 589.576177
1 337.741871 608.592856
1 363.843501 568.081240
1 407.456020 654.421258
1 421.040008 654.463369
1 392.114856 668.457714
1 394.954126 674.308099
1 410.850476 670.035768
1 395.577588 668.116983
1 394.221399 669.527537
1 575.661683 787.109299
1 554.016372 799.904415
1 581.751516 787.336215
1 566.340280 801.260464
1 570.123937 800.021367
1 591.474880 793.367133
1 567.376086 804.549630
1 560.549366 808.971070
1 587.251436 782.693528
1 587.747347 813.579480
1 583.242380 791.272099
1 572.751738 801.405733
1 552.745377 812.852118
1 564.153244 803.367135
1 566.634687 799.764181
1 569.401358 802.703440
1 581.768991 798.964816
1 572.759855 799.243772
1 577.898006 790.170492
1 574.622078 798.789140
1 583.571398 807.125762
1 573.053080 813.579015
1 584.509425 787.087501
1 572.145453 786.877142
1 574.188549 798.183811
1 555.463841 818.504065
1 589.863390 791.962140
1 560.629967 802.699365
1 568.084256 806.421477
1 556.173005 808.304817
1 572.362892 786.040284
1 569.348468 803.664456
1 559.722450 798.231480
1 554.189676 788.492689
1 565.268759 792.765162
1 570.431892 804.553449
1 553.812317 802.677720
1 566.122417 793.535738
1 556.450136 801.912863
1 558.457108 801.771453
1 553.909713 813.565870
1 551.165307 798.782531
1 588.384833 811.338194
1 564.321143 806.739449
1 563.309108 788.919077
1 546.552111 799.804377
1 578.038975 812.878854
1 570.841369 788.925269
1 569.494965 799.816144
1 577.269699 796.321275
2 389.538227 833.879714
2 402.161750 844.896420
2 378.960659 833.429814
2 411.442228 835.670410
2 409.237313 811.380150
2 399.890100 830.041025
2 387.390942 851.011779
2 400.025746 809.960347
2 405.207302 850.738799
2 397.114311 827.173351
2 397.580039 831.068220
2 401.636197 813.259206
2 401.312932 830.117661
2 387.290173 814.781166
2 399.712033 820.898581
2 402.382769 830.642689
2 397.509522 816.278095
2 411.152661 844.794265
2 395.711069 837.208026
2 390.150597 825.066402
2 399.501159 818.059710
2 398.257724 839.003859
2 376.583223 838.678080
2 382.307555 837.874612
2 416.083383 812.282884
2 385.918454 817.639902
2 412.266138 813.407596
2 399.456228 830.895849
2 413.065501 846.807698
2 415.642324 835.764118
2 408.008256 824.890422
2 390.094158 829.951194
2 398.878255 849.165779
2 401.366324 848.649844
2 401.175089 840.522349
2 399.819838 837.191383
2 405.832256 845.406995
2 398.449407 821.013905
2 402.179150 831.091748
2 405.133892 836.167852
2 418.329704 828.496631
2 400.384027 826.575821
2 391.501291 844.196585
2 402.664223 816.254259
2 404.526549 830.470441
2 402.357607 815.581699
2 393.088402 831.176945
2 397.917414 854.296024
2 388.306593 841.258806
2 382.629465 844.753000
2 356.122615 855.031627
2 384.013343 832.340140
1 415.935935 684.731619
1 575.268130 868.391823
2 400.143425 835.425537
1 387.782732 678.200082
2 411.939315 837.228118
1 592.949225 774.505855
1 577.805830 773.715619
1 396.956385 690.471637
1 537.987398 792.600843
1 393.299368 694.872409
1 429.498964 670.339596
1 611.969974 733.929486
2 407.937573 843.691554
2 432.895857 861.548699
2 435.015602 878.080490
2 423.054854 837.939677
1 537.220624 809.735267
1 401.887144 724.608763
1 554.263739 788.310962
2 386.547818 825.117028
1 387.031714 668.572063
1 337.773408 693.615475
1 543.092898 774.434323
2 352.371604 820.223937
1 566.300396 778.789329
2 345.818228 813.657029
1 428.401853 674.112385
1 382.038782 721.243353
2 411.390041 828.452602
2 390.636544 840.453127
2 447.923719 861.022466
1 597.212366 777.533334
1 566.056302 779.941642
1 565.845498 838.536727
2 375.505729 821.405899
2 450.898935 849.333345
1 561.264463 846.887825
2 389.866613 827.422102
2 421.291769 810.944965
2 439.855717 880.086226
1 525.016702 821.111626
1 359.645321 668.987372
1 569.049674 780.671405
1 564.627537 764.406656
2 408.436075 798.868615
1 588.223027 805.529040
2 424.878663 847.923693
2 404.068652 881.584557
1 475.025974 784.991146
1 487.070886 786.803538
2 455.620886 871.167378
2 396.229368 830.604592
1 565.775992 800.584355
2 422.367366 827.457698
2 398.956957 763.270217
1 611.793567 817.630162
2 386.285286 793.025073
1 521.566834 811.523635
1 590.535625 796.896824
1 551.056525 769.387110
1 562.153613 775.035793
1 444.208921 690.287073
2 411.028950 794.178003
1 583.575644 864.938635
1 441.118797 675.729347
1 408.331810 679.058774
1 604.798500 805.960309
1 597.303832 829.101986
1 382.479369 731.537896
2 449.201286 840.882260
1 591.249005 765.945783
1 507.731930 805.542127
2 390.013564 819.534211
1 535.691587 759.678493
1 385.027085 700.204204
1 475.903926 754.050900
1 485.031513 816.378689
1 411.004089 670.512336
2 412.946226 768.809332
1 525.870613 796.448891
1 536.898129 847.701848
1 534.645235 818.829080
2 366.770377 837.125808
1 355.365230 682.092426
2 417.276891 826.251159
1 518.597384 793.209218
1 477.985848 787.427511
1 567.017485 796.551235
1 544.376264 800.736368
1 513.228908 796.349695
1 552.135215 814.500274
1 481.508850 790.748021
1 573.142372 791.670829
1 530.166448 777.631909
1 600.216697 827.021440
1 561.748110 774.430193
1 524.266954 755.261342
1 392.793530 683.038785
2 431.799261 904.195174
1 406.433729 678.230361
2 422.388848 826.472565
2 420.034550 846.853813
1 567.470496 809.354541
1 381.521004 692.657007
1 822.570945 295.209373
1 796.388864 306.657840
1 821.036917 304.551643
1 829.830806 294.046739
1 821.918281 286.535242
1 827.008361 306.982318
1 819.703925 311.468283
1 819.562622 309.232983
1 802.629404 300.577595
1 839.125300 303.166866
1 819.550908 293.675277
1 823.128751 297.453261
1 816.029020 288.743721
1 823.478148 298.508401
1 821.751465 291.149601
1 818.087407 302.558102
1 815.426318 276.391480
1 825.283169 296.602609
1 818.450751 282.660983
1 820.312877 300.045297
1 819.187439 300.062221
1 804.173060 292.202385
1 820.927539 293.228590
1 822.934482 292.983958
1 828.970412 303.746897
1 820.841994 316.170513
1 815.418058 296.885520
1 819.024018 294.624643
1 831.099042 306.238499
1 818.992631 313.060734
1 819.454788 297.964086
1 839.922837 300.968418
1 814.089782 286.227806
1 814.952164 321.010370
1 825.252307 296.898763
1 803.852044 302.353583
1 809.983797 301.390875
1 823.426854 290.314283
1 799.510615 313.051670
1 837.694861 287.564907
1 831.735188 292.686087
1 805.251090 281.217554
1 834.640377 300.015460
1 819.206725 279.764840
1 822.409595 321.539671
1 803.484546 312.865743
1 821.588987 277.873229
1 817.297562 303.155753
1 814.325253 299.945888
1 826.184956 286.264424
1 777.760973 289.087415
1 805.997202 261.780183
1 833.161746 285.018070
1 790.430437 291.131624
1 772.817571 321.247934
1 822.386900 298.068661
1 786.166759 324.617001
1 834.216440 313.383033
1 812.774376 306.544210
1 765.524417 277.598022
1 816.528170 237.305042
1 795.628567 290.347948
1 775.011378 268.879081
1 805.656181 320.393975
1 840.666866 282.991124
1 860.640205 303.663130
1 847.979965 309.689381
1 825.612185 292.348868
1 797.111253 331.875586
1 806.364218 313.932993
1 822.941748 317.116118
1 844.017463 330.222547
1 800.920718 276.448472
1 814.456971 272.890987
1 764.140225 302.876233
1 792.199489 257.408464
1 747.944974 289.592664
1 793.194558 275.185572
1 814.304927 316.686631
1 837.769761 277.084759
1 821.039170 273.516824
1 803.034297 307.912201
1 829.505292 274.254978
1 805.084447 266.648389
1 834.590264 319.609622
1 807.385353 287.351310
1 836.502842 277.237027
1 769.131090 305.418811
1 831.121923 262.368393
1 844.064899 321.620722
1 831.538211 286.808844
1 872.935199 304.365908
1 836.195919 242.208295
1 807.882078 308.501902
1 786.416811 309.653733
1 816.869435 277.123904
2 840.676232 608.621616
2 852.475574 633.410839
2 846.066883 625.840064
2 851.954105 627.968782
2 854.026035 648.220403
2 839.991632 615.530566
2 853.077069 632.163393
2 838.369887 634.561641
2 841.955730 613.519406
2 866.584727 624.813974
2 828.963805 622.449259
2 852.416090 642.763955
2 837.016986 614.694498
2 840.738615 643.357703
2 843.478089 641.697435
2 838.721206 644.038280
2 863.400528 639.149061
2 859.753973 642.335668
2 837.233535 635.162835
2 853.881323 619.546542
2 850.632442 625.157595
2 853.359522 611.015333
2 850.418268 615.658842
2 858.067359 619.559308
2 857.351504 643.163369
2 850.318600 639.521488
2 835.521914 631.914579
2 831.556330 614.604932
2 850.077215 631.957816
2 856.027421 643.177058
2 852.373098 634.690302
2 851.245743 630.290808
2 836.293860 616.051164
2 837.884820 636.400251
2 853.265255 626.674026
2 848.812040 628.612968
2 850.192135 635.737483
2 854.054095 633.278565
2 849.995893 630.763458
2 846.559716 642.299393
2 834.979246 636.262926
2 855.763583 644.513919
2 846.730506 607.687930
2 856.436795 633.342058
2 852.717873 632.804110
2 842.090755 638.151091
2 850.444308 630.218780
2 850.868218 630.077384
2 841.498960 633.550477
2 831.691895 631.432495
1 822.990266 335.856062
1 718.180452 335.483269
1 824.549970 333.944308
1 828.033889 355.704952
1 778.252844 337.111303
1 752.254030 341.826513
1 827.913294 336.332950
