1 199.269705 173.437265
1 210.114308 186.948301
1 205.196307 190.114481
1 201.889364 166.244283
1 200.028815 178.904122
1 188.380839 167.329228
1 212.278736 161.253949
1 212.483211 172.490510
1 179.145205 192.423152
1 203.705688 176.662764
1 220.372450 167.082820
1 208.432975 176.476157
1 190.286978 163.249754
1 199.578806 182.418145
1 186.174945 200.079040
1 180.475691 186.882647
1 204.553109 188.063940
1 220.977149 175.115079
1 196.939850 198.505773
1 199.999612 180.015226
1 196.346362 175.409721
1 193.785615 175.874331
1 201.650211 166.035300
1 182.203108 183.478241
1 198.891638 173.225857
1 180.544847 186.930235
1 186.504118 179.103378
1 212.387992 187.255458
1 212.946587 178.048028
1 209.544623 167.571960
1 181.902077 174.280506
1 205.334414 178.161422
1 212.620355 185.058393
1 188.913952 189.585743
1 204.101071 172.079548
1 179.717881 187.837870
1 207.066242 193.777773
1 214.856571 170.711981
1 202.955266 172.699582
1 184.536981 177.049929
1 184.258736 186.863044
1 194.252804 187.623283
1 201.516642 175.161366
1 221.555916 184.444234
1 204.039642 182.773306
1 198.418725 169.288476
2 147.719864 139.178096
2 293.914801 136.273860
2 171.706898 110.554810
2 245.197685 60.614106
2 294.372177 189.389279
2 247.747488 300.629079
2 123.511157 300.565481
2 304.332227 62.381701
2 240.868928 171.431778
2 158.408097 123.982872
2 238.095347 173.144910
2 317.447416 179.969107
2 225.903249 289.597707
2 18.138077 109.929903
2 3.136457 219.714821
2 129.998060 280.385958
2 198.110545 10.437739
2 246.814734 268.601933
2 31.140934 115.490686
2 265.037625 240.178044
2 114.672760 10.294318
2 140.521718 239.398896
2 24.569977 251.627972
2 87.105782 18.602916
2 203.383335 10.801702
1 240.354905 187.679497
1 201.922119 105.518433
1 210.843524 235.294898
1 223.537373 159.165811
2 307.436512 132.159958
1 221.745973 194.476308
1 173.301458 162.632764
1 220.902603 185.009065
2 192.929962 287.706930
1 235.404397 191.496976
2 235.745859 285.671283
1 227.193504 120.500396
1 222.010492 177.591080
2 116.305084 233.750747
1 225.754912 162.421019
2 145.356739 260.530484
1 145.685982 186.982068
1 184.586553 200.955819
1 183.848649 196.394116
1 177.577208 154.602571
1 187.460540 183.395262
2 195.835690 6.116684
2 238.126306 55.682363
2 238.071289 165.477192
1 253.117148 98.320567
2 195.429649 135.169572
1 156.989521 162.878931
1 188.397332 218.714645
1 204.863268 196.701362
2 283.060392 197.942306
2 331.036560 176.393153
1 174.409459 178.402218
1 151.877384 188.160207
1 183.592829 194.900900
2 291.954431 275.575777
1 231.178231 215.231494
1 157.642407 140.906707
1 235.558956 190.513295
1 202.099637 195.813369
1 222.653164 194.077224
1 225.126053 166.433768
2 262.180013 160.612969
1 181.830869 163.120653
2 299.324921 166.519479
2 308.586364 270.088872
1 138.460567 219.424938
1 237.487995 179.675489
1 215.716665 193.928717
2 165.671496 275.388118
2 312.340437 191.400122
2 214.031424 266.861143
1 192.163397 202.674980
2 144.737012 136.603226
1 161.667592 159.074035
2 248.502375 14.113163
2 147.916948 274.372192
2 248.680036 91.490350
1 248.276841 162.089435
1 201.694253 244.515434
1 240.459673 200.550918
1 125.984326 192.071967
2 306.685713 254.968716
2 238.080705 272.409240
1 228.784783 195.631572
2 185.547422 120.861732
1 216.475957 179.287842
2 168.830366 309.665237
1 267.146435 152.197132
1 240.495621 160.858673
1 200.010218 227.091326
2 43.110848 58.861475
1 181.257438 173.385560
1 248.209298 90.185138
1 220.093686 170.940569
1 188.456875 164.185671
2 146.235418 311.229571
1 214.528713 145.560712
1 194.242451 185.466865
1 206.720771 151.218239
1 256.937462 221.419418
1 172.738432 224.405000
2 291.868008 214.530323
1 156.774827 162.293806
1 177.803901 142.786557
2 322.984781 244.418298
1 198.325980 210.953325
1 170.471385 158.359246
1 179.348741 146.795098
1 236.408251 132.056590
2 304.703096 134.334624
2 138.425925 259.811928
2 251.592497 255.907873
1 199.741970 202.508726
1 177.474759 156.945763
2 131.374696 332.982001
2 227.239152 151.265518
1 208.494955 177.815993
1 232.751967 129.615152
1 186.725896 192.574264
2 57.171605 85.903159
1 111.286408 193.959432
1 282.861105 199.239589
1 155.951604 197.891251
1 258.365588 213.917832
2 265.895418 248.206253
1 207.750937 120.294082
1 143.679300 182.327593
1 153.648916 180.352734
1 172.507169 204.471417
1 159.713812 124.523862
1 214.086603 188.258106
2 267.964405 197.775857
1 245.559654 156.428761
2 199.329428 122.201220
2 5.880262 257.001950
1 199.034861 206.871368
1 259.540014 258.538203
1 247.705316 189.352039
2 189.238601 121.708923
2 20.994490 632.140718
2 66.088670 339.827348
2 153.389716 641.988353
2 215.846863 380.439899
2 142.015951 484.013842
2 162.585077 510.800457
2 28.754951 434.886062
2 258.849622 571.780342
2 28.433730 395.907137
2 285.577834 399.682199
2 243.642724 359.433039
2 73.254313 598.941207
2 134.954239 645.637362
2 99.191083 646.504344
2 207.408084 475.388057
2 175.878546 664.310229
2 318.465790 592.218149
2 175.634248 362.186829
2 176.033105 663.326548
2 218.868954 560.064755
1 145.030728 772.537774
1 157.487720 793.321122
1 126.746203 786.033927
1 143.108860 781.374177
1 154.390032 786.035741
1 152.529190 780.121808
1 145.163527 789.729331
1 142.908453 785.024548
1 147.016255 764.763246
1 140.785421 784.378476
1 149.145823 789.074265
1 129.883861 767.236260
1 162.035259 791.309183
1 143.341848 761.361544
1 148.994945 781.462857
1 139.319658 769.947154
1 150.635253 800.337475
1 139.604911 775.162807
1 139.669431 765.674780
1 148.445724 798.992661
1 161.454364 774.691989
1 145.115120 801.068668
1 147.551750 782.847987
1 130.097206 782.724603
1 146.637271 794.320656
1 144.572743 765.796607
1 165.210033 792.478869
1 145.398130 795.977175
1 138.434013 794.852440
1 137.038868 779.913534
1 148.886593 775.785309
1 154.683136 787.143884
1 151.684056 759.675614
1 141.519321 797.625571
1 172.323697 786.749599
1 143.634279 768.792677
1 171.706840 790.920699
1 150.302771 764.452877
1 154.831874 780.177508
1 165.169143 762.646692
1 139.070384 777.583477
1 164.121171 782.791520
1 131.403224 778.324781
1 147.781349 780.633312
1 142.264031 791.512781
1 144.954823 801.106475
2 45.445622 846.788738
2 314.745031 695.223919
2 278.842459 682.923933
2 144.085517 872.816056
2 179.601668 815.345060
2 235.255087 804.442660
2 25.964187 815.865713
2 66.431093 926.363874
2 304.534268 779.614386
2 155.089063 886.894080
2 206.757819 820.565459
2 95.990597 827.499648
2 100.781039 780.964956
2 251.927141 815.949635
2 97.995087 682.932946
2 109.632884 844.386862
2 186.317673 845.551338
2 54.460575 712.218472
2 132.847880 719.890740
2 251.392151 680.540094
2 92.891069 894.358573
2 78.445487 880.182434
2 292.569065 875.351900
2 124.065251 848.094151
1 134.629427 812.256405
2 114.919921 887.943958
1 117.730658 780.822935
2 100.681032 809.725771
2 131.415549 802.343424
1 143.518394 755.592987
1 143.878456 756.606240
2 104.029607 791.161562
2 205.556169 824.758078
1 101.589411 762.413478
1 147.019416 745.386446
1 152.434795 765.319277
2 87.606256 929.675007
1 160.350155 838.561642
1 215.543942 774.686779
1 112.339162 776.696601
1 142.758063 762.366303
2 146.027283 855.701711
2 129.311511 818.143194
2 51.867111 829.263818
2 203.590848 867.450924
1 173.846130 763.202391
1 142.894525 801.525934
1 112.236133 764.962153
1 166.710016 794.379025
1 136.044826 780.295455
2 148.816108 808.255703
2 228.058523 808.826992
2 163.370524 937.982607
2 194.145836 832.156244
1 123.298905 773.918965
2 141.095167 897.034652
1 215.709896 779.560409
1 162.188496 802.585578
2 268.489867 800.402354
1 133.525891 792.759142
2 77.320170 807.974680
1 160.367609 768.944420
1 134.311154 796.262206
1 133.967030 804.508455
1 161.910454 754.024825
1 145.051262 775.854230
1 163.026477 734.493328
2 93.650345 832.890254
1 145.747608 734.202388
1 127.142205 742.546895
1 158.849734 812.710350
1 158.054347 763.551519
1 119.930640 789.697027
2 135.124688 773.779312
1 157.589835 814.637049
1 140.634708 768.988084
1 196.706081 802.973871
2 94.635862 826.396430
2 287.201767 797.438828
1 205.419549 726.378988
1 155.974510 772.366647
1 109.268765 837.522279
2 90.337898 745.958786
1 184.623762 737.041782
2 163.468765 741.381321
1 69.103333 750.302372
1 129.951579 792.046787
1 174.222029 762.380460
1 209.580337 817.982373
1 192.908824 737.947013
2 291.986605 846.066418
1 139.394381 803.276387
1 165.074011 757.850696
1 138.500415 784.800510
2 124.295137 779.839277
1 147.161719 766.575040
1 155.674027 795.609422
1 144.109344 774.721410
2 81.515217 924.784167
2 111.373759 795.152218
1 125.530493 773.823056
2 102.619786 735.870080
1 225.783556 790.013158
1 143.255098 801.885202
2 24.815776 736.082874
2 45.069874 828.160309
1 150.418473 788.055590
1 137.992093 771.938330
1 162.724803 797.573323
1 64.903330 740.745158
1 139.995738 798.067409
1 133.366887 787.279605
1 177.055085 782.290436
2 208.179696 878.099327
2 93.688684 858.730425
1 195.566643 702.545204
1 145.169814 767.323333
1 151.645637 786.296502
1 135.346962 771.648563
2 114.425600 745.084767
1 166.599105 783.270891
2 80.624083 928.162943
1 162.502563 767.485354
2 85.664595 853.814706
1 229.694482 753.583746
1 143.601210 803.783109
2 17.313453 792.350145
1 119.775777 755.393178
1 191.931698 787.975068
2 124.538942 819.966066
1 122.083560 785.215181
1 155.609569 766.488963
2 102.419081 791.473216
2 95.515252 896.287874
1 277.342930 812.035840
2 65.788286 758.319177
2 124.116402 805.038770
1 167.420612 756.524604
1 164.607457 862.132855
2 92.347980 858.213058
1 160.134234 740.458504
2 47.905964 897.430719
2 55.717127 855.223495
2 95.129833 812.259044
2 93.504072 890.466458
1 106.189071 777.886687
2 110.057590 862.816402
1 146.293023 766.874101
2 146.566367 878.925521
1 112.895292 807.487685
2 28.493151 868.358679
2 208.949573 796.499637
2 167.149677 767.906214
1 213.567230 751.407045
1 172.478504 834.839624
2 228.119939 790.739334
1 135.937642 797.716173
1 119.523700 815.384748
1 210.558680 777.887228
2 61.328553 839.784009
1 214.008369 763.156357
1 148.599464 765.388198
1 209.584124 805.841510
1 149.534129 804.142005
2 161.641555 830.633931
2 162.616288 694.591278
1 199.175324 829.173849
1 124.021808 771.216322
1 170.476939 744.689365
1 126.819047 787.674684
2 125.909712 803.110750
2 118.985652 730.999951
1 158.958836 797.034696
2 349.778605 9.205542
2 605.066590 47.788371
2 589.443399 329.344407
2 581.120796 112.089809
2 665.653347 275.935088
2 363.834378 164.526498
2 647.042743 256.695106
2 527.996854 292.824059
2 666.366008 82.483431
2 649.420891 250.178670
2 429.921659 60.700783
2 442.269964 137.611678
2 578.546029 74.844074
2 463.885595 159.578450
2 340.834231 314.390766
2 608.180601 176.614387
2 581.659812 104.667085
2 584.759719 8.514276
2 406.604858 243.912258
2 393.617551 91.206526
2 530.761359 200.478255
2 390.672135 228.799509
2 371.782737 51.913341
2 402.867411 243.143525
2 334.950622 271.238755
2 444.498006 305.325461
2 571.288115 214.680961
2 459.060437 293.612571
2 335.086399 281.682403
2 336.737523 255.372486
2 357.084819 53.800806
2 665.162755 295.969914
2 641.639451 318.513924
2 622.217548 238.130109
1 400.060358 664.114563
1 403.504982 652.571265
1 390.688447 647.845610
1 405.143784 645.741016
1 397.298582 643.386521
1 399.545928 650.646476
1 407.056579 652.214464
1 385.087245 644.224714
1 412.893603 637.657770
1 405.531501 633.996536
1 408.893194 651.784645
1 398.156383 646.538719
1 400.441090 649.314884
1 397.339133 647.323642
1 399.327124 649.262928
1 395.364842 649.921690
1 398.053061 653.189044
1 394.188539 646.559336
1 398.752565 649.912308
1 397.250624 649.699913
1 406.456430 640.285232
1 380.873523 652.353149
1 397.868197 650.876934
1 400.504314 653.885126
1 421.667448 648.733453
1 422.983944 640.758248
1 392.518443 649.812297
1 411.925322 644.440037
1 408.039858 649.382839
1 394.418308 649.889421
1 406.652711 633.066539
1 394.377634 647.022654
1 394.835188 662.032331
1 395.472651 631.200161
1 402.283887 655.352194
1 414.147286 642.437744
1 412.439738 656.811921
1 394.118353 663.469716
1 393.106662 639.004447
1 401.110278 649.500800
2 455.653924 403.258451
2 363.487086 575.203866
2 554.207542 524.403726
2 407.654692 539.267475
2 545.309700 599.809725
2 409.899350 583.813836
2 569.053141 516.305782
2 472.503920 468.156992
2 638.136057 382.283967
2 337.238754 627.361551
2 514.384405 514.909617
2 421.769390 657.734760
2 567.767176 623.068481
2 531.947152 538.399774
2 414.301767 487.742486
2 346.897906 350.992522
2 515.624875 369.475080
2 379.458646 395.931238
2 603.739266 638.164720
2 501.170248 578.989438
2 493.003781 406.135317
2 622.657885 589.764738
2 624.977644 549.091301
2 418.523773 349.099599
2 651.343269 665.120359
2 400.695022 591.662895
2 356.809001 521.837604
1 415.848456 657.383625
1 367.740693 644.560259
1 420.584886 644.511495
1 360.767923 647.990877
1 374.964025 661.090157
1 386.794702 637.606520
1 358.234571 617.953943
2 416.936600 601.352447
2 415.283924 532.858677
1 369.901567 666.563169
1 386.144592 647.557088
1 411.032445 659.198556
2 470.328275 554.932874
2 414.284546 538.773872
1 450.795583 637.687781
1 358.902238 618.284235
2 371.599714 545.041941
1 417.029602 645.822600
1 383.898305 656.188018
1 443.045506 661.974908
1 390.060940 659.139390
1 382.608077 649.350947
2 477.965126 576.876766
1 347.319064 640.092706
2 352.830516 577.376738
1 366.168384 649.137334
1 373.567205 662.898508
2 434.585897 663.026166
1 340.367215 645.899956
2 400.955216 570.817600
1 383.410466 628.433783
2 493.205220 543.764104
2 437.562236 569.476985
2 383.498644 607.230905
2 491.397627 662.539977
2 408.145024 573.675291
2 422.274124 563.776554
1 435.321910 632.195528
1 444.949462 640.225045
1 364.138682 664.170695
2 608.453945 620.688408
1 342.703707 654.252076
2 436.871389 643.142171
2 426.781761 487.048220
2 426.700303 602.293490
1 444.250994 641.396181
2 378.248838 590.801268
2 464.520699 628.669350
1 403.860507 665.862662
1 374.781465 647.654571
1 435.003600 655.651143
2 357.617649 599.271235
2 338.390277 602.497406
1 456.971107 582.397399
1 337.893171 654.838571
2 572.744666 657.107386
2 637.849361 592.500397
1 376.340343 624.437754
2 579.419944 641.930883
2 361.082930 609.781062
2 390.040821 637.121202
1 384.395644 641.359767
1 393.533846 662.836320
2 549.850704 536.322224
2 617.078173 378.958245
1 338.584813 661.092724
2 543.040802 647.280849
2 426.625422 642.099722
1 420.379711 660.336725
2 625.254390 612.266731
1 459.095630 631.434294
2 377.821942 507.136417
2 571.573963 645.271715
1 378.886292 658.959776
2 361.007207 603.782816
1 423.477939 665.013173
1 380.858552 644.473122
1 427.179779 632.440960
2 384.933842 648.552217
2 400.595354 651.098751
1 340.391071 612.092621
1 411.668134 668.368042
1 592.269184 788.914880
1 591.487549 810.596792
1 569.833038 799.846903
1 572.212885 807.626350
1 562.838830 823.133327
1 581.619194 791.499844
1 562.109298 801.404777
1 569.393378 799.362321
1 550.314057 812.352350
1 585.959880 788.115219
1 564.241788 810.020203
1 569.629502 802.786922
1 577.599504 805.651019
1 564.053403 790.297419
1 553.192257 793.616418
1 549.161840 788.600295
1 576.378288 808.759825
1 569.200985 800.474026
1 576.727973 810.336564
1 553.858209 800.021254
1 559.810518 804.961297
1 548.627846 793.185977
1 562.278597 797.613960
1 571.998115 799.433039
1 566.964520 801.578735
1 574.470780 783.193272
1 572.089694 783.789241
1 570.978102 799.174940
1 576.423917 815.735739
1 592.906930 809.881322
1 592.085861 806.001343
1 575.887485 815.058752
1 574.647485 814.706093
1 562.839817 799.521881
1 565.419632 797.485520
1 555.859829 792.941726
1 582.643007 781.605743
1 586.486928 795.935543
1 571.754810 812.072489
1 569.199946 795.767835
1 580.683493 819.967901
1 571.582199 797.383136
1 590.387599 797.733528
1 577.335586 808.401524
1 580.041311 806.092403
1 567.753650 797.303679
1 561.438024 797.509067
1 570.353356 805.491408
2 577.914558 714.854242
2 436.675419 920.930438
2 601.527925 716.441812
2 443.770658 934.503837
2 373.322691 854.021838
2 610.104511 840.210379
2 642.694306 910.732831
2 659.645040 947.878012
2 526.803464 864.987154
2 486.398273 802.952947
2 349.544459 746.803773
2 381.538185 894.107693
2 339.589366 723.918474
2 382.367949 691.752045
2 448.318685 952.522040
2 503.259611 871.763370
2 408.423329 772.895511
2 650.792042 795.792364
2 520.087113 997.883590
2 496.779949 667.697406
2 646.125732 813.346760
2 473.722511 702.352219
2 648.836860 787.895538
2 572.124382 759.782192
2 542.324607 680.102779
2 622.243191 962.189270
2 524.971951 840.720524
2 430.984447 864.594218
2 583.814646 844.751735
2 616.138961 886.174952
1 598.984783 758.603395
1 568.009692 806.634170
1 552.894585 792.482141
2 611.103987 892.226906
1 621.316360 782.500755
2 338.187205 762.698589
2 497.970639 768.715509
1 585.515952 768.392959
1 540.188732 808.374918
1 413.370389 692.399465
2 504.721976 890.241200
1 563.868995 771.352672
1 472.474688 680.379525
1 592.609611 792.435384
1 551.233370 830.534780
1 413.639209 683.751745
1 550.694110 780.364122
1 572.984285 830.738633
2 565.225103 903.178953
1 569.467492 825.339776
1 602.681930 766.915647
2 550.300788 929.717917
2 614.769701 699.442203
1 611.558482 750.693606
1 523.606965 757.901733
1 376.973366 668.317973
1 560.873010 790.820805
2 626.988508 766.045539
2 425.197692 675.861767
1 556.156165 739.339948
1 384.302545 672.587707
1 547.838647 821.788707
1 561.528311 819.539647
1 553.950640 711.032426
2 580.955659 985.247625
2 563.743435 860.059091
1 558.129578 842.408365
1 540.276357 847.841401
1 514.556505 823.609576
1 589.613646 847.713977
1 529.554315 784.998703
1 565.638781 793.115382
1 544.143847 778.071525
1 420.955799 682.606094
2 545.441056 994.715764
2 562.959735 843.022975
2 598.814256 856.650124
2 524.541730 855.313548
1 562.588599 757.554230
1 441.454176 712.674056
1 397.580479 692.693513
2 525.579523 878.151254
2 524.009370 862.980959
2 458.177035 973.857545
2 606.831690 809.726594
1 400.573237 667.957247
2 343.676715 777.252177
1 587.062689 825.679405
1 390.530573 685.376616
1 524.561605 822.697269
1 343.194903 673.095689
2 385.909967 791.628469
2 417.507146 707.914952
2 640.886333 822.322729
1 570.735503 791.877326
1 608.343269 796.139753
1 610.237153 831.459975
1 546.229350 900.784229
1 423.425214 684.802592
2 549.967108 875.734596
1 571.972466 791.818848
2 591.543566 779.782127
2 450.237605 964.101208
1 539.972848 778.821941
1 580.577453 792.324527
1 546.966332 771.841433
2 555.622933 892.963091
1 548.171460 849.851134
1 609.628766 780.228240
2 599.632750 845.794220
1 600.656820 775.540801
2 635.628646 826.428857
1 617.579599 759.683758
1 381.975811 678.762848
2 551.965634 743.747846
2 389.883191 688.337715
2 585.239307 823.125810
2 614.843188 682.257300
1 416.398729 670.632749
2 415.848407 693.083913
1 522.283353 830.955360
1 367.911340 676.157977
2 618.283147 889.537479
2 620.239767 911.070510
1 532.207840 690.300762
1 519.191580 770.119503
2 436.070542 748.347541
1 470.945631 809.233649
2 378.562812 803.088030
2 411.691196 732.387908
2 404.734468 735.061421
1 597.512277 807.971457
1 571.770328 793.788982
2 588.475106 787.831237
2 527.936109 885.128309
1 603.621349 779.124495
1 433.373326 696.429082
1 356.627056 687.802689
1 575.309659 762.487957
1 529.029423 842.261398
2 531.957324 854.368723
1 511.843991 818.956646
1 577.899327 792.980421
2 360.679067 802.517867
2 538.497940 715.604100
1 406.754900 689.499885
1 615.404862 828.945086
1 388.448662 698.550786
2 385.779385 820.188000
2 433.853301 892.267918
1 570.481240 806.163023
1 351.623507 666.924541
1 564.136132 761.495839
1 578.213075 823.098800
1 556.942719 814.558799
1 539.359301 838.445665
1 578.899576 837.414830
1 646.899459 812.458046
2 532.856364 694.803118
2 423.940898 715.023648
1 595.406502 789.692588
2 590.829447 835.551286
1 517.728506 779.965625
2 440.810753 753.527918
1 565.601361 830.267150
1 378.450925 682.591216
1 590.738465 715.220555
1 558.514324 789.649676
2 517.479902 782.917742
2 632.568073 911.422375
1 461.079110 693.355663
2 504.465249 746.589103
2 584.415320 818.435001
1 517.951944 750.334882
2 371.160322 733.439413
2 369.028280 686.608955
2 542.628278 884.133432
1 580.751849 794.414361
2 526.449984 737.946188
1 488.251786 823.715361
2 607.700600 759.160256
1 554.071539 819.100744
1 541.953797 785.489739
2 655.720557 754.576769
2 543.995589 837.066993
1 553.654300 798.116041
1 513.952766 802.014270
1 391.367350 670.358737
1 608.922685 876.089703
2 577.006086 882.804709
1 825.323420 313.131564
1 817.333145 301.770809
1 830.429414 297.607845
1 824.995430 303.209579
1 814.043604 287.613507
1 833.030645 316.684872
1 831.667684 295.476292
1 834.044190 283.999700
1 827.473053 308.571495
1 819.691371 300.488439
1 820.776003 303.481807
1 835.591285 300.783414
1 807.626186 302.934711
1 826.779512 299.570688
1 802.061386 300.942897
1 818.328382 301.953430
1 830.789986 321.305360
1 821.461269 298.275657
1 837.939457 290.559085
1 809.734327 290.916042
1 799.208382 306.913418
1 822.190965 301.146311
1 828.619228 297.276916
1 824.871657 302.618242
1 818.187449 299.010597
1 822.031434 305.360813
1 822.383471 302.747937
1 820.658663 284.509079
1 809.235061 314.367895
1 817.915434 307.558264
1 838.150705 307.822859
1 817.894563 302.926957
1 820.400217 300.308929
1 833.266366 306.872088
1 825.397005 287.726416
1 820.862003 300.408726
1 818.762404 303.936763
1 812.497967 279.106009
1 829.669497 290.198884
1 832.419664 315.356267
1 820.978513 300.690964
1 797.302606 305.825083
1 843.686914 295.652230
1 836.313379 292.914827
2 666.798979 177.648918
2 722.194114 196.170142
2 799.967573 112.965367
2 893.464066 245.978228
2 755.215109 262.818065
2 967.740334 176.295514
2 847.526756 47.555112
2 896.554048 172.220755
2 882.950573 98.002196
2 777.515608 169.121337
2 763.118143 314.693327
2 830.285743 135.188482
2 995.768737 265.352777
2 801.264136 178.192910
2 675.563414 185.947463
2 900.574006 251.836751
2 844.330495 166.834008
2 792.672124 105.940476
2 786.455709 275.805450
2 909.989381 231.012482
2 721.232896 113.150164
2 850.339335 302.945682
2 955.189126 119.127902
2 921.373790 74.377634
2 700.217118 149.705557
2 923.879637 114.424918
2 799.230402 268.265659
2 725.838965 321.164163
2 746.763665 98.818846
2 942.296089 88.085685
2 998.183651 278.084384
2 992.212422 18.595498
2 961.750529 170.609145
2 747.794707 283.159653
2 743.638688 290.934731
2 763.712873 138.249381
1 827.239804 276.626195
2 881.296881 158.445435
2 707.264264 329.743027
2 879.996372 217.834482
2 811.524712 245.222795
1 807.499172 254.281817
2 707.508581 331.628431
2 839.228646 279.682222
1 769.097725 277.466253
1 843.305896 307.538629
2 750.876521 294.664710
2 796.658197 288.309941
2 781.675337 317.772653
1 844.967154 327.800719
1 846.088936 277.171925
1 815.654115 297.403340
1 787.124541 263.077376
1 825.914825 274.852160
2 855.046495 312.490701
1 845.421923 307.018652
2 929.948782 237.402709
2 776.900149 316.032815
1 804.773338 314.406598
1 826.277440 333.174697
1 856.588552 279.734000
1 825.125305 244.420704
2 871.579833 165.317869
1 791.384352 273.116812
2 715.421489 278.619802
1 869.512334 292.192552
1 787.176087 313.747614
1 863.118745 322.180955
1 865.382079 328.632324
1 821.847718 330.403075
2 892.226290 187.780758
1 775.856445 289.932457
1 859.746807 228.822078
1 812.981196 271.746841
1 830.308555 308.240256
2 886.077666 283.107456
2 723.485809 296.573138
2 829.425023 314.611258
1 840.527429 282.035167
1 797.194517 254.582470
2 993.520883 182.764174
2 788.973111 209.475382
1 830.084358 306.484079
1 804.354281 298.982603
2 812.832490 249.099682
1 828.186247 331.732638
1 819.882898 305.976412
1 832.362953 257.820369
2 836.643159 253.750827
2 963.925048 158.252195
2 758.814752 264.013776
1 776.312407 288.585489
2 725.622416 214.297149
1 795.630092 314.402519
1 844.138908 276.163919
1 821.859125 317.669522
2 853.611736 246.177941
2 813.862339 253.978951
1 814.809531 327.014928
2 889.594742 280.908873
1 809.120728 273.732858
2 673.776959 300.241597
2 725.618790 259.843557
1 780.479004 314.151955
2 769.014693 223.703480
2 924.822934 360.146150
2 898.600168 540.882315
2 677.775509 342.930127
2 750.100477 352.702020
2 867.559483 627.575568
2 910.013623 458.782088
2 968.121624 355.378469
2 909.437058 404.824141
2 921.326964 580.380160
2 857.254788 594.139169
2 977.632657 440.842494
2 720.361765 580.513346
2 772.892698 525.418582
2 958.985674 356.512416
2 952.169677 569.099599
2 922.861860 409.129112
2 757.961885 346.761935
2 921.044725 367.612915
2 710.275476 501.749901
2 821.702857 505.467745
2 857.317670 417.800218
2 912.112855 343.240536
1 850.608731 348.601701
1 846.740710 342.189762
1 817.935126 352.509190
2 882.369858 344.957973
1 824.741630 353.057665
2 830.926192 497.024489
1 847.436398 354.000696
1 784.477832 370.475386
1 828.263176 368.917974
2 778.648284 538.319164
1 858.014503 366.608424
1 848.755191 349.635120
2 753.156232 386.658981
2 921.363779 441.068664
2 742.564862 418.360720
2 794.776381 334.520076
1 808.945143 337.807281
1 840.884360 342.962708
1 837.120277 354.366248
1 802.588764 352.414317
2 731.814009 370.786478
1 848.513592 336.553910
2 792.064743 347.198124
2 861.494959 346.316589
2 730.879782 942.588539
2 817.317326 740.240759
2 728.193996 675.485181
2 737.304823 749.460525
2 676.107195 838.903866
2 836.032604 668.933878
2 977.535892 947.458170
2 922.795936 866.236940
2 906.207141 929.633314
2 970.266889 912.324051
2 841.109441 723.509132
2 975.466924 771.741003
2 981.902447 834.698518
2 864.426634 915.553717
2 960.869334 752.871921
2 761.362816 885.111847
2 693.274694 781.004788
2 741.835712 871.078402
2 780.253001 708.401185
2 806.801612 766.132397
2 973.522332 775.876927
2 673.221209 839.690839
2 702.382307 965.150664
