1 199.269705 173.437265
1 210.114308 186.948301
1 205.196307 190.114481
1 201.889364 166.244283
1 188.380839 167.329228
1 212.483211 172.490510
1 195.050289 171.076614
1 179.145205 192.423152
1 203.705688 176.662764
1 190.286978 163.249754
1 191.860712 185.192797
1 186.174945 200.079040
1 180.475691 186.882647
1 204.553109 188.063940
1 196.346362 175.409721
1 198.891638 173.225857
1 180.544847 186.930235
1 186.504118 179.103378
1 180.106523 173.681083
1 212.946587 178.048028
1 204.101071 172.079548
1 207.066242 193.777773
1 202.955266 172.699582
1 184.536981 177.049929
1 201.516642 175.161366
1 204.039642 182.773306
1 209.057956 178.535843
1 198.418725 169.288476
2 147.719864 139.178096
2 293.914801 136.273860
2 171.706898 110.554810
2 245.197685 60.614106
2 294.372177 189.389279
2 247.747488 300.629079
2 123.511157 300.565481
2 304.332227 62.381701
2 240.868928 171.431778
2 158.408097 123.982872
2 238.095347 173.144910
2 6.988644 146.061295
2 317.447416 179.969107
2 89.577762 289.336909
2 225.903249 289.597707
2 18.138077 109.929903
2 3.136457 219.714821
2 129.998060 280.385958
2 198.110545 10.437739
2 31.140934 115.490686
2 265.037625 240.178044
2 114.672760 10.294318
2 140.521718 239.398896
2 24.569977 251.627972
1 224.449119 190.326133
2 190.353908 210.802007
2 268.652900 179.016971
1 202.043153 155.821692
1 200.380692 195.425150
1 212.242065 177.157187
1 191.702409 165.918181
1 186.217919 227.310781
1 167.342319 168.255688
2 73.436809 246.588906
2 60.624329 220.159542
2 183.344128 136.862525
2 258.904954 285.374691
1 222.417501 133.486199
2 78.434328 252.642845
2 14.250073 217.817226
1 204.349876 127.498107
1 229.168036 125.221733
1 199.846943 137.067226
2 125.591823 290.786120
1 211.156323 163.331685
1 208.688740 190.598070
1 261.092015 197.651582
1 180.195457 178.376239
1 224.378136 162.509681
1 209.433225 114.487817
2 152.563174 163.625158
1 165.308145 173.643561
1 210.407177 170.381369
1 219.072613 194.137118
1 219.977402 181.428672
1 146.168705 178.115260
2 65.193696 249.968313
2 88.040237 297.940574
1 226.835944 167.812526
1 168.501117 171.506012
1 228.391933 204.290879
1 167.041183 181.588966
2 228.136634 76.190245
1 177.197701 144.969181
1 219.830170 142.118971
1 174.965022 179.894642
1 188.838516 194.540595
1 211.959795 218.171863
1 180.035145 155.836965
1 220.421025 145.336438
1 231.909507 188.983355
1 222.312768 161.537148
1 159.001496 173.210314
1 228.468030 210.035628
1 197.699180 135.628386
1 212.874334 136.988531
2 105.799434 232.779016
1 197.308153 188.259219
1 163.905367 181.250533
2 29.911736 185.921626
2 92.276784 289.887575
1 207.114224 199.476481
1 168.851751 213.676460
1 211.435617 175.715969
2 137.763846 294.425023
1 190.626231 173.994151
2 283.932119 172.720461
1 208.377559 172.931051
1 225.281432 129.318282
1 217.112300 192.200876
1 193.027252 154.993932
1 201.872206 180.064270
1 162.477223 180.942143
1 244.707071 101.940047
2 38.915356 172.782534
2 276.853957 169.649074
1 216.100166 224.180632
2 55.247963 252.001217
1 213.220870 197.378113
1 191.100595 172.920961
1 207.770305 170.211980
1 207.411507 198.805794
2 154.427417 186.639364
1 127.528342 190.963688
1 238.109189 191.802483
1 186.836323 188.609200
1 164.411563 133.381504
1 222.904422 135.609762
1 196.049724 138.875699
1 213.983664 188.624797
2 60.888062 315.411648
2 289.423940 86.809849
1 240.895377 198.749991
2 277.705148 178.707471
1 220.803332 172.055063
1 115.209239 153.223602
1 241.376953 175.093320
1 186.571142 175.551763
1 227.090475 149.083824
1 216.339778 211.469130
1 274.263742 197.619468
2 61.065615 267.987038
2 312.979257 174.263663
2 99.492785 232.345769
1 215.927321 151.683334
1 215.043393 123.511991
1 152.229120 100.413317
2 252.014253 134.727583
2 293.509115 139.893219
1 206.003462 175.766278
1 183.053594 173.730251
2 1.236626 152.889445
1 225.672017 192.042826
1 270.847123 204.662300
2 146.459168 238.278775
2 217.412898 134.003448
1 209.850636 172.395820
1 149.274132 183.145118
1 197.299743 187.345200
2 210.588055 73.662194
1 236.157375 154.585439
1 189.393417 140.376273
1 226.344505 137.222718
2 168.893696 109.312366
1 242.451654 182.588543
2 247.500518 90.013412
1 159.208679 152.871049
2 20.523693 201.153055
1 170.945104 201.692524
2 199.120154 154.834649
1 191.036031 198.615050
1 219.019206 179.511296
1 117.759636 73.461852
1 200.676707 218.420071
1 191.525913 133.496037
1 234.204407 199.363399
1 201.366540 136.178525
1 216.209048 155.391542
2 242.580578 288.576787
1 195.668154 207.671491
1 197.278168 156.392646
2 171.244360 543.570455
2 20.994490 632.140718
2 66.088670 339.827348
2 153.389716 641.988353
2 197.668517 576.454287
2 176.469311 624.306723
2 142.015951 484.013842
2 258.849622 571.780342
2 28.433730 395.907137
2 243.642724 359.433039
2 206.003233 444.655875
2 119.399959 429.388510
2 73.254313 598.941207
2 134.954239 645.637362
2 207.408084 475.388057
2 136.262776 642.822757
2 187.591758 566.237474
2 163.064770 649.985805
2 312.812798 351.169993
2 210.610595 352.366418
2 170.948294 656.999146
2 204.022806 539.747866
2 332.057090 545.190514
2 265.697799 587.415260
2 287.222375 358.744064
2 134.915525 634.063278
1 332.411828 603.279736
1 145.030728 772.537774
1 157.487720 793.321122
1 154.390032 786.035741
1 152.529190 780.121808
1 145.163527 789.729331
1 142.908453 785.024548
1 147.016255 764.763246
1 140.785421 784.378476
1 149.145823 789.074265
1 164.059055 789.500816
1 129.883861 767.236260
1 143.341848 761.361544
1 139.319658 769.947154
1 150.635253 800.337475
1 139.604911 775.162807
1 139.669431 765.674780
1 148.445724 798.992661
1 161.454364 774.691989
1 130.097206 782.724603
1 144.572743 765.796607
1 145.398130 795.977175
1 148.886593 775.785309
1 141.519321 797.625571
1 172.323697 786.749599
1 143.634279 768.792677
1 171.706840 790.920699
1 150.302771 764.452877
1 154.831874 780.177508
1 165.169143 762.646692
1 139.070384 777.583477
1 164.121171 782.791520
1 131.403224 778.324781
1 147.781349 780.633312
1 142.264031 791.512781
1 156.685346 781.153872
1 144.954823 801.106475
2 45.445622 846.788738
2 278.842459 682.923933
2 144.085517 872.816056
2 179.601668 815.345060
2 235.255087 804.442660
2 25.964187 815.865713
2 304.534268 779.614386
2 226.630879 780.766078
2 168.179667 893.592700
2 155.089063 886.894080
2 206.757819 820.565459
2 95.990597 827.499648
2 251.927141 815.949635
2 97.995087 682.932946
2 109.632884 844.386862
2 186.317673 845.551338
2 54.460575 712.218472
2 132.847880 719.890740
2 251.392151 680.540094
2 92.891069 894.358573
2 78.445487 880.182434
2 292.569065 875.351900
1 122.267386 772.481610
1 203.494627 773.425879
2 41.897371 822.924219
2 321.391948 727.571747
1 187.421205 816.975044
1 153.143990 774.406650
1 178.767186 771.024802
1 136.662897 799.952868
1 132.885020 798.411027
1 143.879479 789.161784
1 230.229358 841.569768
1 164.145526 798.475453
1 188.224093 810.706735
1 164.527052 760.837936
2 238.293783 803.827448
1 149.930341 763.013428
1 138.641132 797.173409
1 202.085685 810.203929
1 156.023567 768.397203
2 217.142681 785.713300
2 189.456699 824.537212
1 170.079273 731.862764
2 320.690628 710.039627
1 141.091881 753.523304
1 90.098526 798.083219
1 156.701175 810.759811
1 108.430339 738.101738
1 122.073062 791.782496
1 176.829404 722.265870
2 98.711363 823.196704
1 138.588171 774.765642
2 96.077744 880.238127
2 316.458564 751.453321
1 138.060735 829.414873
1 142.209514 797.329266
2 59.859480 910.049860
1 111.491964 770.874688
1 179.068114 827.764491
2 305.044091 779.814258
1 120.499478 806.027102
1 183.607322 837.634079
1 97.836406 804.124539
1 168.060138 752.134853
1 157.602365 804.000123
1 129.324708 839.526341
1 166.514315 790.390271
2 303.219613 667.912994
1 168.729764 785.307190
2 322.647672 759.566989
2 9.602371 818.670433
2 297.715809 667.894760
1 208.982210 723.975182
1 169.225251 755.498459
1 123.944436 812.095366
1 150.555991 806.158931
2 199.098368 927.784663
2 323.157917 667.672177
1 168.658725 812.177474
2 10.242494 985.957664
2 191.689958 916.270584
2 69.668091 987.220258
2 56.124716 831.592460
1 146.378243 808.998362
1 153.422566 804.843563
1 141.060361 802.827522
2 248.460639 801.466508
1 139.081384 774.212683
2 261.351241 778.576580
1 137.170776 822.484627
1 166.393287 805.463707
1 172.343095 804.592358
1 152.973967 829.841424
2 129.281202 700.969212
1 111.491964 770.874688
1 154.166888 754.960430
1 127.000992 817.086256
2 234.805082 834.716359
2 38.312486 808.434417
1 187.510868 793.838359
2 224.259862 838.829772
1 185.024912 727.217034
1 111.523031 823.664478
1 149.015662 775.235001
1 156.419252 789.549647
2 184.398039 826.384820
1 170.607548 771.716710
1 164.416300 744.039806
1 331.485885 687.247966
1 118.588610 755.597951
1 166.411656 766.149572
1 146.412198 764.610883
1 163.120811 714.954653
1 102.295793 762.888999
2 349.778605 9.205542
2 605.066590 47.788371
2 581.120796 112.089809
2 665.653347 275.935088
2 363.834378 164.526498
2 647.042743 256.695106
2 666.366008 82.483431
2 442.269964 137.611678
2 578.546029 74.844074
2 340.834231 314.390766
2 608.180601 176.614387
2 581.659812 104.667085
2 584.759719 8.514276
2 406.604858 243.912258
2 393.617551 91.206526
2 390.672135 228.799509
2 623.500289 78.874461
2 371.782737 51.913341
2 402.867411 243.143525
2 334.950622 271.238755
2 571.288115 214.680961
2 459.060437 293.612571
2 379.176009 255.029792
2 656.409401 197.366295
2 349.835505 199.844286
1 405.111228 654.743552
1 405.143784 645.741016
1 397.298582 643.386521
1 399.545928 650.646476
1 408.363581 655.378863
1 385.087245 644.224714
1 412.893603 637.657770
1 405.531501 633.996536
1 400.441090 649.314884
1 397.339133 647.323642
1 398.053061 653.189044
1 394.188539 646.559336
1 398.752565 649.912308
1 397.250624 649.699913
1 406.456430 640.285232
1 397.868197 650.876934
1 421.667448 648.733453
1 422.983944 640.758248
1 380.384746 651.717041
1 392.518443 649.812297
1 411.925322 644.440037
1 408.039858 649.382839
1 394.418308 649.889421
1 406.652711 633.066539
1 394.835188 662.032331
1 395.472651 631.200161
1 414.147286 642.437744
1 411.733015 641.469493
2 455.653924 403.258451
2 363.487086 575.203866
2 407.654692 539.267475
2 422.263068 585.874800
2 545.309700 599.809725
2 409.899350 583.813836
2 569.053141 516.305782
2 638.136057 382.283967
2 337.238754 627.361551
2 514.384405 514.909617
2 421.769390 657.734760
2 567.767176 623.068481
2 531.947152 538.399774
2 414.301767 487.742486
2 515.624875 369.475080
2 379.458646 395.931238
2 603.739266 638.164720
2 501.170248 578.989438
2 493.003781 406.135317
2 439.302773 543.991638
2 624.977644 549.091301
2 418.523773 349.099599
2 651.343269 665.120359
2 400.695022 591.662895
1 442.409036 656.516407
1 384.408257 664.480255
2 440.344460 562.228753
2 410.152927 602.341658
1 408.478093 620.490946
1 464.531140 652.781675
1 370.979533 632.405723
1 408.091796 661.581965
1 374.477912 644.197311
2 629.931715 603.029489
1 371.985887 659.217167
1 354.933865 625.042013
2 533.665366 633.787522
1 336.186093 665.314319
1 360.647769 631.995179
1 354.299563 665.468118
1 400.574865 655.490752
2 386.582629 550.256803
1 411.415242 645.061439
2 510.003200 589.977961
1 419.351894 646.357605
1 366.890738 577.483040
2 439.037856 557.217963
1 406.612139 608.736462
1 437.310140 654.303590
1 445.941688 618.792143
1 368.121507 655.670384
1 376.242863 625.206877
2 555.737163 612.221022
2 556.522732 659.209491
2 429.803751 473.594786
2 398.519553 532.070174
1 372.428675 646.226340
1 406.971153 651.805669
2 619.548035 655.998859
1 369.304256 622.775040
1 440.790325 644.824815
1 371.933424 653.872421
2 379.467425 594.793981
1 379.321364 646.191003
2 427.155105 533.986246
1 389.769387 633.437726
2 562.672965 606.933717
2 497.190720 563.548597
1 379.656055 660.528484
1 399.815314 614.582093
1 355.015637 649.814347
1 366.489870 643.625665
1 389.954099 618.970405
2 408.510164 565.055577
1 472.591249 645.766988
1 442.880603 634.194209
1 423.052324 645.865057
1 370.604090 651.576165
1 351.379362 630.304635
2 542.855909 533.077270
1 467.931217 642.369215
2 512.473293 593.772074
1 374.509617 582.371152
1 389.020744 650.373309
2 478.246290 531.638057
1 417.681686 653.720641
1 416.379952 644.834450
2 617.878070 664.166341
1 375.883611 645.645011
2 424.606478 547.063854
1 473.009641 657.346692
2 508.385189 533.816883
2 406.280319 605.197263
1 400.175278 665.018206
1 384.064184 651.256355
1 457.509153 619.900907
2 539.567181 575.247707
1 339.624207 661.305332
1 370.026457 666.392600
2 342.896783 621.502254
2 418.768530 564.515096
1 411.668134 668.368042
1 592.269184 788.914880
1 591.487549 810.596792
1 562.838830 823.133327
1 562.109298 801.404777
1 575.479506 794.895237
1 550.314057 812.352350
1 585.959880 788.115219
1 564.241788 810.020203
1 569.629502 802.786922
1 577.599504 805.651019
1 574.622168 791.722488
1 564.053403 790.297419
1 553.192257 793.616418
1 549.161840 788.600295
1 576.378288 808.759825
1 553.858209 800.021254
1 571.998115 799.433039
1 572.089694 783.789241
1 576.423917 815.735739
1 592.906930 809.881322
1 592.085861 806.001343
1 574.647485 814.706093
1 562.839817 799.521881
1 565.419632 797.485520
1 555.859829 792.941726
1 582.643007 781.605743
1 586.486928 795.935543
1 571.754810 812.072489
1 569.199946 795.767835
1 580.683493 819.967901
1 571.582199 797.383136
1 580.041311 806.092403
1 561.438024 797.509067
1 570.353356 805.491408
2 577.914558 714.854242
2 601.527925 716.441812
2 443.770658 934.503837
2 373.322691 854.021838
2 574.700117 858.400583
2 610.104511 840.210379
2 642.694306 910.732831
2 659.645040 947.878012
2 526.803464 864.987154
2 486.398273 802.952947
2 349.544459 746.803773
2 381.538185 894.107693
2 339.589366 723.918474
2 412.598899 810.795338
2 448.318685 952.522040
2 503.259611 871.763370
2 408.423329 772.895511
2 650.792042 795.792364
2 520.087113 997.883590
2 447.291469 719.800295
2 648.836860 787.895538
2 572.124382 759.782192
2 542.324607 680.102779
2 622.243191 962.189270
2 524.971951 840.720524
2 430.984447 864.594218
2 583.814646 844.751735
2 616.138961 886.174952
1 514.629460 811.128892
1 542.857672 819.536239
1 591.972902 837.928145
2 424.770922 814.434241
2 635.686472 838.377932
2 577.133278 871.664778
2 647.187811 827.040393
1 584.367375 766.803961
1 417.558084 681.442349
1 560.660331 790.067817
1 584.800468 815.850750
2 604.602260 722.569280
2 581.566556 877.260203
1 604.625661 777.869072
2 362.121130 721.211566
1 551.832430 783.369266
2 617.413666 780.217831
2 335.024339 757.012739
1 613.534857 819.109122
1 555.579756 751.450886
2 602.706459 752.519646
2 366.899992 676.886439
1 542.379685 819.985967
2 655.006170 782.072402
1 545.591314 844.228253
1 570.391492 808.304448
1 595.930689 773.389705
1 508.316817 863.282200
1 559.465673 823.615329
1 592.237188 791.746779
1 362.103185 682.725695
1 553.319876 753.078123
2 376.461928 694.030576
1 555.793530 813.243670
1 594.725763 733.643878
1 590.725482 789.922640
2 496.283106 876.311821
1 576.163216 799.963800
2 572.183391 853.417267
1 556.524964 768.720543
1 431.447101 670.720943
2 599.690804 737.874899
2 622.249158 873.600433
1 566.472303 785.731253
1 604.025295 769.538881
1 554.873184 802.316148
2 542.263813 694.694910
2 488.007428 706.672451
1 420.363501 689.674606
1 542.081937 790.761976
1 504.331078 798.431223
2 642.793903 853.404858
2 393.113271 875.093269
1 555.660513 825.112730
2 630.543154 698.856081
2 636.907461 820.551674
2 366.223117 701.202836
1 579.511902 803.983210
1 585.367901 793.200549
2 339.768992 686.036128
1 567.768979 763.451302
1 641.338321 782.036210
2 652.383065 744.902902
1 614.848343 803.959231
1 404.205203 671.739045
1 574.372173 776.339164
1 587.297504 804.691376
1 582.007320 788.695579
2 664.498846 821.543659
1 406.539332 667.492063
1 403.626178 707.487382
1 532.623453 849.154349
1 613.691223 806.644751
2 617.471438 883.543277
1 576.185957 773.649818
1 580.382356 806.299311
1 530.265278 796.874506
1 564.939617 819.654853
1 371.214078 685.974286
1 404.241006 675.926201
2 446.777059 724.859617
2 571.264893 693.786078
2 627.222753 941.306726
1 567.998476 765.947925
2 663.275888 763.019052
1 570.085928 813.806873
1 627.210424 814.444097
1 573.866197 773.938095
1 588.019727 784.496016
2 374.403847 779.482803
1 628.674194 784.081419
1 485.765174 672.211866
1 574.646219 772.669796
1 571.069962 755.697128
2 533.311403 863.171262
1 555.299014 835.257317
2 592.959500 911.200711
2 464.537466 695.960885
1 551.204733 761.947831
2 555.219225 686.422368
1 615.098872 831.710455
1 613.130659 755.997819
1 503.618234 721.391841
2 547.952843 674.829717
2 576.362924 747.145489
2 357.944506 774.144120
2 523.531441 836.889375
2 636.309857 787.418931
1 565.484988 822.653281
2 405.819101 789.612389
1 518.870506 756.322895
1 569.761409 811.375919
1 578.174864 801.007947
1 546.535744 804.788152
1 569.677396 821.038846
1 546.829923 842.649688
2 505.627315 679.421704
1 541.837701 802.358480
2 584.126930 872.925447
1 569.740812 806.461121
1 542.519524 811.429729
2 403.493442 844.054710
2 593.016730 786.075918
1 565.167437 833.153433
1 625.966935 834.044064
1 581.881815 784.567782
1 563.252606 851.759817
1 608.750421 805.609148
2 536.123904 834.241603
2 586.381310 851.988276
1 413.078476 674.202385
2 594.212633 844.596645
2 388.275716 736.986588
1 561.515195 751.496072
1 377.362983 697.278064
2 587.830601 855.750133
1 538.032598 781.512000
2 368.668802 793.153722
1 597.174142 810.598854
1 395.204856 671.238137
1 523.952634 849.027814
2 612.786368 759.888984
2 572.426139 792.720528
2 569.768874 777.125826
1 566.511184 789.413020
1 579.341201 824.826189
1 562.316929 808.889816
1 637.336874 747.027243
2 597.676713 871.390500
2 523.466212 668.497916
1 540.046987 828.102160
1 642.604055 834.625289
1 561.608979 784.527854
2 620.929631 842.308618
1 547.012898 769.388012
2 522.958456 909.086912
1 562.233930 787.000440
1 581.994422 823.688193
1 622.099342 834.452114
2 656.302834 790.799021
1 574.122985 849.835312
1 554.481013 848.812460
1 550.041372 747.057109
2 571.948431 801.994363
1 362.918008 681.635304
1 817.333145 301.770809
1 812.226200 290.236725
1 830.429414 297.607845
1 833.030645 316.684872
1 814.058431 301.075981
1 819.691371 300.488439
1 835.591285 300.783414
1 807.626186 302.934711
1 820.155986 304.158386
1 826.779512 299.570688
1 830.789986 321.305360
1 809.734327 290.916042
1 827.960425 295.295719
1 822.190965 301.146311
1 828.619228 297.276916
1 824.871657 302.618242
1 818.187449 299.010597
1 809.235061 314.367895
1 838.150705 307.822859
1 820.400217 300.308929
1 825.397005 287.726416
1 824.072163 310.451970
1 812.497967 279.106009
1 829.669497 290.198884
1 832.419664 315.356267
1 797.302606 305.825083
1 843.686914 295.652230
1 836.313379 292.914827
2 893.464066 245.978228
2 755.215109 262.818065
2 967.740334 176.295514
2 847.526756 47.555112
2 896.554048 172.220755
2 763.118143 314.693327
2 830.285743 135.188482
2 995.768737 265.352777
2 801.264136 178.192910
2 900.574006 251.836751
2 844.330495 166.834008
2 792.672124 105.940476
2 786.455709 275.805450
2 721.232896 113.150164
2 850.339335 302.945682
2 955.189126 119.127902
2 923.431828 272.093459
2 799.230402 268.265659
2 725.838965 321.164163
2 826.266588 220.737925
2 746.763665 98.818846
2 992.212422 18.595498
2 747.794707 283.159653
2 780.873777 215.516670
2 834.424240 242.891355
1 799.903277 312.996285
1 860.096854 298.862431
1 813.802392 278.566508
1 799.976908 314.862513
1 846.453705 217.495131
1 804.543920 274.063256
2 784.329679 292.099782
2 931.276355 232.345708
2 860.970763 168.983933
1 793.264500 273.267660
1 831.420415 279.950289
2 670.914911 194.373892
1 848.461831 313.484265
1 841.165745 295.560907
1 884.827341 305.559439
2 912.016256 204.623212
1 795.511670 319.936973
1 815.986700 288.333138
1 792.432289 272.012087
1 886.097430 262.472887
1 831.215384 321.672943
1 828.712572 330.271717
2 767.989826 183.753982
1 808.360277 320.055864
2 692.095143 237.077143
1 824.468102 325.825788
2 743.032665 229.849878
1 847.108382 322.096086
2 717.167384 194.372148
1 800.364844 286.350093
2 816.635900 97.708153
1 892.027145 331.792577
1 846.125378 259.719221
1 850.115786 302.898842
2 763.779565 231.067696
1 857.117116 305.322883
1 814.391343 315.608975
1 867.044679 277.634718
2 901.135858 256.407607
1 827.035729 293.053150
1 884.133800 296.558632
2 896.404720 236.011503
2 906.090272 294.788541
2 773.195319 296.303706
1 857.046621 330.192623
1 808.545951 302.992315
2 904.040352 266.804666
2 868.504288 267.369184
1 826.071667 251.982728
1 809.719224 196.105615
2 895.437151 172.255858
1 872.546532 302.140822
2 760.462437 254.482913
2 864.335251 184.313452
1 829.926793 284.842918
2 853.461554 617.476469
2 898.600168 540.882315
2 677.775509 342.930127
2 750.100477 352.702020
2 867.559483 627.575568
2 910.013623 458.782088
2 968.121624 355.378469
2 909.437058 404.824141
2 921.326964 580.380160
2 857.254788 594.139169
2 977.632657 440.842494
2 720.361765 580.513346
2 772.892698 525.418582
2 958.985674 356.512416
2 952.169677 569.099599
2 813.839232 641.817628
2 864.808386 501.433124
2 922.861860 409.129112
2 757.961885 346.761935
2 921.044725 367.612915
2 821.702857 505.467745
2 923.699222 340.109950
2 857.317670 417.800218
2 950.983214 395.784707
2 925.360030 412.895353
2 791.112831 333.745795
2 937.963947 427.581116
2 715.690421 545.399815
1 880.099673 358.436779
1 850.937582 336.564740
2 699.738059 405.468453
2 912.500011 382.905710
1 883.276782 367.918059
2 878.589254 400.092031
2 786.264836 346.456642
1 827.069333 344.902815
1 857.298662 334.623226
2 917.447417 459.571605
1 834.408254 339.435058
1 829.077336 335.045692
2 730.879782 942.588539
2 728.193996 675.485181
2 737.304823 749.460525
2 676.107195 838.903866
2 836.032604 668.933878
2 922.795936 866.236940
2 906.207141 929.633314
2 970.266889 912.324051
2 841.109441 723.509132
2 981.902447 834.698518
2 864.426634 915.553717
2 693.274694 781.004788
2 666.953286 932.102326
2 758.780180 916.808006
2 998.050861 919.909244
