1 202.078525 179.315206
1 214.176846 164.074055
1 210.958168 179.125455
1 211.836927 174.842533
1 189.331589 163.877402
1 203.527437 163.832954
1 199.534577 179.521387
1 201.970054 177.160632
1 209.442568 186.467994
1 180.724814 194.967207
1 193.107182 173.501593
1 196.032144 186.401373
1 216.060535 192.472274
1 198.853969 176.148251
1 199.799649 178.648621
1 183.153069 197.091140
1 199.026631 174.339036
1 190.123317 178.772194
1 211.479674 193.053529
1 199.410362 165.275356
1 178.902086 190.791062
1 185.497611 180.646397
1 194.792092 166.717099
1 186.702925 186.835629
1 203.281993 182.508794
1 201.587909 182.185522
1 210.067252 172.806962
1 191.858792 193.583218
1 211.518348 217.507713
1 234.484385 170.133836
1 203.429690 155.539020
1 198.237096 163.704127
1 198.359975 195.775878
1 163.437501 168.223602
1 192.691809 128.050587
1 160.106774 207.555214
1 193.044692 192.723863
1 194.042048 197.648996
1 187.082911 173.130123
1 202.320138 174.616195
1 177.174857 148.010808
1 197.944507 163.939378
1 221.512819 201.793237
1 162.399233 166.375775
1 162.486810 178.500957
1 230.965549 167.807529
1 184.011377 214.746032
1 215.248870 150.422295
1 183.083727 153.358283
1 235.344290 155.339166
1 201.785266 155.833239
1 192.889432 186.093765
1 127.914672 169.190616
1 264.641267 189.806737
1 193.990527 190.900187
1 146.578818 166.202347
1 161.280985 162.959460
1 243.624073 234.673903
1 188.048987 127.686414
1 117.121820 187.665047
1 190.812568 122.222874
1 223.607176 150.191510
1 193.822648 178.080700
1 131.364448 187.740473
1 217.645143 196.263135
1 113.462462 216.525185
1 156.046844 173.450093
1 185.583100 181.886452
1 179.869461 173.810438
1 154.146081 160.101780
1 208.187476 186.237292
1 240.364357 140.664934
1 218.619934 207.343948
1 201.291852 184.249250
1 222.644826 149.525264
1 213.221279 180.198979
1 159.151702 147.425646
1 214.344182 229.062949
1 132.565975 217.343112
1 210.594701 163.853590
1 214.200891 186.582581
1 182.601942 208.711491
2 59.664177 453.414726
2 50.576305 436.787278
2 58.482343 434.984402
2 51.425367 440.837784
2 43.175214 434.119097
2 75.720087 415.002922
2 58.804816 428.815023
2 63.347146 425.863559
2 60.732494 408.726670
2 72.406240 438.663397
2 68.614963 418.307461
2 78.024736 442.886722
2 67.604440 409.186050
2 50.591738 412.758446
2 64.626408 427.958435
2 45.398665 416.726962
2 56.673980 431.836704
2 64.811656 413.906890
2 39.766784 432.656259
2 54.629899 427.696813
2 39.445893 422.065107
2 64.010856 425.553187
2 59.602518 430.313672
2 64.184752 413.590620
2 80.182577 438.192942
2 70.931752 442.930283
2 61.246465 421.775181
2 60.792721 428.363508
2 61.668450 429.694248
2 53.810192 419.722364
2 56.705041 425.612133
2 56.175670 411.315359
2 63.494198 428.757342
2 83.436392 431.710276
2 56.345963 431.619136
2 43.408837 443.731623
2 65.727367 424.865274
2 71.831915 415.201987
2 61.552714 420.683760
2 54.176240 408.216230
2 54.332525 422.651007
2 65.391002 431.691994
2 45.589576 434.050779
2 63.955935 438.324871
2 40.333242 444.457525
2 47.776520 438.419990
2 83.859896 425.730642
2 12.627200 442.022225
2 97.570524 448.076151
2 84.389643 430.803176
2 42.290016 395.892056
1 323.799529 628.162147
1 320.877996 655.347398
1 137.580917 790.113407
1 148.767415 779.060031
1 148.218661 777.629893
1 139.421185 798.342218
1 150.308837 780.140365
1 158.460107 771.246079
1 157.586055 786.824144
1 154.737368 774.207855
1 153.580006 777.188003
1 164.555545 789.736037
1 150.928066 781.749938
1 161.261873 761.410870
1 149.508251 763.863873
1 163.909595 777.338638
1 146.093343 790.984559
1 136.628337 785.524255
1 135.578839 792.133503
1 153.267474 780.133094
1 150.481933 780.709372
1 170.979326 792.811980
1 156.864742 796.891839
1 128.360333 771.670554
1 154.356766 782.354495
1 171.076966 768.126136
1 144.477388 777.595097
1 160.573092 762.600482
1 154.675911 718.336218
1 149.971026 785.501359
1 181.463538 818.893599
1 137.377520 793.828527
1 139.560953 780.486310
1 199.815377 839.367940
1 185.225510 744.724211
1 170.180918 799.932242
1 122.716764 798.849836
1 117.555132 787.209334
1 130.893149 783.121147
1 164.337604 779.186599
1 170.487644 784.834915
1 142.859904 788.415886
1 169.581054 797.760876
1 117.743666 730.056469
1 160.089008 762.994465
1 135.125266 768.880577
1 152.093947 789.220447
2 324.679242 782.834299
1 168.740834 782.356305
1 118.476820 781.024907
1 115.652588 782.386102
1 92.811957 771.096236
1 88.222994 797.632213
1 196.514943 775.304168
1 186.267493 793.367793
1 181.523460 788.856223
1 116.789334 745.015631
1 134.117419 789.905521
1 190.603002 774.040116
1 129.271500 820.949995
1 189.923233 812.040123
1 120.990734 799.167115
1 194.088440 801.004238
1 219.839982 764.928279
1 183.847252 817.766502
1 164.264985 750.282664
1 66.747556 742.619733
1 133.628166 764.891717
1 118.429547 770.859666
1 143.636975 757.818516
1 120.356635 759.364272
1 176.542191 797.334583
1 134.254350 847.051630
1 164.176920 764.434054
1 159.869334 677.668089
1 145.736340 760.335461
1 168.251136 778.626175
2 332.387299 822.165659
1 125.983288 750.158535
1 117.340776 770.340406
1 117.080415 745.717539
2 499.585782 134.991032
2 484.248733 151.095240
2 487.072859 134.072046
2 483.869978 133.688808
2 506.632547 149.885286
2 492.965995 129.845313
2 518.370217 137.655406
2 500.372290 132.347817
2 487.886167 155.139001
2 493.720714 134.765195
2 500.592111 143.538737
2 509.219396 138.393067
2 509.805614 158.859363
2 494.685072 156.280964
2 516.707945 155.811111
2 493.952420 155.236588
2 498.891104 142.434045
2 503.031665 142.810787
2 503.838197 164.691625
2 482.063822 143.746553
2 496.084056 144.129262
2 491.287710 130.238975
2 493.997559 149.054409
2 516.354893 141.664266
2 497.273132 140.416961
2 487.985610 127.781588
2 480.665799 140.519273
2 491.863470 139.404843
2 484.169628 124.939385
2 500.296424 143.208910
2 502.431803 130.208756
2 488.163780 137.309645
2 507.653555 163.648638
2 490.172815 141.775291
2 497.665782 137.406016
2 504.235634 136.967520
2 504.037112 143.205893
2 519.923327 144.451390
2 507.237126 134.154348
2 495.384363 140.921447
2 497.827101 132.321328
2 520.065446 142.572758
2 495.878229 119.440463
2 499.532163 145.276059
2 486.023560 139.868389
1 414.159271 654.484542
1 396.965906 656.429721
1 405.431374 649.333913
1 391.300101 656.779568
1 399.486811 646.725757
1 400.259023 649.944374
1 399.088965 649.256337
1 395.487644 652.575963
1 399.326209 652.158784
1 391.609420 665.205160
1 399.173399 644.191207
1 409.607785 663.929181
1 389.841955 658.005263
1 400.774781 650.308213
1 399.641320 649.664334
1 381.955513 645.056636
1 398.298446 654.480653
1 405.861198 641.062399
1 398.602001 647.378318
1 394.385557 654.002274
1 393.340697 642.555826
1 401.664526 639.774492
1 408.226809 628.395687
1 395.338749 637.154486
1 399.215922 650.971434
2 556.654560 492.168320
2 566.327921 479.929622
2 559.645556 478.749257
2 542.108217 474.036524
2 559.685605 487.433473
2 563.369408 490.282628
2 573.381410 471.477110
2 559.161220 474.688788
2 557.486451 481.565274
2 563.704203 473.647680
2 558.252617 486.808067
2 548.343974 488.373185
2 559.745212 479.979779
2 569.635254 470.297255
2 547.504747 473.173566
2 568.280122 458.401332
2 552.993692 480.154732
2 536.452940 475.645585
2 545.797056 473.774194
2 567.445625 494.042759
2 562.460124 483.713340
2 543.069621 483.761617
2 547.655082 458.294657
2 561.074381 495.485274
2 566.168079 497.857587
2 557.684401 461.115869
2 552.590856 490.349685
2 560.512513 470.929234
2 563.243376 477.289553
2 542.971177 465.114985
2 544.830961 464.668945
2 553.586758 461.895545
2 564.947799 458.268381
2 567.193653 481.763242
2 564.631733 472.059136
2 559.099342 479.038836
2 580.142647 476.366680
2 565.634408 455.665149
2 557.992754 503.939145
2 580.160206 485.271098
2 564.291244 478.719299
2 548.831643 495.501298
2 544.664903 471.243575
2 545.146850 474.591171
2 568.669514 482.475636
1 399.394220 653.164595
1 388.526081 652.768833
1 389.517106 651.760323
2 587.872788 448.950315
1 365.194397 630.085652
2 569.145974 484.542006
2 576.610053 511.436100
1 368.006844 649.984895
1 388.520949 656.447287
1 433.745338 666.470690
1 402.001495 620.447328
1 449.920665 653.175551
1 417.679287 610.345339
1 376.927904 645.936104
1 454.222146 657.954110
1 410.230428 664.339237
1 482.150347 656.681824
1 360.609859 635.973659
1 420.834599 642.876226
2 564.147642 506.695702
2 592.843256 499.253500
1 433.363048 628.516472
1 410.985212 666.250007
2 525.763117 471.320636
2 588.323512 461.870757
1 401.146127 600.471812
1 358.128673 648.588529
1 340.145789 648.015926
1 428.050120 636.457732
1 385.681928 645.169416
1 434.493894 666.401378
1 439.393391 589.334967
1 406.058834 612.817232
1 388.900357 648.324114
1 471.387939 636.682918
1 387.106216 596.364660
1 390.798619 652.718929
1 439.623246 649.797278
1 442.649327 645.476138
1 424.707956 618.719553
1 412.747021 661.118073
1 403.428662 660.646583
1 445.602190 626.168593
1 409.891575 650.508200
1 463.087159 617.272357
1 407.461504 635.748114
1 369.492862 647.873404
1 410.954978 591.969108
1 430.435242 650.413914
2 517.736183 514.463080
2 522.586898 517.918701
1 430.512333 614.422647
1 373.355215 635.351747
1 355.416113 590.866975
2 566.271439 483.405205
1 424.978011 643.163535
1 411.228797 623.623719
1 341.340355 663.930509
1 404.805911 591.578579
1 398.753491 665.136221
1 383.808570 633.280305
1 410.850476 670.035768
1 575.661683 787.109299
1 570.123937 800.021367
1 591.474880 793.367133
1 560.549366 808.971070
1 572.751738 801.405733
1 564.153244 803.367135
1 581.768991 798.964816
1 572.759855 799.243772
1 577.898006 790.170492
1 574.622078 798.789140
1 573.053080 813.579015
1 584.509425 787.087501
1 574.188549 798.183811
1 555.463841 818.504065
1 589.863390 791.962140
1 560.629967 802.699365
1 568.084256 806.421477
1 569.348468 803.664456
1 559.722450 798.231480
1 554.189676 788.492689
1 570.431892 804.553449
1 553.812317 802.677720
1 566.122417 793.535738
1 556.450136 801.912863
1 558.457108 801.771453
1 553.909713 813.565870
1 551.165307 798.782531
1 588.384833 811.338194
1 564.321143 806.739449
1 563.309108 788.919077
1 546.552111 799.804377
1 570.841369 788.925269
2 389.538227 833.879714
2 378.960659 833.429814
2 411.442228 835.670410
2 409.237313 811.380150
2 399.890100 830.041025
2 387.390942 851.011779
2 400.025746 809.960347
2 397.580039 831.068220
2 401.312932 830.117661
2 387.290173 814.781166
2 399.712033 820.898581
2 402.382769 830.642689
2 397.509522 816.278095
2 411.152661 844.794265
2 395.711069 837.208026
2 390.150597 825.066402
2 398.257724 839.003859
2 376.583223 838.678080
2 382.307555 837.874612
2 416.083383 812.282884
2 385.918454 817.639902
2 412.266138 813.407596
2 399.456228 830.895849
2 413.065501 846.807698
2 415.642324 835.764118
2 390.094158 829.951194
2 401.366324 848.649844
2 401.175089 840.522349
2 399.819838 837.191383
2 405.832256 845.406995
2 398.449407 821.013905
2 402.179150 831.091748
2 405.133892 836.167852
2 418.329704 828.496631
2 400.384027 826.575821
2 391.501291 844.196585
2 402.664223 816.254259
2 404.526549 830.470441
2 402.357607 815.581699
2 393.088402 831.176945
2 397.917414 854.296024
2 388.306593 841.258806
2 382.629465 844.753000
1 585.244623 826.779862
1 393.746155 717.612682
2 394.705900 818.912283
2 404.686711 849.124213
2 419.794805 841.662144
2 391.978097 845.704945
1 570.826779 771.272580
2 364.975235 769.317992
1 415.001425 688.414240
1 546.271772 776.969250
1 564.473818 771.337489
2 431.460774 802.202855
1 593.056684 791.152090
1 576.902811 734.433255
1 568.840864 759.553256
2 380.641869 842.852284
1 437.876715 696.370074
1 560.155638 789.103545
1 549.462941 763.883683
1 615.654329 828.090794
1 409.182329 702.426082
2 392.518776 833.738203
2 376.231575 843.600991
2 376.444206 802.767664
2 393.098762 801.938359
1 610.700674 802.279824
1 587.826260 772.395877
1 526.072361 771.527394
1 579.234590 818.372292
1 571.120127 733.756443
1 414.172997 707.255392
1 594.457100 811.587101
2 393.905873 843.661914
2 385.929972 838.881847
1 587.101760 742.877237
1 534.832892 811.185620
1 559.261500 794.675456
1 439.696874 712.282001
2 377.746195 842.872547
1 576.638065 784.997542
1 417.581555 684.439760
1 584.218798 784.959667
2 437.496352 794.253403
1 557.069982 752.959683
1 386.120768 675.488852
1 628.967416 801.298470
2 370.694231 858.419167
2 400.941958 858.832335
1 419.376101 677.952783
1 406.437904 690.680983
1 393.741335 702.334892
1 527.303588 773.471985
2 394.443648 857.240939
1 451.808575 727.256748
2 435.745616 798.546687
2 346.706518 810.001671
1 415.851067 678.083190
2 431.359890 847.304296
2 374.092483 871.354647
2 425.061613 810.195659
1 545.333530 806.224740
2 416.905038 894.469629
2 450.081697 818.940152
1 585.133391 773.698520
2 423.187501 873.862856
1 561.296897 791.086159
1 541.222720 815.798947
1 540.935394 733.078515
2 421.281363 862.702892
1 564.506778 798.335284
1 576.063316 755.727314
1 530.682731 776.943530
2 391.929345 836.136005
1 627.445620 724.644239
1 624.373522 790.530115
1 553.310319 800.840964
1 563.147002 804.871320
2 429.895900 828.707612
2 393.303809 850.977105
2 452.529193 843.011021
2 383.867398 861.256006
2 392.317762 852.643141
1 593.447916 822.126862
2 417.511389 824.351960
2 448.667866 812.669981
2 408.840442 822.163540
1 398.950769 697.328485
2 457.403818 789.879120
2 340.138360 821.656904
2 409.666159 850.455747
1 566.920642 852.957597
2 433.997510 813.167589
2 398.127339 921.208025
2 437.286875 796.746500
1 557.299377 750.511095
2 504.467385 836.129653
2 418.574850 822.999683
1 595.464933 821.817144
2 384.538809 834.125112
1 564.600162 732.741629
1 351.346974 689.789845
1 579.254468 754.825130
1 366.283630 690.617730
1 561.817433 797.634732
2 335.894400 837.270731
1 572.140934 783.080678
2 395.882807 799.312509
2 388.820594 856.474523
1 560.104663 780.535925
2 401.596631 827.932878
1 561.343057 800.216098
2 344.943734 798.512980
2 423.716494 836.526235
2 407.119399 850.286793
1 579.142849 811.896647
2 400.533166 861.535976
2 390.209186 872.529507
2 388.726645 807.058098
1 563.160031 752.554923
2 438.219427 801.585580
2 402.237340 857.420171
1 587.148363 844.060735
1 586.912603 779.518468
1 613.686068 791.209697
1 557.624398 823.458075
2 417.391478 831.815935
2 384.272599 828.273815
1 559.458842 807.504290
1 407.028584 704.186648
1 527.446028 797.465675
1 586.374808 730.799225
1 502.866378 839.071318
1 559.832841 775.185401
1 410.623995 668.614108
1 524.871910 830.520815
1 565.827415 795.823520
1 572.656520 792.746880
2 492.561598 854.574638
1 561.849275 777.968171
1 389.687853 668.986996
1 604.694383 790.924633
1 796.388864 306.657840
1 821.036917 304.551643
1 829.830806 294.046739
1 827.008361 306.982318
1 819.703925 311.468283
1 802.629404 300.577595
1 839.125300 303.166866
1 816.029020 288.743721
1 823.478148 298.508401
1 815.426318 276.391480
1 818.450751 282.660983
1 820.312877 300.045297
1 820.927539 293.228590
1 822.934482 292.983958
1 831.099042 306.238499
1 839.922837 300.968418
1 814.952164 321.010370
1 823.426854 290.314283
1 799.510615 313.051670
1 837.694861 287.564907
1 819.206725 279.764840
1 817.297562 303.155753
1 814.325253 299.945888
1 832.056120 284.478898
1 801.905115 293.097394
1 826.371873 289.008095
1 814.925088 283.959900
1 838.938066 309.893315
1 833.789396 312.449478
1 800.250237 273.190263
1 842.832501 319.093787
1 813.957526 292.630222
1 791.196283 259.180759
1 811.933482 307.641097
1 805.657649 292.808224
1 824.527468 300.406446
1 801.233210 321.852444
1 830.100963 315.824194
1 762.502647 281.338302
1 816.340929 279.726065
1 830.278713 294.778386
1 839.996135 323.931329
1 796.836733 314.746725
1 816.899502 268.552369
1 853.416789 300.864379
1 787.195358 331.304353
1 860.271704 303.952653
1 857.456788 321.739478
1 820.484103 321.467978
1 764.458091 323.426139
1 815.237808 273.536908
1 805.419204 280.917499
1 798.382542 293.239526
1 819.825537 305.739100
1 772.248621 297.705371
1 827.951085 302.993670
1 832.450567 307.881131
1 772.408805 313.611927
1 799.895771 297.176862
1 798.836618 280.233762
1 818.581810 303.505843
1 785.731161 270.818795
1 737.634508 263.738438
1 786.988022 281.011941
1 793.467127 284.986902
1 787.352839 279.014456
1 887.329091 319.467050
1 796.155826 259.121252
1 792.241031 282.462595
1 812.323049 320.360955
1 854.550138 315.119671
1 873.882192 301.744265
1 811.021601 313.125557
1 812.693143 333.001810
1 865.965293 258.671528
1 847.174840 276.545318
1 820.609340 317.346195
1 790.835005 275.608390
1 791.555373 255.408711
1 868.608399 296.912727
1 865.692156 303.002797
1 834.477662 331.831426
1 852.297354 303.949921
1 829.764616 294.717004
1 862.720478 278.086497
1 796.215562 282.246153
1 785.056267 260.125009
1 797.307215 279.212224
1 812.648861 322.836141
1 773.014603 241.799634
1 817.101185 279.076968
1 825.062157 264.233009
1 784.554318 292.860383
1 784.224299 239.785968
1 828.067785 255.070609
1 848.568895 306.924619
1 861.947157 301.021150
1 754.827359 321.429420
1 798.229540 285.067286
1 850.041984 308.785762
1 841.479121 325.848401
2 840.676232 608.621616
2 852.475574 633.410839
2 846.066883 625.840064
2 854.026035 648.220403
2 839.991632 615.530566
2 853.077069 632.163393
2 838.369887 634.561641
2 841.955730 613.519406
2 866.584727 624.813974
2 828.963805 622.449259
2 852.416090 642.763955
2 837.016986 614.694498
2 840.738615 643.357703
2 843.478089 641.697435
2 838.721206 644.038280
2 863.400528 639.149061
2 859.753973 642.335668
2 837.233535 635.162835
2 853.881323 619.546542
2 850.632442 625.157595
2 853.359522 611.015333
2 850.418268 615.658842
2 858.067359 619.559308
2 857.351504 643.163369
2 850.318600 639.521488
2 835.521914 631.914579
2 831.556330 614.604932
2 850.077215 631.957816
2 856.027421 643.177058
2 852.373098 634.690302
2 851.245743 630.290808
2 853.265255 626.674026
2 848.812040 628.612968
2 854.054095 633.278565
2 849.995893 630.763458
2 846.559716 642.299393
2 855.763583 644.513919
2 846.730506 607.687930
2 856.436795 633.342058
2 852.717873 632.804110
2 842.090755 638.151091
2 850.444308 630.218780
2 850.868218 630.077384
2 841.498960 633.550477
2 831.691895 631.432495
1 797.743226 338.586914
1 752.918713 334.341027
1 808.566344 343.549375
1 807.433416 336.414172
