1 199.269705 173.437265
1 201.889364 166.244283
1 200.028815 178.904122
1 188.380839 167.329228
1 212.483211 172.490510
1 179.145205 192.423152
1 220.372450 167.082820
1 191.860712 185.192797
1 199.578806 182.418145
1 196.346362 175.409721
1 193.785615 175.874331
1 201.650211 166.035300
1 180.544847 186.930235
1 180.106523 173.681083
1 212.387992 187.255458
1 204.101071 172.079548
1 202.955266 172.699582
1 204.039642 182.773306
2 294.372177 189.389279
2 247.747488 300.629079
2 123.511157 300.565481
2 304.332227 62.381701
2 318.756259 57.705115
2 240.868928 171.431778
2 238.095347 173.144910
2 6.988644 146.061295
2 89.577762 289.336909
2 114.672760 10.294318
2 24.569977 251.627972
2 203.383335 10.801702
1 205.040009 205.105043
1 212.367629 206.514140
2 120.986952 126.713476
2 103.676087 18.469644
2 293.040787 202.780967
1 161.732249 141.442788
1 183.711270 154.091013
1 176.514311 235.377073
1 217.855426 167.695740
1 204.176309 199.945600
1 187.991229 167.332052
1 157.046854 178.085061
1 245.283495 150.028492
1 197.786083 147.754444
1 187.758123 192.485128
2 165.717686 10.096415
2 133.071321 291.596386
1 154.872330 184.131337
2 144.678731 116.525097
1 253.951869 151.401800
1 192.909775 211.700802
1 216.773913 143.787350
1 177.631944 174.535575
1 210.306231 157.495806
1 201.450201 197.743658
1 272.591500 161.973180
2 181.596906 156.146980
1 210.321804 211.495919
1 166.530908 154.515898
2 98.827357 190.328464
1 163.563409 212.030797
1 188.583583 202.783297
1 254.010744 211.227618
1 181.132815 232.455437
1 244.935480 122.539900
2 124.609322 37.741354
1 213.296069 154.377589
1 176.854386 186.796879
1 192.771213 169.133386
1 176.369537 210.296432
1 222.983041 196.359764
2 170.992067 169.304083
1 186.544108 176.409356
1 181.533064 180.515165
1 142.530063 258.795327
2 146.709032 265.808452
1 132.441047 221.270313
1 178.433474 206.744915
2 42.066288 272.761790
1 206.583377 179.390335
1 182.847164 174.897689
2 155.370119 61.027044
1 240.381526 197.320838
2 90.930208 120.431114
1 208.751423 234.899136
1 190.463398 181.122662
2 315.046949 161.753911
1 191.097218 261.419962
1 213.697470 173.217930
2 212.819038 160.398889
1 163.075610 184.012701
1 200.307224 127.473665
2 187.158164 28.832675
1 131.433702 231.394918
1 182.438166 137.632304
1 207.268654 213.160028
1 181.382628 186.944690
1 265.005103 156.392575
1 189.730605 159.978329
1 232.015961 161.567401
1 202.509073 167.168446
2 191.643551 147.728808
1 193.212273 147.323215
1 197.651656 181.049647
2 31.331847 322.944832
1 216.377577 140.982151
2 259.981579 306.435880
1 166.556860 186.559444
1 236.926207 121.702203
2 329.828389 68.630270
1 236.636487 162.790128
1 186.272391 157.472006
2 184.200691 143.120875
1 184.587280 210.242595
1 189.481636 225.209711
1 193.699351 159.944040
1 170.937756 286.590514
2 57.546426 92.899990
1 186.971505 158.792139
1 240.635424 171.324714
2 82.498153 161.916044
1 166.534022 249.113590
1 172.163072 204.319450
1 209.685813 136.629484
1 150.761395 119.870019
2 14.239999 272.160538
2 11.631909 237.502252
2 211.252932 125.234568
2 20.994490 632.140718
2 66.088670 339.827348
2 153.389716 641.988353
2 215.846863 380.439899
2 142.015951 484.013842
2 162.585077 510.800457
2 28.754951 434.886062
2 258.849622 571.780342
2 28.433730 395.907137
2 285.577834 399.682199
2 243.642724 359.433039
2 206.003233 444.655875
2 73.254313 598.941207
2 134.954239 645.637362
2 99.191083 646.504344
2 207.408084 475.388057
2 255.549775 659.647471
2 291.969896 665.690319
2 90.585316 630.636732
2 78.643707 353.045203
2 178.899342 609.102035
1 324.877140 635.495742
2 243.784424 664.331950
2 104.906559 652.582990
2 70.587408 631.881285
1 157.487720 793.321122
1 145.163527 789.729331
1 142.908453 785.024548
1 129.883861 767.236260
1 162.035259 791.309183
1 150.635253 800.337475
1 139.669431 765.674780
1 130.097206 782.724603
1 146.637271 794.320656
1 144.572743 765.796607
1 145.398130 795.977175
1 148.886593 775.785309
1 172.323697 786.749599
1 154.831874 780.177508
1 131.403224 778.324781
1 147.781349 780.633312
1 142.264031 791.512781
1 168.558070 768.279076
2 45.445622 846.788738
2 314.745031 695.223919
2 278.842459 682.923933
2 144.085517 872.816056
2 179.601668 815.345060
2 235.255087 804.442660
2 25.964187 815.865713
2 66.431093 926.363874
2 304.534268 779.614386
2 226.630879 780.766078
2 168.179667 893.592700
2 155.089063 886.894080
2 206.757819 820.565459
2 95.990597 827.499648
2 100.781039 780.964956
2 97.995087 682.932946
2 109.632884 844.386862
2 186.317673 845.551338
2 54.460575 712.218472
2 251.392151 680.540094
2 92.891069 894.358573
2 78.445487 880.182434
1 143.067503 706.533434
2 168.431752 886.871184
2 147.798792 867.381910
2 286.392629 720.664523
1 130.953608 768.518748
2 14.359289 817.409760
2 132.020794 742.032969
1 110.154748 792.093517
2 84.746260 673.898978
1 190.432809 753.715825
1 149.251544 803.201248
2 82.065476 914.625839
1 177.929176 768.370638
1 160.226091 877.011384
2 114.866248 838.550722
2 143.372022 856.707109
2 92.048608 876.249436
1 143.143050 784.820480
2 55.486712 885.024853
2 207.323862 784.298200
1 92.764904 806.985129
1 171.299982 795.187346
1 179.173070 792.677677
1 154.863928 750.390202
1 170.458856 828.275520
1 194.261035 776.524153
2 250.989898 682.737497
1 124.123147 758.271485
1 173.697254 785.255041
1 158.832664 785.524621
2 74.409687 821.546659
2 105.367795 993.649708
1 136.731815 784.956580
2 119.936260 683.694307
1 188.069644 776.412785
2 133.365522 781.352053
2 324.814650 671.933086
2 174.472707 731.434945
2 216.484867 801.339298
2 154.821914 943.012302
2 98.877571 738.078566
2 139.637490 860.450471
1 147.274248 792.717877
2 156.510728 747.566762
1 152.710308 763.519390
2 286.184341 791.247074
1 183.401261 745.493390
1 176.971441 792.887266
2 77.729389 888.413424
2 299.180557 695.317976
2 116.540217 942.888173
1 120.381870 750.490931
1 143.998028 779.071144
2 154.056041 885.809481
1 131.916234 798.074992
2 268.948178 689.015624
2 161.756727 887.453346
1 156.954410 794.865202
1 193.077269 782.337237
2 95.880224 710.514292
2 79.908897 716.156131
1 130.727863 836.688850
2 318.268622 741.695678
1 72.663252 711.373119
1 130.018859 759.412162
2 197.088320 728.941777
2 113.790601 746.286602
2 120.448706 912.937159
2 202.017113 777.286372
1 133.855666 767.043703
1 110.925104 788.041576
2 605.066590 47.788371
2 581.120796 112.089809
2 363.834378 164.526498
2 647.042743 256.695106
2 649.420891 250.178670
2 578.546029 74.844074
2 463.885595 159.578450
2 608.180601 176.614387
2 584.759719 8.514276
2 406.604858 243.912258
2 390.672135 228.799509
2 371.782737 51.913341
2 444.498006 305.325461
2 459.060437 293.612571
2 634.918569 41.039526
2 375.869218 193.595089
2 481.084528 55.061960
2 353.838088 272.540132
2 346.317176 107.082268
2 335.375292 327.810024
1 400.060358 664.114563
1 414.979481 651.653271
1 390.688447 647.845610
1 405.143784 645.741016
1 399.545928 650.646476
1 408.363581 655.378863
1 407.056579 652.214464
1 387.102474 631.882672
1 405.531501 633.996536
1 408.893194 651.784645
1 398.156383 646.538719
1 397.339133 647.323642
1 399.327124 649.262928
1 400.506485 650.383943
1 398.053061 653.189044
1 398.752565 649.912308
1 411.925322 644.440037
1 408.039858 649.382839
1 394.835188 662.032331
1 402.283887 655.352194
1 411.733015 641.469493
2 455.653924 403.258451
2 554.207542 524.403726
2 407.654692 539.267475
2 422.263068 585.874800
2 545.309700 599.809725
2 472.503920 468.156992
2 421.769390 657.734760
2 567.767176 623.068481
2 531.947152 538.399774
2 414.301767 487.742486
2 346.897906 350.992522
2 515.624875 369.475080
2 379.458646 395.931238
2 603.739266 638.164720
2 501.170248 578.989438
2 493.003781 406.135317
2 439.302773 543.991638
2 624.977644 549.091301
2 418.523773 349.099599
2 651.343269 665.120359
2 356.809001 521.837604
1 378.586580 647.327262
1 388.435116 659.056836
1 434.749507 635.204490
1 419.114913 642.466823
1 421.873446 662.314512
1 378.051452 666.083402
1 370.102437 622.617120
1 403.618869 632.676791
1 406.474600 607.836782
1 413.612228 659.949723
1 440.034576 645.228900
1 429.241647 652.591025
2 441.900271 559.398420
1 472.548295 618.236592
2 562.478105 663.042042
1 399.319202 606.078370
2 422.020688 568.638857
1 371.298727 652.722849
1 413.672260 646.125480
1 428.434690 628.690054
1 418.267268 661.750227
1 348.748061 631.891834
1 447.579482 661.472106
1 375.322559 651.711066
1 488.499666 631.785119
2 428.957047 654.526807
1 409.979879 653.449853
2 401.210422 624.010264
1 376.352923 653.033854
1 436.239484 639.616561
1 443.096530 611.154614
1 437.273182 648.406937
1 399.264665 639.441392
1 394.737803 627.652353
1 347.707910 616.428398
2 542.174562 550.767162
1 397.131891 630.342024
1 398.933584 638.438810
1 403.531536 657.948444
1 407.287432 635.719804
1 392.772107 621.551401
1 374.569453 633.538904
1 476.378702 622.304272
1 407.860412 649.871691
2 562.746368 650.088309
1 465.389589 622.952222
1 412.940701 645.957217
2 534.158107 652.049473
1 412.235847 634.459663
1 487.022218 592.999152
2 521.636083 537.289537
1 387.674129 640.228633
2 541.032902 655.330109
1 371.607552 636.178731
1 591.487549 810.596792
1 562.838830 823.133327
1 562.109298 801.404777
1 550.314057 812.352350
1 585.959880 788.115219
1 577.599504 805.651019
1 574.622168 791.722488
1 564.053403 790.297419
1 576.378288 808.759825
1 569.200985 800.474026
1 576.727973 810.336564
1 559.810518 804.961297
1 562.278597 797.613960
1 566.964520 801.578735
1 570.978102 799.174940
1 592.906930 809.881322
1 575.887485 815.058752
1 565.419632 797.485520
1 582.643007 781.605743
1 569.199946 795.767835
1 580.683493 819.967901
1 571.582199 797.383136
1 577.335586 808.401524
1 580.041311 806.092403
1 570.353356 805.491408
2 436.675419 920.930438
2 601.527925 716.441812
2 610.104511 840.210379
2 526.803464 864.987154
2 349.544459 746.803773
2 381.538185 894.107693
2 412.598899 810.795338
2 503.259611 871.763370
2 650.792042 795.792364
2 496.779949 667.697406
2 447.291469 719.800295
2 646.125732 813.346760
2 648.836860 787.895538
2 572.124382 759.782192
2 542.324607 680.102779
2 622.243191 962.189270
2 524.971951 840.720524
2 430.984447 864.594218
2 583.814646 844.751735
1 581.723287 809.006633
2 649.800978 928.788824
1 439.330547 667.820825
2 416.751118 780.674387
1 553.204845 791.365974
2 487.282963 793.784257
1 429.623937 690.545243
1 580.415590 805.428500
1 635.191773 810.976855
1 612.960383 811.549900
1 443.507803 702.679539
1 540.059596 772.467481
1 612.566610 836.469204
1 502.669972 781.925059
2 405.859798 749.454363
1 401.904345 690.649853
2 549.681866 680.479969
2 569.658681 713.619736
1 548.998912 794.081444
1 594.473141 807.823727
1 598.804294 754.768669
1 616.144563 837.322498
1 627.622036 775.221581
1 452.313589 707.548222
1 555.013144 793.949210
1 546.545222 733.486501
1 559.476819 846.513263
1 423.016803 668.152224
1 564.498753 826.831699
2 511.556297 769.905001
1 416.800379 681.285409
1 457.887317 679.694896
1 559.356079 826.461681
2 415.342486 694.762749
1 577.788778 810.761263
1 613.362893 801.995868
1 468.754767 717.358422
1 582.922540 824.938222
2 418.238287 813.453551
1 417.714972 670.024262
1 476.353910 672.311090
1 553.255080 829.639956
2 373.245783 778.438445
2 481.572465 793.926065
2 510.170221 782.532893
2 444.726806 752.113764
2 521.697695 792.512802
2 502.108274 807.652894
1 629.111050 733.460129
1 576.315856 797.859551
1 554.267415 732.111798
2 536.700871 670.762994
2 581.555635 853.007656
1 559.648686 827.031496
1 560.665999 770.579064
1 610.886686 858.857270
1 533.763171 813.618764
1 605.967525 764.471692
2 537.379217 678.788343
1 557.457615 806.034211
2 551.156433 674.264380
1 541.267849 749.311359
2 569.826770 802.982908
1 564.583894 775.461307
2 585.520262 680.137721
1 414.428949 687.560948
1 600.133683 805.505175
1 552.276443 811.052054
2 426.094056 708.205255
1 521.613302 697.224065
1 334.664100 681.786389
1 537.428677 738.045333
1 564.641881 794.130290
1 546.507193 788.364753
2 439.593428 765.573547
1 593.266345 830.680349
2 567.305932 851.526297
1 634.060110 764.404188
2 381.631615 784.602906
2 530.657375 684.392793
2 624.876185 819.414868
1 627.876763 802.281372
1 443.380115 698.211237
2 657.694211 782.472508
2 532.685427 679.129833
1 597.846794 765.266251
2 478.393254 782.176824
1 584.946440 803.160883
1 532.726818 728.467956
1 550.330905 806.196930
1 365.005444 671.297001
2 567.534830 882.427630
2 342.903652 703.236897
1 518.093584 836.868607
1 444.623810 804.789478
1 584.470430 781.606131
2 630.162336 797.879080
2 386.944224 768.411667
1 610.081904 754.954026
2 373.761572 767.141731
2 550.638234 785.475762
2 563.841409 889.871395
2 519.026161 742.093801
1 370.264484 677.241160
1 554.375130 867.890959
1 564.554161 791.240657
1 427.927730 705.261523
2 464.520197 797.753049
1 556.249835 824.648247
1 593.385596 787.335540
2 402.051359 709.451047
2 644.307686 757.006103
1 529.559109 764.069150
1 606.832067 829.227221
1 556.476577 763.603493
1 547.763474 800.079121
2 582.098356 880.625978
2 517.394102 770.595369
2 486.288496 777.640833
1 606.494921 746.461623
2 422.574083 835.140881
2 518.301072 683.690469
1 463.498938 677.058390
1 597.672133 772.623761
2 536.008282 764.924746
1 531.481103 826.039441
1 615.970610 859.826047
1 582.026957 810.417621
1 568.636645 832.916840
2 582.222735 904.190123
1 585.001275 772.019813
1 453.578600 684.041194
1 561.783607 781.536448
1 556.225039 753.615702
2 498.300960 785.242682
1 399.666672 699.951764
1 525.092441 771.551273
1 615.505666 776.968174
2 661.661252 758.058438
1 817.333145 301.770809
1 812.226200 290.236725
1 824.995430 303.209579
1 807.626186 302.934711
1 820.155986 304.158386
1 802.061386 300.942897
1 818.328382 301.953430
1 830.789986 321.305360
1 837.939457 290.559085
1 809.235061 314.367895
1 817.915434 307.558264
1 838.150705 307.822859
1 817.894563 302.926957
1 833.266366 306.872088
1 812.497967 279.106009
1 829.669497 290.198884
1 797.302606 305.825083
1 836.313379 292.914827
2 722.194114 196.170142
2 799.967573 112.965367
2 755.215109 262.818065
2 967.740334 176.295514
2 777.515608 169.121337
2 995.768737 265.352777
2 801.264136 178.192910
2 900.574006 251.836751
2 844.330495 166.834008
2 792.672124 105.940476
2 786.455709 275.805450
2 909.989381 231.012482
2 721.232896 113.150164
2 923.431828 272.093459
2 809.899771 309.508034
2 700.217118 149.705557
2 725.838965 321.164163
2 746.763665 98.818846
2 942.296089 88.085685
2 998.183651 278.084384
2 992.212422 18.595498
2 961.750529 170.609145
2 747.794707 283.159653
2 743.638688 290.934731
1 831.445646 307.296633
1 834.123963 315.790032
2 906.222890 289.670003
2 706.192357 324.049084
1 841.493975 301.208609
1 829.288517 268.088960
1 843.144776 281.162076
1 841.372255 311.740685
2 866.459565 207.106248
2 899.582293 164.451384
2 888.160728 252.337935
1 807.423490 329.814020
1 836.896841 285.679717
2 749.392178 240.901427
1 831.490056 298.817440
1 841.976836 316.500994
1 838.657609 306.046152
2 873.689088 311.728063
1 865.521459 254.784471
2 886.969770 278.917817
2 858.453348 331.265383
1 869.537110 306.148247
2 668.000767 250.482165
2 703.979685 332.921836
2 941.781943 306.353355
2 905.257784 124.858159
1 813.011277 280.425966
1 813.923782 310.267994
1 811.116999 302.435346
2 934.285187 246.240930
1 822.290764 279.138894
2 738.620182 306.248802
1 786.781067 299.559245
2 925.553006 213.687277
1 781.282344 231.626453
2 738.235813 331.396276
2 712.794475 290.281727
2 899.913775 205.393915
1 815.542193 299.935615
1 822.861298 255.423303
1 830.722596 300.081921
1 812.300048 288.067504
2 788.016802 325.023723
1 810.545828 309.267591
1 805.736787 268.889743
2 865.735355 255.446537
2 974.911322 306.174627
1 798.431311 290.424171
2 986.456173 317.029266
1 803.768451 324.262854
1 811.794506 319.620014
1 808.071415 307.793827
2 896.087104 212.157014
2 940.811764 275.078686
1 862.411422 293.153358
2 845.983532 238.548950
1 808.615236 283.603215
1 826.370327 318.031371
1 845.330535 307.624135
2 806.963112 200.323058
1 817.235991 277.648377
1 776.398133 253.201337
2 757.767823 328.861955
2 920.645639 270.075644
2 760.773451 319.699555
1 855.428755 306.484102
2 817.449446 316.463289
1 792.705032 288.591964
2 893.763936 182.511144
2 744.301391 279.491458
1 838.588941 306.624724
2 795.842105 309.965396
1 815.626342 323.410350
2 764.036197 308.889803
2 935.253262 241.206775
2 858.590246 208.621180
2 816.642577 291.988954
1 827.987338 218.526876
2 803.463770 325.220157
2 772.568269 300.230383
2 814.906659 209.317716
1 792.827976 260.810310
2 907.304586 175.013924
2 689.825946 261.774647
1 764.773022 233.953754
2 874.741291 331.390783
1 855.476598 309.808153
1 822.639255 310.371476
1 814.201156 305.046425
2 914.949269 129.484224
1 844.947230 326.094560
2 767.540220 199.742886
1 798.280370 288.632945
2 963.901472 235.776113
2 796.620465 295.122991
1 774.023966 301.661253
2 795.772948 265.960913
2 939.161502 264.046864
2 837.788279 194.931856
1 818.683093 310.488890
1 841.523628 260.942105
2 774.466253 273.905633
1 838.709170 283.857199
2 675.994621 186.435648
1 878.582205 300.416597
2 695.634244 285.357736
2 754.000568 87.534024
2 825.777235 189.675381
1 781.546739 320.920104
1 830.382713 285.232431
2 924.822934 360.146150
2 853.461554 617.476469
2 677.775509 342.930127
2 750.100477 352.702020
2 867.559483 627.575568
2 910.013623 458.782088
2 968.121624 355.378469
2 921.326964 580.380160
2 857.254788 594.139169
2 977.632657 440.842494
2 720.361765 580.513346
2 952.169677 569.099599
2 813.839232 641.817628
2 821.702857 505.467745
2 857.317670 417.800218
2 821.898954 395.844315
1 799.832121 340.014629
2 964.548935 344.794112
1 817.634680 366.158087
2 711.844421 656.467887
2 729.519990 334.240244
2 669.814754 349.025107
2 820.167822 356.064426
2 868.407509 416.308729
1 795.567090 333.882486
2 943.704645 353.446145
2 836.514050 340.447792
2 704.349166 603.168717
1 765.372390 335.383724
2 773.103545 360.323433
2 820.805280 336.332874
2 744.970514 339.858248
2 855.452730 422.905329
1 851.144881 343.847729
2 730.879782 942.588539
2 817.317326 740.240759
2 737.304823 749.460525
2 676.107195 838.903866
2 836.032604 668.933878
2 922.795936 866.236940
2 906.207141 929.633314
2 970.266889 912.324051
2 841.109441 723.509132
2 981.902447 834.698518
2 864.426634 915.553717
2 960.869334 752.871921
2 761.362816 885.111847
2 666.953286 932.102326
2 741.835712 871.078402
2 978.367229 815.396038
2 668.441573 804.288390
2 978.661697 787.601578
1 673.597080 828.739694
