1 214.176846 164.074055
1 182.952212 174.534474
1 196.768541 177.505941
1 204.328503 189.087506
1 211.836927 174.842533
1 189.331589 163.877402
1 193.067098 161.343859
1 199.534577 179.521387
1 180.724814 194.967207
1 193.107182 173.501593
1 196.032144 186.401373
1 216.060535 192.472274
1 198.853969 176.148251
1 199.799649 178.648621
1 181.725132 173.312320
1 188.637822 183.889312
1 189.229870 181.374885
1 211.479674 193.053529
1 201.737982 180.358956
1 199.410362 165.275356
1 200.678000 184.928028
1 178.902086 190.791062
1 199.439138 173.536568
1 210.518514 165.218820
1 201.121318 185.842062
1 185.497611 180.646397
1 198.505473 182.127880
1 182.344040 172.955946
1 194.792092 166.717099
1 186.702925 186.835629
1 203.281993 182.508794
1 215.404842 195.972708
1 209.131122 169.530986
1 205.148379 156.622375
1 201.587909 182.185522
1 210.067252 172.806962
1 187.417400 187.899083
1 220.196287 202.963036
1 174.661565 173.475404
1 206.153486 184.214404
1 164.769167 201.381869
1 169.956548 140.480353
1 209.238034 173.686229
1 169.188388 182.538000
1 164.959112 170.387253
1 194.744720 167.142403
1 189.660278 171.935057
1 217.278348 236.838969
1 202.621004 168.789376
1 198.641285 185.125656
1 198.647887 162.234552
1 236.971054 200.529265
1 198.605827 212.141576
1 143.562195 177.996285
1 126.537046 115.615807
1 171.621716 182.290440
1 195.786811 127.996289
1 207.246248 181.973346
1 179.241787 181.828607
1 210.052316 139.622691
1 210.645060 141.417804
1 135.771387 241.823691
1 190.972953 172.444287
1 131.732338 227.966877
1 211.168281 216.692977
1 200.108712 204.648258
1 229.642481 177.788622
1 247.059409 178.054911
1 159.001191 190.679880
1 219.113785 201.060236
1 212.373167 177.081225
1 165.839813 181.855583
1 191.666322 157.588667
1 203.303886 220.898520
1 192.168173 140.928104
1 193.158117 166.973210
1 199.931805 155.871951
1 174.572503 171.949862
1 191.537385 158.353983
1 241.932974 182.550244
1 159.652708 215.423561
1 184.213829 153.559485
1 132.272804 155.698870
1 200.635818 135.783524
1 204.839604 238.377284
1 175.407534 220.859205
1 254.402438 139.633400
1 231.061547 221.957189
1 201.361460 186.558606
1 162.696994 228.595417
1 231.656248 183.176127
1 167.500685 139.197324
1 187.364367 219.199730
1 147.581826 180.107470
1 199.248686 151.815096
1 214.868365 166.231292
1 119.024337 156.929703
1 173.721870 134.490684
1 156.696721 72.110206
1 157.678742 161.886631
1 206.532713 138.551790
1 198.674644 169.289589
1 167.878998 155.834100
1 204.238163 140.425064
1 169.682821 120.633870
1 131.563167 155.421618
1 233.897843 185.958380
1 222.202165 126.789890
1 168.949844 188.121245
1 215.461546 102.810879
1 196.785224 183.791921
1 187.608099 168.368544
1 159.678612 161.865547
1 164.624749 187.154440
1 142.024870 180.190236
1 170.083714 162.345491
1 206.899171 195.610618
1 223.705082 195.855543
1 160.657139 163.876493
1 185.725380 231.259250
1 199.914641 209.080974
1 178.826491 190.459673
1 215.906818 150.330499
1 172.042185 183.750549
1 134.546028 119.323312
1 100.394636 204.209248
1 188.331111 165.695780
1 206.799194 191.921089
1 185.105669 135.772331
1 196.996839 206.040625
1 281.100913 120.309916
1 92.306570 169.977130
1 187.697191 155.479591
1 167.362286 155.339730
1 191.921892 194.751475
1 180.057875 163.379045
1 201.458835 202.868444
1 163.240556 171.806099
1 121.892914 213.278980
1 158.707650 165.863676
2 59.664177 453.414726
2 50.576305 436.787278
2 51.425367 440.837784
2 43.175214 434.119097
2 75.720087 415.002922
2 58.804816 428.815023
2 63.347146 425.863559
2 72.406240 438.663397
2 67.604440 409.186050
2 50.591738 412.758446
2 74.532559 427.224107
2 39.766784 432.656259
2 54.629899 427.696813
2 39.445893 422.065107
2 64.010856 425.553187
2 64.184752 413.590620
2 80.182577 438.192942
2 70.931752 442.930283
2 61.246465 421.775181
2 60.792721 428.363508
2 61.668450 429.694248
2 53.810192 419.722364
2 56.705041 425.612133
2 63.494198 428.757342
2 56.345963 431.619136
2 62.548742 428.029501
2 65.727367 424.865274
2 71.831915 415.201987
2 61.552714 420.683760
2 54.176240 408.216230
2 54.332525 422.651007
2 65.391002 431.691994
2 45.589576 434.050779
2 40.333242 444.457525
2 47.776520 438.419990
2 83.859896 425.730642
2 67.379843 422.371288
2 92.040921 428.597998
2 56.765857 460.859200
2 26.256183 440.514111
2 38.482185 454.650201
1 137.580917 790.113407
1 148.767415 779.060031
1 139.421185 798.342218
1 150.308837 780.140365
1 157.117436 792.632554
1 158.460107 771.246079
1 146.027089 803.146904
1 154.737368 774.207855
1 153.580006 777.188003
1 150.928066 781.749938
1 161.261873 761.410870
1 149.508251 763.863873
1 144.243613 785.552113
1 163.909595 777.338638
1 146.093343 790.984559
1 136.628337 785.524255
1 140.338804 770.199865
1 135.578839 792.133503
1 153.267474 780.133094
1 129.636304 786.653029
1 150.481933 780.709372
1 147.324617 770.897743
1 165.789670 780.267917
1 143.297630 795.898551
1 154.225798 768.676333
1 146.283493 780.222102
1 156.864742 796.891839
1 161.861036 758.807051
1 128.360333 771.670554
1 157.033526 783.322430
1 154.356766 782.354495
1 171.076966 768.126136
1 149.792901 793.426537
1 155.137713 786.289303
1 144.477388 777.595097
1 160.573092 762.600482
1 156.298255 788.737230
1 165.422354 767.292485
1 148.740914 781.694883
1 166.953752 749.764517
1 135.365615 754.349355
1 163.602403 798.079108
1 145.495775 741.867685
1 183.780838 822.159873
1 164.746754 802.844885
1 178.203586 823.187169
1 204.392302 794.324646
1 136.663039 775.741029
2 320.342311 794.422900
1 134.192218 801.016256
1 136.253383 783.086412
1 174.923604 792.652433
1 157.946814 787.107609
1 144.422418 732.299087
1 195.502176 748.447478
1 132.746088 798.776254
1 158.218106 781.109234
1 158.280845 766.308940
1 170.298856 725.324878
1 157.268746 769.761123
1 127.667259 753.365085
1 168.816920 761.599742
1 132.018523 798.552342
1 143.220043 806.311773
1 169.930270 756.464923
1 152.214326 755.699354
1 149.823745 848.310270
1 192.461881 733.789730
1 151.221737 745.120930
1 213.333875 737.279855
1 140.766914 772.534572
1 180.615722 799.674904
1 178.974734 739.507308
1 116.673722 761.175352
1 145.326015 766.568246
1 145.767364 788.935932
1 228.559974 800.975793
1 123.234093 806.895399
1 156.185229 730.061091
1 139.964052 746.571948
1 144.416215 775.062821
1 225.627228 771.001801
1 137.707106 815.435485
1 154.510350 876.783994
1 185.463703 793.801816
1 184.584891 777.997444
1 188.490382 803.234751
1 169.185170 796.799765
1 179.702916 779.925062
1 135.113058 719.222484
1 134.381951 774.793469
1 160.611152 777.251512
1 139.039824 788.197938
1 191.309633 846.493263
1 191.598299 761.908581
1 150.953051 782.304461
1 135.390552 784.311909
1 158.602949 807.824030
1 99.102971 775.406492
1 178.024789 900.462430
1 200.843994 777.062688
1 162.795949 759.515848
1 106.651256 761.262053
1 177.847241 759.976008
1 141.034670 787.999724
1 172.926109 747.034178
1 152.262389 798.273383
1 153.357367 824.847672
1 108.997891 845.671029
1 162.774252 787.339075
1 161.633705 849.904423
1 137.470174 801.357490
1 237.980833 815.019113
1 232.819756 773.001372
1 132.945114 768.728344
1 136.948587 812.829419
1 143.014883 794.428254
1 147.639575 780.456936
1 127.300475 829.179052
1 229.671992 745.252819
1 167.548030 807.269428
1 151.281418 796.481569
1 215.148762 814.104421
1 141.268852 806.083650
1 134.038235 762.776001
1 199.583268 803.373259
1 103.825288 731.499140
1 175.471091 827.043738
1 161.942661 740.283047
1 131.389136 820.453599
1 169.891885 760.661153
1 172.456339 793.847403
1 115.972197 784.954684
1 184.312799 776.693530
1 224.260037 793.359235
1 168.458395 804.352189
1 150.725549 769.366646
1 161.294504 744.096148
1 166.532403 799.639824
1 171.265137 773.795893
1 148.227333 758.004208
1 167.864589 818.455837
1 100.568723 758.750580
1 189.282924 751.610990
1 158.693968 819.168391
1 170.095851 828.595504
1 226.745728 741.020151
1 159.634042 778.181667
1 190.637767 772.385908
1 162.831810 807.784578
1 170.267316 763.364401
1 140.998905 742.612295
1 182.462366 782.614017
1 152.611640 760.650204
1 203.493538 854.382933
1 329.959541 690.725853
1 149.012081 807.370474
1 135.542615 775.685574
1 148.625190 703.184632
1 157.701421 751.749323
1 194.719552 775.056865
1 66.637119 728.909972
1 183.867899 753.769570
1 219.047517 718.874324
1 187.139657 833.012350
1 167.311306 702.288361
1 161.845571 780.866289
1 145.764978 774.391532
1 132.985426 780.543768
1 193.558612 822.423916
1 118.023101 762.122845
1 182.570667 785.252640
2 305.685540 844.045385
1 138.838761 777.311874
1 142.793812 747.178160
1 163.244235 773.260576
1 154.271600 859.551669
1 165.964584 814.712968
1 163.483595 763.435713
1 101.625815 759.920452
1 164.891105 808.276952
1 82.239674 780.522388
1 130.082061 775.075463
1 324.534926 714.901486
1 124.314809 805.748618
1 206.688111 772.235585
1 310.379395 698.508761
1 165.864176 733.766695
1 147.408163 803.183172
1 142.109261 775.392490
1 204.800504 753.644898
1 175.730234 813.306385
1 120.318794 741.898033
1 266.677304 779.167846
1 180.202267 874.876250
2 326.799034 938.228722
1 140.304344 785.514666
1 176.011240 794.375620
1 181.763616 777.242944
1 298.978055 753.923109
1 177.649250 779.187448
1 269.500214 794.666730
1 157.748675 752.350195
1 223.827957 798.194479
1 130.969893 802.558371
1 200.705023 803.442260
1 179.564106 749.342398
1 111.616975 805.672598
1 149.761291 796.125256
1 98.374770 741.365643
1 159.285425 816.395698
1 159.828462 825.010778
1 179.262609 752.033507
1 115.157178 787.930179
1 144.627536 803.034021
2 499.585782 134.991032
2 506.632547 149.885286
2 492.965995 129.845313
2 518.370217 137.655406
2 487.886167 155.139001
2 500.592111 143.538737
2 509.219396 138.393067
2 509.805614 158.859363
2 494.685072 156.280964
2 516.707945 155.811111
2 493.952420 155.236588
2 503.838197 164.691625
2 482.063822 143.746553
2 496.084056 144.129262
2 491.287710 130.238975
2 516.354893 141.664266
2 492.726283 160.391446
2 487.985610 127.781588
2 480.665799 140.519273
2 484.169628 124.939385
2 500.296424 143.208910
2 502.431803 130.208756
2 488.163780 137.309645
2 490.172815 141.775291
2 497.665782 137.406016
2 504.235634 136.967520
2 504.037112 143.205893
2 519.923327 144.451390
2 507.237126 134.154348
2 495.384363 140.921447
2 497.827101 132.321328
2 520.065446 142.572758
2 495.878229 119.440463
2 499.532163 145.276059
2 486.023560 139.868389
1 414.159271 654.484542
1 396.965906 656.429721
1 409.232629 630.668999
1 407.023245 639.978443
1 393.944144 650.141133
1 399.197276 650.149638
1 405.431374 649.333913
1 391.300101 656.779568
1 399.486811 646.725757
1 400.259023 649.944374
1 395.487644 652.575963
1 398.848586 635.686138
1 391.609420 665.205160
1 408.133576 630.837110
1 399.173399 644.191207
1 409.607785 663.929181
1 389.841955 658.005263
1 400.774781 650.308213
1 399.641320 649.664334
1 400.950645 653.944074
1 396.371375 649.914623
1 381.955513 645.056636
1 398.298446 654.480653
1 405.424793 638.575822
1 381.367666 653.613494
1 410.397212 637.327155
1 398.660293 649.819049
1 401.354440 647.757411
1 390.971265 647.465206
1 405.861198 641.062399
1 398.602001 647.378318
1 411.539163 654.654595
1 408.226809 628.395687
1 395.338749 637.154486
1 415.984239 646.909203
1 399.215922 650.971434
1 423.036678 654.281203
2 556.654560 492.168320
2 559.645556 478.749257
2 542.108217 474.036524
2 559.685605 487.433473
2 563.369408 490.282628
2 573.381410 471.477110
2 559.161220 474.688788
2 557.486451 481.565274
2 558.252617 486.808067
2 558.899972 479.781194
2 548.343974 488.373185
2 569.635254 470.297255
2 565.753896 479.453980
2 547.504747 473.173566
2 568.280122 458.401332
2 536.452940 475.645585
2 545.797056 473.774194
2 567.445625 494.042759
2 558.284391 476.821103
2 547.655082 458.294657
2 561.074381 495.485274
2 563.167474 480.654356
2 566.168079 497.857587
2 557.684401 461.115869
2 552.590856 490.349685
2 560.512513 470.929234
2 563.243376 477.289553
2 542.971177 465.114985
2 567.193653 481.763242
2 564.631733 472.059136
2 580.142647 476.366680
2 557.992754 503.939145
2 580.160206 485.271098
2 564.291244 478.719299
2 548.831643 495.501298
2 545.146850 474.591171
1 379.007344 629.251157
1 433.284202 623.531432
1 387.227027 621.420137
1 378.984529 657.256889
2 586.908309 518.197362
1 414.222720 580.799659
2 569.444182 536.186105
2 545.668134 536.974517
2 566.707311 469.990530
1 437.223777 642.505655
1 349.470768 647.714939
2 576.944005 489.780209
1 355.508906 642.798825
1 427.634186 663.433841
1 436.986353 633.219587
1 409.154890 630.477940
1 429.025676 654.326901
1 408.423608 627.846836
1 409.167667 661.743189
1 432.333041 664.571739
1 360.955511 635.945949
1 421.907173 614.533701
1 414.709176 660.469104
1 429.900137 636.718149
1 393.977073 648.287139
1 391.293164 656.957138
1 396.714271 652.696303
1 399.246894 618.205095
1 370.300172 631.278566
1 449.732245 647.662199
1 429.108593 649.261460
1 411.335902 624.990903
1 408.332453 623.587560
1 401.097454 637.998186
1 417.426034 633.284918
1 402.153018 640.730824
1 373.338840 662.686189
1 383.744216 584.283455
1 396.969746 624.638552
1 386.836234 582.602207
1 418.479233 614.847908
1 407.695257 643.626077
1 411.049575 664.195002
1 425.868384 631.122910
1 348.008313 601.493404
1 426.745177 651.523990
1 361.748245 649.924145
1 433.616191 615.110093
1 361.203562 664.257954
1 369.794387 654.181769
1 439.828500 610.633183
1 430.367806 658.488032
2 583.375866 510.002390
1 392.860190 626.983193
1 421.571195 585.941378
1 425.003942 637.185531
1 396.714271 652.696303
1 385.219800 602.422701
2 576.533826 472.368358
1 432.441251 630.140652
1 439.960796 627.408469
1 426.920347 641.859310
1 461.300413 618.780064
1 397.219230 650.627383
1 421.048648 617.306467
1 452.419245 621.995835
1 420.164721 600.709233
1 386.175840 643.406871
1 389.469277 653.254329
1 405.624629 656.188902
2 609.576337 460.497650
1 381.498894 659.815965
2 550.045551 520.752926
1 474.670866 635.359438
1 389.655256 634.525554
1 426.477289 589.874168
1 422.463961 601.389400
1 353.703854 624.534962
1 456.577495 624.093308
1 359.015719 659.538315
1 426.110676 590.301294
1 342.869060 618.209729
1 338.705859 621.751837
1 435.060817 609.096568
1 420.888657 647.150149
1 427.619729 583.522475
1 418.715887 612.181192
1 445.906795 619.521775
1 394.522774 657.080536
1 452.496156 644.849539
1 447.883967 656.538451
1 421.116415 566.270844
1 438.041232 587.952045
1 392.764053 616.880479
1 445.271998 593.478178
1 422.319085 656.672154
1 406.051214 646.105438
1 390.524256 634.776912
1 470.908321 662.163525
1 388.756373 609.475136
1 398.562141 644.990958
1 359.373028 627.614949
1 462.715654 563.671248
1 381.229155 603.966271
1 416.276474 650.966218
1 423.716425 631.528705
1 440.679332 608.730635
1 377.970960 610.901929
1 392.114856 668.457714
1 394.954126 674.308099
1 410.850476 670.035768
1 395.577588 668.116983
1 394.221399 669.527537
1 575.661683 787.109299
1 566.340280 801.260464
1 567.376086 804.549630
1 560.549366 808.971070
1 587.251436 782.693528
1 572.751738 801.405733
1 552.745377 812.852118
1 564.153244 803.367135
1 566.634687 799.764181
1 569.401358 802.703440
1 581.768991 798.964816
1 572.759855 799.243772
1 577.898006 790.170492
1 574.622078 798.789140
1 583.571398 807.125762
1 573.053080 813.579015
1 584.509425 787.087501
1 572.145453 786.877142
1 574.188549 798.183811
1 555.463841 818.504065
1 568.084256 806.421477
1 569.348468 803.664456
1 554.189676 788.492689
1 570.431892 804.553449
1 553.812317 802.677720
1 566.122417 793.535738
1 556.450136 801.912863
1 558.457108 801.771453
1 553.909713 813.565870
1 551.165307 798.782531
1 564.321143 806.739449
1 563.309108 788.919077
1 546.552111 799.804377
1 578.038975 812.878854
1 570.841369 788.925269
1 569.494965 799.816144
1 577.269699 796.321275
2 389.538227 833.879714
2 402.161750 844.896420
2 411.442228 835.670410
2 409.237313 811.380150
2 399.890100 830.041025
2 387.390942 851.011779
2 400.025746 809.960347
2 405.207302 850.738799
2 397.114311 827.173351
2 401.636197 813.259206
2 401.312932 830.117661
2 387.290173 814.781166
2 399.712033 820.898581
2 402.382769 830.642689
2 411.152661 844.794265
2 395.711069 837.208026
2 390.150597 825.066402
2 399.501159 818.059710
2 398.257724 839.003859
2 416.083383 812.282884
2 385.918454 817.639902
2 412.266138 813.407596
2 399.456228 830.895849
2 413.065501 846.807698
2 408.008256 824.890422
2 390.094158 829.951194
2 398.878255 849.165779
2 401.175089 840.522349
2 399.819838 837.191383
2 405.832256 845.406995
2 398.449407 821.013905
2 405.133892 836.167852
2 391.501291 844.196585
2 402.664223 816.254259
2 404.526549 830.470441
2 393.088402 831.176945
2 397.917414 854.296024
2 388.306593 841.258806
2 382.629465 844.753000
1 611.388828 740.158112
1 564.372834 799.408354
2 396.326567 791.322382
2 415.925742 786.858110
2 390.852234 852.840523
1 599.385724 792.361328
1 555.186258 816.735517
2 356.593838 842.272160
1 567.686241 812.399875
1 542.894454 764.522342
1 575.915262 810.973962
1 378.763746 672.792473
2 389.579740 833.914876
1 576.617659 805.191854
1 593.990219 778.729235
2 376.465871 839.551633
1 396.105267 682.231115
2 377.685626 821.822315
1 549.420203 802.317175
1 565.464059 838.914111
1 403.806416 668.045594
1 509.301062 790.462286
1 624.405599 754.602021
1 523.648681 813.677912
1 585.731751 807.998359
2 423.403021 816.455205
1 555.090471 793.898323
1 568.893522 802.146335
2 379.616893 831.696076
1 581.997019 781.191515
2 425.570224 822.215283
2 400.256235 820.970885
1 515.668419 768.052545
2 400.463427 815.222356
1 519.951032 708.923431
2 390.491899 807.845531
1 592.813721 790.689219
1 645.660329 756.482115
2 367.390386 794.063959
1 420.274537 676.696653
1 592.377612 801.053316
1 537.306591 751.474593
2 386.805916 749.628905
2 420.164303 842.507422
1 371.504852 723.464898
1 589.138397 834.016035
2 403.028039 777.516752
1 620.564836 860.741398
2 390.686351 836.148645
1 558.913243 791.397800
1 408.754089 689.677710
1 636.261355 847.829055
1 538.074988 831.769849
1 528.093005 770.167472
1 599.811479 735.619146
1 387.843432 699.822456
2 445.099912 842.962101
2 418.521731 831.819322
1 493.706869 755.470914
2 367.323208 799.722223
2 468.446736 838.482760
2 420.176170 847.456000
1 544.328379 769.130178
2 388.614977 829.356598
2 456.790653 839.216521
1 530.892529 781.510853
2 442.476925 764.797884
1 559.208970 759.188218
1 566.377165 813.968361
2 463.332445 888.397131
2 407.387545 832.259481
1 607.984911 802.967491
1 389.435832 668.579835
1 412.482762 712.205156
1 576.876548 804.016299
1 563.564207 794.822634
1 559.808613 814.322472
2 409.755437 861.044758
1 442.020149 678.903113
1 586.322837 807.851611
1 540.073941 838.597288
2 384.808332 826.549549
1 593.026914 801.530369
1 379.053281 669.368592
1 580.042958 778.274302
2 432.765674 785.225622
1 574.537966 802.443157
1 559.306234 828.938306
1 578.540252 851.375614
1 372.719735 669.783264
1 569.146038 805.418573
1 585.505850 769.771109
1 416.581151 703.098832
2 405.458982 816.442538
1 577.452491 800.527308
1 540.289872 783.556386
1 565.950985 800.791547
1 520.429472 848.396413
1 359.445674 720.788577
1 578.849289 846.503710
1 550.203806 802.408752
1 453.715478 705.907627
1 554.769085 832.696853
1 523.646189 778.822732
1 588.049481 801.954740
2 360.814140 834.248221
2 418.191190 821.638456
1 555.039249 847.370273
2 385.279235 820.230045
2 382.948752 731.028305
1 420.274537 676.696653
1 524.150972 762.385177
1 574.511476 770.997887
2 386.731881 842.862590
1 614.952746 795.428105
1 611.562169 767.037606
2 421.398873 809.670434
1 583.119703 793.549043
1 588.999919 816.785486
2 390.134886 865.278768
1 371.504852 723.464898
1 568.966006 802.101659
1 382.877588 684.479914
1 592.180294 819.235767
1 622.958737 869.094876
1 545.126500 782.708582
1 619.126463 795.147420
2 390.328308 810.101082
1 560.235522 795.347793
1 521.472044 820.103697
1 626.017578 881.660156
1 502.786555 782.500897
1 505.349356 779.954293
2 335.510300 855.282841
1 369.039399 732.096599
1 533.601837 779.901389
1 575.652817 775.659380
1 542.513653 767.190922
2 411.820476 812.701371
2 378.394270 856.585809
1 379.544332 699.236439
1 352.131341 722.999774
1 616.109107 804.735910
2 369.513293 735.692321
1 568.629628 784.342801
2 462.203359 840.824697
1 592.150490 811.388998
1 519.757568 847.393222
1 407.101796 676.399709
1 582.578646 899.166916
1 385.049959 723.673014
1 560.607883 823.875973
2 391.242167 822.794131
1 538.590245 764.339228
1 523.912554 753.237509
2 399.304778 800.756474
1 514.130786 787.678066
1 422.365580 698.817467
1 587.664508 838.314531
1 512.599901 727.729438
1 604.915045 785.238904
2 346.455957 823.719415
1 411.462388 699.443750
2 390.323321 795.147555
2 404.502519 854.548244
1 616.025857 763.065152
2 404.326155 793.843673
2 393.909067 791.901873
2 346.171453 890.691198
2 397.931217 808.591628
1 433.752738 681.595713
1 563.188712 787.263826
2 377.229522 841.199350
1 600.676134 784.583433
2 386.120260 868.530884
2 399.921423 845.637238
2 438.680017 742.457866
2 397.359995 832.496708
2 430.606610 798.366746
1 349.299163 669.151579
1 588.656308 795.173140
1 523.610934 800.970831
1 562.200610 778.024587
1 599.181802 795.320521
1 403.333852 711.307172
2 400.992814 799.270289
1 551.569030 765.276382
1 580.175391 876.741917
1 611.978525 800.776488
2 377.531987 830.414878
1 524.133994 791.495790
1 401.409139 682.426999
2 406.942910 813.086501
1 613.297312 798.161024
1 582.830798 802.795580
1 580.552379 797.702214
1 556.643328 840.927809
1 610.877676 794.179805
2 367.929792 829.281768
1 597.452824 846.621066
2 425.016001 803.831852
2 405.562647 830.137457
1 571.672312 805.716621
2 362.181198 807.022388
2 446.775120 844.790630
1 498.118358 736.214920
1 616.525318 897.991760
2 402.243075 736.624698
1 540.280109 847.818658
2 385.651413 816.801649
1 624.765975 811.731049
1 341.105925 690.887908
1 545.138559 781.701816
2 413.984955 742.457731
1 615.419655 797.388072
1 534.392726 837.710536
1 552.263197 818.314862
1 525.794815 842.582812
1 495.818655 674.431801
1 646.861046 786.184780
1 577.475143 772.271879
1 571.923390 871.859582
1 576.556371 768.577136
2 419.024420 830.604436
2 339.293828 864.108551
1 373.993040 667.893903
1 566.335405 913.615436
1 574.358135 703.484944
1 570.541484 921.651179
1 384.656018 673.866443
1 616.445774 784.338174
1 587.726722 749.132926
2 381.799357 876.645482
1 425.614910 667.790782
2 434.808302 842.404856
1 444.734890 683.429980
1 381.139798 696.068440
1 538.106601 798.447491
2 413.023315 846.154791
2 365.303148 859.938980
1 397.113393 694.936606
1 556.440472 819.877754
1 588.424422 830.939012
2 430.482256 835.001202
1 594.882424 788.729949
2 399.094370 825.696225
1 426.732973 679.780416
1 544.270036 679.851792
1 619.119257 810.446175
2 429.090009 792.179360
1 521.883410 736.745951
1 567.932977 769.886744
1 568.106404 844.506461
1 562.424223 796.647459
1 599.985510 733.496107
1 357.492614 746.524737
2 395.472547 750.069211
1 429.365388 703.685898
2 397.744942 818.428972
1 580.635406 812.523530
1 541.485204 847.717374
1 577.950806 804.918186
1 410.773104 692.056411
1 371.140015 680.785347
1 367.395648 675.844773
1 552.551929 774.999424
2 383.646364 840.688743
1 562.725677 736.003393
1 822.570945 295.209373
1 796.388864 306.657840
1 821.036917 304.551643
1 827.008361 306.982318
1 819.703925 311.468283
1 802.629404 300.577595
1 819.550908 293.675277
1 816.029020 288.743721
1 823.478148 298.508401
1 821.751465 291.149601
1 818.087407 302.558102
1 815.426318 276.391480
1 825.283169 296.602609
1 818.450751 282.660983
1 820.312877 300.045297
1 819.187439 300.062221
1 804.173060 292.202385
1 820.927539 293.228590
1 822.934482 292.983958
1 828.970412 303.746897
1 815.418058 296.885520
1 819.024018 294.624643
1 818.992631 313.060734
1 819.454788 297.964086
1 839.922837 300.968418
1 814.089782 286.227806
1 814.952164 321.010370
1 825.252307 296.898763
1 803.852044 302.353583
1 809.983797 301.390875
1 823.426854 290.314283
1 799.510615 313.051670
1 837.694861 287.564907
1 831.735188 292.686087
1 805.251090 281.217554
1 819.206725 279.764840
1 822.409595 321.539671
1 803.484546 312.865743
1 817.297562 303.155753
1 814.325253 299.945888
1 826.184956 286.264424
1 803.077719 267.799721
1 809.850442 320.307844
1 824.941145 297.769563
1 851.828706 260.857198
1 881.193422 234.346748
1 861.238532 277.157468
1 814.679966 273.105584
1 807.202511 319.421248
1 786.192502 286.687151
1 845.795284 330.379539
1 871.482991 281.421362
1 881.674186 284.965564
1 837.858287 325.735263
1 779.694041 283.802848
1 836.160079 310.301635
1 818.107525 323.651369
1 868.049335 250.106739
1 817.199780 317.072221
1 837.406434 281.091823
1 883.724041 299.485963
1 822.082859 307.189923
1 863.868096 300.879175
1 824.209476 317.841752
1 800.707734 315.670185
1 867.125671 310.551628
1 849.444204 303.312225
1 802.974685 312.062473
1 838.472658 284.578194
1 816.089354 271.480118
1 770.790637 310.096232
1 803.276376 324.417124
1 870.924284 307.096699
1 866.140215 260.434872
1 847.825051 247.800668
1 838.031970 250.316721
1 775.262618 277.228365
1 781.795640 306.059098
1 803.020919 322.259782
1 822.845442 310.544528
1 802.833916 300.472178
1 828.444778 321.755356
1 799.081215 310.202849
1 843.709187 254.492403
1 829.602222 317.728482
1 832.376928 288.037806
1 837.025027 266.915721
1 813.527825 285.327636
1 804.041476 286.333593
1 852.240241 263.085088
1 852.377660 256.320945
1 765.461983 312.858121
1 837.520410 311.289545
1 825.286174 317.441225
1 855.241507 296.274174
1 816.301239 304.538633
1 838.577827 320.651664
1 820.204206 311.346734
1 826.472588 248.096584
1 815.415114 327.989795
1 847.905353 302.553586
1 849.435020 321.445466
1 788.385306 263.636214
1 852.498765 291.970640
1 813.834650 289.637888
1 879.597628 281.705559
1 814.940193 279.903312
2 840.676232 608.621616
2 852.475574 633.410839
2 854.026035 648.220403
2 839.991632 615.530566
2 853.077069 632.163393
2 838.369887 634.561641
2 866.584727 624.813974
2 828.963805 622.449259
2 852.416090 642.763955
2 837.016986 614.694498
2 840.738615 643.357703
2 838.721206 644.038280
2 863.400528 639.149061
2 859.753973 642.335668
2 853.881323 619.546542
2 850.632442 625.157595
2 853.359522 611.015333
2 850.418268 615.658842
2 857.351504 643.163369
2 850.318600 639.521488
2 831.556330 614.604932
2 850.077215 631.957816
2 856.027421 643.177058
2 852.373098 634.690302
2 851.245743 630.290808
2 848.812040 628.612968
2 850.192135 635.737483
2 854.054095 633.278565
2 846.559716 642.299393
2 834.979246 636.262926
2 855.763583 644.513919
2 846.730506 607.687930
2 856.436795 633.342058
2 842.090755 638.151091
2 850.444308 630.218780
2 831.691895 631.432495
1 827.920240 355.864235
1 827.272218 359.059923
1 808.112828 339.537033
1 848.426945 334.537613
1 816.636099 356.625366
1 890.663072 336.294557
