1 199.269705 173.437265
1 210.114308 186.948301
1 205.196307 190.114481
1 212.278736 161.253949
1 212.483211 172.490510
1 190.286978 163.249754
1 199.578806 182.418145
1 186.174945 200.079040
1 180.475691 186.882647
1 204.553109 188.063940
1 196.346362 175.409721
1 201.650211 166.035300
1 182.203108 183.478241
1 181.902077 174.280506
1 205.334414 178.161422
1 212.620355 185.058393
1 214.856571 170.711981
1 202.955266 172.699582
1 184.536981 177.049929
1 184.258736 186.863044
1 194.252804 187.623283
1 201.516642 175.161366
1 198.418725 169.288476
2 147.719864 139.178096
2 293.914801 136.273860
2 294.372177 189.389279
2 123.511157 300.565481
2 158.408097 123.982872
2 238.095347 173.144910
2 6.988644 146.061295
2 225.903249 289.597707
2 3.136457 219.714821
2 129.998060 280.385958
2 198.110545 10.437739
2 31.140934 115.490686
2 265.037625 240.178044
2 114.672760 10.294318
2 87.105782 18.602916
2 203.383335 10.801702
1 187.168500 205.275243
1 203.559408 210.103259
2 58.121501 48.385905
1 203.384208 207.439549
1 207.530099 249.113926
2 227.820213 164.251229
1 238.759450 176.889796
1 171.168286 189.637775
2 121.080871 249.800388
1 179.395007 161.737238
1 243.609099 204.942878
1 193.863643 154.137701
2 237.097356 244.912052
1 135.212238 229.661229
2 152.349327 110.176852
1 162.149750 165.255484
2 9.007372 202.358292
2 282.483964 142.141437
1 169.076928 167.395930
2 36.595389 111.873473
2 67.559964 132.566276
1 198.470436 184.009650
1 196.045712 200.529883
1 232.476955 230.762035
1 213.336851 148.706761
1 195.228676 160.081274
2 131.376331 228.289327
2 258.946007 270.128466
2 291.492819 219.194292
1 179.999077 216.372022
1 256.023354 119.741640
1 175.195079 175.490456
1 192.125837 165.358363
1 171.932773 184.394127
2 195.480533 135.705277
2 107.719707 278.075050
1 255.007085 218.259560
2 1.539688 29.361441
1 179.238843 242.097250
1 167.507088 168.475476
1 165.194601 172.425004
2 104.821565 156.507189
2 181.359873 139.658548
1 129.672185 212.145530
1 161.646221 147.534514
1 231.271505 211.138587
1 173.210045 159.140584
1 112.072399 172.081112
2 192.735692 196.195460
1 139.064015 201.897817
1 195.989075 204.778802
1 177.250672 221.034237
1 209.533816 176.818016
1 191.349812 250.763312
2 272.549481 210.746428
1 205.373506 203.052214
1 202.786142 220.437640
1 195.228676 160.081274
1 145.962555 139.475980
1 194.744353 147.507563
1 167.400631 270.859441
1 168.141099 123.407457
2 232.140834 227.496750
2 266.327574 221.600233
1 191.743194 174.245647
2 281.076496 128.350505
1 197.037659 167.041134
1 176.116945 206.296987
1 171.273366 160.195326
1 212.913537 161.505690
2 115.402987 160.088450
2 271.717657 262.715911
1 216.950994 118.764823
2 152.770611 143.757173
2 15.435973 91.860833
1 165.308116 161.928009
1 190.620094 206.055204
1 167.710721 151.976847
2 163.132988 143.102950
1 173.765847 172.603811
1 162.912433 109.687232
2 153.283937 104.955801
1 152.360929 129.482585
1 206.309971 197.893083
1 145.930150 169.495591
1 184.473445 200.722789
1 245.934938 216.869549
2 113.931374 141.568137
1 206.476239 123.550836
1 207.371662 160.345451
1 211.838539 240.546177
1 168.579889 182.933342
1 175.648315 224.620561
2 197.668517 576.454287
2 176.469311 624.306723
2 142.015951 484.013842
2 28.433730 395.907137
2 285.577834 399.682199
2 206.003233 444.655875
2 119.399959 429.388510
2 134.954239 645.637362
2 99.191083 646.504344
2 175.878546 664.310229
2 215.409813 637.365426
2 225.940736 397.203166
2 330.718827 619.118244
2 154.982814 656.230212
2 113.011285 655.862350
1 329.488694 653.354865
1 318.575703 636.586534
2 190.623251 372.078902
2 19.328645 604.706078
1 319.961437 636.828238
2 198.473830 484.897251
1 157.487720 793.321122
1 126.746203 786.033927
1 152.529190 780.121808
1 147.016255 764.763246
1 149.145823 789.074265
1 164.059055 789.500816
1 143.341848 761.361544
1 157.305392 776.514772
1 148.994945 781.462857
1 139.319658 769.947154
1 150.635253 800.337475
1 139.604911 775.162807
1 148.445724 798.992661
1 165.210033 792.478869
1 145.398130 795.977175
1 138.434013 794.852440
1 148.886593 775.785309
1 154.683136 787.143884
1 141.519321 797.625571
1 172.323697 786.749599
1 143.634279 768.792677
1 154.831874 780.177508
1 165.169143 762.646692
1 164.121171 782.791520
1 142.264031 791.512781
2 45.445622 846.788738
2 144.085517 872.816056
2 179.601668 815.345060
2 235.255087 804.442660
2 25.964187 815.865713
2 66.431093 926.363874
2 304.534268 779.614386
2 168.179667 893.592700
2 206.757819 820.565459
2 95.990597 827.499648
2 100.781039 780.964956
2 97.995087 682.932946
2 109.632884 844.386862
2 186.317673 845.551338
2 132.847880 719.890740
2 251.392151 680.540094
2 78.445487 880.182434
2 292.569065 875.351900
1 154.114015 760.460651
1 109.882935 785.504265
2 210.927706 790.896186
1 195.221650 768.611094
1 160.733511 802.750304
2 205.780847 838.317209
1 103.644228 747.638156
1 117.579553 757.036957
1 167.741472 753.177799
2 119.324528 735.455726
1 165.338652 737.025612
2 158.289274 763.957270
1 186.964001 800.257812
1 158.510140 751.190592
1 119.750882 792.652694
1 136.090850 765.790541
2 139.715767 727.763087
1 124.310372 779.396840
2 183.071659 828.244699
1 126.619899 762.916447
1 188.969295 716.114150
2 281.661912 688.177350
2 283.165606 802.745912
2 130.481231 697.298993
2 198.400257 791.292835
1 202.737706 768.291134
2 95.385036 846.167970
1 107.171171 742.201371
2 192.864951 785.305484
2 221.197701 796.497633
1 129.420586 776.098480
1 157.975582 792.226813
1 122.097849 778.005343
2 189.923421 793.465823
2 166.686489 885.848306
2 156.942452 829.451280
1 156.443591 760.461722
1 121.549466 797.322862
1 116.222725 777.808650
1 157.088342 750.917051
2 51.381426 694.737653
2 287.256055 678.979758
2 19.359091 814.013794
2 313.157196 688.375237
2 153.019067 838.367514
1 198.153809 798.600794
2 183.617467 689.966767
1 183.456718 808.026560
1 134.433113 794.593880
1 146.353884 788.136943
1 194.777358 830.560315
2 294.999963 667.852436
2 198.399212 831.579905
2 208.938181 766.771757
1 177.741555 779.746116
1 125.512413 778.755481
2 113.708686 758.361695
1 197.898594 738.195698
1 190.958120 776.171412
2 208.436631 841.021354
1 179.249696 774.151528
1 123.484309 756.638849
1 225.921418 737.785934
2 236.081630 826.831259
2 316.977026 702.051533
2 263.119473 818.434971
1 126.181614 783.168857
1 154.261639 803.956054
1 152.116336 785.919134
1 72.070035 796.348567
1 109.913365 759.680924
2 231.661930 821.243833
1 145.514089 720.427120
2 152.492923 718.038050
2 133.905547 757.029581
2 309.400904 829.895635
1 139.262494 768.255102
1 148.403357 809.276636
2 128.844140 843.189245
2 189.627082 812.716382
2 235.186265 774.001089
1 169.864747 726.165050
2 163.436156 813.755393
2 209.798131 727.528175
2 16.169931 809.213863
1 166.209406 787.049227
2 157.052400 742.331699
2 91.229842 842.675906
1 143.333596 785.672600
2 204.395626 802.491033
1 153.156703 794.138588
1 168.777552 818.390444
2 302.771881 694.484449
2 106.336983 835.870780
1 141.101174 732.850198
1 160.225209 787.452882
2 207.334436 847.309027
1 185.610069 774.502151
2 311.313282 789.943860
2 219.474748 753.855571
1 162.992135 819.687380
1 171.705952 748.049243
2 166.706019 818.532461
1 130.764617 823.908685
2 231.303467 795.061459
2 162.536253 835.949287
1 165.401333 777.741047
2 297.574451 704.756724
1 145.145458 809.235198
2 9.542443 832.710062
1 99.516998 829.296279
1 202.492168 795.954281
2 165.424470 839.010450
1 309.678312 722.223868
1 183.202975 756.386648
2 124.613309 874.549624
2 349.778605 9.205542
2 605.066590 47.788371
2 589.443399 329.344407
2 581.120796 112.089809
2 665.653347 275.935088
2 363.834378 164.526498
2 647.042743 256.695106
2 527.996854 292.824059
2 666.366008 82.483431
2 649.420891 250.178670
2 429.921659 60.700783
2 442.269964 137.611678
2 463.885595 159.578450
2 340.834231 314.390766
2 608.180601 176.614387
2 581.659812 104.667085
2 393.617551 91.206526
2 390.672135 228.799509
2 623.500289 78.874461
2 371.782737 51.913341
2 444.498006 305.325461
2 571.288115 214.680961
2 459.060437 293.612571
2 572.731476 99.002564
1 397.298582 643.386521
1 385.087245 644.224714
1 412.893603 637.657770
1 408.893194 651.784645
1 398.156383 646.538719
1 400.441090 649.314884
1 397.339133 647.323642
1 400.506485 650.383943
1 395.364842 649.921690
1 398.053061 653.189044
1 394.188539 646.559336
1 397.250624 649.699913
1 406.456430 640.285232
1 411.925322 644.440037
1 408.039858 649.382839
1 406.652711 633.066539
1 394.835188 662.032331
1 395.472651 631.200161
1 414.147286 642.437744
1 402.351592 650.678890
1 393.106662 639.004447
1 411.733015 641.469493
1 401.110278 649.500800
2 455.653924 403.258451
2 363.487086 575.203866
2 554.207542 524.403726
2 407.654692 539.267475
2 422.263068 585.874800
2 545.309700 599.809725
2 409.899350 583.813836
2 569.053141 516.305782
2 472.503920 468.156992
2 421.769390 657.734760
2 414.301767 487.742486
2 379.458646 395.931238
2 501.170248 578.989438
2 651.343269 665.120359
2 400.695022 591.662895
1 421.785954 608.470929
1 414.566480 609.884321
2 346.301185 552.859561
1 367.478713 641.463890
1 370.762046 638.132585
1 367.671011 649.062947
1 403.177688 647.956926
1 340.407549 649.364038
2 550.772402 548.537659
1 435.596615 657.737240
1 374.108904 642.768816
1 455.401399 643.191344
1 385.337695 658.671576
2 539.603706 663.801203
1 499.581991 626.934356
1 395.526614 628.195220
2 572.684545 540.567779
1 430.454205 630.236230
1 399.122775 656.099442
2 431.210045 450.607620
1 373.050434 635.798327
1 367.532592 617.859180
1 373.080127 659.477861
2 606.858949 383.193098
1 392.223846 636.527013
1 417.046406 596.044433
1 336.517833 656.894054
2 571.926120 473.539180
1 364.030672 665.685889
1 388.082827 554.461230
1 390.349828 638.409719
1 410.299061 658.989560
2 403.164073 585.871944
1 362.366399 643.765662
1 416.936708 655.745326
1 412.061648 662.740346
1 391.928597 655.071340
2 406.787655 647.802008
1 400.974710 646.861411
1 408.607140 579.286244
1 415.233985 634.405479
1 406.206196 553.285318
1 380.128701 642.993460
1 371.131943 634.093106
1 419.364168 643.372544
2 405.916669 663.695600
1 405.251134 648.827359
1 372.214147 664.046656
2 390.161014 579.869721
1 344.676261 652.438441
2 388.376482 571.105070
2 417.051453 589.844526
2 416.043961 620.239698
1 366.552514 654.386445
1 386.150908 656.364830
2 351.750081 576.541184
1 363.629575 631.598378
1 435.397631 606.586196
1 433.533976 626.540016
2 431.021232 574.990287
2 437.986914 648.840215
2 362.155646 574.536528
1 426.009773 639.634712
1 358.957531 654.537878
2 388.896943 535.602417
1 380.669799 656.328945
2 394.193288 634.627825
1 439.431760 638.832600
1 367.098181 607.041611
1 411.668134 668.368042
1 592.269184 788.914880
1 572.212885 807.626350
1 581.619194 791.499844
1 569.393378 799.362321
1 550.314057 812.352350
1 564.241788 810.020203
1 577.599504 805.651019
1 574.622168 791.722488
1 553.192257 793.616418
1 569.200985 800.474026
1 576.727973 810.336564
1 559.810518 804.961297
1 566.964520 801.578735
1 576.423917 815.735739
1 592.906930 809.881322
1 592.085861 806.001343
1 574.647485 814.706093
1 586.486928 795.935543
1 571.754810 812.072489
1 569.199946 795.767835
1 580.683493 819.967901
1 571.582199 797.383136
1 580.041311 806.092403
1 567.753650 797.303679
1 561.438024 797.509067
1 570.353356 805.491408
2 436.675419 920.930438
2 443.770658 934.503837
2 373.322691 854.021838
2 574.700117 858.400583
2 610.104511 840.210379
2 659.645040 947.878012
2 526.803464 864.987154
2 349.544459 746.803773
2 339.589366 723.918474
2 412.598899 810.795338
2 382.367949 691.752045
2 448.318685 952.522040
2 503.259611 871.763370
2 408.423329 772.895511
2 650.792042 795.792364
2 496.779949 667.697406
2 646.125732 813.346760
2 473.722511 702.352219
2 648.836860 787.895538
2 542.324607 680.102779
2 430.984447 864.594218
2 355.756850 691.188903
1 561.004309 832.132465
1 553.015601 848.886156
1 511.094955 792.558695
1 551.314831 801.578325
1 628.195023 821.923517
1 565.191176 803.774462
2 376.918649 687.949062
2 589.672037 885.656427
2 466.630782 709.122678
1 574.128946 799.217399
1 624.348284 789.918209
1 556.009880 808.208063
1 583.116220 825.125764
1 526.819605 776.626926
2 483.714890 889.132844
1 582.677897 811.494509
1 611.816580 812.891298
1 618.437328 824.006775
1 570.669576 847.120152
1 554.450103 788.661705
2 362.167055 739.109048
2 642.996073 685.823533
1 536.174911 852.666781
1 530.092093 783.791160
1 576.419886 779.539542
2 652.645550 767.060585
1 555.791888 804.172927
1 593.138374 794.478971
1 349.635242 670.721643
1 545.727554 816.829653
1 513.338182 778.696225
1 629.783588 794.891297
2 521.934643 855.652695
2 399.413748 697.028527
1 593.199931 796.981699
1 406.532637 684.720136
2 655.716447 675.457892
1 576.325052 813.695484
1 553.202860 803.684200
1 578.746640 852.865816
1 541.878446 847.734139
2 525.517038 825.746560
2 583.773732 797.751982
1 363.451320 676.390810
1 505.157089 799.898294
1 563.301501 714.068523
2 494.158949 725.301846
2 453.635122 729.278785
1 593.168252 795.286504
2 504.792257 801.749485
1 632.741037 808.455955
1 408.800012 690.120301
2 582.272705 712.826513
2 404.935542 736.410901
1 543.766105 756.291688
1 561.894311 816.716795
1 587.341593 800.113810
1 574.865348 819.124982
2 503.988623 802.019524
2 585.270908 946.491604
1 523.026707 804.313392
1 414.764672 672.221340
1 529.550070 827.901634
2 492.086614 720.386491
1 632.298597 789.421045
1 622.546769 789.631422
1 560.000014 843.798512
1 470.950040 767.606886
1 535.645843 811.644385
1 556.288770 797.179350
2 479.995326 742.518928
2 401.448128 668.270501
1 638.320224 849.650487
1 604.302496 796.852877
1 562.597761 809.307665
2 488.418189 711.183549
1 573.057221 810.962540
1 530.992157 776.930221
1 550.027339 843.640328
2 449.442178 869.037449
1 461.735216 681.457100
1 348.082343 668.123219
1 544.761543 813.360165
1 414.072526 700.315649
1 396.942414 681.051531
1 503.837327 824.878420
2 426.181809 682.448299
1 564.031253 826.892628
1 462.513721 782.436843
1 421.985598 679.724493
2 434.689210 729.835183
1 376.124849 673.362691
1 546.119970 831.885197
1 600.986755 813.738768
2 590.248816 718.548565
1 558.081725 767.034425
1 550.174445 762.484013
2 430.811315 779.803737
1 598.265022 776.520565
2 368.771387 745.396193
1 362.814982 696.836052
1 358.145733 675.156090
1 439.162047 719.723068
2 416.146662 731.395880
2 483.689729 857.739878
1 609.648601 794.673608
1 593.199931 796.981699
1 568.772292 797.662010
2 451.618406 734.062740
1 601.803420 770.050000
2 469.689068 698.212845
1 571.415675 785.910128
1 434.983979 681.503655
1 451.057322 700.988141
1 519.388095 831.947881
2 520.763182 862.118488
1 383.658229 681.576784
2 491.091715 680.203829
2 632.324041 740.597559
1 399.507076 708.120737
1 614.375617 792.699879
1 490.389617 706.230981
2 419.789755 739.923569
2 430.646826 754.792683
1 624.767712 802.198341
1 531.970642 842.797590
1 559.284301 812.141814
1 568.840784 838.511398
1 567.754597 773.762322
2 335.730591 684.716336
1 352.496762 680.035535
1 362.188446 702.165348
2 433.554472 697.827066
1 590.508308 768.118855
1 620.079856 829.382456
2 414.358459 742.743200
1 398.340756 673.264579
1 546.971739 787.414601
1 388.266348 669.599625
1 594.328958 853.091257
2 343.796740 725.804664
2 415.365002 676.120117
2 493.085312 811.050553
2 503.427238 872.102038
2 649.975420 884.390545
1 557.491723 778.512103
1 441.722035 713.103500
2 380.237446 743.165583
1 642.058048 808.510221
2 412.112063 771.597868
1 555.032390 891.022473
1 558.835677 780.671041
2 589.434092 829.633933
1 552.489526 823.536939
1 603.606236 780.382142
1 355.213391 705.236123
1 565.359793 768.039234
2 435.467784 738.185015
1 581.267005 791.371496
1 539.044823 760.677752
1 642.478719 808.339786
2 524.321974 869.452850
2 505.457630 819.380553
1 451.725496 692.594041
1 453.700762 721.448242
1 390.385768 669.656335
2 503.891210 874.055819
1 614.267441 817.634920
1 380.768449 667.890474
1 480.797513 773.850346
2 368.865073 751.697831
2 525.693767 730.342143
1 366.922227 672.823070
2 339.098121 712.177317
1 665.539031 871.404261
1 562.000593 754.091401
1 594.653624 772.493340
1 599.774479 771.091532
2 451.642071 798.866357
2 472.920823 907.270627
1 333.896121 681.399496
1 516.986677 820.911978
1 569.978197 942.482848
1 509.983715 832.460330
1 464.250413 691.560182
2 419.110690 734.562314
1 378.002686 719.614517
2 469.972021 775.505048
1 825.323420 313.131564
1 814.043604 287.613507
1 831.667684 295.476292
1 814.058431 301.075981
1 834.044190 283.999700
1 827.473053 308.571495
1 819.691371 300.488439
1 820.776003 303.481807
1 835.591285 300.783414
1 807.626186 302.934711
1 820.155986 304.158386
1 822.841290 275.549347
1 802.061386 300.942897
1 821.461269 298.275657
1 809.734327 290.916042
1 799.208382 306.913418
1 827.960425 295.295719
1 822.190965 301.146311
1 828.619228 297.276916
1 822.383471 302.747937
1 820.658663 284.509079
1 820.400217 300.308929
1 833.266366 306.872088
1 820.862003 300.408726
1 818.762404 303.936763
1 812.497967 279.106009
1 832.419664 315.356267
1 820.978513 300.690964
1 843.686914 295.652230
2 666.798979 177.648918
2 722.194114 196.170142
2 847.526756 47.555112
2 896.554048 172.220755
2 882.950573 98.002196
2 919.808063 177.226763
2 777.515608 169.121337
2 763.118143 314.693327
2 995.768737 265.352777
2 801.264136 178.192910
2 844.330495 166.834008
2 792.672124 105.940476
2 786.455709 275.805450
2 923.431828 272.093459
2 809.899771 309.508034
2 700.217118 149.705557
2 799.230402 268.265659
2 826.266588 220.737925
2 746.763665 98.818846
2 942.296089 88.085685
2 998.183651 278.084384
2 992.212422 18.595498
2 747.794707 283.159653
2 743.638688 290.934731
2 842.275571 115.528861
1 787.121626 293.890822
1 815.383136 305.010755
1 814.027398 298.795780
2 811.332497 318.466978
1 883.895449 317.531362
2 818.950201 284.246620
2 877.721191 255.763748
1 799.032993 272.930688
2 878.376448 250.941666
1 827.742289 299.921178
2 797.077027 278.618157
1 783.797093 328.454525
2 951.905415 122.170064
2 926.714336 255.525836
1 851.081558 300.000006
2 765.273562 255.584195
2 814.536721 250.083432
2 770.623306 258.121000
1 861.745611 274.532283
2 916.114350 301.702058
1 818.327514 291.930402
2 856.429209 310.200718
2 736.352511 310.648084
2 827.153928 301.492838
2 748.993203 273.671871
2 779.909311 209.957669
2 753.874203 300.107688
1 827.698243 292.624528
1 810.388193 246.753875
2 825.179530 270.374981
1 772.396602 250.080545
2 808.255538 303.195361
2 738.657944 259.591326
1 825.193289 263.033022
1 811.645628 301.657085
1 843.207194 281.938243
2 894.305709 259.745569
2 727.249907 292.462445
1 792.897194 218.634305
2 815.051458 82.387120
2 833.622503 279.888967
2 757.091242 260.520060
2 730.924367 321.347080
2 842.878578 285.561069
1 820.041704 260.293233
2 874.751600 242.102445
2 668.367888 242.785366
2 904.990393 224.816611
2 766.207562 315.993483
1 816.406558 305.900131
1 829.487459 282.918799
2 990.313598 235.210556
1 840.554241 317.519585
1 789.545566 272.694803
2 773.563921 247.636222
2 884.070579 277.957452
1 769.981925 284.408549
2 739.947547 298.033662
2 849.377057 262.739112
2 809.994518 272.235402
1 795.808488 330.631101
2 804.711264 312.375906
2 842.576509 314.706593
2 793.424547 214.996636
2 779.097499 284.614009
1 861.869892 323.031271
1 826.036994 282.389440
2 769.728366 206.595513
1 814.679625 331.470785
1 825.284939 309.890956
2 876.617841 255.584840
2 778.417220 236.491763
1 841.052970 257.343499
2 832.512059 258.941628
2 999.552973 110.460043
1 868.442811 330.236720
1 843.907993 317.467236
2 754.091548 266.326831
1 833.441514 308.345437
2 912.489419 213.548535
2 924.822934 360.146150
2 898.600168 540.882315
2 677.775509 342.930127
2 750.100477 352.702020
2 910.013623 458.782088
2 968.121624 355.378469
2 909.437058 404.824141
2 921.326964 580.380160
2 857.254788 594.139169
2 958.985674 356.512416
2 952.169677 569.099599
2 864.808386 501.433124
2 757.961885 346.761935
2 921.044725 367.612915
2 710.275476 501.749901
2 857.317670 417.800218
2 968.635431 364.622454
2 875.090347 393.180356
1 822.511788 351.030455
2 767.610861 586.796294
1 852.817333 364.486590
1 787.224339 333.676532
2 897.264983 430.946208
1 815.158811 346.229462
2 864.815213 384.286675
2 760.523406 337.459734
2 727.057481 352.666490
1 758.299796 356.080170
2 726.868449 335.715088
1 840.435282 342.328614
1 803.611343 348.527673
2 771.149590 337.843833
1 812.148193 349.971407
1 834.315923 336.883387
2 730.879782 942.588539
2 817.317326 740.240759
2 728.193996 675.485181
2 737.304823 749.460525
2 676.107195 838.903866
2 836.032604 668.933878
2 922.795936 866.236940
2 906.207141 929.633314
2 970.266889 912.324051
2 841.109441 723.509132
2 981.902447 834.698518
2 864.426634 915.553717
2 666.953286 932.102326
2 780.253001 708.401185
2 806.801612 766.132397
2 751.794601 876.438609
2 699.574474 816.368885
1 687.008862 805.963179
2 675.790205 838.078819
2 980.116882 787.772139
