1 202.078525 179.315206
1 186.819888 180.064576
1 214.176846 164.074055
1 182.952212 174.534474
1 206.669392 164.939290
1 210.958168 179.125455
1 211.836927 174.842533
1 189.331589 163.877402
1 180.724814 194.967207
1 203.531713 193.973627
1 193.107182 173.501593
1 216.060535 192.472274
1 198.853969 176.148251
1 192.250519 197.907028
1 194.037276 181.435106
1 199.799649 178.648621
1 181.725132 173.312320
1 183.153069 197.091140
1 189.229870 181.374885
1 199.026631 174.339036
1 190.123317 178.772194
1 211.479674 193.053529
1 201.737982 180.358956
1 199.410362 165.275356
1 178.902086 190.791062
1 199.439138 173.536568
1 210.518514 165.218820
1 201.121318 185.842062
1 198.505473 182.127880
1 194.792092 166.717099
1 186.702925 186.835629
1 215.404842 195.972708
1 209.131122 169.530986
1 205.148379 156.622375
1 210.067252 172.806962
1 231.779892 190.979265
1 200.833768 204.363132
1 178.395670 134.732721
1 189.172829 187.893924
1 213.468576 157.716330
1 204.945590 206.201243
1 219.321198 183.165733
1 169.440651 177.270228
1 233.662037 163.910785
1 176.896719 203.579353
1 197.584790 177.173858
1 188.227578 171.097299
1 188.457830 158.196095
1 181.333901 139.087899
1 232.342392 197.519041
1 181.195388 217.111598
1 220.648919 213.269396
1 210.805911 197.019447
1 197.363630 205.684028
1 211.707150 197.535381
1 180.117033 202.476415
1 189.301674 157.830416
1 166.173645 153.588476
1 227.234239 144.801814
1 214.485859 168.366238
1 213.007162 226.272430
1 187.939623 191.061752
1 144.084307 91.592702
1 181.693664 232.157567
1 158.930441 155.347424
1 142.138662 128.941910
1 189.583512 189.222034
1 172.946354 187.545711
1 224.472795 147.697280
1 202.974273 134.132008
1 193.066070 157.800733
1 153.130833 143.379424
1 200.069084 206.502427
1 149.585370 163.948451
1 221.363955 178.850307
1 217.765084 169.068828
1 184.261069 196.653342
1 198.306506 152.623098
1 210.132014 240.771203
1 165.718114 263.429116
1 247.594887 166.347131
1 218.493688 159.169758
1 167.962215 223.051405
1 156.459015 187.812915
1 203.504847 177.465833
1 152.161164 199.255309
1 205.170408 186.760752
1 191.375149 182.291830
1 179.581277 207.479866
1 212.716034 190.720768
1 209.866265 116.015095
1 221.205789 124.015528
1 186.572382 184.237029
1 230.184301 137.299324
1 203.115397 215.404423
1 200.123478 102.350641
1 162.595685 145.417456
1 189.297850 170.511632
1 189.073210 173.489166
1 202.470872 228.756242
1 216.491917 165.134390
1 173.883254 186.867077
1 192.139383 176.215283
1 174.824640 151.585458
1 153.307021 179.787150
1 238.970949 193.214857
1 211.505085 219.203726
1 191.578775 170.515751
1 176.771755 187.358286
1 190.957892 119.057539
1 204.264889 169.671236
1 234.423531 186.378903
1 122.353219 65.324096
1 138.335027 156.656535
1 163.862265 229.164424
1 209.457866 268.318198
1 236.634922 183.307907
1 198.665988 235.350559
1 175.787480 163.129727
1 209.253987 175.192164
1 178.978798 250.833423
1 202.780016 189.544038
1 150.815531 161.901071
1 224.524345 129.108699
1 183.827695 160.040723
1 205.337792 184.181872
1 223.379461 110.890129
1 241.903117 128.827020
1 274.782222 165.943209
1 193.059291 179.154665
1 199.782313 70.495414
1 170.114369 199.036360
1 150.899596 151.885354
1 263.373504 215.646661
1 130.217434 76.922112
1 199.887582 110.413120
1 246.155530 196.604575
2 50.576305 436.787278
2 58.482343 434.984402
2 51.425367 440.837784
2 43.175214 434.119097
2 58.804816 428.815023
2 63.347146 425.863559
2 72.406240 438.663397
2 78.024736 442.886722
2 50.591738 412.758446
2 64.626408 427.958435
2 45.398665 416.726962
2 39.766784 432.656259
2 54.629899 427.696813
2 64.010856 425.553187
2 59.602518 430.313672
2 64.184752 413.590620
2 80.182577 438.192942
2 61.246465 421.775181
2 53.810192 419.722364
2 56.705041 425.612133
2 83.436392 431.710276
2 56.345963 431.619136
2 43.408837 443.731623
2 62.548742 428.029501
2 65.727367 424.865274
2 54.176240 408.216230
2 45.589576 434.050779
2 63.955935 438.324871
2 40.333242 444.457525
2 47.776520 438.419990
2 83.859896 425.730642
2 44.418571 420.757515
2 40.884528 397.670719
1 330.503539 616.142432
1 327.771604 599.971580
1 301.451307 615.706969
1 148.767415 779.060031
1 138.908182 789.084680
1 160.131038 787.909778
1 150.308837 780.140365
1 158.460107 771.246079
1 151.165851 778.942263
1 153.580006 777.188003
1 150.928066 781.749938
1 161.261873 761.410870
1 149.508251 763.863873
1 144.243613 785.552113
1 163.909595 777.338638
1 146.093343 790.984559
1 136.628337 785.524255
1 140.338804 770.199865
1 135.556030 777.083723
1 153.267474 780.133094
1 150.762099 774.299002
1 129.636304 786.653029
1 130.425149 772.329319
1 147.324617 770.897743
1 165.789670 780.267917
1 170.979326 792.811980
1 143.297630 795.898551
1 154.225798 768.676333
1 146.283493 780.222102
1 156.864742 796.891839
1 161.861036 758.807051
1 128.360333 771.670554
1 157.033526 783.322430
1 154.356766 782.354495
1 171.076966 768.126136
1 155.137713 786.289303
1 165.961065 763.317471
1 160.573092 762.600482
1 127.763331 746.859113
1 139.155042 848.727071
1 208.612916 767.157084
1 185.873991 772.412026
1 182.345111 781.045401
1 143.326680 819.529322
1 124.679949 801.314363
1 173.904956 804.552891
1 127.462673 826.741935
1 109.227178 750.680904
1 149.056485 764.405194
1 117.082478 751.807329
1 157.609752 711.701020
1 173.570078 749.339178
1 154.976433 825.821740
1 145.757499 784.371443
1 217.961590 809.086926
1 99.314469 686.361670
1 110.363250 730.903237
1 202.481650 807.033071
1 93.472094 731.521241
1 157.141078 810.576128
1 99.403666 737.870379
1 134.929703 825.784152
1 161.014086 787.770500
1 84.518415 767.733579
1 149.210777 816.335294
1 151.645647 833.880184
1 99.364610 780.272827
1 175.510416 843.433880
1 151.628083 792.801955
1 147.613948 809.327154
1 92.725727 774.757505
1 59.486704 723.013489
1 142.318940 780.382234
1 205.537218 726.338182
1 125.802613 811.209448
1 188.118623 801.519353
1 137.111843 820.265851
1 178.628555 784.624214
1 180.388237 784.640115
1 132.292056 763.998800
1 159.733678 789.928661
1 193.854275 738.269758
1 130.085317 749.537364
1 165.286967 778.161863
1 111.044544 735.150426
1 238.853669 695.253180
1 199.368895 785.112858
1 72.846810 718.692068
1 177.480764 856.819887
1 200.982480 781.305697
1 325.884538 709.348155
1 160.581836 783.083016
1 110.606337 792.287698
1 178.652058 799.038082
1 162.751230 797.854060
1 114.744579 781.849274
1 167.621894 782.612234
1 154.437417 762.843821
1 56.703383 747.541349
1 160.807882 828.367008
1 156.924805 786.738515
1 113.870078 719.884790
1 155.556040 788.849052
1 145.648366 814.736543
1 113.421628 750.025009
1 127.307166 727.500929
1 219.431518 749.824567
1 173.685859 809.288515
1 159.776768 797.459857
1 205.801205 792.283638
1 172.774053 739.166005
1 121.558131 843.052636
1 183.916652 797.066910
1 186.155331 744.394373
1 154.538600 747.471834
1 195.047827 780.815732
1 179.677359 737.317280
1 138.247980 790.799441
1 123.364132 701.351690
1 218.260193 721.010570
1 196.407682 889.608129
1 120.558904 799.538368
1 169.902300 798.574118
1 203.712171 795.969402
1 106.866058 702.859748
1 204.596347 815.133891
1 196.919229 699.947154
1 152.232765 782.142148
2 325.954016 781.107986
1 141.759681 751.936152
1 112.363660 819.861661
1 183.506961 770.391229
1 122.867990 701.660991
1 145.434798 752.645452
1 145.515217 801.058504
1 163.956707 797.168843
1 150.605318 748.027484
1 98.735252 782.783301
1 156.757486 787.060464
1 120.322183 852.652971
1 169.997935 790.519139
1 32.922784 705.941056
1 151.564523 783.522975
1 121.901753 770.442084
1 184.623475 827.963785
1 116.569689 732.293947
1 142.055689 777.621266
1 137.553786 782.361408
1 175.498066 734.592992
1 121.486323 751.833370
1 145.007970 747.000176
1 99.970138 701.064017
1 171.733237 797.075714
1 162.862987 799.764444
1 111.233426 724.283274
1 95.153888 795.237517
1 138.016370 766.956628
1 93.781174 740.342873
1 220.876901 802.190827
1 247.800892 700.733254
1 40.618637 770.740473
1 161.112664 774.451197
1 326.222198 671.665578
1 151.099803 792.450719
2 325.776457 836.880714
1 167.237880 714.130969
1 134.718464 793.625741
1 99.098480 774.604591
1 138.321245 812.148464
1 163.245623 806.217794
1 152.191520 798.736127
1 155.108832 737.144360
1 318.565780 710.793025
1 117.039162 768.034343
2 324.724952 803.466474
1 119.983965 788.949264
1 331.514798 733.218189
1 229.698002 775.949760
1 157.799293 681.832527
1 180.179025 780.474460
1 146.422906 763.553561
1 131.769030 864.879902
1 114.881369 771.341885
1 99.713119 737.647805
1 211.141356 761.608290
2 484.248733 151.095240
2 487.072859 134.072046
2 506.632547 149.885286
2 518.370217 137.655406
2 493.720714 134.765195
2 500.592111 143.538737
2 509.805614 158.859363
2 516.707945 155.811111
2 493.952420 155.236588
2 512.198795 143.865391
2 498.891104 142.434045
2 503.031665 142.810787
2 503.838197 164.691625
2 496.084056 144.129262
2 493.997559 149.054409
2 505.718363 140.086895
2 516.354893 141.664266
2 492.726283 160.391446
2 487.985610 127.781588
2 491.863470 139.404843
2 484.169628 124.939385
2 500.296424 143.208910
2 502.431803 130.208756
2 488.163780 137.309645
2 507.653555 163.648638
2 490.172815 141.775291
2 497.665782 137.406016
2 504.235634 136.967520
2 507.121802 126.362128
2 519.923327 144.451390
2 507.237126 134.154348
2 495.384363 140.921447
2 497.827101 132.321328
2 520.065446 142.572758
2 485.296409 121.877189
2 495.878229 119.440463
2 499.532163 145.276059
2 486.023560 139.868389
2 503.331405 102.260306
1 414.159271 654.484542
1 396.965906 656.429721
1 407.023245 639.978443
1 399.197276 650.149638
1 405.431374 649.333913
1 391.300101 656.779568
1 400.259023 649.944374
1 399.088965 649.256337
1 395.487644 652.575963
1 411.968041 650.520766
1 399.173399 644.191207
1 409.607785 663.929181
1 389.841955 658.005263
1 400.774781 650.308213
1 400.950645 653.944074
1 396.906714 642.965381
1 381.955513 645.056636
1 398.298446 654.480653
1 405.424793 638.575822
1 381.367666 653.613494
1 398.660293 649.819049
1 401.354440 647.757411
1 405.861198 641.062399
1 398.602001 647.378318
1 394.385557 654.002274
1 393.340697 642.555826
1 411.539163 654.654595
1 401.664526 639.774492
1 408.226809 628.395687
1 395.338749 637.154486
1 415.984239 646.909203
1 399.215922 650.971434
1 423.036678 654.281203
2 556.654560 492.168320
2 566.327921 479.929622
2 542.108217 474.036524
2 559.685605 487.433473
2 563.369408 490.282628
2 573.381410 471.477110
2 559.161220 474.688788
2 557.486451 481.565274
2 556.840378 498.166857
2 563.704203 473.647680
2 558.252617 486.808067
2 558.899972 479.781194
2 548.343974 488.373185
2 559.745212 479.979779
2 569.635254 470.297255
2 565.753896 479.453980
2 547.504747 473.173566
2 568.280122 458.401332
2 536.452940 475.645585
2 545.797056 473.774194
2 567.445625 494.042759
2 562.460124 483.713340
2 543.069621 483.761617
2 561.074381 495.485274
2 563.167474 480.654356
2 566.168079 497.857587
2 552.590856 490.349685
2 542.971177 465.114985
2 544.830961 464.668945
2 564.947799 458.268381
2 567.193653 481.763242
2 564.631733 472.059136
2 580.142647 476.366680
2 565.634408 455.665149
2 557.992754 503.939145
2 548.831643 495.501298
2 544.664903 471.243575
1 395.530078 593.998734
1 413.676564 615.882047
1 353.584902 637.103998
1 402.583526 635.740631
1 396.729445 644.956249
1 371.995595 664.979389
1 431.939239 642.536195
1 427.872816 659.962312
1 390.088202 626.223698
1 389.598407 590.489221
1 461.610539 661.742892
1 403.665751 623.898449
1 404.452243 613.918536
1 410.207129 645.064412
1 407.201883 651.709884
1 415.668819 580.330849
1 400.811221 637.544416
1 416.026918 599.340901
1 386.630795 659.782352
1 411.404214 652.238634
1 407.422451 641.521460
2 534.318849 455.884203
1 397.713019 654.811120
1 455.784204 616.121535
1 385.624194 626.004034
1 413.313069 640.371889
1 408.720027 630.321695
1 423.982355 558.348633
1 373.330592 642.584142
1 396.065635 623.704170
1 413.252081 621.008642
1 435.473013 606.292861
1 360.365652 640.732048
1 486.860201 621.308110
1 404.844107 650.700167
1 418.669805 661.282862
1 384.554786 623.919379
1 417.868216 660.200340
1 395.143943 578.619273
1 447.181027 619.246619
1 385.993424 620.464697
1 434.800306 581.664732
1 413.005804 658.080583
1 417.907123 636.330323
1 363.280216 617.766740
1 383.903086 661.291796
2 539.286988 483.390822
1 416.697211 646.907076
1 382.955746 602.149001
1 390.724984 630.966246
1 436.315421 614.254565
1 384.262318 639.218667
1 416.112853 594.449594
1 402.399853 636.990944
1 418.288518 626.631828
1 438.521253 653.795630
1 393.630398 643.379088
1 475.020544 604.296197
1 334.430424 638.099908
1 466.420694 616.594279
1 447.987064 654.622972
1 382.258224 654.718327
2 543.932694 483.294303
1 344.046326 633.946928
1 375.495234 640.292327
1 430.291587 583.064228
1 396.603946 649.891758
1 411.251164 658.949391
1 415.230625 602.947860
1 415.924748 584.240216
1 418.867438 632.525797
1 413.848115 625.063602
1 418.622584 655.203866
1 420.363942 624.985778
1 381.912042 621.864737
1 447.791486 664.329462
1 395.658714 580.359165
1 426.399634 642.350733
1 367.098708 664.440080
1 400.081414 651.562660
1 389.449825 592.658821
1 386.652058 575.474366
1 422.329202 622.987860
1 428.010489 660.640385
1 460.614655 664.673307
1 396.159914 621.605473
1 428.261386 623.520156
1 443.809492 605.933921
1 364.736873 649.663759
1 382.760404 637.967381
1 394.712337 642.184896
1 384.163280 654.633435
1 413.907328 646.311403
1 491.766756 591.849344
1 410.334634 651.543269
1 440.239895 664.419337
1 404.110312 639.977626
1 437.753491 661.065530
1 443.394235 654.108876
1 381.543558 659.964719
1 485.118144 622.355569
1 488.185637 611.457651
1 476.979396 644.531194
1 425.476535 638.674801
1 412.562656 614.923483
1 410.437642 617.328294
1 392.806519 619.989349
1 456.711520 594.661585
1 372.654984 632.718041
1 426.064261 650.418413
1 367.276500 648.819899
1 450.333030 601.277632
1 472.717982 665.114818
1 479.031824 609.533711
1 385.212148 630.224622
1 377.212882 575.899191
1 402.900018 630.452333
1 437.985343 608.740727
1 394.880464 649.057420
1 426.814033 588.862122
1 402.566512 631.700498
1 411.110957 623.660015
1 438.274071 594.951261
1 411.637581 541.672082
1 382.067465 660.759828
1 384.201893 662.145171
1 363.159062 660.159813
1 469.764553 638.729403
1 389.066632 624.732744
1 390.729117 625.411573
1 413.999140 643.882961
1 412.215530 661.470350
1 429.130185 638.059183
1 406.677222 645.626192
1 357.155565 550.520832
1 397.821443 638.701568
1 453.067428 619.263873
2 564.077330 505.226037
1 404.187248 663.121014
1 348.298239 608.961780
1 396.342339 639.117649
1 424.580883 625.624588
1 459.856020 613.362840
2 516.312158 442.862733
1 437.600375 665.294310
2 556.880579 477.557672
1 407.979289 638.724196
1 346.532494 656.710876
1 452.598064 642.577667
1 350.332263 651.463623
1 395.027902 664.813806
1 399.720967 643.515964
1 405.235410 659.403239
1 412.757242 634.462097
1 433.752685 587.850894
1 470.618956 640.686611
1 408.195152 648.576757
1 410.084987 604.221934
1 400.478874 663.330980
1 415.241709 618.434422
1 417.071491 602.084320
1 419.939918 616.079931
1 433.197205 626.435044
1 425.643173 663.906731
1 364.032811 629.171404
1 404.752676 612.474502
1 427.881790 649.175752
1 404.872998 632.731813
1 485.328504 648.202989
1 475.334844 597.671513
1 368.799310 647.427198
1 429.287708 641.522716
1 496.165713 624.002117
1 459.439927 572.623201
1 396.344171 651.499807
1 458.961278 605.349331
1 412.273034 572.898361
1 394.954126 674.308099
1 410.850476 670.035768
1 395.577588 668.116983
1 394.221399 669.527537
1 554.016372 799.904415
1 581.751516 787.336215
1 567.376086 804.549630
1 560.549366 808.971070
1 587.251436 782.693528
1 583.242380 791.272099
1 572.751738 801.405733
1 564.153244 803.367135
1 566.634687 799.764181
1 581.768991 798.964816
1 572.759855 799.243772
1 577.898006 790.170492
1 574.622078 798.789140
1 583.571398 807.125762
1 584.509425 787.087501
1 572.145453 786.877142
1 574.188549 798.183811
1 555.463841 818.504065
1 589.863390 791.962140
1 560.629967 802.699365
1 568.084256 806.421477
1 556.173005 808.304817
1 569.348468 803.664456
1 559.722450 798.231480
1 554.189676 788.492689
1 570.431892 804.553449
1 553.812317 802.677720
1 556.450136 801.912863
1 558.457108 801.771453
1 553.909713 813.565870
1 551.165307 798.782531
1 564.321143 806.739449
1 563.309108 788.919077
1 546.552111 799.804377
1 578.038975 812.878854
1 569.494965 799.816144
2 389.538227 833.879714
2 402.161750 844.896420
2 378.960659 833.429814
2 409.237313 811.380150
2 399.890100 830.041025
2 400.025746 809.960347
2 397.114311 827.173351
2 397.580039 831.068220
2 401.636197 813.259206
2 399.712033 820.898581
2 402.382769 830.642689
2 397.509522 816.278095
2 411.152661 844.794265
2 395.711069 837.208026
2 390.150597 825.066402
2 398.257724 839.003859
2 376.583223 838.678080
2 382.307555 837.874612
2 399.456228 830.895849
2 413.065501 846.807698
2 415.642324 835.764118
2 390.094158 829.951194
2 398.878255 849.165779
2 401.366324 848.649844
2 401.175089 840.522349
2 399.819838 837.191383
2 405.832256 845.406995
2 398.449407 821.013905
2 402.179150 831.091748
2 418.329704 828.496631
2 400.384027 826.575821
2 391.501291 844.196585
2 404.526549 830.470441
2 402.357607 815.581699
2 397.917414 854.296024
2 388.306593 841.258806
2 382.629465 844.753000
1 561.036354 786.828346
2 369.633155 816.886670
1 386.346701 686.745719
1 547.435629 788.070352
1 572.977929 836.738526
1 565.634186 810.446757
1 512.570539 776.076661
1 569.661073 807.002435
2 387.499037 830.209652
1 577.422345 801.036945
2 386.998618 849.444339
2 358.273720 884.738355
1 406.654884 675.152632
1 542.136617 841.520444
1 411.073372 670.289173
1 407.678387 717.370719
1 373.506819 693.718665
2 341.848250 814.495735
1 376.505349 689.272706
2 418.245282 855.929611
1 410.599700 694.124360
1 353.926017 690.855055
1 398.252028 706.258335
2 398.481293 821.375520
1 384.698535 680.777315
1 440.227286 770.056115
1 603.509781 754.034350
1 547.854313 788.826284
1 555.350048 750.754445
1 378.582758 726.036656
1 533.478689 806.568851
1 405.822291 666.869266
2 431.117891 821.558548
2 440.549453 825.808710
2 428.403604 840.458914
2 423.366680 860.997498
1 537.179752 793.337791
1 542.527976 805.997376
1 540.232556 787.536705
2 377.963310 794.382357
1 437.786872 703.982576
2 354.757076 814.017808
2 363.946483 848.737836
1 571.830780 812.556701
2 379.932054 861.873613
2 425.634241 852.465892
1 600.184329 740.395054
2 371.361645 779.089475
1 590.664887 804.460130
1 594.119285 799.040546
1 361.221432 669.277351
1 560.546712 816.728965
1 464.814559 674.217440
1 360.446596 700.879479
1 396.790394 706.243018
2 410.692742 828.752309
1 411.192459 708.356346
1 553.503787 786.898008
1 519.637729 777.468390
1 505.608165 744.846830
1 568.015854 780.188860
2 447.823250 850.401446
1 392.478070 686.931503
1 422.288160 699.255595
2 390.974907 804.351685
2 409.369958 767.641495
2 426.794904 849.496242
1 577.597397 800.252711
1 583.494234 836.279799
1 416.859132 669.890101
1 348.091373 689.118977
2 418.157259 802.809571
2 416.847067 784.431589
1 390.127408 672.857440
2 384.989105 834.372972
1 345.950039 687.500905
2 405.095762 790.264436
1 548.926493 792.006236
2 376.338678 820.542362
1 438.938937 719.400414
2 412.930746 840.660003
2 375.199730 834.447386
1 394.444295 669.780942
1 423.574737 713.098388
2 395.853366 842.493207
2 352.441399 863.583145
2 417.960465 791.676134
2 399.417973 892.257232
1 419.701785 692.705061
2 400.519012 829.569244
1 335.581002 692.709180
2 410.542723 879.755296
1 615.027435 829.532737
2 390.644622 847.850792
1 552.285332 824.725623
1 363.918399 690.337833
2 428.151580 755.654068
2 346.827598 807.661197
1 376.054378 702.887941
1 557.687629 777.492827
2 411.605121 857.427611
2 376.794372 799.850098
1 574.923878 795.061976
1 553.138695 817.330396
2 377.650883 895.957017
2 415.708916 832.255463
2 458.590953 794.024646
2 474.485924 825.830622
1 409.909252 697.111744
1 512.576787 780.016561
2 376.030669 832.950350
2 413.340646 790.550772
1 602.726897 747.765633
1 415.136919 668.880778
2 411.569977 794.337798
2 381.602556 858.640471
1 550.472390 811.789342
1 574.095131 803.984573
2 392.078438 816.208261
2 394.090597 826.621765
2 375.615789 813.608079
2 385.446434 791.418904
2 382.740469 868.299505
1 393.811806 691.679110
2 391.435528 843.106265
2 395.147116 746.086844
1 582.815841 785.417988
1 372.851576 668.659329
1 575.388539 793.537713
2 450.766675 860.208782
1 375.539904 675.201930
1 421.103976 691.680893
2 381.670619 841.823898
1 610.279202 834.422777
1 577.209073 813.044756
2 386.495236 814.250690
1 416.804849 667.505412
1 432.985900 734.966384
1 396.024372 690.423177
2 412.152149 854.968066
1 574.136755 748.847449
1 424.170513 725.566686
1 441.279927 670.442197
2 377.155033 881.100398
1 377.214934 672.126248
2 401.559818 807.312070
2 348.155540 851.761269
2 390.641087 846.047129
1 543.640635 797.856003
2 381.423533 865.153753
2 410.244038 840.153709
2 382.150638 754.783853
1 408.798815 689.691667
2 348.451412 859.647742
1 388.062671 746.543492
1 450.116082 668.010076
1 364.131544 731.345013
2 427.498703 772.628909
1 418.837867 669.099171
2 376.185940 734.944221
1 581.483508 797.699010
1 554.751116 830.143207
2 401.423651 812.268092
1 468.900343 671.338720
1 457.830463 720.106409
2 383.162122 821.953737
1 544.098892 803.472663
1 534.951779 736.349329
1 599.396065 842.121667
1 533.076504 798.699258
2 439.850016 845.057911
1 454.863708 713.117031
1 506.451974 864.081097
2 396.876407 823.849111
1 382.006458 695.757114
2 412.191392 798.761907
2 355.757926 887.705553
1 418.976502 710.064481
2 393.067758 847.226163
2 368.071781 831.596527
1 484.307862 716.610453
1 556.072344 821.975812
2 393.622762 905.660108
2 347.934288 832.097574
1 381.399486 669.580604
2 395.149633 837.222791
2 353.470148 814.470628
1 402.111379 705.695604
1 622.494931 749.854917
1 628.669612 795.486926
1 392.554616 668.493007
1 388.415660 741.118705
1 335.714598 668.908948
1 555.918881 792.923215
1 544.887029 790.357115
1 399.950568 710.310828
1 413.273487 677.884163
2 493.793456 796.978558
2 373.635372 732.400447
1 400.378009 699.756954
1 461.734602 686.239309
1 552.443277 825.650364
1 395.700193 697.355746
1 372.673314 681.197798
1 549.703161 768.028527
2 372.187574 775.868886
1 584.317421 821.650633
2 392.517998 784.533686
2 407.869839 859.572546
1 566.594528 825.023682
2 358.033647 841.541395
1 796.388864 306.657840
1 821.036917 304.551643
1 829.830806 294.046739
1 821.918281 286.535242
1 827.008361 306.982318
1 819.703925 311.468283
1 819.562622 309.232983
1 802.629404 300.577595
1 839.125300 303.166866
1 819.550908 293.675277
1 823.128751 297.453261
1 816.029020 288.743721
1 823.478148 298.508401
1 821.751465 291.149601
1 818.087407 302.558102
1 818.450751 282.660983
1 819.187439 300.062221
1 804.173060 292.202385
1 820.927539 293.228590
1 820.841994 316.170513
1 815.418058 296.885520
1 819.024018 294.624643
1 831.099042 306.238499
1 819.454788 297.964086
1 839.922837 300.968418
1 814.089782 286.227806
1 814.952164 321.010370
1 825.252307 296.898763
1 803.852044 302.353583
1 809.983797 301.390875
1 823.426854 290.314283
1 799.510615 313.051670
1 837.694861 287.564907
1 822.409595 321.539671
1 821.588987 277.873229
1 817.297562 303.155753
1 814.325253 299.945888
1 826.184956 286.264424
1 796.647218 260.288556
1 792.395639 329.810419
1 831.419719 287.029729
1 814.257697 310.207462
1 835.666182 330.995523
1 832.791461 324.021061
1 857.192342 258.857136
1 778.258839 328.103898
1 779.662997 267.509356
1 811.509643 282.616991
1 847.994026 254.854792
1 829.210236 308.062984
1 822.542330 278.510653
1 864.913871 326.176124
1 787.969945 303.417045
1 774.821770 323.634529
1 843.436252 330.058824
1 819.386391 280.293145
1 753.654336 318.293118
1 815.177738 327.202218
1 813.156317 331.294844
1 817.552115 281.267606
1 780.949052 306.901400
1 810.451057 260.437685
1 797.310703 254.321082
1 846.679445 299.040865
1 811.617903 284.572715
1 812.583723 306.896166
1 827.339985 316.477458
1 865.625189 330.662494
1 841.872946 308.647522
1 745.796141 280.880655
1 813.264315 277.967244
1 800.860394 286.463799
1 791.130195 315.892666
1 823.666430 307.121704
1 794.110241 262.761105
1 837.803057 227.351608
1 871.615056 293.963447
1 832.609639 261.726493
1 804.870795 292.793181
1 804.398216 290.330795
1 825.218114 331.675469
1 815.625078 305.613446
1 804.756568 233.709558
1 806.252747 266.784274
1 834.151770 316.098947
1 798.118005 297.933026
1 853.057911 329.634788
1 812.364819 260.778637
1 814.719013 267.178299
1 781.072689 298.806780
1 884.339998 307.365376
1 822.228383 308.402922
1 771.718746 329.317330
1 837.800853 323.734706
1 860.695075 327.804928
1 808.293831 265.629352
1 885.103183 325.363193
1 763.246678 327.890409
1 860.868244 316.387350
1 825.746722 316.988925
1 866.731140 286.894706
1 837.957513 328.398049
1 848.006794 332.935307
1 808.628118 273.759885
1 834.303418 281.622657
1 828.851247 307.432765
1 821.541321 280.111355
1 851.877175 325.825710
1 819.474935 291.660774
1 818.665439 300.572998
1 815.272431 301.349537
1 830.239466 181.005585
1 790.105823 282.309790
1 814.501631 287.540152
1 847.970602 287.655958
1 814.991890 315.218706
1 772.002264 329.213518
1 805.342225 314.496140
1 815.216244 272.383961
1 793.835306 297.267882
1 821.294171 305.965470
1 849.634249 313.859607
1 822.626530 298.723109
1 872.998843 319.529839
1 891.293482 305.705077
1 794.280126 312.948714
1 831.126957 291.838723
1 903.615448 275.817681
1 802.353665 306.491561
1 792.380198 226.625691
1 836.871219 291.147196
1 875.232539 323.515451
1 802.834772 301.134534
1 836.842748 280.325221
1 831.146359 267.982548
1 786.929852 288.553902
1 813.224637 317.342236
1 818.939798 298.706146
1 811.683150 299.766910
1 794.600543 309.916385
1 798.403653 330.131741
2 852.475574 633.410839
2 851.954105 627.968782
2 854.026035 648.220403
2 839.991632 615.530566
2 838.369887 634.561641
2 841.955730 613.519406
2 828.963805 622.449259
2 852.416090 642.763955
2 840.738615 643.357703
2 843.478089 641.697435
2 838.721206 644.038280
2 863.400528 639.149061
2 859.753973 642.335668
2 837.233535 635.162835
2 853.881323 619.546542
2 850.632442 625.157595
2 853.359522 611.015333
2 850.418268 615.658842
2 858.067359 619.559308
2 857.351504 643.163369
2 850.318600 639.521488
2 835.521914 631.914579
2 831.556330 614.604932
2 856.027421 643.177058
2 836.293860 616.051164
2 837.884820 636.400251
2 853.265255 626.674026
2 850.192135 635.737483
2 854.054095 633.278565
2 846.559716 642.299393
2 855.763583 644.513919
2 846.730506 607.687930
2 856.436795 633.342058
2 852.717873 632.804110
2 842.090755 638.151091
2 850.868218 630.077384
2 841.498960 633.550477
2 831.691895 631.432495
1 784.976800 338.494852
1 775.383671 337.956444
1 793.748689 356.422770
1 848.337283 346.628113
1 820.343431 336.419770
1 827.285993 348.757560
1 838.650488 366.032331
1 792.097791 344.146489
1 801.698089 347.063623
1 833.100182 351.082775
1 824.427393 352.467828
1 840.613807 342.994403
1 829.951696 366.078792
1 842.033488 402.221643
1 791.102128 343.713280
1 840.397040 359.883868
1 831.204749 368.282996
1 804.331323 369.541095
1 804.073531 344.753714
1 771.452041 366.496830
1 797.793480 334.188360
1 893.684358 379.110986
1 841.108250 357.268895
1 817.805275 340.064725
2 856.107456 689.835587
