1 210.114308 186.948301
1 205.196307 190.114481
1 201.889364 166.244283
1 200.028815 178.904122
1 188.380839 167.329228
1 212.278736 161.253949
1 212.483211 172.490510
1 195.050289 171.076614
1 203.705688 176.662764
1 220.372450 167.082820
1 208.432975 176.476157
1 190.286978 163.249754
1 191.860712 185.192797
1 199.578806 182.418145
1 180.475691 186.882647
1 204.553109 188.063940
1 220.977149 175.115079
1 196.939850 198.505773
1 199.999612 180.015226
1 196.346362 175.409721
1 201.650211 166.035300
1 180.544847 186.930235
1 186.504118 179.103378
1 180.106523 173.681083
1 212.387992 187.255458
1 212.946587 178.048028
1 209.544623 167.571960
1 181.902077 174.280506
1 212.620355 185.058393
1 188.913952 189.585743
1 179.717881 187.837870
1 207.066242 193.777773
1 214.856571 170.711981
1 202.955266 172.699582
1 184.536981 177.049929
1 184.258736 186.863044
1 194.252804 187.623283
1 221.555916 184.444234
1 204.039642 182.773306
1 209.057956 178.535843
1 198.418725 169.288476
2 147.719864 139.178096
2 293.914801 136.273860
2 171.706898 110.554810
2 245.197685 60.614106
2 294.372177 189.389279
2 247.747488 300.629079
2 123.511157 300.565481
2 304.332227 62.381701
2 318.756259 57.705115
2 240.868928 171.431778
2 158.408097 123.982872
2 238.095347 173.144910
2 6.988644 146.061295
2 317.447416 179.969107
2 89.577762 289.336909
2 225.903249 289.597707
2 18.138077 109.929903
2 3.136457 219.714821
2 129.998060 280.385958
2 198.110545 10.437739
2 31.140934 115.490686
2 265.037625 240.178044
2 114.672760 10.294318
2 24.569977 251.627972
2 87.105782 18.602916
2 203.383335 10.801702
1 185.166440 153.930021
1 198.881235 218.497347
2 280.753105 196.661240
1 173.584443 164.360774
1 260.838885 203.213856
1 200.294959 181.491940
1 174.136258 142.444024
1 171.326445 172.030402
1 186.293075 208.054470
2 143.065153 135.168122
1 189.133196 196.973158
1 216.541075 168.479351
1 229.048953 177.090691
1 246.493704 165.481715
2 138.891404 140.638466
1 162.369304 174.278183
1 202.234060 188.857576
1 164.039951 166.154059
1 162.677380 237.177402
1 203.689359 196.243471
1 209.029256 189.871356
1 224.605791 159.678000
1 214.603374 189.733477
1 186.918841 186.048054
1 187.634199 150.892171
1 227.629507 169.047240
1 234.915932 172.328910
2 153.124957 119.014207
1 248.455984 141.657848
1 160.317738 145.869475
1 184.213176 196.709477
1 214.613314 174.039498
1 182.072586 193.572311
1 214.428198 206.533286
1 128.058439 178.356003
2 284.130159 174.934642
2 144.084111 231.923728
2 259.856651 253.125821
1 154.928890 191.286918
1 185.921067 196.491777
2 116.616283 301.976199
2 283.645092 214.587654
1 170.220202 167.668018
1 198.979922 160.423916
1 230.577417 193.060628
2 57.958115 247.343761
1 229.364495 198.324519
1 213.484050 186.048704
1 186.775239 195.924001
1 170.485287 133.222791
1 175.442834 164.886012
1 170.957465 225.548103
2 161.662390 100.137029
2 173.530444 112.996034
2 213.355161 298.310029
2 162.496520 132.904871
1 185.671115 244.310515
1 202.463053 179.149319
1 190.775978 170.164653
1 207.679411 158.935064
2 139.258743 137.140353
1 190.843053 228.777702
1 174.831175 151.199181
1 208.712831 177.690884
1 203.013620 103.330081
1 199.130365 207.471994
1 157.806234 185.582190
1 103.755856 229.890446
1 172.270435 184.335819
1 180.510904 143.595075
2 157.974034 261.645751
1 171.805230 166.387870
1 241.755543 150.839758
2 136.486791 170.727142
2 86.606992 8.619792
1 226.263226 194.134525
2 146.150060 80.278692
2 137.583355 162.713989
1 167.631481 171.858215
1 160.940795 135.016076
2 6.359974 288.506863
1 197.620937 169.845514
1 166.881467 205.857417
1 228.883571 176.822797
1 128.029739 189.691516
1 231.094945 207.336344
2 138.639181 180.248453
2 94.356679 179.684505
1 193.249637 167.112255
1 205.627845 130.526356
1 221.256114 164.778184
1 190.139778 213.386693
1 214.243308 173.695121
1 198.793973 195.020618
1 195.886881 184.353407
2 95.567257 316.314733
2 290.252340 151.352834
2 171.244360 543.570455
2 20.994490 632.140718
2 153.389716 641.988353
2 215.846863 380.439899
2 197.668517 576.454287
2 176.469311 624.306723
2 258.849622 571.780342
2 28.433730 395.907137
2 285.577834 399.682199
2 243.642724 359.433039
2 206.003233 444.655875
2 119.399959 429.388510
2 73.254313 598.941207
2 134.954239 645.637362
2 99.191083 646.504344
2 207.408084 475.388057
2 175.878546 664.310229
2 139.645090 653.501376
2 261.347163 597.212489
1 308.683981 645.946712
1 145.030728 772.537774
1 157.487720 793.321122
1 126.746203 786.033927
1 143.108860 781.374177
1 154.390032 786.035741
1 152.529190 780.121808
1 145.163527 789.729331
1 142.908453 785.024548
1 147.016255 764.763246
1 149.145823 789.074265
1 164.059055 789.500816
1 162.035259 791.309183
1 143.341848 761.361544
1 157.305392 776.514772
1 148.994945 781.462857
1 139.319658 769.947154
1 139.604911 775.162807
1 139.669431 765.674780
1 148.445724 798.992661
1 161.454364 774.691989
1 147.551750 782.847987
1 130.097206 782.724603
1 144.572743 765.796607
1 145.398130 795.977175
1 137.038868 779.913534
1 154.683136 787.143884
1 151.684056 759.675614
1 141.519321 797.625571
1 172.323697 786.749599
1 143.634279 768.792677
1 150.302771 764.452877
1 154.831874 780.177508
1 165.169143 762.646692
1 139.070384 777.583477
1 131.403224 778.324781
1 147.781349 780.633312
1 142.264031 791.512781
1 156.685346 781.153872
1 144.954823 801.106475
1 168.558070 768.279076
2 45.445622 846.788738
2 314.745031 695.223919
2 278.842459 682.923933
2 144.085517 872.816056
2 179.601668 815.345060
2 235.255087 804.442660
2 25.964187 815.865713
2 66.431093 926.363874
2 226.630879 780.766078
2 168.179667 893.592700
2 155.089063 886.894080
2 206.757819 820.565459
2 95.990597 827.499648
2 251.927141 815.949635
2 97.995087 682.932946
2 109.632884 844.386862
2 54.460575 712.218472
2 132.847880 719.890740
2 251.392151 680.540094
2 92.891069 894.358573
1 150.916625 835.134653
1 170.579666 762.935783
1 170.019873 743.345878
1 67.968666 759.904451
2 140.849920 922.966944
2 300.152652 803.190639
1 106.932548 775.501886
1 183.573870 823.275694
1 119.011124 783.314592
1 155.635129 769.207063
2 305.891953 775.849872
1 174.459037 757.639252
1 219.678707 755.445595
2 104.974948 708.062887
2 260.549327 813.109315
2 292.370977 766.614685
1 170.736731 755.332966
1 173.070558 789.428733
1 141.934112 781.115141
2 267.488695 818.853147
1 205.323726 838.472103
2 123.899913 720.154797
1 125.409744 767.686092
2 297.855625 795.049286
1 157.731469 785.634375
1 103.445386 747.806085
1 103.047235 753.436598
2 239.068141 832.042667
1 168.675548 790.942722
1 116.104043 761.559285
2 93.595272 695.876368
2 63.597811 854.563086
1 220.713639 769.759576
1 149.143813 778.050295
1 129.859910 805.360383
2 206.471772 828.637641
1 160.241884 784.020935
2 146.179229 700.594008
1 142.932173 731.667969
1 156.437659 771.701305
1 141.015073 775.183507
2 198.528047 831.344125
1 130.742263 750.127116
1 191.242610 803.594348
2 156.196193 811.656669
1 143.771419 770.455385
1 103.715091 756.720157
1 144.198508 750.624714
2 95.674599 851.263458
1 160.925299 817.724108
2 148.857653 764.323844
2 112.975306 860.018581
1 150.692829 776.650798
1 164.210890 811.906622
2 324.777053 727.593140
1 130.513259 766.210921
1 200.593859 823.677692
2 349.778605 9.205542
2 605.066590 47.788371
2 589.443399 329.344407
2 581.120796 112.089809
2 665.653347 275.935088
2 363.834378 164.526498
2 527.996854 292.824059
2 666.366008 82.483431
2 649.420891 250.178670
2 429.921659 60.700783
2 442.269964 137.611678
2 578.546029 74.844074
2 340.834231 314.390766
2 608.180601 176.614387
2 584.759719 8.514276
2 406.604858 243.912258
2 393.617551 91.206526
2 530.761359 200.478255
2 390.672135 228.799509
2 371.782737 51.913341
2 402.867411 243.143525
2 444.498006 305.325461
2 571.288115 214.680961
2 459.060437 293.612571
2 417.852763 274.178584
2 336.876828 292.819952
2 344.114358 184.142886
1 382.260213 656.654334
1 400.060358 664.114563
1 405.111228 654.743552
1 414.979481 651.653271
1 403.504982 652.571265
1 390.688447 647.845610
1 405.143784 645.741016
1 397.298582 643.386521
1 399.545928 650.646476
1 408.363581 655.378863
1 407.056579 652.214464
1 387.102474 631.882672
1 385.087245 644.224714
1 405.531501 633.996536
1 408.893194 651.784645
1 400.441090 649.314884
1 397.339133 647.323642
1 399.327124 649.262928
1 400.506485 650.383943
1 395.364842 649.921690
1 398.053061 653.189044
1 394.188539 646.559336
1 397.250624 649.699913
1 406.456430 640.285232
1 380.873523 652.353149
1 397.868197 650.876934
1 400.504314 653.885126
1 421.667448 648.733453
1 422.983944 640.758248
1 380.384746 651.717041
1 392.518443 649.812297
1 411.925322 644.440037
1 408.039858 649.382839
1 394.418308 649.889421
1 394.377634 647.022654
1 394.835188 662.032331
1 395.472651 631.200161
1 402.283887 655.352194
1 414.147286 642.437744
1 412.439738 656.811921
1 394.118353 663.469716
1 402.351592 650.678890
1 393.106662 639.004447
1 411.733015 641.469493
2 455.653924 403.258451
2 363.487086 575.203866
2 554.207542 524.403726
2 422.263068 585.874800
2 545.309700 599.809725
2 409.899350 583.813836
2 569.053141 516.305782
2 472.503920 468.156992
2 337.238754 627.361551
2 514.384405 514.909617
2 421.769390 657.734760
2 567.767176 623.068481
2 531.947152 538.399774
2 414.301767 487.742486
2 346.897906 350.992522
2 515.624875 369.475080
2 379.458646 395.931238
2 603.739266 638.164720
2 501.170248 578.989438
2 439.302773 543.991638
2 624.977644 549.091301
2 418.523773 349.099599
2 651.343269 665.120359
2 400.695022 591.662895
2 356.809001 521.837604
1 358.608883 645.770626
1 410.918998 621.818826
1 392.961186 656.541072
1 443.853968 640.725123
1 422.656126 643.604794
1 430.909346 646.633821
2 412.497147 573.761475
1 420.937034 620.726482
2 409.804160 629.654669
2 343.771507 647.568560
1 453.363243 616.024515
1 391.783405 653.861861
1 433.225652 639.560989
1 445.983850 627.079201
2 448.845035 632.728329
1 387.945002 631.647581
1 374.500889 654.172501
2 665.847815 624.289455
2 619.414177 345.497273
2 403.770208 590.426137
1 392.049028 651.967466
1 420.165116 647.299413
1 419.241649 636.354747
2 382.417098 531.841014
2 374.925190 544.172401
2 535.881494 626.345373
2 637.021478 652.266557
1 396.741582 656.095589
1 403.219982 656.932550
1 443.572954 644.134526
1 397.637245 580.327735
2 440.732383 647.399162
1 395.020507 580.915653
1 426.022055 627.629956
2 550.756876 519.328475
2 545.071580 617.975712
1 388.870578 646.244895
2 580.964868 657.563009
2 502.098314 522.005782
2 408.860887 619.763514
2 530.927279 662.940859
1 445.148256 563.157651
2 414.716316 569.487546
2 391.776599 534.744044
1 444.418918 660.559381
2 412.775968 572.018286
1 363.804546 645.985148
1 430.080059 608.345205
1 413.248274 657.910796
2 511.741600 650.627804
1 432.098478 611.576073
2 460.131019 491.997775
1 498.681856 619.520685
1 434.294061 609.547262
1 411.632693 633.638526
1 404.090964 577.885968
2 420.540425 606.262879
1 417.394901 558.145174
1 431.438959 643.039603
1 454.018905 544.037646
2 435.484628 583.627367
1 347.940873 609.999502
2 387.027742 536.190697
1 465.062216 624.202446
1 398.550870 534.752869
2 535.128425 490.580814
1 425.605612 631.945148
2 418.545324 645.722783
1 405.713297 634.491792
2 386.659643 648.999675
2 416.557017 577.678382
1 414.941861 611.682414
1 420.603203 599.747388
1 411.668134 668.368042
1 592.269184 788.914880
1 591.487549 810.596792
1 569.833038 799.846903
1 572.212885 807.626350
1 581.619194 791.499844
1 562.109298 801.404777
1 569.393378 799.362321
1 575.479506 794.895237
1 585.959880 788.115219
1 564.241788 810.020203
1 569.629502 802.786922
1 577.599504 805.651019
1 574.622168 791.722488
1 553.192257 793.616418
1 549.161840 788.600295
1 569.200985 800.474026
1 576.727973 810.336564
1 553.858209 800.021254
1 559.810518 804.961297
1 548.627846 793.185977
1 571.998115 799.433039
1 566.964520 801.578735
1 574.470780 783.193272
1 572.089694 783.789241
1 570.978102 799.174940
1 576.423917 815.735739
1 592.906930 809.881322
1 574.647485 814.706093
1 562.839817 799.521881
1 565.419632 797.485520
1 555.859829 792.941726
1 582.643007 781.605743
1 586.486928 795.935543
1 571.754810 812.072489
1 571.582199 797.383136
1 590.387599 797.733528
1 577.335586 808.401524
1 580.041311 806.092403
1 567.753650 797.303679
1 561.438024 797.509067
2 577.914558 714.854242
2 443.770658 934.503837
2 373.322691 854.021838
2 574.700117 858.400583
2 610.104511 840.210379
2 642.694306 910.732831
2 659.645040 947.878012
2 526.803464 864.987154
2 486.398273 802.952947
2 349.544459 746.803773
2 412.598899 810.795338
2 503.259611 871.763370
2 650.792042 795.792364
2 520.087113 997.883590
2 496.779949 667.697406
2 447.291469 719.800295
2 646.125732 813.346760
2 473.722511 702.352219
2 648.836860 787.895538
2 572.124382 759.782192
2 542.324607 680.102779
2 622.243191 962.189270
2 524.971951 840.720524
2 583.814646 844.751735
2 616.138961 886.174952
2 646.449386 792.250374
1 551.040801 773.846545
1 568.460779 822.063898
1 579.965929 824.806019
1 583.599479 842.425021
2 563.341795 806.065670
1 564.512757 783.144562
1 560.504753 878.914602
2 556.369918 700.378178
1 583.247633 845.269164
1 594.706059 813.398869
1 562.380148 808.200083
1 580.065831 759.017736
2 497.495198 783.867961
1 535.115666 770.288129
1 560.696858 824.475644
1 593.324544 883.024017
1 628.224710 790.383104
1 429.621364 689.863714
1 574.844492 800.076572
2 475.179905 706.303351
1 567.275361 829.135522
2 645.257061 864.998220
1 557.923479 783.033127
1 404.895050 669.386539
2 498.528733 905.043472
2 608.002615 850.416566
2 603.373950 776.086237
1 596.713587 770.701092
2 412.387490 802.321103
2 569.295019 807.009968
2 627.582044 863.466606
1 549.913311 840.230267
1 608.287850 814.660315
2 613.825033 878.129994
1 553.130789 789.950458
2 553.996975 798.671045
2 579.611364 721.961034
1 581.804716 844.568111
1 587.414759 842.572385
2 608.320888 987.262215
2 526.108965 801.774115
2 638.319400 833.013632
1 570.643628 786.425894
1 572.763908 793.184864
1 584.299439 809.397709
1 611.434872 787.714577
1 589.279511 802.202068
1 540.747679 818.475309
1 558.583115 829.354990
2 550.697933 682.089135
2 589.147689 824.264113
1 409.668324 667.028466
1 563.515095 767.824958
1 594.659059 817.811759
1 562.609645 802.255884
2 493.520656 721.916502
1 599.104518 845.785853
1 585.973977 757.713803
1 552.962739 784.857760
1 531.580425 785.466457
1 410.410374 675.939547
1 589.764832 825.992193
2 610.962614 792.295973
1 555.977848 770.004115
1 588.760328 837.515958
1 369.848227 677.073190
1 629.641074 846.285524
1 520.958810 799.125672
1 565.197057 796.105399
1 639.432855 770.263900
2 484.766204 882.842598
2 512.679629 790.577087
1 503.014667 820.276115
1 545.760220 814.585038
2 597.659740 776.004198
2 481.002970 804.149677
1 531.953596 810.975330
1 443.515140 676.435620
2 571.820173 800.665398
1 537.392032 795.789649
2 575.802332 867.073845
1 589.017125 807.094842
2 643.362159 835.087875
1 476.608955 669.875520
2 532.182796 812.688728
2 349.643722 752.428171
2 504.207546 805.443544
2 602.547259 777.588269
1 583.068804 831.598981
1 561.386652 802.081032
2 498.922090 741.043900
2 583.519209 689.202674
2 335.011912 730.977868
1 582.721670 819.275595
1 534.269730 803.205665
2 541.610803 869.320964
1 503.195216 787.860344
1 513.789932 811.221704
1 575.404082 804.674729
2 466.826466 877.148851
1 446.214782 677.768909
2 488.214140 687.315835
2 617.315729 833.990127
2 548.795690 742.208916
1 552.430655 841.887380
1 606.458425 825.349187
2 602.581043 851.880500
1 453.704778 674.406745
2 517.546773 837.114036
2 547.063926 764.466689
1 654.891134 748.656281
1 392.984175 670.857348
1 558.719568 802.441872
1 550.051971 776.473372
2 557.171363 854.702532
1 553.625221 797.341312
2 523.622210 695.979492
1 506.213213 763.190920
1 580.235097 758.167615
1 541.976818 800.687068
2 577.774075 818.513648
1 483.118487 799.680501
1 584.001677 745.679965
1 583.366713 813.654936
2 553.034595 751.375352
1 594.470836 772.834838
1 557.877351 816.211615
2 558.520755 782.807912
2 631.088931 742.190963
1 572.024985 791.812543
2 495.715030 871.317123
1 587.610751 842.891210
1 549.325525 792.058270
1 585.413310 849.547807
1 578.156023 828.404060
2 574.788100 752.643837
2 626.134463 746.267488
2 525.594105 819.801724
2 562.387817 754.506853
2 572.759499 673.520661
1 604.538253 769.660259
2 490.297609 821.166929
1 562.472747 816.703397
1 596.765136 800.113919
2 537.241224 696.236826
2 523.107620 837.549678
2 573.032567 728.363720
2 536.395295 901.928915
2 606.031721 872.185972
2 499.467778 773.950090
1 582.395137 806.626723
2 586.810218 789.108907
2 565.780381 827.559680
1 559.676312 797.269531
2 554.273195 843.133344
1 392.698351 692.499594
2 566.458099 867.836621
2 527.653897 723.589307
2 660.903443 803.585123
2 615.515338 866.788357
2 477.039703 720.641003
1 513.867190 777.801179
2 596.443328 686.185098
1 558.887514 810.182677
1 812.226200 290.236725
1 830.429414 297.607845
1 824.995430 303.209579
1 814.043604 287.613507
1 831.667684 295.476292
1 814.058431 301.075981
1 834.044190 283.999700
1 827.473053 308.571495
1 819.691371 300.488439
1 820.776003 303.481807
1 835.591285 300.783414
1 807.626186 302.934711
1 820.155986 304.158386
1 822.841290 275.549347
1 826.779512 299.570688
1 802.061386 300.942897
1 818.328382 301.953430
1 830.789986 321.305360
1 821.461269 298.275657
1 809.734327 290.916042
1 799.208382 306.913418
1 827.960425 295.295719
1 822.190965 301.146311
1 824.871657 302.618242
1 818.187449 299.010597
1 822.031434 305.360813
1 822.383471 302.747937
1 820.658663 284.509079
1 809.235061 314.367895
1 817.915434 307.558264
1 838.150705 307.822859
1 817.894563 302.926957
1 820.400217 300.308929
1 833.266366 306.872088
1 825.397005 287.726416
1 824.072163 310.451970
1 812.497967 279.106009
1 829.669497 290.198884
1 832.419664 315.356267
1 820.978513 300.690964
1 797.302606 305.825083
1 843.686914 295.652230
1 836.313379 292.914827
2 666.798979 177.648918
2 799.967573 112.965367
2 893.464066 245.978228
2 755.215109 262.818065
2 967.740334 176.295514
2 847.526756 47.555112
2 896.554048 172.220755
2 919.808063 177.226763
2 777.515608 169.121337
2 763.118143 314.693327
2 830.285743 135.188482
2 995.768737 265.352777
2 801.264136 178.192910
2 675.563414 185.947463
2 900.574006 251.836751
2 844.330495 166.834008
2 792.672124 105.940476
2 786.455709 275.805450
2 909.989381 231.012482
2 850.339335 302.945682
2 955.189126 119.127902
2 923.431828 272.093459
2 921.373790 74.377634
2 809.899771 309.508034
2 700.217118 149.705557
2 923.879637 114.424918
2 799.230402 268.265659
2 725.838965 321.164163
2 826.266588 220.737925
2 746.763665 98.818846
2 942.296089 88.085685
2 998.183651 278.084384
2 992.212422 18.595498
2 961.750529 170.609145
1 848.980745 280.187892
1 841.311851 313.931233
1 829.696455 288.734990
1 813.727606 311.377317
2 791.632460 135.288087
1 823.059542 326.839264
1 871.166432 275.010012
2 781.165224 233.406545
1 776.795054 285.729930
1 805.917501 277.523620
1 841.879770 280.976975
2 729.679597 324.533520
1 839.190134 307.363065
2 960.576579 127.236101
1 814.291888 248.824815
1 823.112649 254.008450
1 884.840766 248.210762
1 831.258708 305.602799
1 851.226519 260.572106
1 857.971341 256.122498
2 749.141039 268.473765
1 802.659754 289.677640
2 785.114679 322.508828
1 825.783630 269.849160
1 837.395317 285.625304
2 753.181760 320.894829
1 824.617192 286.464129
1 810.969740 294.827701
1 825.284278 288.775225
1 798.533715 261.778232
1 824.416798 271.214500
2 724.688152 265.842846
2 906.317364 183.340594
1 801.970843 310.513751
1 835.116749 290.829411
1 843.823464 325.181219
1 774.113593 284.372309
1 787.675236 267.534745
1 802.703277 311.243069
1 802.413896 269.694541
1 853.926996 320.796455
1 799.665438 255.500458
2 932.482403 330.957607
1 801.980077 284.767613
1 850.839945 261.299692
2 830.073872 245.227290
2 845.583009 72.987474
2 841.159286 287.354237
1 820.412591 246.294933
1 801.847042 326.883216
1 834.770710 267.664139
1 754.169420 328.290866
2 745.836993 276.307714
1 871.074415 324.256666
1 792.504331 313.893833
1 841.077825 251.119465
1 841.862191 280.859037
1 816.941632 313.678432
1 846.573472 275.450748
1 807.635184 269.782746
1 804.148739 243.737930
1 839.604522 306.999047
1 766.231966 279.347782
2 775.711812 323.128449
2 914.811726 313.325174
2 766.813510 322.372867
2 941.445256 248.790370
1 787.006082 252.861768
1 775.202737 325.594900
1 822.045989 286.580856
1 836.204906 302.397149
1 871.166432 275.010012
2 705.904651 296.172789
2 852.358251 306.472452
1 845.617385 294.900025
1 856.272612 214.317804
1 879.312491 326.604361
1 828.825675 265.192471
1 859.209611 253.990945
1 788.052599 232.610114
2 736.339400 321.669533
1 825.626154 269.567413
1 807.385170 264.603724
2 706.670596 201.728754
2 722.691948 330.033105
1 791.446234 321.211549
1 843.917191 270.463766
2 918.840672 237.309768
1 838.698676 295.215293
2 924.426001 225.356052
2 924.822934 360.146150
2 677.775509 342.930127
2 750.100477 352.702020
2 867.559483 627.575568
2 910.013623 458.782088
2 968.121624 355.378469
2 909.437058 404.824141
2 921.326964 580.380160
2 857.254788 594.139169
2 977.632657 440.842494
2 720.361765 580.513346
2 772.892698 525.418582
2 958.985674 356.512416
2 952.169677 569.099599
2 813.839232 641.817628
2 864.808386 501.433124
2 922.861860 409.129112
2 757.961885 346.761935
2 921.044725 367.612915
2 710.275476 501.749901
2 821.702857 505.467745
2 923.699222 340.109950
2 857.317670 417.800218
2 835.796895 366.853768
1 847.138087 353.198776
2 915.974800 359.103390
1 813.876690 333.364765
1 871.659916 333.494707
2 969.852074 364.390294
2 729.300584 337.095983
1 909.267676 388.748539
1 808.241680 343.496753
2 884.811661 404.017549
2 923.120195 356.889198
2 753.621729 355.166863
2 921.757623 359.362001
2 929.168684 348.120871
1 809.949688 339.663951
2 906.246595 380.767460
2 761.049293 353.490429
1 812.138617 337.048773
2 992.668249 334.584635
2 798.907808 342.145477
2 795.626986 353.839724
2 909.749937 382.460392
1 806.361056 341.664372
1 827.726649 363.983868
2 730.879782 942.588539
2 817.317326 740.240759
2 728.193996 675.485181
2 737.304823 749.460525
2 676.107195 838.903866
2 836.032604 668.933878
2 977.535892 947.458170
2 922.795936 866.236940
2 970.266889 912.324051
2 841.109441 723.509132
2 975.466924 771.741003
2 981.902447 834.698518
2 761.362816 885.111847
2 693.274694 781.004788
2 666.953286 932.102326
2 741.835712 871.078402
2 806.801612 766.132397
2 693.153819 859.773890
2 681.553314 803.185726
2 670.536499 800.933355
2 710.440535 892.877924
1 671.524363 819.985210
2 770.389956 855.988340
2 778.244152 852.733305
2 703.429727 807.739684
