1 199.269705 173.437265
1 210.114308 186.948301
1 205.196307 190.114481
1 201.889364 166.244283
1 200.028815 178.904122
1 188.380839 167.329228
1 212.278736 161.253949
1 212.483211 172.490510
1 195.050289 171.076614
1 179.145205 192.423152
1 203.705688 176.662764
1 220.372450 167.082820
1 208.432975 176.476157
1 190.286978 163.249754
1 191.860712 185.192797
1 199.578806 182.418145
1 186.174945 200.079040
1 180.475691 186.882647
1 204.553109 188.063940
1 220.977149 175.115079
1 196.939850 198.505773
1 199.999612 180.015226
1 196.346362 175.409721
1 193.785615 175.874331
1 201.650211 166.035300
1 182.203108 183.478241
1 198.891638 173.225857
1 180.544847 186.930235
1 186.504118 179.103378
1 180.106523 173.681083
1 212.387992 187.255458
1 212.946587 178.048028
1 209.544623 167.571960
1 181.902077 174.280506
1 205.334414 178.161422
1 212.620355 185.058393
1 188.913952 189.585743
1 204.101071 172.079548
1 179.717881 187.837870
1 207.066242 193.777773
1 214.856571 170.711981
1 202.955266 172.699582
1 184.536981 177.049929
1 184.258736 186.863044
1 194.252804 187.623283
1 201.516642 175.161366
1 221.555916 184.444234
1 204.039642 182.773306
1 209.057956 178.535843
1 198.418725 169.288476
2 147.719864 139.178096
2 293.914801 136.273860
2 171.706898 110.554810
2 245.197685 60.614106
2 294.372177 189.389279
2 247.747488 300.629079
2 123.511157 300.565481
2 304.332227 62.381701
2 318.756259 57.705115
2 240.868928 171.431778
2 158.408097 123.982872
2 238.095347 173.144910
2 6.988644 146.061295
2 317.447416 179.969107
2 89.577762 289.336909
2 225.903249 289.597707
2 18.138077 109.929903
2 3.136457 219.714821
2 129.998060 280.385958
2 198.110545 10.437739
2 246.814734 268.601933
2 31.140934 115.490686
2 265.037625 240.178044
2 114.672760 10.294318
2 140.521718 239.398896
2 24.569977 251.627972
2 87.105782 18.602916
2 203.383335 10.801702
1 205.040009 205.105043
1 212.367629 206.514140
1 180.685395 139.917818
2 120.986952 126.713476
1 232.570266 192.491358
1 214.638295 153.228092
1 152.837343 163.188726
1 194.435171 218.262147
1 231.955365 157.971458
1 191.719398 209.740710
1 161.523382 190.581124
1 224.052842 204.666764
1 190.611174 173.006613
2 77.108954 280.650508
2 103.676087 18.469644
2 42.803188 168.658405
2 293.040787 202.780967
1 161.732249 141.442788
2 161.330812 108.480478
1 183.711270 154.091013
1 147.573883 201.890194
2 196.520812 118.275807
1 176.514311 235.377073
1 217.855426 167.695740
1 201.565657 194.386430
1 152.298953 159.234372
1 204.176309 199.945600
1 187.991229 167.332052
1 210.069231 156.724393
1 157.046854 178.085061
1 245.283495 150.028492
2 109.100728 114.389302
1 197.786083 147.754444
1 231.557906 174.245671
1 187.758123 192.485128
1 244.807239 208.676962
2 165.717686 10.096415
2 133.071321 291.596386
1 225.077786 197.774944
2 174.235199 158.501974
1 154.872330 184.131337
2 144.678731 116.525097
1 253.951869 151.401800
1 192.909775 211.700802
1 216.773913 143.787350
1 191.604692 155.020850
2 171.244360 543.570455
2 20.994490 632.140718
2 66.088670 339.827348
2 153.389716 641.988353
2 215.846863 380.439899
2 197.668517 576.454287
2 176.469311 624.306723
2 142.015951 484.013842
2 162.585077 510.800457
2 28.754951 434.886062
2 258.849622 571.780342
2 28.433730 395.907137
2 285.577834 399.682199
2 243.642724 359.433039
2 206.003233 444.655875
2 119.399959 429.388510
2 73.254313 598.941207
2 134.954239 645.637362
2 99.191083 646.504344
2 207.408084 475.388057
2 175.878546 664.310229
2 255.549775 659.647471
2 291.969896 665.690319
1 145.030728 772.537774
1 157.487720 793.321122
1 126.746203 786.033927
1 143.108860 781.374177
1 154.390032 786.035741
1 152.529190 780.121808
1 145.163527 789.729331
1 142.908453 785.024548
1 147.016255 764.763246
1 140.785421 784.378476
1 149.145823 789.074265
1 164.059055 789.500816
1 129.883861 767.236260
1 162.035259 791.309183
1 143.341848 761.361544
1 157.305392 776.514772
1 148.994945 781.462857
1 139.319658 769.947154
1 150.635253 800.337475
1 139.604911 775.162807
1 139.669431 765.674780
1 148.445724 798.992661
1 161.454364 774.691989
1 145.115120 801.068668
1 147.551750 782.847987
1 130.097206 782.724603
1 146.637271 794.320656
1 144.572743 765.796607
1 165.210033 792.478869
1 145.398130 795.977175
1 138.434013 794.852440
1 137.038868 779.913534
1 148.886593 775.785309
1 154.683136 787.143884
1 151.684056 759.675614
1 141.519321 797.625571
1 172.323697 786.749599
1 143.634279 768.792677
1 171.706840 790.920699
1 150.302771 764.452877
1 154.831874 780.177508
1 165.169143 762.646692
1 139.070384 777.583477
1 164.121171 782.791520
1 131.403224 778.324781
1 147.781349 780.633312
1 142.264031 791.512781
1 156.685346 781.153872
1 144.954823 801.106475
1 168.558070 768.279076
2 45.445622 846.788738
2 314.745031 695.223919
2 278.842459 682.923933
2 144.085517 872.816056
2 179.601668 815.345060
2 235.255087 804.442660
2 25.964187 815.865713
2 66.431093 926.363874
2 304.534268 779.614386
2 226.630879 780.766078
2 168.179667 893.592700
2 155.089063 886.894080
2 206.757819 820.565459
2 95.990597 827.499648
2 100.781039 780.964956
2 251.927141 815.949635
2 97.995087 682.932946
2 109.632884 844.386862
2 186.317673 845.551338
2 54.460575 712.218472
2 132.847880 719.890740
2 251.392151 680.540094
2 92.891069 894.358573
2 78.445487 880.182434
2 292.569065 875.351900
1 143.067503 706.533434
2 168.431752 886.871184
1 191.353953 790.705494
2 147.798792 867.381910
2 286.392629 720.664523
1 130.953608 768.518748
2 14.359289 817.409760
2 132.020794 742.032969
2 155.511374 831.061127
2 92.594031 856.780509
1 177.630729 782.356609
1 138.198614 795.800897
1 153.463124 806.644863
1 110.154748 792.093517
1 141.918701 796.304851
2 84.746260 673.898978
2 47.266687 686.366465
2 173.333324 875.096120
1 134.609348 787.191079
1 158.457450 803.947422
1 190.432809 753.715825
2 137.336444 864.656561
1 157.088397 770.305162
1 149.251544 803.201248
2 82.065476 914.625839
1 141.447180 786.335107
2 121.578775 853.895315
1 177.929176 768.370638
2 139.829990 832.664610
1 149.489694 806.815138
1 182.046726 775.723569
2 84.468831 690.918944
1 160.226091 877.011384
2 114.866248 838.550722
2 53.772443 793.993899
2 143.372022 856.707109
1 145.935325 764.586587
2 92.048608 876.249436
1 126.273961 793.675806
1 143.143050 784.820480
1 134.201420 787.405146
2 55.486712 885.024853
1 121.763029 778.050838
2 207.323862 784.298200
1 166.610778 774.592396
1 92.764904 806.985129
2 349.778605 9.205542
2 605.066590 47.788371
2 589.443399 329.344407
2 581.120796 112.089809
2 665.653347 275.935088
2 363.834378 164.526498
2 647.042743 256.695106
2 527.996854 292.824059
2 666.366008 82.483431
2 649.420891 250.178670
2 429.921659 60.700783
2 442.269964 137.611678
2 578.546029 74.844074
2 463.885595 159.578450
2 340.834231 314.390766
2 608.180601 176.614387
2 581.659812 104.667085
2 584.759719 8.514276
2 406.604858 243.912258
2 393.617551 91.206526
2 530.761359 200.478255
2 390.672135 228.799509
2 623.500289 78.874461
2 371.782737 51.913341
2 402.867411 243.143525
2 334.950622 271.238755
2 444.498006 305.325461
2 571.288115 214.680961
2 459.060437 293.612571
2 659.169252 162.811141
2 634.918569 41.039526
1 382.260213 656.654334
1 400.060358 664.114563
1 405.111228 654.743552
1 414.979481 651.653271
1 403.504982 652.571265
1 390.688447 647.845610
1 405.143784 645.741016
1 397.298582 643.386521
1 399.545928 650.646476
1 408.363581 655.378863
1 407.056579 652.214464
1 387.102474 631.882672
1 385.087245 644.224714
1 412.893603 637.657770
1 405.531501 633.996536
1 408.893194 651.784645
1 398.156383 646.538719
1 400.441090 649.314884
1 397.339133 647.323642
1 399.327124 649.262928
1 400.506485 650.383943
1 395.364842 649.921690
1 398.053061 653.189044
1 394.188539 646.559336
1 398.752565 649.912308
1 397.250624 649.699913
1 406.456430 640.285232
1 380.873523 652.353149
1 397.868197 650.876934
1 400.504314 653.885126
1 421.667448 648.733453
1 422.983944 640.758248
1 380.384746 651.717041
1 392.518443 649.812297
1 411.925322 644.440037
1 408.039858 649.382839
1 394.418308 649.889421
1 406.652711 633.066539
1 394.377634 647.022654
1 394.835188 662.032331
1 395.472651 631.200161
1 402.283887 655.352194
1 414.147286 642.437744
1 412.439738 656.811921
1 394.118353 663.469716
1 402.351592 650.678890
1 393.106662 639.004447
1 411.733015 641.469493
1 401.110278 649.500800
2 455.653924 403.258451
2 363.487086 575.203866
2 554.207542 524.403726
2 407.654692 539.267475
2 422.263068 585.874800
2 545.309700 599.809725
2 409.899350 583.813836
2 569.053141 516.305782
2 472.503920 468.156992
2 638.136057 382.283967
2 337.238754 627.361551
2 514.384405 514.909617
2 421.769390 657.734760
2 567.767176 623.068481
2 531.947152 538.399774
2 414.301767 487.742486
2 346.897906 350.992522
2 515.624875 369.475080
2 379.458646 395.931238
2 603.739266 638.164720
2 501.170248 578.989438
2 493.003781 406.135317
2 439.302773 543.991638
2 622.657885 589.764738
2 624.977644 549.091301
2 418.523773 349.099599
2 651.343269 665.120359
2 400.695022 591.662895
2 356.809001 521.837604
1 460.936894 650.281810
1 388.993821 644.813346
1 378.586580 647.327262
1 408.079359 652.679161
2 363.208308 499.491081
1 388.435116 659.056836
1 445.905425 634.112714
1 434.749507 635.204490
1 470.572070 665.545639
2 580.748987 502.863984
1 419.114913 642.466823
1 421.873446 662.314512
1 378.051452 666.083402
1 386.400678 653.439179
1 433.742423 660.083070
1 370.102437 622.617120
1 437.166507 655.980025
1 427.240125 612.775471
1 376.987021 649.856823
1 429.669119 623.973562
1 441.467988 660.758584
1 403.618869 632.676791
1 457.597321 622.701275
1 434.995347 622.085784
1 406.474600 607.836782
1 444.337524 622.007702
2 514.310139 570.578224
1 413.612228 659.949723
2 387.355779 561.650371
1 440.034576 645.228900
1 354.975332 621.753366
1 429.241647 652.591025
1 408.087628 665.494977
1 388.617112 614.021591
1 351.303206 625.269545
1 362.080350 643.776134
1 394.806713 621.975317
1 411.668134 668.368042
1 592.269184 788.914880
1 591.487549 810.596792
1 569.833038 799.846903
1 572.212885 807.626350
1 562.838830 823.133327
1 581.619194 791.499844
1 562.109298 801.404777
1 569.393378 799.362321
1 575.479506 794.895237
1 550.314057 812.352350
1 585.959880 788.115219
1 564.241788 810.020203
1 569.629502 802.786922
1 577.599504 805.651019
1 574.622168 791.722488
1 564.053403 790.297419
1 553.192257 793.616418
1 549.161840 788.600295
1 576.378288 808.759825
1 569.200985 800.474026
1 576.727973 810.336564
1 553.858209 800.021254
1 559.810518 804.961297
1 548.627846 793.185977
1 562.278597 797.613960
1 571.998115 799.433039
1 566.964520 801.578735
1 574.470780 783.193272
1 572.089694 783.789241
1 570.978102 799.174940
1 576.423917 815.735739
1 592.906930 809.881322
1 592.085861 806.001343
1 575.887485 815.058752
1 574.647485 814.706093
1 562.839817 799.521881
1 565.419632 797.485520
1 555.859829 792.941726
1 582.643007 781.605743
1 586.486928 795.935543
1 571.754810 812.072489
1 569.199946 795.767835
1 580.683493 819.967901
1 571.582199 797.383136
1 590.387599 797.733528
1 577.335586 808.401524
1 580.041311 806.092403
1 567.753650 797.303679
1 561.438024 797.509067
1 570.353356 805.491408
2 577.914558 714.854242
2 436.675419 920.930438
2 601.527925 716.441812
2 443.770658 934.503837
2 373.322691 854.021838
2 574.700117 858.400583
2 610.104511 840.210379
2 642.694306 910.732831
2 659.645040 947.878012
2 526.803464 864.987154
2 486.398273 802.952947
2 349.544459 746.803773
2 381.538185 894.107693
2 339.589366 723.918474
2 412.598899 810.795338
2 382.367949 691.752045
2 448.318685 952.522040
2 503.259611 871.763370
2 408.423329 772.895511
2 650.792042 795.792364
2 520.087113 997.883590
2 496.779949 667.697406
2 447.291469 719.800295
2 646.125732 813.346760
2 473.722511 702.352219
2 648.836860 787.895538
2 572.124382 759.782192
2 542.324607 680.102779
2 622.243191 962.189270
2 524.971951 840.720524
2 430.984447 864.594218
2 583.814646 844.751735
2 616.138961 886.174952
1 581.723287 809.006633
1 575.377767 837.516680
1 565.946254 837.059315
1 434.045937 712.732641
2 649.800978 928.788824
1 439.330547 667.820825
2 391.662213 757.924527
1 366.984636 671.215313
2 416.751118 780.674387
2 658.547356 951.231450
1 580.955904 794.831256
1 553.204845 791.365974
2 487.282963 793.784257
1 552.987408 795.343294
1 534.692527 811.183885
1 541.150646 776.698052
1 420.999906 675.021193
1 366.655063 673.007800
1 343.983013 670.045573
1 429.623937 690.545243
1 553.248702 783.025635
1 567.526916 769.439346
1 601.706825 802.181282
2 557.600197 782.705738
1 580.415590 805.428500
1 576.564139 805.034889
1 590.862083 782.744584
1 593.644877 827.301284
1 635.191773 810.976855
1 612.960383 811.549900
1 443.507803 702.679539
1 540.059596 772.467481
1 612.566610 836.469204
1 575.394854 812.739736
2 534.459356 687.265161
1 593.820086 788.181295
1 502.669972 781.925059
1 580.602231 775.790801
1 545.795330 791.488453
1 548.537745 851.800313
1 568.949265 802.797117
2 405.859798 749.454363
1 555.124753 735.284547
1 401.904345 690.649853
2 549.681866 680.479969
1 563.790289 856.500747
1 413.324880 672.024079
2 569.658681 713.619736
1 584.930897 811.917912
1 554.074526 771.200135
1 548.998912 794.081444
1 594.473141 807.823727
2 391.507329 675.716885
2 523.271160 699.866826
2 605.297708 749.822099
1 598.804294 754.768669
1 548.372961 763.263217
1 376.143575 691.190461
1 616.144563 837.322498
1 627.622036 775.221581
1 452.313589 707.548222
1 567.538136 788.554810
1 387.990437 696.936567
2 516.749960 676.365791
1 563.810175 801.588374
1 438.929379 677.863111
1 604.728918 856.278771
1 547.389659 718.710138
1 555.013144 793.949210
1 546.545222 733.486501
2 494.514108 677.935188
1 559.476819 846.513263
1 423.016803 668.152224
1 564.498753 826.831699
1 825.323420 313.131564
1 817.333145 301.770809
1 812.226200 290.236725
1 830.429414 297.607845
1 824.995430 303.209579
1 814.043604 287.613507
1 833.030645 316.684872
1 831.667684 295.476292
1 814.058431 301.075981
1 834.044190 283.999700
1 827.473053 308.571495
1 819.691371 300.488439
1 820.776003 303.481807
1 835.591285 300.783414
1 807.626186 302.934711
1 820.155986 304.158386
1 822.841290 275.549347
1 826.779512 299.570688
1 802.061386 300.942897
1 818.328382 301.953430
1 830.789986 321.305360
1 821.461269 298.275657
1 837.939457 290.559085
1 809.734327 290.916042
1 799.208382 306.913418
1 827.960425 295.295719
1 822.190965 301.146311
1 828.619228 297.276916
1 824.871657 302.618242
1 818.187449 299.010597
1 822.031434 305.360813
1 822.383471 302.747937
1 820.658663 284.509079
1 809.235061 314.367895
1 817.915434 307.558264
1 838.150705 307.822859
1 817.894563 302.926957
1 820.400217 300.308929
1 833.266366 306.872088
1 825.397005 287.726416
1 824.072163 310.451970
1 820.862003 300.408726
1 818.762404 303.936763
1 812.497967 279.106009
1 829.669497 290.198884
1 832.419664 315.356267
1 820.978513 300.690964
1 797.302606 305.825083
1 843.686914 295.652230
1 836.313379 292.914827
2 666.798979 177.648918
2 722.194114 196.170142
2 799.967573 112.965367
2 893.464066 245.978228
2 755.215109 262.818065
2 967.740334 176.295514
2 847.526756 47.555112
2 896.554048 172.220755
2 882.950573 98.002196
2 919.808063 177.226763
2 777.515608 169.121337
2 763.118143 314.693327
2 830.285743 135.188482
2 995.768737 265.352777
2 801.264136 178.192910
2 675.563414 185.947463
2 900.574006 251.836751
2 844.330495 166.834008
2 792.672124 105.940476
2 786.455709 275.805450
2 909.989381 231.012482
2 721.232896 113.150164
2 850.339335 302.945682
2 955.189126 119.127902
2 923.431828 272.093459
2 921.373790 74.377634
2 809.899771 309.508034
2 700.217118 149.705557
2 923.879637 114.424918
2 799.230402 268.265659
2 725.838965 321.164163
2 826.266588 220.737925
2 746.763665 98.818846
2 942.296089 88.085685
2 998.183651 278.084384
2 992.212422 18.595498
2 961.750529 170.609145
2 747.794707 283.159653
2 743.638688 290.934731
1 831.445646 307.296633
1 834.123963 315.790032
1 795.677730 289.477137
2 906.222890 289.670003
2 706.192357 324.049084
1 841.493975 301.208609
2 800.762906 185.761330
1 833.856956 290.726149
1 812.155784 303.192383
1 829.288517 268.088960
1 821.198889 309.836692
1 817.034675 309.304559
1 820.234563 254.079456
1 843.144776 281.162076
1 841.372255 311.740685
2 866.459565 207.106248
2 787.150570 324.083445
1 808.496102 310.676275
2 899.582293 164.451384
2 888.160728 252.337935
2 907.068807 280.287327
1 807.423490 329.814020
1 814.194604 314.308388
1 826.314186 317.804232
1 836.896841 285.679717
2 827.375472 284.965980
2 749.392178 240.901427
1 831.490056 298.817440
1 841.976836 316.500994
1 838.657609 306.046152
2 819.618775 222.618907
2 962.086644 330.946880
2 873.689088 311.728063
1 865.521459 254.784471
2 886.969770 278.917817
2 858.453348 331.265383
1 796.919804 332.620578
1 869.537110 306.148247
1 864.231389 329.035695
2 668.000767 250.482165
2 703.979685 332.921836
1 802.204307 318.314894
2 924.822934 360.146150
2 853.461554 617.476469
2 898.600168 540.882315
2 677.775509 342.930127
2 750.100477 352.702020
2 867.559483 627.575568
2 910.013623 458.782088
2 968.121624 355.378469
2 909.437058 404.824141
2 921.326964 580.380160
2 857.254788 594.139169
2 977.632657 440.842494
2 720.361765 580.513346
2 772.892698 525.418582
2 958.985674 356.512416
2 952.169677 569.099599
2 813.839232 641.817628
2 864.808386 501.433124
2 922.861860 409.129112
2 757.961885 346.761935
2 921.044725 367.612915
2 710.275476 501.749901
2 821.702857 505.467745
2 923.699222 340.109950
2 857.317670 417.800218
1 816.954798 336.465480
2 903.361078 410.550520
1 838.807397 346.416992
2 821.898954 395.844315
1 799.832121 340.014629
1 771.098103 337.348257
2 730.879782 942.588539
2 817.317326 740.240759
2 728.193996 675.485181
2 737.304823 749.460525
2 676.107195 838.903866
2 836.032604 668.933878
2 977.535892 947.458170
2 922.795936 866.236940
2 906.207141 929.633314
2 970.266889 912.324051
2 841.109441 723.509132
2 975.466924 771.741003
2 981.902447 834.698518
2 864.426634 915.553717
2 960.869334 752.871921
2 761.362816 885.111847
2 693.274694 781.004788
2 666.953286 932.102326
2 741.835712 871.078402
2 780.253001 708.401185
2 806.801612 766.132397
2 978.367229 815.396038
2 668.441573 804.288390
