1 199.269705 173.437265
1 205.196307 190.114481
1 201.889364 166.244283
1 188.380839 167.329228
1 212.278736 161.253949
1 212.483211 172.490510
1 199.578806 182.418145
1 180.475691 186.882647
1 199.999612 180.015226
1 196.346362 175.409721
1 180.106523 173.681083
1 212.946587 178.048028
1 179.717881 187.837870
1 207.066242 193.777773
1 194.252804 187.623283
1 201.516642 175.161366
1 204.039642 182.773306
1 209.057956 178.535843
1 198.418725 169.288476
2 147.719864 139.178096
2 245.197685 60.614106
2 294.372177 189.389279
2 247.747488 300.629079
2 304.332227 62.381701
2 240.868928 171.431778
2 6.988644 146.061295
2 225.903249 289.597707
2 3.136457 219.714821
2 198.110545 10.437739
2 246.814734 268.601933
2 31.140934 115.490686
2 114.672760 10.294318
2 140.521718 239.398896
2 24.569977 251.627972
2 87.105782 18.602916
2 203.383335 10.801702
1 255.778169 179.912238
1 208.198601 186.423726
1 208.506514 142.916099
2 243.355159 313.599586
1 159.186713 191.033815
1 156.695770 136.348948
1 223.468549 139.093359
1 156.949759 154.988966
1 154.978450 145.028471
1 186.004394 199.284859
1 173.951506 165.008199
2 244.057613 206.974358
1 187.079706 124.642666
1 189.352806 176.460771
2 143.124271 225.037074
1 152.956446 196.538963
1 202.898007 98.987471
1 181.368337 209.051242
1 210.491121 181.487056
1 187.211071 206.104241
1 210.086596 185.783519
2 245.433697 161.565434
1 227.160146 197.454796
1 237.118360 193.617858
2 118.123382 251.181867
1 217.933665 139.718856
1 245.284318 158.399669
1 233.370887 206.210148
1 209.854516 165.799403
1 195.136512 205.534260
1 171.756049 165.152477
2 123.178630 271.994729
1 153.826410 203.434865
1 173.236811 175.998455
1 195.079125 123.085098
1 214.967258 147.811467
1 188.392083 140.196890
1 175.500202 171.641518
1 185.733684 143.494432
1 215.852022 120.395063
2 193.286559 170.946455
1 209.557642 157.756053
1 209.355133 190.315093
1 209.133262 213.615226
1 178.644242 162.309314
2 130.737900 145.839484
2 17.674908 232.462927
1 209.260636 194.771702
1 236.938416 232.839714
1 198.234110 199.186016
2 159.988642 16.978921
1 212.194329 188.481382
1 217.858463 136.948751
2 68.077520 146.616776
1 180.889051 174.908428
1 216.852916 175.599951
2 256.624747 278.676130
2 101.416758 4.251611
2 249.179520 189.458107
1 205.096415 175.405097
1 210.403309 158.581395
1 181.132526 124.539104
1 218.274201 171.681665
2 266.587403 172.818658
1 184.636891 123.488719
2 176.413897 177.982854
1 200.812431 171.524718
1 137.707603 143.834863
1 193.254238 134.301901
1 163.729429 150.412017
2 207.896655 177.220844
2 274.607596 198.536412
1 134.381804 213.170308
2 32.187798 232.034778
2 40.815688 132.200762
2 150.755978 306.872817
1 181.183262 128.737195
1 205.007362 220.106861
1 217.153003 191.039044
1 142.335273 172.249877
2 178.041394 174.892077
1 272.966645 227.537482
1 134.966575 201.081474
1 212.492951 174.868961
1 221.964737 66.316106
2 317.729001 55.698828
2 104.667990 6.343363
1 201.450230 172.511417
1 246.187278 151.334636
1 243.757559 205.300548
1 219.829612 217.827918
2 212.553497 268.767960
1 279.046061 213.192136
1 176.897275 183.378066
1 190.280537 228.406010
1 186.430670 167.236343
2 179.322867 184.590944
1 222.598204 190.406788
1 166.559859 146.549502
2 237.325869 304.022480
1 224.400199 197.023530
2 230.740093 181.534511
2 2.460920 246.850171
1 180.982496 208.306361
1 176.154411 117.612916
1 158.916993 137.714165
1 168.186122 220.090873
2 148.546869 197.564516
2 171.244360 543.570455
2 20.994490 632.140718
2 153.389716 641.988353
2 197.668517 576.454287
2 176.469311 624.306723
2 142.015951 484.013842
2 28.754951 434.886062
2 285.577834 399.682199
2 206.003233 444.655875
2 134.954239 645.637362
2 99.191083 646.504344
2 175.878546 664.310229
2 30.140798 617.529485
2 323.567700 616.254945
2 235.293804 533.424752
2 51.002707 604.074199
2 106.866216 630.104882
2 188.807453 561.837557
2 148.669369 634.527362
2 160.006866 618.660169
1 113.870615 656.207926
1 97.335495 643.667535
2 318.289102 603.789638
2 240.484200 661.128109
1 331.126088 623.301220
2 8.660014 426.000204
1 308.830953 647.453540
1 157.487720 793.321122
1 126.746203 786.033927
1 143.108860 781.374177
1 152.529190 780.121808
1 140.785421 784.378476
1 149.145823 789.074265
1 148.994945 781.462857
1 139.319658 769.947154
1 139.604911 775.162807
1 148.445724 798.992661
1 145.115120 801.068668
1 165.210033 792.478869
1 148.886593 775.785309
1 151.684056 759.675614
1 141.519321 797.625571
1 154.831874 780.177508
1 165.169143 762.646692
1 164.121171 782.791520
1 147.781349 780.633312
2 278.842459 682.923933
2 179.601668 815.345060
2 25.964187 815.865713
2 66.431093 926.363874
2 304.534268 779.614386
2 168.179667 893.592700
2 155.089063 886.894080
2 206.757819 820.565459
2 95.990597 827.499648
2 100.781039 780.964956
2 97.995087 682.932946
2 186.317673 845.551338
2 132.847880 719.890740
2 292.569065 875.351900
2 242.293494 719.002936
1 154.631033 764.600160
1 168.708196 759.971950
1 115.702221 841.960275
2 226.077574 792.014929
2 83.467929 824.771571
1 170.999885 771.115416
2 99.449208 845.295816
2 1.592585 854.822299
2 184.643355 864.412922
1 121.542467 785.838375
1 166.321706 768.435754
1 137.128327 740.659023
1 166.615412 816.860469
1 124.377187 720.421263
2 68.869088 873.331914
2 112.572303 808.203808
1 148.688560 782.593501
1 122.505855 783.588710
1 181.257223 757.696456
1 169.144088 796.207801
2 103.639777 833.730805
1 112.342232 748.304649
2 94.869647 852.664828
2 86.986708 864.981718
2 190.032222 862.965029
2 279.899482 692.686694
1 120.616479 786.284739
1 235.029615 765.345715
1 98.977074 886.388679
1 182.935242 795.237204
2 305.035151 906.445229
1 184.828806 804.909008
1 102.881551 823.553440
2 185.366742 998.465258
1 193.200749 777.108213
1 184.399937 810.310820
1 112.141391 732.727301
1 141.128312 821.555932
1 119.339496 803.327084
1 112.441815 831.538356
1 172.978575 787.815027
2 198.329126 785.241979
2 294.815597 745.526111
2 150.220641 935.125407
2 65.808284 805.134736
2 202.065662 830.043836
2 185.669899 993.484700
1 178.346347 808.818792
2 188.188687 804.659949
1 156.898084 779.677882
2 310.504683 692.778702
1 177.615802 760.696570
1 160.477122 866.934540
2 234.919702 779.991020
2 166.383833 822.685140
2 203.457426 876.858606
2 227.111737 984.757137
2 139.614489 882.311229
2 275.191293 785.490842
1 229.491274 768.705973
2 133.993174 849.101467
1 153.223000 896.083702
1 171.597132 786.060603
2 100.173572 677.116496
1 174.611076 824.445115
1 125.310725 772.134162
1 220.735743 733.916721
1 159.513203 794.962838
1 120.835979 786.114143
1 165.506831 797.781715
1 163.214243 742.495283
1 165.449714 771.430953
1 163.614764 776.587975
1 139.308682 784.134063
1 331.148644 710.232392
2 62.123505 771.382505
2 91.555223 817.801806
1 137.054034 825.197031
1 130.074779 844.871524
2 303.764652 728.622746
1 154.216240 825.708548
1 216.551321 838.681790
1 176.286871 790.362846
1 322.599298 723.526782
1 85.369570 748.220550
1 329.032442 730.594571
2 605.066590 47.788371
2 589.443399 329.344407
2 665.653347 275.935088
2 363.834378 164.526498
2 647.042743 256.695106
2 666.366008 82.483431
2 649.420891 250.178670
2 584.759719 8.514276
2 406.604858 243.912258
2 623.500289 78.874461
2 371.782737 51.913341
2 334.950622 271.238755
2 444.498006 305.325461
2 571.288115 214.680961
2 643.149987 248.726977
2 654.831325 261.835943
2 383.556530 25.350487
2 388.511968 197.819777
2 371.133942 240.730059
2 665.681782 243.114102
1 382.260213 656.654334
1 397.298582 643.386521
1 408.363581 655.378863
1 407.056579 652.214464
1 412.893603 637.657770
1 405.531501 633.996536
1 408.893194 651.784645
1 400.441090 649.314884
1 397.250624 649.699913
1 406.456430 640.285232
1 380.873523 652.353149
1 400.504314 653.885126
1 422.983944 640.758248
1 380.384746 651.717041
1 411.925322 644.440037
1 408.039858 649.382839
1 394.418308 649.889421
1 394.377634 647.022654
1 394.835188 662.032331
1 395.472651 631.200161
1 402.283887 655.352194
1 414.147286 642.437744
1 412.439738 656.811921
1 402.351592 650.678890
1 393.106662 639.004447
1 411.733015 641.469493
2 455.653924 403.258451
2 554.207542 524.403726
2 407.654692 539.267475
2 422.263068 585.874800
2 409.899350 583.813836
2 569.053141 516.305782
2 472.503920 468.156992
2 337.238754 627.361551
2 421.769390 657.734760
2 346.897906 350.992522
2 379.458646 395.931238
2 493.003781 406.135317
2 418.523773 349.099599
2 356.809001 521.837604
1 384.067973 628.697888
1 398.028056 657.998790
1 392.107745 625.168853
2 602.466425 606.026155
1 387.835181 636.020629
1 391.638884 630.863822
1 383.341793 606.287773
2 610.159137 616.841349
1 386.010310 649.232103
1 400.364003 609.382078
1 382.491081 633.330447
2 421.117865 606.637275
2 446.433488 563.575049
1 411.292201 631.025457
1 405.356154 638.126227
1 386.355829 648.940656
2 343.662451 369.434386
1 444.925630 650.340676
1 426.888371 584.076385
2 335.971070 521.712418
1 406.225695 630.456624
2 454.098616 515.263603
2 338.018370 608.237766
2 342.688285 611.887166
2 579.839580 618.509215
2 352.184171 654.336045
1 374.990405 605.879533
1 415.438370 595.295365
1 405.439454 573.591853
1 445.004912 603.743386
1 376.143914 641.599843
1 435.145784 664.691266
1 389.533407 633.994510
2 485.259386 560.203661
2 429.793496 568.973385
1 420.041493 614.094946
1 333.840916 629.783530
1 370.285374 666.469686
2 488.720764 629.818169
2 416.136847 574.633084
2 403.674641 542.539438
1 446.909451 549.780412
1 378.062905 634.670205
2 341.264492 591.777674
1 355.967253 631.377487
1 447.875768 620.385740
1 418.423104 650.380396
1 410.273611 654.846899
1 396.520170 640.353923
2 559.880395 639.169081
1 351.698454 635.372659
2 382.347184 655.843128
1 381.006873 631.665921
1 410.192192 651.848937
1 406.783806 642.950170
2 441.921301 592.844381
1 362.763920 620.569996
2 339.044391 547.739449
1 420.803900 649.059942
1 341.005364 611.492260
1 424.575746 654.026749
2 587.303186 634.693108
1 435.821359 633.951753
1 422.893442 632.646707
1 386.949173 599.017643
1 439.004631 659.375929
1 412.344634 647.020608
1 412.468347 617.637202
1 424.352294 640.090081
1 377.523532 622.829419
2 460.522796 589.305768
2 404.089381 664.522538
1 367.299440 634.464075
1 395.876348 654.444376
1 388.221708 628.696608
2 348.523891 615.589079
1 416.364764 595.723352
2 603.673068 630.315576
2 432.078502 661.706640
1 395.049557 632.281015
2 359.730468 593.485546
1 420.536544 650.806270
2 334.627000 608.680986
1 411.668134 668.368042
1 592.269184 788.914880
1 591.487549 810.596792
1 569.833038 799.846903
1 572.212885 807.626350
1 562.838830 823.133327
1 569.393378 799.362321
1 575.479506 794.895237
1 550.314057 812.352350
1 585.959880 788.115219
1 569.629502 802.786922
1 574.622168 791.722488
1 564.053403 790.297419
1 553.192257 793.616418
1 576.378288 808.759825
1 576.727973 810.336564
1 559.810518 804.961297
1 548.627846 793.185977
1 562.278597 797.613960
1 566.964520 801.578735
1 572.089694 783.789241
1 576.423917 815.735739
1 592.906930 809.881322
1 575.887485 815.058752
1 574.647485 814.706093
1 565.419632 797.485520
1 555.859829 792.941726
1 582.643007 781.605743
1 580.683493 819.967901
1 590.387599 797.733528
1 577.335586 808.401524
1 580.041311 806.092403
1 570.353356 805.491408
2 577.914558 714.854242
2 436.675419 920.930438
2 443.770658 934.503837
2 610.104511 840.210379
2 642.694306 910.732831
2 659.645040 947.878012
2 526.803464 864.987154
2 381.538185 894.107693
2 412.598899 810.795338
2 382.367949 691.752045
2 448.318685 952.522040
2 650.792042 795.792364
2 520.087113 997.883590
2 496.779949 667.697406
2 646.125732 813.346760
2 648.836860 787.895538
2 572.124382 759.782192
2 542.324607 680.102779
2 524.971951 840.720524
2 430.984447 864.594218
2 583.814646 844.751735
2 616.138961 886.174952
1 566.869007 788.169651
1 573.267770 786.202469
2 388.510202 791.789799
1 612.010766 801.475110
1 577.854233 795.948596
1 409.852426 677.344323
1 607.862062 800.678128
2 427.468172 674.181061
1 555.458526 788.380247
1 428.736483 680.363682
1 570.391845 784.780512
1 412.983831 704.496799
1 547.580285 818.572221
1 389.724165 698.933579
1 590.746222 805.541440
2 465.811224 703.690977
1 563.455652 843.972192
1 529.731978 851.005799
1 585.741338 791.061648
2 556.366076 855.698791
2 603.826326 919.614795
2 610.834690 875.918694
1 538.984701 765.078709
1 537.428166 746.473601
1 547.802600 764.834196
2 646.399341 862.118204
2 644.321857 825.194676
1 605.172591 755.666760
1 631.882120 782.660263
1 581.219277 830.184095
2 356.276004 772.810488
1 408.242984 754.046965
2 582.792279 858.489756
1 531.444037 782.324157
1 459.849322 678.871589
1 341.761612 686.056816
1 641.531153 779.551010
2 591.273226 851.946274
2 369.757689 717.618419
2 449.767023 734.324613
1 548.656985 720.471862
1 440.354100 711.819090
2 436.082240 673.460246
1 556.832478 814.558392
1 572.585180 756.184207
2 416.445952 681.533088
1 537.899687 854.241551
1 462.849098 683.918909
1 421.482631 695.871379
2 412.688666 702.825489
1 431.521255 722.000621
2 554.984946 857.832350
2 459.351615 704.966498
2 610.216913 891.373416
1 560.908192 750.523169
2 509.618518 905.551269
2 582.253293 702.415292
1 449.629332 717.441502
1 554.095659 899.606401
2 370.692605 698.899070
1 488.945644 806.368250
1 562.106579 794.143354
1 374.449711 694.716287
1 584.926020 794.650802
2 535.346385 859.081119
1 638.559424 738.519050
2 572.693037 713.994824
1 423.750896 672.523415
1 472.657154 699.119444
1 569.308403 746.421961
1 561.351346 794.762066
2 527.601761 826.575805
1 349.160179 667.983501
2 390.048553 817.818402
2 506.019768 883.767242
1 588.144935 844.098436
1 516.691369 820.607305
1 551.352431 773.058554
2 456.551103 672.038116
2 571.798259 699.799751
2 479.005936 673.576017
2 593.345590 884.920864
2 435.109520 723.455957
1 381.141536 683.216665
2 489.861034 841.184057
2 412.602115 856.110844
1 595.144935 870.142865
1 499.621875 877.969720
2 492.835599 675.169649
2 433.173594 700.374234
2 518.318278 816.148002
1 389.992102 710.833774
2 550.892696 847.773006
1 397.204489 667.276635
1 566.420913 827.613925
1 600.070885 802.584755
2 441.329627 884.730886
1 532.716673 833.396174
1 551.748444 725.102385
2 494.199371 915.469098
1 565.853349 884.807667
2 623.996831 897.603733
2 661.932142 822.923501
1 362.284951 682.860383
1 556.821229 714.440893
1 541.616288 820.014723
1 553.262549 874.029730
1 540.698388 837.922708
1 474.427293 683.415408
2 386.816637 688.133332
1 552.269005 809.739599
1 580.803126 802.004034
1 344.649423 696.065595
1 602.716922 835.031526
2 599.014580 912.963337
1 419.851081 713.386354
1 374.445126 667.425550
1 455.508368 718.160979
2 399.873164 858.877191
2 401.889010 666.812321
1 641.799249 844.124056
1 581.169370 859.525906
2 365.826565 730.889501
2 395.393516 697.353338
2 435.172186 670.682053
2 374.449528 687.981796
2 380.666504 698.877091
2 576.835529 743.673208
2 649.945510 898.998658
1 497.177933 878.623593
2 526.998364 822.994459
2 623.311147 757.302961
1 579.087866 805.442022
2 561.711490 730.854449
1 615.018262 783.871792
1 557.305911 827.891389
2 621.363526 878.911984
2 531.412416 708.138013
1 503.183915 850.683907
2 386.078022 704.173449
2 360.778046 725.725419
1 364.068818 698.629168
1 542.968943 832.967918
1 825.323420 313.131564
1 817.333145 301.770809
1 830.429414 297.607845
1 824.995430 303.209579
1 831.667684 295.476292
1 814.058431 301.075981
1 834.044190 283.999700
1 835.591285 300.783414
1 820.155986 304.158386
1 826.779512 299.570688
1 802.061386 300.942897
1 830.789986 321.305360
1 824.871657 302.618242
1 820.658663 284.509079
1 809.235061 314.367895
1 820.400217 300.308929
1 820.862003 300.408726
1 829.669497 290.198884
1 832.419664 315.356267
1 797.302606 305.825083
1 843.686914 295.652230
1 836.313379 292.914827
2 967.740334 176.295514
2 847.526756 47.555112
2 896.554048 172.220755
2 882.950573 98.002196
2 919.808063 177.226763
2 763.118143 314.693327
2 801.264136 178.192910
2 900.574006 251.836751
2 792.672124 105.940476
2 921.373790 74.377634
2 799.230402 268.265659
2 725.838965 321.164163
2 826.266588 220.737925
2 998.183651 278.084384
2 961.750529 170.609145
2 747.794707 283.159653
2 929.784929 259.436287
2 764.107447 257.162733
1 781.872529 290.658535
1 811.790867 306.748925
1 823.406914 317.079003
1 792.160795 300.894590
1 831.930143 285.576420
1 837.817230 279.363529
1 825.030888 300.025033
1 813.062996 303.761490
1 805.025858 289.243129
1 795.996122 265.280782
1 813.049002 295.764710
1 841.874728 257.126480
2 821.426427 195.970128
1 760.680701 323.352850
1 835.748507 245.884763
1 809.618974 283.108027
2 873.752272 304.806256
1 793.279158 307.333680
1 844.238331 300.926955
1 779.840820 319.242252
1 863.557097 287.547846
1 784.383857 330.363864
1 897.878290 301.585584
1 761.866084 259.987276
1 840.939288 322.009003
1 847.606926 281.679219
1 787.577393 307.883554
1 811.509593 319.198555
2 754.508682 104.280936
2 894.057950 288.661026
1 822.790214 310.775922
2 717.604317 290.151970
2 978.293538 286.621241
1 862.895195 309.733334
1 881.546829 325.031056
1 842.354782 302.026029
2 804.096470 150.113616
1 830.385719 313.558002
1 802.224808 310.023889
1 851.058642 313.750044
2 994.503887 265.380268
1 871.374716 308.710996
2 815.689210 155.155172
1 776.314116 269.411951
1 873.394336 302.065742
2 873.532123 278.686484
1 801.688318 294.171897
1 803.481896 289.063498
2 915.033555 277.579292
1 810.363698 324.373749
1 810.437587 296.297616
1 724.834139 261.538043
1 829.756748 329.075668
1 871.984776 293.376447
2 806.732574 274.795507
1 793.055041 236.522085
2 826.758968 285.930159
2 960.672149 154.512165
1 846.475497 309.838374
2 712.897679 310.025742
1 848.608304 292.844180
1 771.794176 253.069645
2 667.789619 277.191942
1 834.140607 322.626115
1 847.206624 278.648480
2 785.163714 289.969327
1 742.009935 264.514331
1 809.850071 285.600573
1 819.266314 319.817539
1 751.888308 237.147815
2 797.821569 144.000620
2 866.868349 324.969078
1 846.901958 289.921144
1 827.974307 286.442783
1 777.174516 267.909898
1 795.960981 296.293142
1 849.781663 308.208009
1 803.538539 263.101758
2 689.210477 311.786365
1 841.120559 289.491288
1 834.900567 307.999907
1 798.005267 272.130645
2 833.486033 302.973694
1 834.313519 312.470174
1 799.518859 272.645851
1 846.028355 314.885688
2 899.268426 316.588103
1 772.987987 306.019627
1 829.330672 280.365423
1 803.327174 315.288820
2 910.984433 275.357741
2 920.594181 125.164243
1 753.789592 318.579460
2 965.897132 161.912992
1 811.215899 331.911822
1 782.064325 306.041640
2 787.108929 294.603717
2 835.708097 154.621601
1 807.521104 319.552408
2 844.266460 298.178788
1 795.419742 278.241792
1 798.761897 332.037825
2 807.281779 321.373109
2 806.265078 195.048630
1 851.156104 314.579726
1 820.106059 331.512551
1 739.839404 287.340771
1 810.226307 291.610304
1 799.396980 301.817849
1 872.201045 311.336483
2 760.888972 281.109761
2 818.808448 303.153172
2 848.262598 209.596408
1 745.065161 298.036262
2 830.416467 138.445399
2 715.598457 330.411004
2 898.600168 540.882315
2 677.775509 342.930127
2 867.559483 627.575568
2 910.013623 458.782088
2 968.121624 355.378469
2 909.437058 404.824141
2 857.254788 594.139169
2 977.632657 440.842494
2 958.985674 356.512416
2 952.169677 569.099599
2 813.839232 641.817628
2 864.808386 501.433124
2 757.961885 346.761935
2 921.044725 367.612915
2 923.699222 340.109950
2 857.317670 417.800218
2 895.128382 412.728961
1 818.554706 353.009856
2 924.988114 341.230446
2 706.023776 353.164030
1 794.398670 338.165054
2 752.142458 347.754515
1 769.492561 357.177950
2 966.711852 370.860251
2 729.498112 351.477464
2 903.006409 402.606328
2 843.083474 567.159468
1 884.013332 339.239173
1 767.821381 338.087172
2 739.438330 335.142355
2 721.201206 371.371381
2 892.866912 395.202369
1 867.171612 363.191393
2 904.186672 431.755373
1 861.922506 336.394505
2 746.864931 362.811897
2 896.387823 335.225895
2 711.979064 340.628262
2 933.422650 342.601428
1 859.460094 361.020526
2 941.399885 355.626336
1 909.828082 338.767572
1 825.626280 374.435016
1 811.862701 344.799420
1 863.675864 374.285298
2 730.879782 942.588539
2 817.317326 740.240759
2 728.193996 675.485181
2 676.107195 838.903866
2 977.535892 947.458170
2 922.795936 866.236940
2 906.207141 929.633314
2 841.109441 723.509132
2 975.466924 771.741003
2 864.426634 915.553717
2 761.362816 885.111847
2 780.253001 708.401185
2 806.801612 766.132397
2 707.948272 912.367528
2 675.111867 782.968601
2 687.026744 784.256936
2 729.140479 956.799247
2 678.381219 915.433859
