1 197.585379 68.536473
1 227.392955 302.192280
1 313.969586 315.599614
1 230.003390 178.856653
1 314.414491 210.164995
1 33.712336 314.647254
1 67.476189 260.100194
1 140.683214 156.090703
1 327.772860 137.490116
1 24.904997 303.394023
1 173.588134 18.022255
1 95.152191 45.713199
1 104.480227 300.510895
1 48.617216 75.470187
1 61.422672 151.633035
1 118.284728 190.161764
1 69.832090 331.992364
1 263.906661 32.168027
1 85.354037 176.337397
1 188.429640 110.722341
1 85.447888 324.330994
1 241.341109 212.649048
2 311.303603 181.219448
2 296.287722 49.767000
2 304.295869 104.174248
2 218.346695 214.268148
2 22.485585 138.729812
2 260.349239 159.039324
2 6.199062 263.813075
2 324.061254 12.367633
2 274.374649 192.921543
2 111.295531 220.133324
2 23.491015 238.615023
2 84.408012 75.818389
2 186.346612 292.779963
2 49.404244 283.744333
2 259.220601 265.894176
2 27.811361 294.507556
2 232.037100 224.366833
2 70.388703 330.014283
2 68.494765 61.885264
2 138.617246 81.614730
2 129.997594 243.710430
2 159.875039 88.026675
2 69.140203 105.949610
2 28.657664 4.273275
2 56.607664 307.899096
2 312.166270 137.625010
2 26.267607 21.270480
2 316.370337 74.529812
2 321.298975 54.299931
2 264.232769 249.187822
2 255.375288 185.264193
2 315.971296 246.326754
1 241.951996 137.133555
2 65.251931 327.156813
2 147.449504 267.712309
2 51.410425 304.803385
1 300.156532 203.131892
1 143.174614 120.068983
1 231.788474 128.887634
2 291.029395 103.210456
2 305.434030 35.155767
1 142.327443 89.964780
1 172.859366 101.703047
2 318.573849 231.964932
2 121.070901 23.436253
1 134.143120 199.144122
1 29.888529 308.102020
1 103.990165 290.083048
2 283.961530 238.520215
1 330.264260 101.468396
1 86.754689 167.439559
2 56.737815 97.675001
1 58.795044 497.863921
1 38.816802 662.589717
1 219.538441 433.763289
1 193.193735 378.532522
1 194.360526 412.161575
1 259.142315 558.966514
1 189.382456 509.944123
1 299.019580 518.467157
1 230.529024 558.307207
1 193.212425 450.287582
1 235.155047 472.810310
1 105.358924 407.332115
1 204.424429 617.270977
1 152.879955 490.706121
1 30.461587 417.075698
1 283.232829 381.018830
1 0.480891 612.236223
1 146.920984 561.102274
1 47.585308 647.157558
1 315.283949 603.734123
1 276.358118 413.278334
1 284.242584 396.271092
1 102.107081 634.761869
1 316.598961 383.804521
2 299.201049 449.494960
2 173.855350 592.209000
2 260.483380 481.198041
2 115.556649 362.056388
2 252.749137 558.805498
2 273.631074 376.147589
2 255.596079 399.658589
2 134.712736 598.533107
2 330.712272 586.209813
2 197.531141 498.212117
2 233.907174 613.206898
2 304.892282 625.772198
2 281.478477 407.085735
2 27.028763 525.779509
2 60.834130 666.560717
2 22.493793 578.740681
2 314.257561 665.376860
2 62.149583 504.820760
2 231.058875 589.727769
2 205.058867 651.079323
2 242.136558 463.384920
2 254.849018 547.807566
2 208.381219 581.376326
2 206.069341 333.801522
2 64.670478 522.482213
2 91.462422 610.635597
2 90.035731 550.198436
2 92.715450 413.027946
2 236.399263 384.026555
2 312.056217 664.047024
2 96.627149 631.256240
1 275.172444 562.608563
1 106.354256 477.803253
2 114.172625 357.269884
2 46.348518 497.228979
1 61.857557 455.723819
2 229.169283 380.260696
1 165.393656 414.405821
1 117.193745 562.550346
2 113.161554 614.594565
1 263.854638 469.623308
2 231.952882 464.293874
2 257.790824 607.873360
1 314.288131 537.182951
1 153.944456 456.552636
2 302.638345 481.982449
1 177.077154 460.042630
1 269.619875 601.151452
2 139.292889 624.084393
1 174.870070 593.156565
2 222.172380 588.765754
1 171.304538 403.207504
1 172.014273 453.310842
2 332.601552 430.223024
2 60.942254 338.295947
2 254.521617 340.796431
1 177.481983 475.445682
1 253.984217 661.186080
2 35.223328 464.200909
2 46.422381 485.880941
1 100.761059 653.613635
1 234.677168 661.657828
1 229.832419 400.375466
1 245.313413 465.832254
2 312.274705 469.264331
1 264.067306 639.694341
2 236.705113 356.946908
1 283.783847 619.579628
1 154.256596 697.091081
1 321.284877 954.658500
1 175.153870 719.705380
1 74.087412 798.805581
1 273.741613 784.874202
1 63.229111 954.847485
1 19.453530 890.267033
1 136.924088 691.493316
1 265.422237 881.274801
1 91.065556 770.707594
1 127.126240 953.447158
1 131.248527 879.788805
1 318.283908 854.352679
1 203.245367 953.596296
1 182.175276 940.294038
1 219.812535 708.683614
1 44.055137 933.189976
1 250.228455 871.586628
1 203.154321 897.236786
1 18.933626 746.526430
1 274.301190 683.853948
1 102.448526 768.324268
2 87.527853 892.257136
2 278.084093 919.242683
2 131.113662 912.742586
2 240.171921 802.840766
2 107.076504 909.006980
2 204.323078 741.582202
2 213.138510 672.667877
2 155.575248 687.687698
2 181.319500 985.091133
2 116.215981 692.181778
2 173.237317 928.117672
2 274.114663 758.089276
2 236.881243 788.766236
2 240.933586 706.704299
2 217.341167 932.283425
2 277.356968 681.089350
2 0.594326 910.431778
2 13.041661 803.003318
2 316.195059 764.532779
2 205.393524 890.153634
2 118.604955 699.130390
2 61.644076 900.865378
2 168.701846 780.767669
2 165.308361 678.683242
2 245.606666 798.682587
2 219.097761 795.967136
2 21.331296 998.623514
2 94.564697 948.821589
2 211.736687 770.456873
2 322.551700 686.412511
1 73.612036 811.261860
2 91.744277 971.716717
1 118.571501 956.560930
1 278.945534 682.888081
1 299.970558 915.381433
2 32.074727 834.785856
1 286.611866 899.327471
1 119.139447 893.037513
2 72.800313 798.770840
1 91.478858 843.590234
2 291.971580 714.448609
1 332.524492 853.708259
2 100.435213 897.745894
2 69.105765 670.886749
2 261.129249 759.543881
2 194.604407 707.493927
2 133.083402 761.660063
1 437.672608 243.588201
1 554.275334 217.325744
1 554.549485 150.343773
1 494.573009 201.953483
1 366.801041 295.120732
1 624.710932 4.766620
1 399.545331 170.074996
1 554.231944 143.679682
1 538.309617 284.726028
1 555.786333 203.063245
1 600.836980 316.081911
1 400.372799 10.856292
1 415.575331 234.658095
1 378.244299 230.097020
1 506.271850 286.688390
1 387.232029 36.243329
1 400.507023 34.230554
1 469.101412 153.836452
1 494.527024 169.923801
1 639.038861 132.143028
1 400.560107 254.793233
1 480.077981 178.862291
1 376.892342 172.228952
1 560.683041 218.215616
1 414.725986 88.442162
1 489.112664 165.513744
1 409.032608 238.411885
2 545.232714 69.819280
2 396.730953 108.485341
2 617.156866 302.006276
2 547.567860 119.249576
2 352.786408 298.573828
2 568.405990 298.771720
2 403.785010 190.942886
2 386.675433 147.413109
2 485.581418 1.609562
2 389.899839 75.260711
2 629.392762 195.655718
2 535.392808 232.240501
2 487.276280 269.425335
2 617.622418 208.299237
2 452.664790 48.360798
2 616.741788 12.729389
2 553.615903 138.542809
2 508.720626 78.371781
2 341.019188 293.961635
2 629.694619 226.715719
2 375.697774 56.666100
2 467.638588 215.260343
1 394.328156 36.529172
1 343.298449 43.127113
1 425.443848 127.898708
2 492.975062 285.871636
1 656.063001 132.439364
2 550.732033 16.609057
2 601.536424 236.683155
1 374.743007 299.127937
2 475.331300 226.075537
2 389.076108 96.585328
2 605.764531 206.654406
1 406.505802 214.285890
1 648.694562 11.118790
2 532.628568 298.200446
1 385.459694 68.338864
1 479.099071 186.327100
1 542.596792 116.147276
1 390.451844 97.083012
2 597.306421 229.938538
1 472.056176 180.780293
2 373.004379 136.306503
1 536.836848 314.873870
2 579.226511 213.369512
1 374.542166 283.550589
2 560.967807 273.294097
1 390.874338 273.337908
1 453.996456 158.396136
2 542.009958 208.912317
1 373.883845 233.674266
1 408.135549 193.433537
2 578.500332 190.959397
2 595.698860 268.873767
1 578.215574 150.031852
2 404.261381 91.583926
1 454.047816 324.037753
1 337.497819 498.309166
1 400.627405 354.314444
1 531.729551 438.009189
1 465.860585 497.771392
1 530.813643 627.469104
1 439.673418 455.271631
1 605.222508 510.639681
1 538.450583 385.941499
1 636.274505 643.814850
1 536.492319 547.066807
1 476.762103 405.179591
1 582.233200 512.266875
1 611.870395 354.925545
1 428.424631 359.832228
1 372.358615 528.288930
1 649.120156 403.353534
1 580.333194 508.599401
1 616.376797 646.466445
1 508.200340 343.851177
1 414.058782 537.756811
1 607.111084 487.176608
1 532.285224 549.423580
1 471.975369 344.255530
2 533.400303 599.213708
2 641.172031 627.485645
2 576.459885 523.426468
2 448.339665 568.537646
2 453.971741 647.496468
2 379.576731 453.259534
2 338.545480 618.229938
2 644.760365 509.502881
2 616.722677 420.477605
2 488.089405 503.064856
2 411.144280 406.662058
2 623.372161 468.380917
2 552.020073 656.825809
2 467.628122 554.710692
2 548.055822 583.751248
2 557.924016 394.976669
2 487.438303 384.154701
2 528.320052 391.491566
2 562.553138 558.126708
2 616.423212 525.475439
2 475.160978 406.484023
2 403.064486 466.049517
2 398.533265 589.718275
2 540.981224 355.940442
2 662.607590 345.115221
1 567.548608 491.052455
1 607.336915 394.922367
2 529.774256 450.010956
2 502.360128 536.072769
1 548.581969 572.975341
2 344.584430 452.988056
2 585.918688 444.448049
1 604.696875 557.200003
1 575.696223 492.622992
1 606.610736 372.512252
1 552.807471 566.886779
2 530.365643 350.266442
2 466.828107 398.868442
2 590.191966 455.257518
2 570.957343 575.291015
2 340.708751 462.141498
2 513.635460 370.277146
1 476.633776 416.639662
1 635.800149 622.379062
1 482.871063 522.220783
1 622.290186 643.376233
2 474.975722 400.438979
2 436.051576 491.441919
1 537.208801 561.396804
2 543.353033 551.298940
1 630.339083 645.573405
1 519.339281 739.861842
1 662.544581 850.616544
1 595.691517 676.109538
1 543.640552 695.150826
1 450.262727 972.000762
1 514.578574 810.166524
1 573.766390 747.255712
1 631.519930 765.158865
1 372.598587 849.859184
1 633.561672 927.470537
1 489.580713 845.742489
1 555.375538 872.662250
1 386.681430 967.360749
1 534.212399 935.118961
1 575.931702 827.643372
1 445.027406 693.433344
1 514.116324 880.708123
1 583.042329 701.874352
1 416.923185 703.356275
1 412.347251 890.888053
2 458.647282 888.125089
2 486.158226 701.801227
2 459.009833 947.583832
2 387.540374 943.278405
2 510.628871 687.380767
2 502.008098 803.772595
2 658.978667 687.662515
2 376.102059 924.033618
2 410.316333 800.393337
2 501.907144 883.835943
2 465.223297 959.861419
2 372.156638 796.222384
2 510.447942 846.363111
2 579.728320 968.079010
2 605.570660 885.512517
2 479.682360 718.267100
2 586.682614 740.667829
2 424.326101 922.616785
2 573.949316 771.258111
2 444.632350 769.252331
2 427.137828 896.014539
2 432.330753 767.295837
2 634.725527 904.321227
2 490.173772 705.255456
2 345.161844 771.372761
2 492.872069 763.559999
2 559.815193 986.973298
1 617.272749 979.288997
1 516.083072 861.597967
1 517.523573 748.838123
1 631.340694 669.161316
2 493.224836 782.132639
1 537.717563 692.019873
1 615.053482 755.646163
1 374.585318 976.584362
2 495.926925 705.086839
1 556.552593 919.020482
1 562.584665 703.982010
1 537.662938 714.485069
2 388.486497 882.887917
2 370.059432 840.027491
1 588.858906 730.787552
2 539.598341 685.883931
1 611.621688 789.645376
2 624.222600 758.949667
2 470.184862 728.326179
2 500.192390 812.748876
1 631.340694 669.161316
1 640.667242 846.482176
1 651.767067 923.351391
1 523.823451 755.326232
2 478.112785 778.139956
1 563.835590 836.866985
2 398.496808 944.531988
2 474.919932 724.240803
1 946.685645 109.988788
1 827.422182 105.188145
1 766.849249 309.958389
1 767.907736 98.066569
1 723.442000 85.014089
1 900.365892 54.065705
1 974.755801 146.535561
1 691.561735 314.308697
1 980.420592 68.781357
1 962.258994 313.001479
1 672.372467 90.696022
1 841.535291 300.881902
1 886.028776 301.519180
1 848.896776 101.239247
1 983.302944 111.420018
1 893.361030 289.998926
1 857.788573 22.876179
1 778.319062 153.347837
1 699.510087 290.988315
1 727.528044 274.202015
1 679.509416 176.519714
1 839.545475 84.013812
1 866.157609 248.868468
1 980.670262 100.503480
1 928.259221 68.468331
1 925.703512 260.486935
2 761.223703 188.258693
2 825.531417 308.638669
2 722.519278 299.405164
2 822.344151 161.353950
2 802.479489 279.875984
2 712.757922 330.332361
2 879.787301 294.005986
2 785.736209 193.188338
2 670.936081 239.491144
2 803.246346 171.690774
2 827.670306 273.804941
2 893.840095 186.712941
2 963.742458 276.499814
2 832.603590 18.087352
2 804.450220 289.370520
2 837.232900 322.303772
2 931.047050 81.067241
2 748.202896 54.657703
2 985.729523 320.669806
2 848.235397 11.428255
2 893.714932 139.460270
2 752.627736 165.661173
2 835.685507 164.206653
2 672.715336 96.579324
2 772.732596 169.926988
2 941.315398 214.493748
2 819.041476 173.043152
1 843.767668 89.975859
1 827.998649 78.925539
1 897.227829 323.199212
2 913.635643 215.136746
1 741.984277 50.766143
1 761.929384 294.982168
1 691.120574 96.804423
1 881.266348 307.492883
2 808.236937 175.153709
2 825.539209 136.065572
2 847.825522 222.435485
1 842.466010 301.227707
1 736.155588 303.933018
2 988.326073 189.771174
2 852.745418 320.855719
1 829.340995 315.009070
1 897.060344 547.312910
1 735.501662 492.877225
1 788.146643 665.920776
1 732.729678 562.481058
1 874.550603 338.888955
1 772.921251 442.633022
1 933.083970 644.164863
1 701.520157 588.107285
1 818.778591 659.622318
1 793.020601 467.315333
1 996.085707 409.312371
1 795.199957 354.587125
1 894.956407 462.415673
1 849.637310 379.541859
1 739.893326 519.316578
1 713.646393 559.191219
1 969.534941 365.967606
1 927.313567 450.265303
1 820.994823 456.586847
1 689.472887 423.828622
1 880.941533 540.155885
1 832.153658 388.326459
1 739.328962 440.117238
1 973.331642 581.856048
2 960.949527 569.570709
2 935.966839 653.051092
2 888.106214 369.840557
2 927.315655 378.736469
2 683.668105 524.249998
2 761.356937 492.751501
2 691.004191 582.766931
2 979.082283 493.955603
2 828.378831 474.763314
2 848.086646 586.213854
2 811.866568 632.505143
2 732.608011 515.422528
2 879.844751 592.811505
2 735.073520 632.649006
2 751.724726 452.877944
2 697.186770 591.876354
2 773.996828 552.161962
2 933.404402 379.427592
2 816.502501 606.469002
2 902.932218 421.229533
1 896.340617 541.897274
2 704.874533 519.022377
2 861.869547 555.907815
1 938.274128 559.555634
1 988.217663 420.770361
1 818.288700 425.980048
1 883.005682 542.184311
2 701.130159 565.493885
1 795.261055 454.554480
2 779.157859 637.045477
2 835.576325 472.456585
1 755.679122 493.319294
2 750.869347 618.306144
1 987.687434 414.798204
1 823.494824 408.743591
2 758.756609 479.059919
2 899.731027 354.509490
1 992.488939 582.481564
1 759.384583 473.695121
1 884.531991 458.304563
2 848.541122 492.540532
1 920.980581 374.952561
1 878.405770 447.062847
1 693.189478 646.866795
2 758.486457 634.509580
1 784.238373 473.706116
1 837.795709 472.104159
2 868.788652 584.994822
1 961.666897 377.425596
1 978.623981 620.135153
1 694.945435 490.314880
2 862.371920 441.742896
2 789.782624 526.164678
1 818.843501 903.990710
1 777.875427 961.349815
1 784.662348 807.976081
1 698.351632 832.887170
1 861.669362 870.495413
1 884.976513 967.340616
1 776.948956 925.669527
1 985.729791 736.182174
1 705.506024 782.124510
1 752.682000 760.811311
1 889.445493 755.067427
1 991.276271 928.139018
1 774.961623 824.542234
1 761.411600 684.993317
1 742.257953 755.718707
1 948.075843 711.627920
1 790.947674 667.164776
1 787.572453 772.058655
1 753.908400 957.381225
1 729.567595 828.907751
1 804.312989 796.868233
1 992.452014 887.245723
1 973.469796 973.959822
1 984.950837 781.143714
2 806.888779 903.158509
2 719.869456 922.801414
2 711.178231 902.302355
2 910.685141 887.346740
2 955.729005 752.378792
2 824.573524 951.077650
2 688.667302 741.599192
2 851.580954 973.453359
2 901.751763 901.376158
2 828.199575 803.765985
2 730.353121 806.652293
2 851.828095 829.326335
2 957.127626 945.695485
2 670.284679 670.533588
2 673.480700 875.861290
2 853.446083 923.633050
1 910.826110 816.759150
1 670.358242 885.826355
1 788.876160 749.471715
1 693.545561 816.639329
1 978.845876 906.268232
1 687.588516 792.357357
2 883.316060 988.599774
1 766.159796 956.823334
1 991.869942 810.230721
1 978.322005 938.028969
2 968.036442 922.231703
1 984.589441 827.351714
1 967.020722 724.099361
2 747.923900 783.581794
1 975.937503 756.397537
1 938.572555 809.208642
1 804.709237 986.353645
1 965.239738 925.290741
1 845.583480 962.691214
1 685.981519 825.983086
1 733.972931 748.728498
