1 214.176846 164.074055
1 206.669392 164.939290
1 210.958168 179.125455
1 189.331589 163.877402
1 203.527437 163.832954
1 193.067098 161.343859
1 201.970054 177.160632
1 203.531713 193.973627
1 216.060535 192.472274
1 198.853969 176.148251
1 192.250519 197.907028
1 183.153069 197.091140
1 189.229870 181.374885
1 199.026631 174.339036
1 190.123317 178.772194
1 211.479674 193.053529
1 200.678000 184.928028
1 185.497611 180.646397
1 198.505473 182.127880
1 182.344040 172.955946
1 186.702925 186.835629
1 209.131122 169.530986
1 205.148379 156.622375
1 203.190361 193.766879
1 175.586815 211.613622
1 180.326952 179.233228
1 177.767995 123.905033
1 174.958182 153.491411
1 211.165461 190.722412
1 191.942016 202.851099
1 221.098720 204.924248
1 249.302524 171.359656
1 193.515410 183.387847
1 192.572292 197.006604
1 219.047154 176.515540
1 216.279948 205.069211
1 163.575444 224.628151
1 156.590779 209.208547
1 195.504409 195.375931
1 122.806490 203.308246
1 178.643578 161.251519
1 209.816506 190.480621
1 175.532534 212.806627
1 181.179641 205.972333
1 205.645822 187.614432
1 224.495713 142.607691
1 202.943773 195.623101
1 211.889127 181.349163
1 192.705040 175.987210
1 206.624415 198.140513
1 203.471563 192.444252
1 206.744284 177.539316
1 194.562361 185.539372
1 216.251248 216.404724
1 182.365601 151.565054
1 173.480968 184.397919
1 173.786986 159.065350
1 199.120317 187.346267
1 187.348046 180.458271
1 210.457268 138.581707
1 128.147092 171.904509
1 161.696141 229.685669
1 200.651769 136.238442
1 189.490069 169.103606
1 208.559829 210.637577
1 176.058199 193.273039
1 154.814034 176.078288
1 204.173376 213.105446
1 210.656336 196.906453
1 210.625297 168.845289
1 249.496977 221.536230
1 176.886270 191.891987
1 231.620694 157.214048
1 196.775517 161.688978
1 165.067332 170.311220
1 192.520356 204.034699
1 209.210352 242.271455
1 245.893976 143.980440
1 206.846834 123.970595
1 210.798367 219.933629
1 189.325264 176.157272
1 206.741357 161.289620
1 213.618656 217.586064
1 149.233188 227.532846
1 156.006142 201.752011
1 177.597791 146.451336
1 213.268074 148.468320
2 59.664177 453.414726
2 50.576305 436.787278
2 58.482343 434.984402
2 43.175214 434.119097
2 58.804816 428.815023
2 63.347146 425.863559
2 60.732494 408.726670
2 72.406240 438.663397
2 68.614963 418.307461
2 67.604440 409.186050
2 50.591738 412.758446
2 74.532559 427.224107
2 45.398665 416.726962
2 64.811656 413.906890
2 39.766784 432.656259
2 54.629899 427.696813
2 39.445893 422.065107
2 64.010856 425.553187
2 59.602518 430.313672
2 80.182577 438.192942
2 70.931752 442.930283
2 61.246465 421.775181
2 60.792721 428.363508
2 61.668450 429.694248
2 53.810192 419.722364
2 56.705041 425.612133
2 56.175670 411.315359
2 83.436392 431.710276
2 56.345963 431.619136
2 62.089104 430.141319
2 43.408837 443.731623
2 62.548742 428.029501
2 65.727367 424.865274
2 71.831915 415.201987
2 61.552714 420.683760
2 54.332525 422.651007
2 65.391002 431.691994
2 45.589576 434.050779
2 63.955935 438.324871
2 40.333242 444.457525
2 47.776520 438.419990
2 83.859896 425.730642
2 79.686147 431.200987
2 81.003035 439.915589
2 30.304269 415.965851
1 320.456027 662.858710
1 323.890789 660.534836
1 330.975532 595.213110
1 137.580917 790.113407
1 154.195366 773.573497
1 148.767415 779.060031
1 148.218661 777.629893
1 139.421185 798.342218
1 138.908182 789.084680
1 146.418749 784.457072
1 160.131038 787.909778
1 150.308837 780.140365
1 146.027089 803.146904
1 153.580006 777.188003
1 164.555545 789.736037
1 163.909595 777.338638
1 146.093343 790.984559
1 136.628337 785.524255
1 135.578839 792.133503
1 153.267474 780.133094
1 129.636304 786.653029
1 147.859911 793.014543
1 165.789670 780.267917
1 170.979326 792.811980
1 143.297630 795.898551
1 146.283493 780.222102
1 157.033526 783.322430
1 154.356766 782.354495
1 144.477388 777.595097
1 204.493813 766.204456
1 165.473703 798.942659
1 120.558998 800.667611
1 128.914464 772.015658
1 165.538469 757.908129
2 319.623446 860.812754
1 179.033219 777.516585
1 181.324779 776.678827
1 113.549131 767.877527
1 99.162194 785.949695
1 141.327997 797.682535
2 329.029610 853.578925
1 187.708798 775.021785
1 127.951486 776.686811
1 125.029151 749.950370
2 328.557144 841.737305
1 327.659633 707.331284
1 138.480774 789.667433
1 248.002743 835.797385
1 110.010980 807.995486
1 106.364305 768.149582
1 154.436666 766.451173
1 129.320306 810.416839
1 328.343048 741.034457
1 134.512725 808.483322
1 109.594528 813.651725
1 171.909871 754.613460
1 166.973103 762.469535
1 135.437214 781.815880
1 22.482857 766.277553
1 174.405980 790.253107
1 153.686999 756.564755
1 163.939189 753.278178
1 150.206000 785.035634
1 137.070545 788.359884
1 122.828991 819.260071
1 117.213091 790.195373
1 185.337445 814.181186
1 169.130920 786.945803
1 104.979093 764.744049
1 169.293985 841.845637
1 198.147807 814.583258
1 126.046226 787.489984
1 125.358893 790.322589
1 145.684191 832.153557
1 143.928927 821.348746
1 180.571352 787.551187
1 84.445106 790.093917
1 105.611863 792.440904
1 116.200389 786.741109
1 147.973067 797.778864
1 93.265519 856.251970
1 131.220751 787.246443
1 168.161443 816.077384
1 165.756733 792.688423
1 108.239211 751.596531
1 160.935965 813.513790
1 107.865726 791.671010
1 214.334141 747.026289
1 102.875781 779.348796
1 57.423252 767.963190
1 103.776494 727.181028
1 149.288142 759.628956
1 140.006805 813.458292
1 135.476202 791.741207
2 499.585782 134.991032
2 484.248733 151.095240
2 487.072859 134.072046
2 483.869978 133.688808
2 506.632547 149.885286
2 492.965995 129.845313
2 518.370217 137.655406
2 500.372290 132.347817
2 487.886167 155.139001
2 493.720714 134.765195
2 500.592111 143.538737
2 509.219396 138.393067
2 509.805614 158.859363
2 494.685072 156.280964
2 516.707945 155.811111
2 512.198795 143.865391
2 498.891104 142.434045
2 503.031665 142.810787
2 503.838197 164.691625
2 496.084056 144.129262
2 493.997559 149.054409
2 516.354893 141.664266
2 492.726283 160.391446
2 497.273132 140.416961
2 487.985610 127.781588
2 480.665799 140.519273
2 491.863470 139.404843
2 484.169628 124.939385
2 502.431803 130.208756
2 507.653555 163.648638
2 490.172815 141.775291
2 497.665782 137.406016
2 504.235634 136.967520
2 507.121802 126.362128
2 504.037112 143.205893
2 519.923327 144.451390
2 507.237126 134.154348
2 497.827101 132.321328
2 520.065446 142.572758
2 485.296409 121.877189
2 495.878229 119.440463
1 409.232629 630.668999
1 393.944144 650.141133
1 399.197276 650.149638
1 405.431374 649.333913
1 400.259023 649.944374
1 399.088965 649.256337
1 395.487644 652.575963
1 411.968041 650.520766
1 398.848586 635.686138
1 408.133576 630.837110
1 399.173399 644.191207
1 409.607785 663.929181
1 399.641320 649.664334
1 400.950645 653.944074
1 381.955513 645.056636
1 405.424793 638.575822
1 401.354440 647.757411
1 393.340697 642.555826
1 395.338749 637.154486
1 423.036678 654.281203
2 566.327921 479.929622
2 559.645556 478.749257
2 563.369408 490.282628
2 573.381410 471.477110
2 559.161220 474.688788
2 557.486451 481.565274
2 563.704203 473.647680
2 558.252617 486.808067
2 558.899972 479.781194
2 548.343974 488.373185
2 559.745212 479.979779
2 569.635254 470.297255
2 547.504747 473.173566
2 568.280122 458.401332
2 552.993692 480.154732
2 536.452940 475.645585
2 545.797056 473.774194
2 567.445625 494.042759
2 543.069621 483.761617
2 558.284391 476.821103
2 547.655082 458.294657
2 561.074381 495.485274
2 566.168079 497.857587
2 557.684401 461.115869
2 552.590856 490.349685
2 560.512513 470.929234
2 563.243376 477.289553
2 542.971177 465.114985
2 544.830961 464.668945
2 567.193653 481.763242
2 564.631733 472.059136
2 580.142647 476.366680
2 565.634408 455.665149
2 557.992754 503.939145
2 580.160206 485.271098
2 564.291244 478.719299
2 548.831643 495.501298
2 544.664903 471.243575
2 568.669514 482.475636
1 341.540290 643.852993
2 531.043860 512.046785
1 440.650534 609.966054
1 396.853006 661.977759
1 394.043176 649.244559
1 445.442227 637.200413
1 377.646477 639.132360
1 425.553710 644.359824
2 603.688543 482.735263
1 401.446383 625.633777
2 556.921793 444.866518
1 360.618656 640.976238
1 408.443311 628.607063
1 393.856022 652.682504
1 384.345231 624.229019
1 359.387234 651.582705
1 414.666531 658.598282
1 423.761300 637.671829
1 419.956240 648.499283
1 465.223339 665.133022
1 362.828558 646.125155
1 367.857142 620.044434
2 547.692604 517.075515
1 373.736324 608.463043
1 423.601645 621.332409
1 383.054253 666.509682
2 498.151161 420.425960
1 431.396556 657.284405
2 537.607472 506.972198
1 417.557013 623.974511
1 412.593294 582.155614
1 339.838398 648.884266
1 442.200627 654.169912
1 461.995051 644.514104
1 418.216600 641.470519
1 412.790810 615.513071
2 514.227077 490.820235
1 393.493980 586.280482
1 432.153550 655.184139
1 468.777555 641.076611
1 429.202706 602.556094
1 403.055501 635.777294
1 407.996615 602.765879
1 442.839666 634.795074
1 423.662612 559.422994
1 367.809963 616.837918
1 408.646901 639.050755
1 402.120988 618.736572
1 414.332700 637.619188
2 562.070543 515.386225
1 440.897570 652.358239
1 432.119724 616.942850
1 412.345154 634.996421
1 432.199087 659.778647
1 452.789956 611.524782
1 395.064028 628.826291
1 384.595677 585.524901
1 382.698352 625.988086
1 409.660942 650.854619
1 458.931838 646.319252
1 412.388177 622.368634
1 393.472536 602.993912
1 341.871465 637.224930
1 402.509214 636.543608
1 383.872994 606.596453
1 446.773040 637.152317
1 376.313590 658.576862
2 561.254973 540.586723
1 422.761294 649.177462
2 544.974687 446.453484
1 446.221005 612.023558
1 346.799496 584.739269
1 358.552154 643.005593
1 415.418408 629.641810
1 406.108410 635.364737
1 391.882818 664.789667
1 375.573685 645.011566
1 394.954126 674.308099
1 395.577588 668.116983
1 394.221399 669.527537
1 554.016372 799.904415
1 566.340280 801.260464
1 560.549366 808.971070
1 587.251436 782.693528
1 587.747347 813.579480
1 583.242380 791.272099
1 552.745377 812.852118
1 566.634687 799.764181
1 577.898006 790.170492
1 572.145453 786.877142
1 574.188549 798.183811
1 555.463841 818.504065
1 560.629967 802.699365
1 556.173005 808.304817
1 569.348468 803.664456
1 554.189676 788.492689
1 565.268759 792.765162
1 553.812317 802.677720
1 551.165307 798.782531
1 564.321143 806.739449
1 546.552111 799.804377
1 578.038975 812.878854
1 570.841369 788.925269
2 402.161750 844.896420
2 378.960659 833.429814
2 409.237313 811.380150
2 399.890100 830.041025
2 400.025746 809.960347
2 405.207302 850.738799
2 397.114311 827.173351
2 397.580039 831.068220
2 387.290173 814.781166
2 402.382769 830.642689
2 411.152661 844.794265
2 395.711069 837.208026
2 399.501159 818.059710
2 398.257724 839.003859
2 376.583223 838.678080
2 382.307555 837.874612
2 416.083383 812.282884
2 385.918454 817.639902
2 412.266138 813.407596
2 413.065501 846.807698
2 415.642324 835.764118
2 408.008256 824.890422
2 390.094158 829.951194
2 398.878255 849.165779
2 401.366324 848.649844
2 401.175089 840.522349
2 399.819838 837.191383
2 398.449407 821.013905
2 402.179150 831.091748
2 405.133892 836.167852
2 418.329704 828.496631
2 400.384027 826.575821
2 391.501291 844.196585
2 402.664223 816.254259
2 402.357607 815.581699
2 393.088402 831.176945
2 397.917414 854.296024
2 388.306593 841.258806
2 382.629465 844.753000
2 399.201909 828.069393
1 587.848603 770.051418
1 555.163077 811.762862
1 580.086800 845.838423
1 567.078889 854.355016
2 452.431434 812.462553
1 565.210618 819.057930
1 611.008879 758.012129
2 411.696891 797.234970
1 563.922584 804.801722
2 370.112525 832.387054
2 354.977808 867.248856
2 391.329453 860.784279
2 410.808958 801.813595
1 564.828855 777.392637
1 382.705372 686.376831
1 655.985956 703.126068
1 529.196826 804.417535
1 541.919728 767.005712
2 417.424693 820.082074
2 441.830834 848.979035
1 573.155125 764.484226
2 417.503279 833.216574
1 351.273344 699.508605
2 403.969624 794.001372
2 423.242580 805.875807
1 406.174073 669.871343
2 376.081614 797.104442
2 406.125842 832.186079
1 561.364978 840.579402
2 448.358778 851.054306
1 632.561393 778.350271
2 425.006273 829.565236
2 358.534637 839.572388
1 560.546217 834.162195
1 346.582428 702.332951
2 374.945125 812.131313
1 602.503783 825.184923
2 397.017907 742.310344
2 373.681498 845.017057
2 380.380456 816.684488
2 407.343355 842.188059
2 453.843426 879.488908
1 401.046124 701.989982
1 576.846703 801.784146
1 575.208298 823.645056
1 518.187198 789.354544
2 407.991562 830.595159
1 567.794336 804.935126
1 521.124884 855.710428
1 562.822249 806.782318
2 396.240894 814.455936
1 602.036126 836.671354
2 359.098819 846.344076
2 400.992315 838.714287
2 379.543982 859.615727
2 415.504175 821.724336
1 552.273182 864.819296
1 559.598752 780.593674
2 464.914046 852.744766
2 403.907916 779.996457
1 609.104074 873.862797
2 383.184594 797.228307
1 581.701837 828.904984
2 438.724362 787.403137
1 582.245792 767.442148
1 554.824253 818.109758
1 544.153089 860.412490
1 593.230723 743.889880
1 440.411482 695.784919
2 386.826462 842.879483
2 442.278318 834.155801
1 524.388701 852.666059
2 425.859557 809.323827
1 597.954256 741.870316
2 410.838566 854.421360
1 616.499793 836.746915
2 417.762753 813.638021
2 379.246941 831.539725
1 539.198620 864.489015
2 374.628790 841.288387
2 397.674684 782.030068
1 572.979247 815.510979
1 562.960760 800.137258
1 587.021535 791.118275
2 478.533060 853.002100
2 387.038725 824.555863
1 542.156593 817.577606
1 580.490259 743.162031
2 413.095251 780.957490
2 437.529461 835.602453
2 447.739792 819.479052
2 423.882008 843.966025
2 371.220411 858.144180
1 541.784819 818.892809
2 426.720195 824.742345
2 440.199248 790.757974
2 377.552006 886.547027
1 562.945156 854.760131
2 389.698408 822.605712
1 522.990863 813.673103
2 423.890935 826.737653
2 498.135081 863.885373
1 606.324388 834.891895
1 585.177753 863.903944
1 421.112946 684.338989
2 392.192459 822.860962
1 542.750185 804.151354
1 584.527862 790.996580
2 434.608942 815.405227
2 382.616126 800.127738
2 453.955709 818.711880
2 421.817249 836.799377
1 410.554096 695.484957
1 588.228374 824.282218
1 475.219851 686.636083
1 557.754808 798.832862
1 577.179391 808.396725
1 541.012967 894.220093
1 591.314220 794.348230
2 367.466689 769.003969
1 335.133699 724.229733
2 368.108546 828.728702
2 404.854538 757.696255
2 337.970586 908.076121
2 360.560907 838.340130
2 409.411795 840.769667
2 393.016390 839.805625
1 569.608479 855.620191
1 591.868999 712.828842
2 346.756805 786.898450
2 366.659654 778.819088
2 353.259449 848.034018
1 367.324876 688.673847
1 427.100725 681.180253
2 384.402458 827.538649
1 378.533751 683.190058
1 612.435271 850.300620
2 362.459493 856.190094
1 571.273566 774.509226
1 543.294515 766.950912
2 388.108709 779.942711
2 410.786951 818.785475
1 566.469857 846.003677
1 506.771402 672.852224
2 437.197202 849.663946
1 422.429935 686.276211
2 452.760125 794.098525
1 604.547972 800.092248
2 431.126399 792.835653
1 614.391464 815.222156
1 594.120349 741.086472
1 536.866219 795.379588
1 553.996090 825.554879
1 596.754736 912.559755
2 446.002699 788.501117
2 459.991884 899.179447
1 579.540874 797.210338
2 423.195511 859.365151
1 546.382999 830.171635
1 548.806914 851.002697
2 526.230455 858.338876
2 450.742054 796.681374
1 415.661016 672.837887
2 494.573814 818.179577
2 472.668176 751.406128
2 360.118617 781.239250
1 547.487097 794.766251
2 457.555171 801.352692
2 402.745371 832.794894
2 431.204800 796.646798
1 537.600905 768.855077
2 399.647648 725.859752
2 476.060366 798.659852
1 441.401296 686.417023
2 390.103445 839.621670
1 548.904691 835.399104
2 397.725382 727.104819
1 575.927775 785.605214
2 396.057138 840.488602
2 459.759295 828.615899
2 466.964329 702.071644
2 402.169671 871.441956
1 545.654874 773.267962
1 577.802278 804.850306
1 576.243139 858.263552
1 829.830806 294.046739
1 819.562622 309.232983
1 816.029020 288.743721
1 821.751465 291.149601
1 818.087407 302.558102
1 825.283169 296.602609
1 818.450751 282.660983
1 819.187439 300.062221
1 819.024018 294.624643
1 818.992631 313.060734
1 814.952164 321.010370
1 825.252307 296.898763
1 809.983797 301.390875
1 823.426854 290.314283
1 831.735188 292.686087
1 805.251090 281.217554
1 834.640377 300.015460
1 803.484546 312.865743
1 814.325253 299.945888
1 820.367570 318.818264
1 829.097847 285.173884
1 826.692363 330.746128
1 870.567824 271.448906
1 820.935489 285.864006
1 785.807494 263.999391
1 851.487990 307.201556
1 868.765885 258.792587
1 769.711354 252.871576
1 830.827341 312.596409
1 847.450389 269.220271
1 824.243948 291.547665
1 828.931469 306.378133
1 851.241595 265.626083
1 759.382838 324.181857
1 821.628451 281.983425
1 829.099613 307.672643
1 865.941085 295.187621
1 767.053391 274.771367
1 870.567824 271.448906
1 864.791490 274.401004
1 821.266393 267.701517
1 787.072926 308.197654
1 831.823919 269.068411
1 782.234662 306.840750
1 850.856657 289.209504
1 732.248946 269.354729
1 807.249805 316.514583
1 856.696491 260.456441
1 835.037466 286.981764
1 812.822928 299.736960
1 817.091198 299.921413
1 855.344370 286.823325
1 874.805771 285.216893
1 849.939965 288.236168
1 795.316240 314.239459
1 848.064476 332.278779
1 825.533899 296.003301
1 861.646759 307.475268
1 871.975349 329.705003
1 860.284554 320.193515
1 932.792512 223.056352
1 872.694871 277.350159
1 805.241919 297.968779
2 840.676232 608.621616
2 846.066883 625.840064
2 851.954105 627.968782
2 854.026035 648.220403
2 839.991632 615.530566
2 853.077069 632.163393
2 838.369887 634.561641
2 841.955730 613.519406
2 866.584727 624.813974
2 828.963805 622.449259
2 852.416090 642.763955
2 837.016986 614.694498
2 843.478089 641.697435
2 863.400528 639.149061
2 859.753973 642.335668
2 837.233535 635.162835
2 853.881323 619.546542
2 853.359522 611.015333
2 850.418268 615.658842
2 858.067359 619.559308
2 850.318600 639.521488
2 835.521914 631.914579
2 831.556330 614.604932
2 856.027421 643.177058
2 852.373098 634.690302
2 851.245743 630.290808
2 853.265255 626.674026
2 848.812040 628.612968
2 850.192135 635.737483
2 854.054095 633.278565
2 849.995893 630.763458
2 846.559716 642.299393
2 834.979246 636.262926
2 856.436795 633.342058
2 852.717873 632.804110
2 842.090755 638.151091
2 841.498960 633.550477
2 831.691895 631.432495
1 792.932409 338.251796
1 812.296780 344.744195
1 855.061998 373.801559
1 788.972393 340.617786
1 821.896187 335.741612
1 849.734052 357.394022
1 784.197024 351.081843
1 796.227145 348.034206
1 780.551743 392.301253
1 868.243248 423.167013
1 880.641049 347.025514
1 683.768720 737.128768
