1 210.114308 186.948301
1 205.196307 190.114481
1 201.889364 166.244283
1 200.028815 178.904122
1 188.380839 167.329228
1 212.278736 161.253949
1 212.483211 172.490510
1 203.705688 176.662764
1 208.432975 176.476157
1 191.860712 185.192797
1 199.578806 182.418145
1 186.174945 200.079040
1 204.553109 188.063940
1 196.939850 198.505773
1 199.999612 180.015226
1 201.650211 166.035300
1 182.203108 183.478241
1 198.891638 173.225857
1 180.544847 186.930235
1 212.387992 187.255458
1 212.946587 178.048028
1 181.902077 174.280506
1 179.717881 187.837870
1 214.856571 170.711981
1 184.536981 177.049929
1 194.252804 187.623283
1 201.516642 175.161366
1 209.057956 178.535843
2 293.914801 136.273860
2 294.372177 189.389279
2 247.747488 300.629079
2 304.332227 62.381701
2 240.868928 171.431778
2 158.408097 123.982872
2 238.095347 173.144910
2 317.447416 179.969107
2 225.903249 289.597707
2 18.138077 109.929903
2 3.136457 219.714821
2 129.998060 280.385958
2 246.814734 268.601933
2 31.140934 115.490686
2 265.037625 240.178044
2 140.521718 239.398896
2 203.383335 10.801702
1 240.354905 187.679497
1 210.843524 235.294898
1 223.537373 159.165811
1 221.745973 194.476308
1 220.902603 185.009065
2 192.929962 287.706930
1 227.193504 120.500396
1 222.010492 177.591080
1 225.754912 162.421019
2 145.356739 260.530484
1 145.685982 186.982068
1 183.848649 196.394116
2 195.835690 6.116684
2 238.071289 165.477192
2 195.429649 135.169572
1 156.989521 162.878931
1 188.397332 218.714645
1 204.863268 196.701362
2 283.060392 197.942306
1 200.857405 188.043435
1 174.409459 178.402218
1 183.592829 194.900900
1 157.642407 140.906707
1 179.578720 206.582298
1 243.626989 140.713974
1 222.653164 194.077224
2 262.180013 160.612969
2 308.586364 270.088872
1 138.460567 219.424938
1 237.487995 179.675489
1 215.716665 193.928717
1 199.014404 206.005081
2 165.671496 275.388118
2 312.340437 191.400122
1 192.163397 202.674980
2 144.737012 136.603226
1 161.667592 159.074035
2 248.502375 14.113163
1 240.459673 200.550918
1 192.597784 189.982416
2 306.685713 254.968716
1 228.784783 195.631572
2 185.547422 120.861732
2 168.830366 309.665237
1 267.146435 152.197132
2 43.110848 58.861475
1 248.209298 90.185138
1 220.093686 170.940569
1 214.528713 145.560712
1 256.937462 221.419418
2 291.868008 214.530323
1 198.325980 210.953325
1 170.471385 158.359246
1 191.359484 203.575758
1 185.737773 159.147300
1 183.039732 182.325620
1 232.751967 129.615152
1 181.422047 201.948685
2 112.814077 81.410579
1 186.996335 246.402899
1 238.221956 140.810413
1 139.378290 186.702456
2 142.832467 257.501479
1 144.627754 104.578068
1 166.212856 154.435675
2 303.583965 286.624920
1 237.841560 159.203413
1 184.631521 229.636281
1 236.759999 188.660054
1 198.919962 126.445117
2 219.197590 107.606918
2 222.638403 10.459658
2 280.348754 210.620354
1 204.786227 186.487531
1 214.938835 182.022077
1 182.187199 167.989778
1 152.272190 215.364529
2 218.282142 181.987224
2 144.823806 293.638500
1 209.613269 184.811582
1 236.544834 164.536773
1 172.797825 142.459614
1 176.873971 243.881083
2 75.111226 281.355560
1 213.088463 165.983293
1 253.975655 169.513474
1 212.201655 162.455724
2 297.258982 187.669519
1 229.946422 149.325762
2 324.327478 172.939129
2 203.195314 131.830468
2 137.344565 290.085709
1 127.718231 117.453122
1 226.131990 187.306880
1 138.084438 188.012079
1 157.120914 189.206963
1 236.031818 190.004720
1 201.026878 214.024752
2 306.590860 184.022965
1 221.806345 234.172083
2 248.741689 298.026934
1 176.676618 161.571889
1 142.734013 97.445560
2 313.852197 171.983379
1 166.860726 183.959555
2 306.359540 278.729338
1 226.148524 170.948058
2 195.061263 28.455748
1 203.989839 191.019078
1 213.210040 182.720578
1 184.625701 169.632370
1 192.026327 215.470886
1 177.958972 162.544399
1 208.757938 146.858719
1 200.138242 205.352059
1 200.611253 146.011355
1 130.446900 250.118290
1 164.438230 197.236768
1 253.759760 207.516344
2 21.213694 197.678214
2 20.994490 632.140718
2 66.088670 339.827348
2 153.389716 641.988353
2 215.846863 380.439899
2 176.469311 624.306723
2 28.754951 434.886062
2 258.849622 571.780342
2 285.577834 399.682199
2 243.642724 359.433039
2 134.954239 645.637362
2 99.191083 646.504344
2 207.408084 475.388057
2 175.878546 664.310229
2 217.484905 390.948159
2 305.048972 623.482879
2 10.726040 368.038493
2 333.283298 613.928421
1 332.043845 650.666328
2 328.845154 610.341644
2 190.304584 651.319009
2 326.491998 585.750619
1 281.559653 623.744612
2 91.407081 618.936908
2 145.219727 613.214826
1 145.030728 772.537774
1 157.487720 793.321122
1 126.746203 786.033927
1 154.390032 786.035741
1 152.529190 780.121808
1 140.785421 784.378476
1 129.883861 767.236260
1 148.994945 781.462857
1 139.319658 769.947154
1 150.635253 800.337475
1 139.604911 775.162807
1 148.445724 798.992661
1 147.551750 782.847987
1 146.637271 794.320656
1 165.210033 792.478869
1 145.398130 795.977175
1 137.038868 779.913534
1 148.886593 775.785309
1 154.683136 787.143884
1 165.169143 762.646692
1 131.403224 778.324781
1 147.781349 780.633312
1 142.264031 791.512781
1 144.954823 801.106475
2 45.445622 846.788738
2 314.745031 695.223919
2 278.842459 682.923933
2 144.085517 872.816056
2 235.255087 804.442660
2 66.431093 926.363874
2 155.089063 886.894080
2 206.757819 820.565459
2 95.990597 827.499648
2 100.781039 780.964956
2 97.995087 682.932946
2 109.632884 844.386862
2 186.317673 845.551338
2 54.460575 712.218472
2 132.847880 719.890740
2 92.891069 894.358573
1 134.629427 812.256405
2 114.919921 887.943958
2 131.415549 802.343424
1 170.359437 836.730218
2 205.556169 824.758078
1 101.589411 762.413478
1 147.019416 745.386446
1 152.434795 765.319277
1 112.339162 776.696601
1 142.758063 762.366303
1 180.195850 783.684196
2 146.027283 855.701711
2 129.311511 818.143194
2 51.867111 829.263818
2 203.590848 867.450924
1 173.846130 763.202391
1 142.894525 801.525934
1 136.044826 780.295455
2 155.820751 809.628198
2 194.145836 832.156244
1 162.188496 802.585578
2 268.489867 800.402354
1 133.525891 792.759142
1 134.311154 796.262206
1 133.967030 804.508455
1 161.910454 754.024825
2 93.650345 832.890254
1 145.747608 734.202388
1 158.849734 812.710350
1 158.054347 763.551519
1 119.930640 789.697027
2 135.124688 773.779312
2 79.649436 822.562221
2 94.635862 826.396430
2 287.201767 797.438828
1 155.974510 772.366647
1 109.268765 837.522279
1 174.222029 762.380460
1 209.580337 817.982373
1 139.394381 803.276387
2 124.295137 779.839277
1 155.674027 795.609422
2 102.619786 735.870080
2 24.815776 736.082874
2 45.069874 828.160309
1 150.418473 788.055590
1 137.992093 771.938330
1 64.903330 740.745158
1 139.995738 798.067409
1 177.055085 782.290436
2 208.179696 878.099327
2 93.688684 858.730425
1 145.169814 767.323333
1 135.346962 771.648563
2 114.425600 745.084767
1 162.502563 767.485354
2 85.664595 853.814706
1 229.694482 753.583746
1 124.430665 791.031382
2 284.901426 816.717240
1 96.481183 807.054990
1 191.931698 787.975068
1 151.428930 841.253669
2 124.538942 819.966066
1 155.609569 766.488963
2 231.231358 735.434788
2 10.313034 807.102086
2 110.669428 798.001096
1 127.324979 767.901928
2 149.475522 875.691851
1 115.140718 778.303072
1 123.913676 805.948833
2 91.256615 768.929056
2 163.036370 873.531945
2 111.397049 851.589253
1 135.937642 797.716173
2 48.031780 829.332739
1 134.233205 790.889433
2 256.196089 844.827528
1 132.336365 776.795215
2 138.831090 787.797809
1 146.652097 767.685565
2 99.945091 776.848841
2 92.688167 732.455755
1 155.974510 772.366647
2 84.936579 787.497094
2 274.795099 732.095608
1 218.272800 741.453701
1 172.004150 746.735494
2 98.429120 684.084671
1 156.568763 767.950542
1 147.253710 746.640437
1 187.028192 768.466014
1 163.288196 850.708415
1 212.257579 757.209903
2 163.777536 902.340197
2 271.713418 685.871081
2 178.424432 829.762828
1 135.265708 845.878602
2 138.644490 849.640642
2 62.639497 769.633821
2 108.278388 891.690711
2 223.458447 801.992934
1 140.566111 736.103332
2 145.029220 871.913907
1 166.171313 786.381871
1 144.802082 766.133389
2 183.469295 904.720233
1 108.188290 787.138390
1 201.206351 742.812908
1 199.263318 707.050931
1 140.116619 792.055752
1 128.659367 825.379022
1 159.696997 819.605480
2 130.515938 844.282410
2 216.021302 850.884524
1 119.179773 697.958065
1 153.639649 744.146237
2 303.781519 695.696634
1 159.178111 815.515116
2 96.027036 865.116528
2 94.642670 814.637927
2 215.434570 752.944508
2 204.474322 822.394962
2 169.126267 810.182733
1 175.150388 812.992957
2 1.027947 806.909071
2 141.702365 780.641832
1 181.310899 793.336428
1 161.876531 735.039630
2 84.350070 677.752917
1 180.416675 798.402925
1 122.439303 718.718280
2 143.753751 819.800924
2 150.903634 818.332194
1 115.533891 766.124808
1 173.281924 692.782024
1 125.423095 774.997638
1 147.889189 787.020748
1 205.291002 782.747407
2 227.865685 829.510386
2 114.108932 713.487308
1 143.616958 736.029368
1 171.785807 742.922996
1 86.265056 668.625514
2 136.220310 700.448789
2 146.686573 827.986434
2 349.778605 9.205542
2 605.066590 47.788371
2 581.120796 112.089809
2 665.653347 275.935088
2 363.834378 164.526498
2 647.042743 256.695106
2 666.366008 82.483431
2 649.420891 250.178670
2 429.921659 60.700783
2 340.834231 314.390766
2 608.180601 176.614387
2 581.659812 104.667085
2 584.759719 8.514276
2 406.604858 243.912258
2 623.500289 78.874461
2 402.867411 243.143525
2 334.950622 271.238755
2 444.498006 305.325461
2 571.288115 214.680961
2 335.086399 281.682403
2 336.737523 255.372486
2 357.084819 53.800806
2 665.162755 295.969914
2 621.092859 21.198250
2 346.879220 195.858013
2 593.144414 8.864519
1 403.504982 652.571265
1 405.143784 645.741016
1 399.545928 650.646476
1 407.056579 652.214464
1 412.893603 637.657770
1 405.531501 633.996536
1 399.327124 649.262928
1 400.506485 650.383943
1 398.752565 649.912308
1 406.456430 640.285232
1 380.384746 651.717041
1 408.039858 649.382839
1 394.418308 649.889421
1 406.652711 633.066539
1 394.835188 662.032331
1 394.118353 663.469716
1 402.351592 650.678890
1 393.106662 639.004447
1 411.733015 641.469493
2 363.487086 575.203866
2 554.207542 524.403726
2 407.654692 539.267475
2 409.899350 583.813836
2 569.053141 516.305782
2 472.503920 468.156992
2 638.136057 382.283967
2 514.384405 514.909617
2 421.769390 657.734760
2 346.897906 350.992522
2 515.624875 369.475080
2 379.458646 395.931238
2 603.739266 638.164720
2 493.003781 406.135317
2 622.657885 589.764738
2 624.977644 549.091301
2 418.523773 349.099599
2 651.343269 665.120359
1 415.848456 657.383625
1 367.740693 644.560259
1 386.794702 637.606520
2 416.936600 601.352447
2 415.283924 532.858677
1 369.901567 666.563169
1 386.144592 647.557088
1 411.032445 659.198556
2 470.328275 554.932874
2 414.284546 538.773872
1 450.795583 637.687781
1 358.902238 618.284235
2 371.599714 545.041941
1 417.029602 645.822600
1 383.898305 656.188018
1 415.559370 630.290645
1 390.060940 659.139390
1 382.608077 649.350947
2 477.965126 576.876766
1 347.319064 640.092706
2 352.830516 577.376738
1 366.168384 649.137334
2 434.585897 663.026166
2 400.955216 570.817600
1 383.410466 628.433783
2 493.205220 543.764104
2 437.562236 569.476985
2 491.397627 662.539977
2 408.145024 573.675291
1 368.360619 662.144515
1 444.949462 640.225045
1 364.138682 664.170695
2 426.781761 487.048220
2 426.700303 602.293490
1 444.250994 641.396181
2 378.248838 590.801268
2 464.520699 628.669350
1 374.781465 647.654571
2 357.617649 599.271235
2 338.390277 602.497406
1 471.057312 623.998819
2 472.579854 604.671977
2 350.294836 582.389947
2 430.823482 579.804601
2 617.078173 378.958245
1 440.830568 647.065693
2 399.310874 473.308078
1 417.018018 642.548616
1 459.095630 631.434294
1 361.558943 645.130920
1 427.179779 632.440960
2 409.526850 606.553191
1 403.051924 654.951937
1 463.581191 659.279232
1 462.956302 609.111636
1 406.990081 638.469715
1 382.525168 661.873154
1 437.026971 634.161066
1 379.261496 658.444553
2 409.766909 637.649132
1 349.210409 625.129027
1 452.151140 624.550412
2 591.104741 613.165642
1 381.446038 610.538810
2 337.143271 652.852826
2 421.507021 632.244313
1 338.187516 638.488404
1 383.812368 644.759016
1 421.817521 651.292281
2 422.193622 657.732758
2 356.585412 591.221002
2 402.280770 586.128247
1 393.734829 643.325441
1 404.460485 637.098736
1 462.857310 601.086632
2 426.391873 610.523376
1 401.023619 641.530445
2 436.920978 499.208639
1 382.070285 656.248662
2 461.746584 595.787320
2 458.731254 601.680825
2 486.576741 604.945954
1 426.210684 614.070200
1 403.110622 605.478551
2 403.167846 578.169126
2 401.207797 585.440414
1 411.668134 668.368042
1 591.487549 810.596792
1 581.619194 791.499844
1 550.314057 812.352350
1 585.959880 788.115219
1 549.161840 788.600295
1 569.200985 800.474026
1 562.278597 797.613960
1 571.998115 799.433039
1 572.089694 783.789241
1 570.978102 799.174940
1 574.647485 814.706093
1 562.839817 799.521881
1 586.486928 795.935543
1 580.683493 819.967901
1 571.582199 797.383136
1 590.387599 797.733528
1 577.335586 808.401524
2 601.527925 716.441812
2 373.322691 854.021838
2 642.694306 910.732831
2 659.645040 947.878012
2 486.398273 802.952947
2 349.544459 746.803773
2 381.538185 894.107693
2 339.589366 723.918474
2 382.367949 691.752045
2 408.423329 772.895511
2 650.792042 795.792364
2 520.087113 997.883590
2 447.291469 719.800295
2 473.722511 702.352219
2 648.836860 787.895538
2 542.324607 680.102779
2 622.243191 962.189270
2 616.138961 886.174952
1 568.009692 806.634170
2 611.103987 892.226906
1 621.316360 782.500755
2 338.187205 762.698589
1 585.515952 768.392959
1 472.474688 680.379525
1 551.233370 830.534780
1 581.570192 768.360873
1 413.639209 683.751745
1 550.694110 780.364122
1 572.984285 830.738633
2 565.225103 903.178953
1 569.467492 825.339776
1 602.681930 766.915647
2 550.300788 929.717917
2 614.769701 699.442203
1 523.606965 757.901733
1 376.973366 668.317973
1 560.873010 790.820805
2 626.988508 766.045539
1 556.156165 739.339948
1 384.302545 672.587707
1 547.838647 821.788707
1 561.528311 819.539647
2 580.955659 985.247625
2 563.743435 860.059091
1 558.129578 842.408365
1 540.276357 847.841401
1 514.556505 823.609576
1 589.613646 847.713977
1 529.554315 784.998703
1 544.143847 778.071525
1 420.955799 682.606094
2 545.441056 994.715764
2 598.814256 856.650124
2 524.541730 855.313548
1 530.784028 790.818537
1 562.588599 757.554230
1 441.454176 712.674056
2 524.009370 862.980959
2 606.831690 809.726594
1 400.573237 667.957247
1 587.062689 825.679405
2 640.886333 822.322729
1 546.229350 900.784229
2 591.543566 779.782127
1 546.966332 771.841433
2 555.622933 892.963091
2 599.632750 845.794220
1 617.579599 759.683758
2 551.965634 743.747846
2 389.883191 688.337715
2 585.239307 823.125810
2 614.843188 682.257300
1 367.911340 676.157977
2 618.283147 889.537479
2 620.239767 911.070510
1 532.207840 690.300762
2 436.070542 748.347541
2 378.562812 803.088030
2 411.691196 732.387908
2 404.734468 735.061421
1 433.373326 696.429082
1 356.627056 687.802689
1 529.029423 842.261398
2 392.276246 718.804350
1 536.846363 784.208604
2 417.376564 736.474483
2 412.477572 844.484314
1 556.942719 814.558799
1 613.951227 775.308762
1 359.696493 686.726070
2 587.054673 855.414976
1 576.058739 797.646026
1 537.047977 711.521187
1 613.916641 801.003334
2 457.630457 718.664521
2 501.318400 719.013993
1 547.237968 830.968520
2 609.039408 846.772061
1 409.781120 701.187798
1 555.183131 803.715045
2 557.441379 903.785927
1 355.920753 708.774715
2 374.705906 748.213531
2 361.546711 688.205945
1 593.478258 843.818782
1 416.877421 679.501454
1 584.653480 855.197406
2 506.575626 769.221188
1 567.659349 820.613860
2 596.682232 835.445864
1 514.920072 816.966872
2 385.098409 758.236485
1 546.338920 805.311277
1 588.353979 808.060299
1 587.375678 820.699246
2 571.305565 817.692932
2 557.538615 735.141025
1 535.815801 809.059239
1 396.003205 699.530413
1 566.955800 787.697445
1 576.392876 802.951013
2 622.416887 721.799931
2 357.894036 682.361793
2 607.830897 855.088772
1 515.224764 810.725774
1 385.943774 688.376006
2 575.076235 960.846528
1 498.985299 828.162326
1 564.653695 815.561142
1 378.186590 702.647434
2 641.538243 778.267990
1 352.582366 745.581339
2 643.774896 850.945922
2 586.732218 831.973319
1 567.077425 799.154427
1 595.730355 798.173486
1 513.035632 950.533997
1 548.795447 834.795330
2 583.263104 884.970933
1 445.493835 671.688982
1 443.174951 700.814293
1 594.350946 852.221328
2 372.239485 700.158053
2 556.004737 895.959950
1 461.399003 802.294951
2 542.163005 747.072391
1 551.004936 795.398723
2 640.516593 710.912820
2 581.199326 815.722437
2 466.016113 739.346953
1 548.207498 858.734295
1 817.333145 301.770809
1 830.429414 297.607845
1 833.030645 316.684872
1 831.667684 295.476292
1 834.044190 283.999700
1 827.473053 308.571495
1 807.626186 302.934711
1 820.155986 304.158386
1 802.061386 300.942897
1 818.328382 301.953430
1 809.734327 290.916042
1 799.208382 306.913418
1 828.619228 297.276916
1 824.871657 302.618242
1 822.031434 305.360813
1 822.383471 302.747937
1 809.235061 314.367895
1 817.915434 307.558264
1 820.400217 300.308929
1 833.266366 306.872088
1 825.397005 287.726416
1 820.978513 300.690964
1 797.302606 305.825083
1 843.686914 295.652230
1 836.313379 292.914827
2 666.798979 177.648918
2 722.194114 196.170142
2 799.967573 112.965367
2 893.464066 245.978228
2 967.740334 176.295514
2 847.526756 47.555112
2 896.554048 172.220755
2 882.950573 98.002196
2 830.285743 135.188482
2 995.768737 265.352777
2 675.563414 185.947463
2 844.330495 166.834008
2 792.672124 105.940476
2 786.455709 275.805450
2 955.189126 119.127902
2 921.373790 74.377634
2 809.899771 309.508034
2 700.217118 149.705557
2 923.879637 114.424918
2 799.230402 268.265659
2 725.838965 321.164163
2 746.763665 98.818846
2 942.296089 88.085685
2 998.183651 278.084384
2 992.212422 18.595498
2 961.750529 170.609145
2 747.794707 283.159653
1 827.239804 276.626195
2 707.264264 329.743027
2 879.996372 217.834482
2 707.508581 331.628431
2 750.876521 294.664710
1 844.967154 327.800719
1 846.088936 277.171925
1 787.124541 263.077376
1 845.421923 307.018652
1 804.773338 314.406598
1 826.277440 333.174697
1 856.588552 279.734000
1 825.125305 244.420704
2 807.262124 207.457062
2 865.246436 272.180405
1 865.382079 328.632324
2 892.226290 187.780758
1 775.856445 289.932457
1 859.746807 228.822078
1 812.981196 271.746841
1 830.308555 308.240256
1 803.507730 318.148706
2 774.843790 298.805889
1 797.194517 254.582470
2 788.973111 209.475382
1 823.616288 293.776742
1 832.362953 257.820369
1 863.872896 302.183170
1 816.574375 331.398483
2 725.622416 214.297149
1 815.865363 314.667114
2 677.840644 287.298936
2 824.531708 295.221326
2 889.594742 280.908873
2 757.417687 138.360986
1 868.689929 281.704860
1 860.255735 281.051044
1 833.011598 281.441688
1 909.296492 325.183317
2 769.601382 312.728794
2 798.956581 266.850313
1 815.171849 247.771985
1 857.814078 317.108700
1 895.619369 266.036949
1 837.380002 314.499498
1 904.858187 295.005951
1 834.172838 272.775849
1 811.379040 245.063265
1 845.746531 292.409638
2 737.811288 215.602949
1 811.240164 284.454486
1 795.336061 296.523263
1 830.938395 315.789301
1 830.442682 285.209076
1 787.300498 266.727919
2 874.145562 300.455818
2 924.822934 360.146150
2 898.600168 540.882315
2 677.775509 342.930127
2 750.100477 352.702020
2 867.559483 627.575568
2 910.013623 458.782088
2 968.121624 355.378469
2 921.326964 580.380160
2 857.254788 594.139169
2 977.632657 440.842494
2 720.361765 580.513346
2 772.892698 525.418582
2 958.985674 356.512416
2 952.169677 569.099599
2 757.961885 346.761935
2 921.044725 367.612915
2 857.317670 417.800218
1 808.146356 360.527694
2 912.112855 343.240536
1 817.935126 352.509190
1 824.741630 353.057665
2 830.926192 497.024489
1 847.436398 354.000696
1 784.477832 370.475386
2 778.648284 538.319164
1 858.014503 366.608424
1 848.755191 349.635120
2 921.363779 441.068664
2 742.564862 418.360720
1 840.884360 342.962708
2 779.493492 385.763778
1 829.319113 385.476573
2 892.241446 432.086005
2 876.569073 420.066349
1 792.401777 398.236269
2 836.032604 668.933878
2 977.535892 947.458170
2 922.795936 866.236940
2 970.266889 912.324051
2 975.466924 771.741003
2 981.902447 834.698518
2 960.869334 752.871921
2 693.274694 781.004788
2 806.801612 766.132397
2 673.221209 839.690839
2 676.607668 832.697803
2 700.244590 839.795401
2 972.143128 777.290583
