1 202.078525 179.315206
1 186.819888 180.064576
1 214.176846 164.074055
1 182.952212 174.534474
1 206.669392 164.939290
1 204.328503 189.087506
1 210.958168 179.125455
1 211.836927 174.842533
1 189.331589 163.877402
1 203.527437 163.832954
1 193.067098 161.343859
1 201.970054 177.160632
1 209.442568 186.467994
1 180.724814 194.967207
1 203.531713 193.973627
1 196.032144 186.401373
1 198.853969 176.148251
1 192.250519 197.907028
1 194.037276 181.435106
1 199.799649 178.648621
1 181.725132 173.312320
1 188.637822 183.889312
1 189.229870 181.374885
1 190.123317 178.772194
1 211.479674 193.053529
1 201.737982 180.358956
1 200.678000 184.928028
1 199.439138 173.536568
1 201.121318 185.842062
1 185.497611 180.646397
1 198.505473 182.127880
1 182.344040 172.955946
1 194.792092 166.717099
1 186.702925 186.835629
1 215.404842 195.972708
1 209.131122 169.530986
1 205.148379 156.622375
1 203.190361 193.766879
1 201.587909 182.185522
1 210.067252 172.806962
1 219.532505 207.683328
1 200.556121 198.721108
1 140.896383 221.546409
1 170.986325 147.674925
1 223.816116 193.986566
1 254.793817 153.571082
1 200.518110 162.456637
1 190.718924 203.574178
1 229.598833 171.051774
1 201.071342 167.684930
1 209.059177 159.812768
1 176.556151 235.459809
1 223.165798 142.804369
1 186.160789 177.424987
1 230.358495 186.021579
1 220.169082 194.717100
1 170.648055 184.750394
1 225.135818 186.770044
1 164.265650 159.328944
1 217.546015 159.592215
1 218.576476 172.218903
1 170.310741 158.976172
1 206.882312 183.489857
1 223.187293 190.581291
1 229.433525 137.477275
1 211.365901 131.489183
1 229.203394 161.145153
1 242.074280 111.393711
1 178.847148 151.344100
1 182.805480 185.187846
1 211.391418 184.398982
1 223.922604 191.853648
1 260.445731 200.003605
1 167.002164 200.057658
1 198.296860 162.777480
1 180.092983 100.011466
1 206.921835 203.762268
1 174.288684 147.603135
1 230.978654 181.628314
1 209.510449 225.854571
1 185.932901 194.171706
1 164.822085 194.832210
1 234.002892 167.286046
1 137.339371 149.881886
1 237.747095 106.037176
1 221.822021 187.661082
1 126.780489 172.815568
1 211.008081 159.176314
1 176.006047 176.919998
1 203.870842 178.213397
1 224.121486 158.418467
1 239.765690 168.690834
1 220.804061 139.765831
1 174.004501 203.454384
1 217.305188 223.339514
1 191.539744 179.450155
1 218.944839 217.169622
1 193.245849 159.554544
1 151.308515 178.628914
1 152.678380 276.301402
1 236.368689 167.094716
1 193.339008 214.301514
1 157.040317 191.465710
1 197.512858 162.414155
1 215.003973 194.395132
1 149.511394 153.520789
1 194.858936 209.482917
1 191.885511 230.608139
1 243.516899 187.645156
1 265.713885 174.760551
1 204.087672 144.271422
1 223.944675 204.341291
1 213.279622 210.118162
1 240.590964 162.890430
1 211.756785 190.145609
1 191.618390 190.727725
1 171.162246 175.386793
1 226.214259 112.951291
1 209.420113 180.084111
1 187.196328 168.281081
1 244.130608 169.833774
1 199.253937 198.939226
1 245.434274 187.337492
1 166.781230 148.468370
1 254.116770 190.686852
1 149.577434 144.075404
1 197.749739 206.954822
1 179.586947 160.843761
1 180.055998 165.006750
1 212.866412 151.491330
1 275.614698 128.499759
1 238.471538 167.020002
1 269.836476 200.726715
1 136.519340 216.941008
1 204.321896 196.773825
1 184.455540 145.242195
1 129.888142 208.936784
1 173.729535 208.317460
1 179.273245 156.162623
1 211.356889 142.231941
1 215.522660 116.126987
1 202.889969 215.084387
1 137.786568 165.019829
1 240.730669 177.445343
1 191.951673 163.033803
1 160.179314 166.563948
1 221.371775 141.884612
1 225.537501 223.508800
1 239.041561 147.138384
1 218.607460 203.026446
2 59.664177 453.414726
2 50.576305 436.787278
2 58.482343 434.984402
2 51.425367 440.837784
2 43.175214 434.119097
2 75.720087 415.002922
2 58.804816 428.815023
2 72.406240 438.663397
2 68.614963 418.307461
2 78.024736 442.886722
2 67.604440 409.186050
2 50.591738 412.758446
2 64.626408 427.958435
2 74.532559 427.224107
2 45.398665 416.726962
2 64.811656 413.906890
2 39.766784 432.656259
2 54.629899 427.696813
2 39.445893 422.065107
2 64.010856 425.553187
2 59.602518 430.313672
2 64.184752 413.590620
2 80.182577 438.192942
2 70.931752 442.930283
2 61.246465 421.775181
2 53.810192 419.722364
2 56.705041 425.612133
2 56.175670 411.315359
2 63.494198 428.757342
2 83.436392 431.710276
2 56.345963 431.619136
2 62.089104 430.141319
2 43.408837 443.731623
2 62.548742 428.029501
2 65.727367 424.865274
2 71.831915 415.201987
2 54.176240 408.216230
2 54.332525 422.651007
2 65.391002 431.691994
2 45.589576 434.050779
2 63.955935 438.324871
2 47.776520 438.419990
2 83.859896 425.730642
2 19.368020 415.187170
2 91.296193 436.295347
2 63.683157 404.833853
2 66.032327 450.003620
1 328.127806 646.510060
1 309.596686 638.151173
1 287.790269 640.771885
1 137.580917 790.113407
1 154.195366 773.573497
1 148.767415 779.060031
1 148.218661 777.629893
1 139.421185 798.342218
1 138.908182 789.084680
1 146.418749 784.457072
1 160.131038 787.909778
1 150.308837 780.140365
1 157.117436 792.632554
1 158.460107 771.246079
1 146.027089 803.146904
1 157.586055 786.824144
1 151.165851 778.942263
1 154.737368 774.207855
1 150.928066 781.749938
1 161.261873 761.410870
1 149.508251 763.863873
1 144.243613 785.552113
1 163.909595 777.338638
1 146.093343 790.984559
1 136.628337 785.524255
1 135.578839 792.133503
1 135.556030 777.083723
1 153.267474 780.133094
1 129.636304 786.653029
1 147.859911 793.014543
1 150.481933 780.709372
1 130.425149 772.329319
1 165.789670 780.267917
1 170.979326 792.811980
1 143.297630 795.898551
1 154.225798 768.676333
1 146.283493 780.222102
1 156.864742 796.891839
1 161.861036 758.807051
1 128.360333 771.670554
1 157.033526 783.322430
1 154.356766 782.354495
1 171.076966 768.126136
1 149.792901 793.426537
1 155.137713 786.289303
1 144.477388 777.595097
1 165.961065 763.317471
1 160.573092 762.600482
1 148.871079 719.849811
1 120.040652 730.605186
1 159.590979 798.625411
1 127.726210 766.840730
1 205.427748 773.712960
1 142.861004 719.422630
1 155.027105 778.374869
1 138.953683 821.924035
1 163.798339 783.331279
1 104.558021 752.961234
1 160.967581 802.128699
1 138.245530 789.761823
1 151.811300 736.058490
1 187.774016 711.962230
1 139.657077 788.428083
1 186.477228 813.918124
1 119.053452 799.994050
1 181.761836 846.518759
1 156.847635 781.374125
1 195.474246 823.928000
1 175.249569 776.680996
1 140.106937 795.217546
1 185.235398 787.971440
1 158.694835 773.332234
1 151.185563 757.741169
1 137.514130 760.699807
1 153.618163 815.152920
1 173.246152 771.282433
1 135.467600 758.458643
1 165.992016 781.357084
1 221.914859 836.710306
1 65.889891 780.258131
1 163.606273 729.186092
1 127.260313 755.106327
2 325.105278 857.855845
1 187.551921 738.108930
1 145.699876 695.236485
1 157.045996 797.539777
1 158.656403 815.571540
1 155.619407 737.374467
1 139.545985 780.923633
1 151.672217 796.361411
1 165.260040 746.743255
1 170.795903 769.446133
1 178.044048 767.479004
1 140.355616 820.688612
1 159.178892 754.122700
1 178.632182 778.597816
1 167.547038 819.716218
1 163.702198 773.016282
1 169.603634 813.662443
1 171.688973 751.605618
1 183.577798 772.893050
1 89.789462 783.104149
1 150.535089 787.231078
1 192.180084 793.673558
1 146.124675 787.742235
1 129.474544 752.615416
2 329.559085 871.882021
1 152.357106 774.361055
1 186.829716 811.362035
2 499.585782 134.991032
2 484.248733 151.095240
2 487.072859 134.072046
2 483.869978 133.688808
2 506.632547 149.885286
2 492.965995 129.845313
2 518.370217 137.655406
2 500.372290 132.347817
2 487.886167 155.139001
2 493.720714 134.765195
2 500.592111 143.538737
2 509.219396 138.393067
2 494.685072 156.280964
2 516.707945 155.811111
2 493.952420 155.236588
2 512.198795 143.865391
2 498.891104 142.434045
2 503.031665 142.810787
2 503.838197 164.691625
2 482.063822 143.746553
2 496.084056 144.129262
2 491.287710 130.238975
2 493.997559 149.054409
2 505.718363 140.086895
2 492.726283 160.391446
2 497.273132 140.416961
2 487.985610 127.781588
2 480.665799 140.519273
2 491.863470 139.404843
2 484.169628 124.939385
2 500.296424 143.208910
2 502.431803 130.208756
2 488.163780 137.309645
2 507.653555 163.648638
2 490.172815 141.775291
2 497.665782 137.406016
2 504.235634 136.967520
2 507.121802 126.362128
2 504.037112 143.205893
2 495.384363 140.921447
2 497.827101 132.321328
2 520.065446 142.572758
2 485.296409 121.877189
2 495.878229 119.440463
2 499.532163 145.276059
2 486.023560 139.868389
1 414.159271 654.484542
1 396.965906 656.429721
1 409.232629 630.668999
1 407.023245 639.978443
1 393.944144 650.141133
1 399.197276 650.149638
1 405.431374 649.333913
1 391.300101 656.779568
1 399.486811 646.725757
1 400.259023 649.944374
1 399.088965 649.256337
1 395.487644 652.575963
1 399.326209 652.158784
1 411.968041 650.520766
1 391.609420 665.205160
1 408.133576 630.837110
1 409.607785 663.929181
1 400.774781 650.308213
1 399.641320 649.664334
1 400.950645 653.944074
1 396.906714 642.965381
1 396.371375 649.914623
1 381.955513 645.056636
1 398.298446 654.480653
1 405.424793 638.575822
1 381.367666 653.613494
1 410.397212 637.327155
1 398.660293 649.819049
1 401.354440 647.757411
1 390.971265 647.465206
1 398.602001 647.378318
1 394.385557 654.002274
1 393.340697 642.555826
1 411.539163 654.654595
1 401.664526 639.774492
1 408.226809 628.395687
1 395.338749 637.154486
1 403.421915 634.225238
1 415.984239 646.909203
1 399.215922 650.971434
2 556.654560 492.168320
2 566.327921 479.929622
2 559.645556 478.749257
2 542.108217 474.036524
2 563.369408 490.282628
2 573.381410 471.477110
2 559.161220 474.688788
2 557.486451 481.565274
2 556.840378 498.166857
2 563.704203 473.647680
2 558.252617 486.808067
2 558.899972 479.781194
2 548.343974 488.373185
2 559.745212 479.979779
2 569.635254 470.297255
2 565.753896 479.453980
2 547.504747 473.173566
2 568.280122 458.401332
2 552.993692 480.154732
2 536.452940 475.645585
2 545.797056 473.774194
2 567.445625 494.042759
2 562.460124 483.713340
2 558.284391 476.821103
2 547.655082 458.294657
2 561.074381 495.485274
2 563.167474 480.654356
2 566.168079 497.857587
2 557.684401 461.115869
2 552.590856 490.349685
2 560.512513 470.929234
2 563.243376 477.289553
2 542.971177 465.114985
2 544.830961 464.668945
2 553.586758 461.895545
2 564.947799 458.268381
2 564.631733 472.059136
2 580.142647 476.366680
2 565.634408 455.665149
2 580.160206 485.271098
2 564.291244 478.719299
2 548.831643 495.501298
2 544.664903 471.243575
2 545.146850 474.591171
2 568.669514 482.475636
1 446.530437 632.441854
1 380.195328 636.064021
1 369.807879 610.656808
1 368.178311 625.370987
2 520.617628 513.917037
1 421.336170 610.795283
1 448.288485 642.624044
1 423.948203 658.237222
2 536.834432 455.997304
2 490.907845 511.129155
2 551.175161 491.115397
1 399.946474 663.268134
1 394.568913 645.251775
1 383.579212 657.742549
1 406.250042 658.925061
1 373.820079 652.524482
1 383.900806 655.904425
1 406.459462 663.721055
1 357.531058 631.967550
1 348.101012 662.001576
1 370.346707 658.466228
1 366.475457 645.356787
1 353.031872 660.344441
1 393.798276 654.856664
1 400.843161 655.415022
1 438.192801 664.572039
1 400.144702 631.876951
1 403.443807 649.076308
1 362.042676 621.100746
1 376.009488 618.601751
1 387.328639 665.391779
1 411.859402 648.621570
1 364.019709 642.327020
1 356.372695 665.273239
1 424.484902 665.600053
1 431.567083 663.125334
1 374.618321 634.954129
1 370.765034 650.320894
1 439.912215 651.144164
1 440.749838 661.891939
1 433.240579 606.563790
1 368.838972 646.187579
1 373.058204 640.764476
1 412.968472 627.511002
2 536.635332 504.593251
1 412.668792 618.889470
2 527.160007 505.952050
1 346.430675 627.935317
1 357.534227 632.036864
1 389.489212 654.318235
1 370.512478 665.622758
1 372.631720 643.632417
1 366.591195 661.270561
1 439.047639 623.989369
1 460.867567 622.988847
1 396.193806 663.429675
1 391.952222 665.171533
1 465.091874 621.551238
1 373.443544 646.954526
1 362.734617 648.078599
1 339.245066 649.245679
1 422.116719 637.211364
1 414.690379 661.249020
1 394.972513 632.809141
1 449.317143 650.718439
1 437.446522 663.707821
1 401.422820 652.864220
1 335.198336 625.116477
1 393.565282 657.778935
1 338.141372 643.088860
1 447.838503 635.268967
1 409.510758 642.055814
2 528.939174 507.516781
1 414.724960 649.007874
1 365.856370 580.240254
1 413.580326 654.244279
1 359.922431 635.180945
1 423.420258 657.908706
1 444.151872 628.334365
1 402.129497 637.323749
1 392.114856 668.457714
1 410.850476 670.035768
1 395.577588 668.116983
1 575.661683 787.109299
1 554.016372 799.904415
1 566.340280 801.260464
1 570.123937 800.021367
1 591.474880 793.367133
1 567.376086 804.549630
1 560.549366 808.971070
1 587.251436 782.693528
1 587.747347 813.579480
1 583.242380 791.272099
1 572.751738 801.405733
1 552.745377 812.852118
1 564.153244 803.367135
1 566.634687 799.764181
1 569.401358 802.703440
1 581.768991 798.964816
1 572.759855 799.243772
1 577.898006 790.170492
1 574.622078 798.789140
1 583.571398 807.125762
1 573.053080 813.579015
1 584.509425 787.087501
1 572.145453 786.877142
1 574.188549 798.183811
1 555.463841 818.504065
1 589.863390 791.962140
1 560.629967 802.699365
1 568.084256 806.421477
1 556.173005 808.304817
1 572.362892 786.040284
1 569.348468 803.664456
1 554.189676 788.492689
1 565.268759 792.765162
1 570.431892 804.553449
1 553.812317 802.677720
1 566.122417 793.535738
1 556.450136 801.912863
1 558.457108 801.771453
1 553.909713 813.565870
1 588.384833 811.338194
1 564.321143 806.739449
1 546.552111 799.804377
1 578.038975 812.878854
1 577.269699 796.321275
2 402.161750 844.896420
2 378.960659 833.429814
2 411.442228 835.670410
2 409.237313 811.380150
2 399.890100 830.041025
2 387.390942 851.011779
2 400.025746 809.960347
2 405.207302 850.738799
2 397.114311 827.173351
2 397.580039 831.068220
2 401.636197 813.259206
2 401.312932 830.117661
2 387.290173 814.781166
2 399.712033 820.898581
2 402.382769 830.642689
2 397.509522 816.278095
2 395.711069 837.208026
2 390.150597 825.066402
2 399.501159 818.059710
2 398.257724 839.003859
2 416.083383 812.282884
2 385.918454 817.639902
2 412.266138 813.407596
2 399.456228 830.895849
2 415.642324 835.764118
2 408.008256 824.890422
2 390.094158 829.951194
2 398.878255 849.165779
2 401.366324 848.649844
2 401.175089 840.522349
2 399.819838 837.191383
2 405.832256 845.406995
2 398.449407 821.013905
2 402.179150 831.091748
2 405.133892 836.167852
2 418.329704 828.496631
2 391.501291 844.196585
2 402.664223 816.254259
2 402.357607 815.581699
2 393.088402 831.176945
2 397.917414 854.296024
2 388.306593 841.258806
2 382.629465 844.753000
1 549.142362 843.945516
1 512.581948 820.864886
1 555.680525 783.512211
1 577.946424 818.445698
2 411.673182 821.698613
1 385.210074 676.970052
2 408.541679 848.729251
2 406.175579 854.404967
1 416.338904 672.554759
1 595.574973 813.447480
1 525.319360 777.588820
2 389.380578 862.222555
1 542.460994 870.858559
2 359.047009 882.203457
1 567.833101 785.874987
1 584.136872 868.710789
2 415.645217 827.957087
1 417.845674 685.035246
1 577.722360 782.265097
1 584.900309 828.920466
1 563.571573 802.618089
1 624.753472 819.146824
1 527.301499 818.993503
1 421.641828 682.023137
1 650.884408 816.174000
1 603.884831 769.411205
1 563.324579 836.585283
2 361.699472 825.601616
1 545.497877 784.489896
1 615.820086 773.036696
2 445.109122 857.627022
2 397.817742 863.736954
1 666.473434 790.831378
1 583.430397 846.647569
1 613.808055 821.360165
1 561.106822 795.267478
1 563.594395 750.067476
1 416.906757 706.123118
2 393.654159 850.604688
1 568.103441 792.260156
1 531.910761 831.630614
2 426.973082 864.077126
1 554.101264 835.613783
1 394.779853 677.985082
1 587.943208 781.431398
1 485.663847 776.759433
1 390.034061 669.853156
1 568.077979 787.682101
1 590.116889 810.681576
1 592.510386 793.997822
1 365.358882 685.021218
1 553.852810 815.194629
2 423.439175 818.633901
1 628.148853 794.179175
2 431.188880 769.493376
1 579.391545 823.887147
1 587.911007 754.533983
2 442.246478 796.578256
2 389.788232 858.464669
1 559.717865 785.022770
2 402.573192 747.880947
1 568.559697 800.726546
1 577.454772 794.542109
1 580.849296 855.687031
1 561.946057 767.035657
1 644.567433 765.751435
1 577.964453 838.947270
1 572.547595 786.715669
1 544.404260 813.960795
1 553.861117 785.364925
1 577.978181 827.470985
1 596.090026 789.921825
2 366.424099 823.829228
1 601.884806 841.266456
1 606.069593 780.429405
1 392.670711 668.396130
1 515.020977 764.891151
1 608.121619 852.598639
1 505.975672 799.428315
1 567.778387 850.611459
2 446.911286 848.215452
1 411.140528 671.002825
1 563.555296 803.589437
1 402.236563 688.016925
1 654.986394 796.165269
1 550.793456 802.393961
1 566.065642 801.699326
1 621.279566 795.632945
1 623.907289 785.136905
1 391.749326 668.362308
2 385.153498 836.325424
1 535.299049 784.454575
1 529.777132 853.609783
1 483.826304 874.639910
1 512.622441 833.381795
2 406.674210 840.639732
2 411.236605 838.232546
1 361.896161 683.119596
1 571.541728 790.524493
2 386.788628 819.965375
1 586.610535 850.367227
1 377.213842 685.863744
2 426.734238 828.708580
1 588.353491 851.453049
1 562.214210 855.131936
1 567.847603 761.227567
1 456.585794 684.217064
1 580.469515 823.784811
1 376.394679 680.449177
2 424.856799 803.183389
2 397.035195 807.654914
1 603.443419 775.590946
2 378.209257 825.204491
1 604.109117 824.498161
1 601.603159 781.212482
1 527.328904 852.649090
1 616.062080 827.346340
2 379.857808 824.997456
2 414.526912 866.989422
2 376.610832 823.037770
1 626.345472 864.240347
2 410.484604 833.686763
1 562.789816 770.367150
1 557.623702 753.413244
1 399.310717 669.915944
1 361.607764 701.899621
2 382.804887 846.842195
1 573.119725 790.516625
1 523.930522 836.568296
1 567.971704 752.410089
2 386.010474 828.892794
2 423.047819 861.796523
1 540.270707 793.313166
2 396.675964 797.179608
1 593.703577 790.360724
1 593.671413 767.707501
1 377.354965 675.557507
2 431.168404 861.530053
1 348.841605 673.664789
1 573.838348 796.611427
1 604.284366 876.668327
1 362.714839 691.659653
1 605.287830 788.520951
1 584.994412 859.248902
2 388.939245 862.517987
1 609.716865 732.351193
1 543.070204 833.009714
1 574.631069 770.322156
2 426.195280 854.983917
1 454.821725 686.820196
1 554.885842 877.401811
1 637.202374 760.969834
1 568.343037 779.330310
1 565.468038 768.566583
1 552.038728 820.369397
2 446.968172 864.115710
1 372.554862 674.038981
1 422.275518 674.909497
1 645.235901 803.557978
1 432.103781 670.488165
1 558.261315 788.028877
1 620.844044 850.595253
1 598.100736 801.279765
2 432.158553 785.857603
1 575.192285 805.287632
1 563.822884 791.312425
1 586.421823 785.419692
1 594.733873 782.666252
1 428.150014 670.221677
1 640.709663 775.653654
1 595.887257 841.621192
1 567.651864 798.856138
1 617.994016 803.611788
1 822.570945 295.209373
1 821.036917 304.551643
1 829.830806 294.046739
1 821.918281 286.535242
1 819.703925 311.468283
1 819.562622 309.232983
1 802.629404 300.577595
1 839.125300 303.166866
1 819.550908 293.675277
1 823.128751 297.453261
1 816.029020 288.743721
1 823.478148 298.508401
1 821.751465 291.149601
1 818.087407 302.558102
1 815.426318 276.391480
1 825.283169 296.602609
1 818.450751 282.660983
1 819.187439 300.062221
1 804.173060 292.202385
1 820.927539 293.228590
1 822.934482 292.983958
1 828.970412 303.746897
1 820.841994 316.170513
1 815.418058 296.885520
1 819.024018 294.624643
1 818.992631 313.060734
1 819.454788 297.964086
1 839.922837 300.968418
1 814.089782 286.227806
1 814.952164 321.010370
1 825.252307 296.898763
1 803.852044 302.353583
1 809.983797 301.390875
1 823.426854 290.314283
1 799.510615 313.051670
1 837.694861 287.564907
1 831.735188 292.686087
1 834.640377 300.015460
1 819.206725 279.764840
1 822.409595 321.539671
1 803.484546 312.865743
1 821.588987 277.873229
1 814.325253 299.945888
1 826.184956 286.264424
1 808.713994 327.311203
1 805.891626 277.030426
1 817.395846 271.884748
1 839.193803 248.835918
1 831.529556 274.942731
1 817.744075 276.131172
1 836.235849 308.116509
1 852.268039 258.208453
1 867.643095 280.414219
1 802.075217 287.582578
1 835.362097 277.514952
1 874.150406 270.685875
1 851.472836 317.560869
1 863.513011 311.834441
1 774.265338 292.886705
1 827.325925 285.927094
1 779.518729 286.800843
1 842.527325 309.795474
1 880.483039 294.441205
1 805.972891 319.560364
1 821.113883 280.777361
1 867.622820 278.122390
1 814.167677 273.969908
1 812.896080 288.842019
1 879.630795 262.947496
1 832.589395 314.816315
1 818.850125 302.194947
1 734.592223 319.177180
1 823.461194 275.191249
1 848.644211 325.151582
1 851.754536 323.008718
1 790.990903 300.864549
1 804.978000 280.216702
1 897.267247 221.737452
1 835.173827 273.759479
1 848.605983 294.250280
1 872.493019 306.274440
1 866.262234 326.535363
1 821.489391 297.799446
1 824.761899 294.839714
1 851.730620 333.124137
1 817.465447 318.650790
1 875.441695 299.546046
1 826.413056 291.538893
1 816.758253 277.403342
1 818.626899 262.795100
1 808.885217 273.016950
1 808.048085 301.552866
1 888.288330 266.649096
1 804.566533 313.779748
2 840.676232 608.621616
2 852.475574 633.410839
2 851.954105 627.968782
2 854.026035 648.220403
2 839.991632 615.530566
2 853.077069 632.163393
2 841.955730 613.519406
2 866.584727 624.813974
2 828.963805 622.449259
2 852.416090 642.763955
2 837.016986 614.694498
2 840.738615 643.357703
2 843.478089 641.697435
2 838.721206 644.038280
2 863.400528 639.149061
2 859.753973 642.335668
2 837.233535 635.162835
2 853.881323 619.546542
2 850.632442 625.157595
2 853.359522 611.015333
2 850.418268 615.658842
2 858.067359 619.559308
2 857.351504 643.163369
2 850.318600 639.521488
2 835.521914 631.914579
2 831.556330 614.604932
2 850.077215 631.957816
2 856.027421 643.177058
2 851.245743 630.290808
2 836.293860 616.051164
2 837.884820 636.400251
2 853.265255 626.674026
2 846.559716 642.299393
2 834.979246 636.262926
2 855.763583 644.513919
2 846.730506 607.687930
2 856.436795 633.342058
2 852.717873 632.804110
2 842.090755 638.151091
2 850.868218 630.077384
2 841.498960 633.550477
2 831.691895 631.432495
1 847.197197 340.190200
1 773.791957 337.529372
1 801.269408 334.049742
1 837.806595 353.699767
1 866.259853 348.802966
1 825.338683 342.109389
1 865.285580 338.805423
1 822.400761 362.690444
1 817.819863 350.310458
1 840.784729 333.919844
1 817.263931 333.475676
1 829.310749 334.459586
1 678.024015 801.598588
