1 199.269705 173.437265
1 210.114308 186.948301
1 205.196307 190.114481
1 201.889364 166.244283
1 200.028815 178.904122
1 212.278736 161.253949
1 212.483211 172.490510
1 195.050289 171.076614
1 179.145205 192.423152
1 203.705688 176.662764
1 208.432975 176.476157
1 191.860712 185.192797
1 186.174945 200.079040
1 204.553109 188.063940
1 193.785615 175.874331
1 201.650211 166.035300
1 182.203108 183.478241
1 186.504118 179.103378
1 180.106523 173.681083
1 212.946587 178.048028
1 209.544623 167.571960
1 205.334414 178.161422
1 212.620355 185.058393
1 179.717881 187.837870
1 202.955266 172.699582
1 184.536981 177.049929
1 201.516642 175.161366
1 198.418725 169.288476
2 147.719864 139.178096
2 171.706898 110.554810
2 245.197685 60.614106
2 294.372177 189.389279
2 247.747488 300.629079
2 318.756259 57.705115
2 240.868928 171.431778
2 158.408097 123.982872
2 6.988644 146.061295
2 317.447416 179.969107
2 89.577762 289.336909
2 225.903249 289.597707
2 18.138077 109.929903
2 3.136457 219.714821
2 129.998060 280.385958
2 198.110545 10.437739
2 31.140934 115.490686
2 114.672760 10.294318
2 24.569977 251.627972
2 87.105782 18.602916
2 203.383335 10.801702
1 194.763531 140.853057
2 228.621964 193.663892
2 264.518814 322.369157
2 235.506483 306.665366
1 173.142316 200.724945
1 155.458840 140.552525
1 163.459872 204.225722
2 244.604499 53.599537
1 184.290846 85.200732
1 195.721536 165.026095
1 199.581848 210.862287
1 19.155943 274.384631
1 184.472377 175.527415
1 155.331488 153.574657
1 223.858622 132.698112
1 170.133431 222.056265
2 304.665871 160.279937
2 101.298089 309.262140
1 226.916292 218.739779
1 169.406557 166.128749
1 184.727212 208.376192
2 294.449853 235.440074
1 177.638723 212.922615
1 162.931087 205.469670
1 178.527494 178.903342
1 150.802275 162.690677
1 254.516951 169.081191
1 208.563307 168.026861
1 226.121314 175.590111
1 242.260952 112.060572
1 142.430362 157.237744
1 181.229188 209.157998
1 150.147726 149.861502
1 195.720419 132.929061
2 187.079540 226.600870
1 181.765033 133.639825
1 182.782956 130.817220
1 209.183497 156.299685
1 231.740151 225.924731
1 181.990048 215.862753
1 242.722827 196.966938
2 68.182461 325.084117
1 195.623541 114.578595
1 235.918343 180.725910
1 181.170898 107.098001
1 218.243654 175.201195
1 232.944719 210.960510
2 212.937289 253.194814
1 212.165028 212.670509
1 241.163317 231.618470
1 247.266896 203.137958
1 150.485486 118.706163
1 266.065750 171.368282
1 260.785854 189.595080
2 75.699490 268.121931
1 270.096291 111.119228
1 247.467187 114.811403
1 232.475859 212.413137
1 208.305397 139.111924
1 196.679769 166.433036
1 181.195070 172.713085
1 213.172081 135.557695
2 61.270670 127.002958
2 132.712649 134.232410
2 175.856223 153.240127
2 7.484304 214.113692
1 193.865633 226.988407
1 168.809054 208.328867
1 210.286292 150.232591
2 252.907429 268.377052
1 187.493870 215.501232
2 280.581676 148.248086
1 308.980133 164.402940
1 142.322139 137.255096
1 210.601009 181.060970
1 162.099857 238.853911
2 193.065754 322.048837
1 187.229707 239.263733
1 121.782538 124.338481
1 249.177869 230.700030
2 177.270330 121.544586
2 237.332936 264.875911
1 231.950685 192.994783
1 121.902409 222.635734
2 265.078933 262.300597
1 184.186365 241.023514
1 187.015647 190.063085
1 203.403594 129.522150
1 222.230108 130.169881
1 189.489413 173.036052
2 293.265873 64.987501
2 176.354996 122.939661
1 187.948763 145.232282
1 192.652335 181.973405
2 196.532716 333.023266
1 265.424919 138.563754
1 206.975483 197.822993
1 206.862517 185.403374
1 256.997967 161.347728
1 208.295983 145.878991
2 175.184604 10.396022
1 181.437226 141.836706
1 160.582486 185.996997
1 244.480150 201.703271
1 191.200997 151.374205
1 204.961638 134.870882
1 170.955541 131.636777
2 231.468830 15.726108
1 253.775895 248.865650
1 202.992533 261.511113
1 155.910461 187.183086
1 214.097191 204.337810
1 165.860336 190.992312
2 68.810339 326.811469
1 168.683437 63.813784
1 221.138129 124.244061
1 175.242860 206.907756
1 171.111857 237.782913
1 229.088578 172.158845
1 170.533221 38.206771
2 245.343128 42.911032
1 229.106283 135.717761
1 215.743080 158.517957
1 188.893236 121.899333
1 195.102145 152.974773
2 256.674975 135.043677
2 93.957744 269.527490
2 245.271769 213.208783
2 155.534833 149.012425
2 246.423102 270.405611
1 167.061588 200.454770
2 252.082907 78.775204
1 207.528938 154.216885
1 298.546245 187.300479
2 287.691895 221.022849
1 230.846122 173.006276
1 163.450718 155.244033
2 171.244360 543.570455
2 153.389716 641.988353
2 215.846863 380.439899
2 197.668517 576.454287
2 176.469311 624.306723
2 243.642724 359.433039
2 206.003233 444.655875
2 119.399959 429.388510
2 134.954239 645.637362
2 99.191083 646.504344
2 207.408084 475.388057
2 151.070492 544.679380
2 173.720496 576.298073
2 160.545054 608.476589
2 244.379846 603.176353
2 252.693330 594.176401
2 272.197575 585.483928
2 136.157880 600.433852
2 239.703285 615.698246
2 312.811172 643.285494
2 233.193655 653.943257
2 216.246408 618.614101
2 329.094915 659.495456
2 201.242315 639.907395
2 317.660941 592.169578
2 197.328250 629.110076
2 158.997265 626.528894
2 264.926764 386.854744
2 153.941217 584.662499
1 309.361527 629.703578
1 328.467979 639.669541
1 330.848714 641.695858
2 321.383188 590.028455
1 145.030728 772.537774
1 157.487720 793.321122
1 143.108860 781.374177
1 154.390032 786.035741
1 145.163527 789.729331
1 147.016255 764.763246
1 140.785421 784.378476
1 149.145823 789.074265
1 164.059055 789.500816
1 162.035259 791.309183
1 143.341848 761.361544
1 148.994945 781.462857
1 139.319658 769.947154
1 150.635253 800.337475
1 139.604911 775.162807
1 161.454364 774.691989
1 145.115120 801.068668
1 147.551750 782.847987
1 130.097206 782.724603
1 144.572743 765.796607
1 165.210033 792.478869
1 138.434013 794.852440
1 137.038868 779.913534
1 148.886593 775.785309
1 154.683136 787.143884
1 151.684056 759.675614
1 172.323697 786.749599
1 143.634279 768.792677
1 171.706840 790.920699
1 150.302771 764.452877
1 154.831874 780.177508
1 165.169143 762.646692
1 139.070384 777.583477
1 147.781349 780.633312
1 142.264031 791.512781
1 168.558070 768.279076
2 45.445622 846.788738
2 314.745031 695.223919
2 278.842459 682.923933
2 179.601668 815.345060
2 25.964187 815.865713
2 66.431093 926.363874
2 304.534268 779.614386
2 226.630879 780.766078
2 168.179667 893.592700
2 155.089063 886.894080
2 206.757819 820.565459
2 95.990597 827.499648
2 251.927141 815.949635
2 109.632884 844.386862
2 186.317673 845.551338
2 54.460575 712.218472
2 251.392151 680.540094
2 92.891069 894.358573
2 78.445487 880.182434
2 292.569065 875.351900
1 86.020180 780.580941
1 136.187325 783.945349
1 96.197482 780.568885
1 176.654355 733.028098
1 159.514968 722.126510
1 130.759262 743.383780
1 134.411693 752.418353
2 220.135209 748.184806
1 200.147601 811.202961
1 137.096546 756.926010
1 125.021247 763.437740
1 113.213366 800.442832
1 148.500646 823.174579
1 194.530711 800.569073
1 142.466121 774.128151
1 161.612588 779.139690
1 165.311930 776.657784
2 241.689303 809.853541
1 150.438880 801.274519
2 295.327889 733.079625
1 147.997484 798.694338
1 135.038101 796.635027
1 130.618385 791.506295
1 188.387285 788.209503
2 234.560167 818.850170
1 110.069408 771.212575
1 131.224333 782.782895
1 162.268694 803.964110
1 121.973120 809.698347
1 111.223998 790.515332
2 304.799784 754.099782
1 126.750574 753.094425
2 189.681122 809.403691
1 138.104903 802.476782
2 209.525915 985.342098
2 120.170971 816.008582
1 106.636438 767.168712
1 166.958874 744.123451
1 165.062139 806.925096
1 138.070677 740.819264
1 155.724175 783.134517
1 191.710927 726.513855
1 161.302843 739.002347
2 74.433701 702.224604
1 161.836957 751.197362
2 116.527809 876.861232
1 152.259350 763.306660
2 161.574616 734.762658
1 165.160397 794.846356
1 162.786514 789.698806
1 160.657060 808.195819
2 161.318796 816.025334
2 175.842335 887.096310
1 139.009272 781.236937
1 120.248353 744.545427
1 183.179010 732.971348
2 81.372253 703.738302
1 165.295181 796.176690
1 146.274010 815.159376
1 207.887349 805.153085
2 107.785620 827.943360
2 128.698290 842.771319
1 202.638851 821.946526
1 194.794821 809.021273
1 106.176812 804.424891
1 184.033219 781.598839
1 161.282484 736.588354
1 150.007045 822.062479
2 119.109046 697.168668
1 127.787534 766.523903
2 229.232057 838.585996
1 175.581063 698.694772
2 152.237076 703.536167
1 101.532396 790.811295
2 26.441249 922.987410
1 163.375964 755.806580
2 108.631979 846.913828
2 215.059250 728.897943
1 215.135144 760.658662
1 104.097434 797.730928
1 170.644591 794.255210
2 96.848927 920.632410
1 216.451510 774.527493
1 108.988638 834.490560
1 110.173669 776.693131
1 180.543189 810.490192
2 160.096216 719.133678
1 120.523097 734.074132
2 212.195044 851.137270
1 113.434608 738.620555
1 127.981383 782.855979
1 157.417814 797.441969
1 96.719716 762.697264
1 105.980645 828.499749
2 243.586529 811.873103
1 133.138743 805.245659
1 62.862789 823.391580
1 140.985552 775.078400
1 202.016001 782.518308
1 136.529387 782.220483
2 132.367100 706.175034
1 98.436430 743.797979
1 100.648377 777.121601
1 170.254997 687.807599
1 140.718824 807.764952
1 134.085469 734.977664
1 149.579898 791.973175
1 122.906324 763.661737
1 157.708020 739.829950
1 142.991568 780.581871
2 207.842258 687.401571
2 127.792054 727.302363
2 216.592800 800.923521
2 71.496311 858.240099
2 225.932992 810.369218
2 119.094645 926.307226
2 303.975746 723.436542
1 197.446667 799.238910
1 159.853272 808.604358
1 194.232458 777.770403
1 194.867697 814.946693
1 197.186357 741.641804
1 117.801237 798.385444
2 192.782443 808.864892
2 110.143550 858.323373
1 163.204756 766.707210
2 145.650351 693.454317
1 146.891652 796.167613
1 171.144017 774.228250
1 107.738647 801.266575
1 116.240845 743.255198
1 130.951054 804.568197
1 146.631233 705.721932
2 248.473279 793.079679
1 138.391819 748.890870
1 57.760108 806.124302
2 241.658989 679.239272
1 148.409332 758.774654
2 121.620637 878.039622
1 167.903682 828.908916
2 125.124327 789.209232
2 139.899836 833.281451
1 194.685577 788.552457
1 171.640766 780.306525
2 188.747760 673.092242
1 113.803395 761.252792
1 82.820970 817.534551
1 224.903158 833.071749
1 105.266704 812.056189
2 171.619278 709.617140
1 106.510045 758.902366
1 172.496496 777.101121
1 154.477430 812.976567
1 188.460697 769.838890
2 90.440759 941.535685
2 256.054323 669.419186
1 122.649767 824.218292
1 129.432487 780.832550
1 109.004367 745.295873
1 119.803810 827.815659
1 154.909426 763.893316
2 25.929612 817.052052
1 71.803368 819.745040
2 130.282739 854.380766
1 103.601061 754.907780
1 137.512848 743.300885
1 207.322101 816.288341
1 92.274333 780.486967
2 209.288510 677.306879
1 119.240065 831.486135
1 202.944735 813.777150
1 152.157979 793.057953
2 123.622642 815.800357
2 244.153385 851.233585
1 131.527596 796.709842
2 104.491319 689.194695
1 222.070727 812.886643
2 330.616620 791.016657
1 118.613793 759.724259
1 172.864799 787.545290
2 173.613078 696.221659
1 116.513231 805.450641
2 298.365267 760.770020
1 130.078521 738.521140
1 133.662070 799.930245
1 134.459034 724.076527
1 175.548729 774.980122
1 204.004150 855.168205
2 111.470211 705.713100
2 129.463698 724.895067
2 93.423365 810.033676
1 138.726546 788.193013
2 255.734052 812.415124
2 248.688981 736.365407
2 191.706037 707.436425
2 77.316263 861.893203
1 102.526144 793.128638
2 105.068880 844.368690
2 73.362406 844.899139
1 199.292283 800.304431
2 110.379933 834.031252
1 159.095945 785.039282
2 248.416073 673.572287
1 129.658220 799.827562
1 99.348013 804.403134
1 186.501854 740.198377
1 155.204006 771.317743
1 192.382171 769.049249
2 171.988165 830.671681
1 144.775024 825.471271
1 108.456333 736.439430
1 119.136890 807.209072
2 141.003562 680.572628
2 185.509378 703.351954
2 3.317929 866.670466
1 96.866064 827.487969
1 158.666514 766.119211
2 222.785242 806.633188
2 81.262749 834.654518
1 100.228562 840.694666
1 151.632046 718.610053
1 200.650676 744.766490
1 175.555039 809.918052
1 156.881185 798.576449
2 126.038877 732.676041
1 101.274554 755.079396
1 163.867977 778.547468
2 214.499677 878.508665
1 201.420956 753.407942
1 194.940146 849.337098
2 50.409118 814.925442
1 187.394173 766.513533
1 263.008546 758.911192
2 116.262349 897.250805
1 137.492384 792.936378
1 99.436401 751.708487
1 78.896551 810.591772
1 125.536433 773.419106
1 113.977160 790.959220
1 84.554383 800.298442
2 63.215667 813.764960
1 135.021654 792.280783
1 138.961875 786.405897
1 121.297690 778.914370
1 108.316789 778.649945
2 63.939154 931.668606
2 144.374590 948.255897
1 119.748815 780.137911
1 155.417186 706.523640
1 146.532818 759.949147
1 152.566832 775.607779
1 203.121030 780.215604
2 287.033692 682.221642
1 105.912561 810.648770
1 155.932697 861.788489
1 165.149137 803.919466
1 164.427204 761.985089
2 154.577089 720.285139
1 193.519875 807.129019
1 187.463479 742.040813
1 163.400072 751.660708
2 135.082412 857.006221
1 121.823704 775.412538
2 172.237536 704.713360
1 107.416958 805.280297
2 605.066590 47.788371
2 665.653347 275.935088
2 363.834378 164.526498
2 527.996854 292.824059
2 649.420891 250.178670
2 429.921659 60.700783
2 578.546029 74.844074
2 581.659812 104.667085
2 584.759719 8.514276
2 406.604858 243.912258
2 393.617551 91.206526
2 530.761359 200.478255
2 623.500289 78.874461
2 571.288115 214.680961
2 345.497800 201.910706
2 424.445237 98.422765
2 343.430712 184.819771
2 359.000222 205.665531
2 374.149416 246.744372
2 411.488298 112.758052
2 370.167639 201.236992
1 382.260213 656.654334
1 405.111228 654.743552
1 414.979481 651.653271
1 403.504982 652.571265
1 390.688447 647.845610
1 405.143784 645.741016
1 399.545928 650.646476
1 408.363581 655.378863
1 387.102474 631.882672
1 385.087245 644.224714
1 412.893603 637.657770
1 405.531501 633.996536
1 408.893194 651.784645
1 399.327124 649.262928
1 400.506485 650.383943
1 395.364842 649.921690
1 398.053061 653.189044
1 398.752565 649.912308
1 397.250624 649.699913
1 406.456430 640.285232
1 421.667448 648.733453
1 422.983944 640.758248
1 411.925322 644.440037
1 408.039858 649.382839
1 394.418308 649.889421
1 406.652711 633.066539
1 394.377634 647.022654
1 394.835188 662.032331
1 412.439738 656.811921
1 394.118353 663.469716
1 402.351592 650.678890
1 393.106662 639.004447
1 411.733015 641.469493
1 401.110278 649.500800
2 455.653924 403.258451
2 363.487086 575.203866
2 554.207542 524.403726
2 407.654692 539.267475
2 409.899350 583.813836
2 569.053141 516.305782
2 638.136057 382.283967
2 337.238754 627.361551
2 531.947152 538.399774
2 414.301767 487.742486
2 346.897906 350.992522
2 379.458646 395.931238
2 603.739266 638.164720
2 501.170248 578.989438
2 493.003781 406.135317
2 439.302773 543.991638
2 624.977644 549.091301
2 400.695022 591.662895
2 356.809001 521.837604
1 391.935827 659.518083
2 419.553517 556.511043
1 425.815958 637.527939
2 442.004096 515.132870
1 406.826088 631.795082
2 386.224803 629.766378
1 414.109623 654.972567
1 415.781427 661.538612
2 633.465261 580.503653
2 531.467525 648.346877
1 376.509419 647.378447
1 396.631756 658.414052
1 401.626766 661.697632
2 369.428183 638.303779
1 457.837019 627.656129
1 408.285545 640.119516
2 374.851067 613.970102
1 444.233221 633.565289
2 451.471733 608.868300
2 437.714572 646.526523
2 448.374231 594.463203
1 396.681101 624.900868
1 380.716202 661.664959
1 397.462161 623.071300
1 397.648716 633.628603
2 357.853091 556.890684
2 422.800234 607.703906
1 405.356046 645.004295
2 443.931235 641.835847
2 389.786957 606.445156
2 417.723214 571.804324
1 375.748508 600.481061
2 399.498945 623.838917
2 464.072326 612.028933
1 415.057695 640.962774
1 393.944170 637.052306
2 474.346545 575.442596
1 461.536971 634.095028
2 371.281593 665.629963
1 459.649692 636.714839
1 379.624597 653.507638
1 408.266521 638.821276
2 461.620587 536.373808
1 369.633967 639.922709
1 417.085777 580.798015
2 475.954421 602.585080
1 402.650339 655.679051
1 372.381406 659.099717
1 509.077171 651.169135
1 444.918559 662.004164
2 445.397583 625.613729
2 489.895400 659.677534
2 638.421047 353.964393
1 379.273602 619.890666
2 437.144168 666.485166
1 415.398966 641.176644
2 435.579867 505.601759
2 399.827431 658.642314
1 352.442608 660.795522
1 420.159405 597.358234
2 456.286510 635.713348
1 351.366720 611.275621
1 415.624329 663.293341
2 605.411013 635.275875
2 437.464868 656.865969
2 470.886820 553.649906
2 470.764617 598.922622
1 439.988578 628.531978
1 383.783567 655.848638
2 403.059973 642.410319
1 391.076872 638.316980
2 486.214110 551.588013
1 368.390478 657.678645
1 382.689057 619.785063
2 463.416573 575.323493
1 360.711045 610.802054
1 415.125010 660.781057
1 408.877113 651.606179
1 367.517725 608.961601
1 413.867901 628.822570
1 372.653151 657.994058
1 407.983758 616.703284
2 338.515032 665.160276
2 387.231993 621.294684
2 428.691421 655.828140
1 399.501474 659.038077
2 512.781223 551.660684
1 341.751258 630.723769
1 376.560017 642.881297
1 416.237356 630.506340
2 486.741484 572.682948
2 357.703305 573.030946
1 396.489820 631.901678
1 383.412234 659.789813
1 411.794040 633.074671
2 360.187450 639.728895
2 425.151342 596.241193
1 409.685358 653.725784
2 462.892545 619.055535
1 412.640289 643.390864
1 391.880351 641.883656
2 387.042702 662.776764
1 423.576280 605.909726
1 401.662394 617.046501
1 369.031639 611.665422
1 346.958866 638.723517
2 397.152945 557.376240
2 424.696277 646.783560
1 430.451498 630.333076
1 410.707531 664.556705
2 410.637930 528.625844
2 424.986471 601.517200
2 438.606927 595.528371
1 441.547487 662.288274
2 383.424844 591.330105
1 383.802215 596.766620
2 477.018260 610.313140
1 385.223152 650.858343
2 352.113147 585.073362
1 435.586567 648.852503
1 428.696276 630.407277
2 457.465940 653.536988
2 446.532050 626.790940
2 372.673878 614.105056
1 400.913670 609.076704
1 467.472445 614.373302
1 448.047170 655.159065
2 382.741139 633.580645
1 381.269729 587.316526
1 458.979370 658.129673
1 359.005384 639.966260
2 368.583294 566.452375
2 338.461904 588.725203
1 451.523128 588.096378
1 461.751212 666.457847
2 386.383323 650.194124
2 437.038469 632.683373
1 377.166501 653.060406
2 429.302279 665.054780
2 383.545112 607.461942
2 392.422528 633.406745
1 373.503002 636.367326
1 363.534175 629.875192
1 452.880777 630.800248
2 435.269835 651.234068
1 416.577555 640.323646
1 430.909868 653.308511
2 522.931513 565.545625
2 447.385069 619.076786
2 409.635938 586.422484
1 412.042028 658.577083
1 354.900452 644.670305
2 390.170496 612.842906
1 359.226635 629.348650
2 373.123648 616.942926
2 451.035348 614.674040
2 533.612775 577.625579
2 455.863609 634.720030
2 489.142883 552.535820
2 413.749970 593.304660
2 338.160838 602.280622
1 365.143592 623.806208
2 363.403461 524.272212
2 378.241689 563.490266
1 414.133163 646.124037
1 411.668134 668.368042
1 592.269184 788.914880
1 591.487549 810.596792
1 569.833038 799.846903
1 572.212885 807.626350
1 562.109298 801.404777
1 569.393378 799.362321
1 575.479506 794.895237
1 550.314057 812.352350
1 585.959880 788.115219
1 564.241788 810.020203
1 569.629502 802.786922
1 577.599504 805.651019
1 574.622168 791.722488
1 564.053403 790.297419
1 553.192257 793.616418
1 549.161840 788.600295
1 569.200985 800.474026
1 576.727973 810.336564
1 553.858209 800.021254
1 548.627846 793.185977
1 574.470780 783.193272
1 572.089694 783.789241
1 570.978102 799.174940
1 576.423917 815.735739
1 592.085861 806.001343
1 575.887485 815.058752
1 562.839817 799.521881
1 565.419632 797.485520
1 582.643007 781.605743
1 586.486928 795.935543
1 571.754810 812.072489
1 569.199946 795.767835
1 580.683493 819.967901
1 590.387599 797.733528
1 577.335586 808.401524
1 580.041311 806.092403
1 570.353356 805.491408
2 577.914558 714.854242
2 436.675419 920.930438
2 601.527925 716.441812
2 574.700117 858.400583
2 642.694306 910.732831
2 659.645040 947.878012
2 349.544459 746.803773
2 381.538185 894.107693
2 339.589366 723.918474
2 412.598899 810.795338
2 408.423329 772.895511
2 650.792042 795.792364
2 496.779949 667.697406
2 447.291469 719.800295
2 646.125732 813.346760
2 473.722511 702.352219
2 648.836860 787.895538
2 572.124382 759.782192
2 542.324607 680.102779
2 430.984447 864.594218
2 616.138961 886.174952
1 584.486762 786.055922
1 373.491145 671.094399
2 460.937892 794.276982
1 543.110026 785.718441
1 548.826724 790.143434
1 620.667986 768.421569
1 603.125180 819.746282
1 600.039571 819.912302
1 398.751165 673.366827
2 461.078221 692.304891
1 607.139395 798.024141
2 417.393937 779.033362
2 605.006509 820.401459
2 634.644835 904.615681
1 533.818273 752.881022
1 604.318444 763.243577
1 604.216930 818.630348
1 556.890648 748.366109
1 585.780095 797.091418
1 526.123487 777.083511
1 566.840715 815.488416
2 458.207300 670.602653
1 377.484254 675.016798
1 630.514417 804.484171
1 553.315532 763.973972
1 518.370008 822.487275
1 535.021313 777.573020
2 456.726666 686.645629
2 661.142867 791.502845
1 599.602792 786.174033
1 518.242114 761.012414
1 555.530088 786.579101
1 513.325655 768.923915
1 570.258483 821.730124
2 542.775050 724.188915
1 521.214353 798.103278
1 566.646256 787.137913
1 573.976648 814.860231
2 397.073205 667.566958
2 385.897127 783.220416
1 600.326306 817.196645
1 632.407964 752.713956
1 582.944387 795.718147
1 560.238076 795.907408
1 597.613458 852.506474
1 435.509702 671.969844
1 598.286562 820.618522
1 579.945380 834.756106
1 561.491785 797.875782
1 375.915244 668.817043
2 456.991216 670.971475
1 453.828817 680.233086
1 632.456561 762.437252
2 548.656919 723.754019
1 541.103031 821.541345
2 426.447253 942.991946
1 522.676277 804.587776
1 566.487555 785.921363
1 529.233115 823.432707
1 585.311247 831.778738
2 544.887227 840.303142
1 557.209120 766.342642
1 608.963139 757.986771
1 392.820462 674.916702
2 654.236489 872.766973
2 402.985109 760.386619
2 529.275858 876.878049
2 429.591720 785.282244
1 585.101156 783.840259
2 483.621625 813.893017
2 492.991224 810.262306
2 664.919378 856.131824
1 566.722660 718.323984
1 558.087149 813.382881
1 551.304353 768.020482
1 542.873924 793.217905
2 550.480376 845.953247
1 417.383020 681.366385
1 416.033715 699.684606
1 637.350216 714.374533
1 567.264118 814.842422
1 592.518454 771.391378
2 453.421791 682.651238
2 423.036398 815.523528
2 471.010206 802.800186
1 597.884444 855.197218
2 659.865196 801.666192
1 528.052592 837.475668
2 366.993393 785.791786
2 660.523305 933.673223
1 588.765953 790.850917
1 424.668589 676.145811
1 599.909431 792.586746
1 624.862403 827.086952
1 546.695514 814.996523
1 562.264422 796.500006
1 597.385301 786.635033
1 544.002995 802.619310
2 472.122522 829.862776
1 528.229299 811.856903
1 536.418664 822.748470
2 498.457945 826.965735
2 519.270306 860.285666
1 615.510403 854.222146
1 620.696872 778.927423
2 523.245007 820.465642
2 597.184487 716.386897
1 392.698271 689.385205
2 430.141872 818.000697
1 612.743556 796.913696
1 516.682474 835.859325
1 563.196708 772.650539
1 576.984048 795.681841
1 425.802000 891.626658
2 554.938823 895.856977
1 554.627916 790.804904
1 546.722776 783.714656
1 559.709077 767.392232
1 589.291388 805.609489
2 583.479530 846.294874
2 523.103954 877.453418
1 571.589529 767.065918
1 380.852378 668.220009
1 504.961059 763.038676
2 492.662488 801.426020
1 545.871367 847.243446
1 530.056774 787.016990
2 441.676848 758.065710
1 569.773258 778.523891
1 526.188208 785.176166
1 402.949654 670.953435
1 556.450988 747.881527
1 584.998460 818.773330
1 516.920951 782.846543
2 532.787034 686.831370
2 528.239879 816.558703
1 553.855421 775.627697
2 547.025121 852.361625
1 570.383292 836.145042
2 391.765714 720.614841
1 534.140615 876.570289
1 520.842505 830.879862
1 518.174610 793.915036
1 560.533430 852.561982
1 600.933912 803.688826
1 428.207839 697.198355
1 562.022778 790.450577
2 656.048977 837.909572
1 368.660443 696.146161
2 581.773920 862.132079
1 547.306836 810.171808
1 587.801533 806.415668
2 645.144257 862.567703
1 625.474821 776.105411
1 612.005856 816.455509
2 459.898300 850.949462
1 397.871835 676.910547
2 626.869154 825.284242
1 538.654065 785.006676
2 610.479645 680.051489
1 532.403082 812.782812
1 556.292222 781.282572
1 653.250700 854.833315
1 524.368237 838.224929
1 403.364028 683.127274
1 605.698580 846.168895
1 386.190530 690.550564
1 570.824777 800.262743
1 630.537062 795.011376
2 531.276619 839.627910
2 646.773586 868.535364
2 634.058828 760.706032
1 543.644337 771.297243
1 605.674755 826.152713
1 524.827129 777.017294
1 428.542531 711.782640
1 529.485718 764.990904
1 543.809199 771.608372
1 386.614482 684.016109
1 538.431039 805.286662
1 522.825777 802.206011
1 567.381381 839.571138
1 501.146629 765.026242
1 509.032147 859.167874
1 600.389277 879.623663
2 522.746236 716.716279
2 564.627187 893.397503
2 661.425292 870.797464
2 492.778215 684.814088
1 407.646844 682.352941
2 512.861983 731.197996
1 543.101426 840.699707
1 562.080014 790.118853
1 617.913604 783.364632
2 534.222826 887.269486
2 578.579118 837.336631
2 540.903544 811.047362
1 573.819204 811.022874
2 333.988786 702.573741
2 572.934429 895.830861
1 600.505462 854.442651
1 561.843348 836.031216
1 590.374023 840.579144
2 401.206577 687.616988
2 536.553363 807.558752
1 386.960969 688.626438
1 593.972187 803.948064
2 594.829889 895.736954
1 572.103809 764.160227
1 569.864860 743.523083
1 535.469173 858.185843
1 587.209518 839.515690
2 441.581177 700.164302
2 562.740032 909.555212
1 497.971814 766.022196
2 596.800395 686.510726
1 581.079592 828.325579
2 587.766699 874.857146
1 514.115788 770.177770
1 358.867984 687.913029
2 632.856742 831.592139
1 572.803994 882.939379
1 613.281075 782.885304
2 421.090079 781.853962
1 433.080160 685.594398
2 640.442198 841.425416
1 558.045870 782.920454
1 592.820467 780.607048
1 566.045958 772.422241
2 533.319755 702.912555
2 631.296751 900.723304
1 594.346051 814.136918
2 525.667144 726.317869
2 615.143441 727.420089
2 571.038301 747.897769
2 549.888679 707.954972
2 479.101649 719.961396
1 605.642699 813.443352
1 536.078170 790.750260
2 529.169426 806.480741
1 569.966332 764.316046
1 579.846935 801.595254
2 510.556861 821.188421
1 588.025437 798.990140
2 638.379642 873.976701
2 563.014411 829.381174
2 455.426322 802.904093
1 605.950278 778.409537
2 340.971777 669.717998
1 537.925145 770.959526
2 384.662797 809.474351
2 618.727129 996.563499
1 351.338563 681.845783
1 546.755394 794.518036
1 563.411384 774.001869
1 418.710472 671.478754
1 571.361389 828.524763
2 428.766988 797.891125
1 649.262444 735.215804
1 581.868307 730.407676
2 653.731523 672.785344
2 521.453343 817.207836
2 656.675298 751.528897
2 482.886593 787.989436
2 543.206344 684.247752
1 567.887014 881.785482
1 367.159488 689.897769
1 596.348610 807.374706
2 646.328135 841.835956
2 481.920958 858.816770
1 605.955027 820.200497
1 547.312845 780.595786
2 514.184818 688.849592
2 381.027335 788.859404
2 428.806461 803.381673
1 549.341889 809.326761
1 606.892588 779.236342
2 596.324147 831.799067
2 440.591273 694.040506
2 532.145761 697.035767
1 566.386958 847.510568
1 559.276547 760.555530
1 577.115229 797.712459
2 566.258336 854.654945
2 541.208042 844.619460
2 482.041392 673.116385
2 546.276484 831.304707
2 470.633351 683.711386
1 631.575761 812.570699
2 447.373845 670.975301
2 534.933174 888.882067
2 554.894832 748.076710
2 525.044797 714.825221
1 597.052956 757.662556
1 578.108084 812.900454
2 662.548340 714.085420
2 592.247288 834.217516
2 585.250040 818.699536
2 594.444705 834.892854
2 567.993353 855.663962
1 538.420472 780.243863
2 659.966091 922.186492
1 536.273993 789.410119
1 619.705663 772.411068
2 506.802304 814.029562
2 464.032411 799.396469
1 592.357263 752.060471
2 484.108153 821.858531
1 570.847292 840.121237
2 637.265524 747.050802
1 617.899782 816.956993
2 619.083074 700.412822
1 590.978703 833.750747
2 604.017378 875.520705
2 502.170913 749.877576
2 409.270877 779.252326
2 562.164090 980.540683
1 375.671842 668.527240
2 483.409654 939.189899
2 425.400012 772.746418
2 494.933726 825.897195
2 524.157774 813.447866
1 583.809259 766.480163
1 570.025481 741.248864
1 631.928849 801.486387
1 662.529236 831.176240
1 562.403242 826.976491
2 623.150686 718.686816
2 587.795547 716.540727
2 629.859098 782.610807
2 520.248871 788.801622
1 575.861807 863.495233
1 655.695922 794.268517
1 562.655867 791.681333
2 466.474883 810.913591
2 563.734704 825.012535
1 600.204546 832.708718
1 446.593632 700.429784
2 488.766099 724.824566
2 419.928701 767.417535
2 530.654759 848.141249
1 527.299805 851.953435
2 522.555900 886.909256
2 614.264067 757.778677
2 502.498538 920.751031
2 526.300538 689.295392
1 558.764822 812.890341
1 447.509166 679.189222
2 578.377783 800.520358
2 568.798010 831.553482
2 523.903059 867.926589
1 532.324732 847.044885
1 542.213859 700.720614
2 651.994231 823.938856
2 542.364685 901.948921
2 427.572757 718.959263
1 607.300241 800.846709
2 378.981715 723.246064
2 599.526058 795.051680
1 634.405594 831.707264
2 655.106259 821.271615
2 483.749954 854.914054
1 569.056860 766.948677
1 532.776305 781.265874
1 622.857482 774.035848
2 506.383959 821.826217
1 515.547856 774.701113
2 383.565011 671.611423
2 413.791870 695.566728
2 555.850174 845.948953
2 424.941225 751.544858
2 416.512525 900.495302
2 421.431573 749.905174
1 524.196615 752.765802
1 607.375451 796.054521
2 535.886855 679.548377
1 569.621139 819.353862
2 463.959809 704.494675
1 637.802567 682.325767
1 457.670537 834.894622
2 361.243561 708.605036
1 602.512607 773.301359
2 644.534618 774.805751
2 497.164561 854.411577
1 630.438250 746.884001
1 629.379795 811.040299
2 408.276604 698.725188
1 595.903107 791.380899
1 509.736077 794.766013
1 616.407351 813.857975
2 584.934183 843.305324
2 457.916340 684.127482
2 458.064118 687.218172
2 467.083412 815.107038
1 617.301761 786.022370
2 516.876847 885.643773
1 627.365310 810.342782
1 657.238413 787.042420
2 650.503228 840.358845
1 527.011073 726.353464
2 551.064306 862.894759
1 565.900896 765.224023
2 570.763036 795.376940
1 568.196591 752.826649
2 449.249823 676.328188
2 632.455793 766.976078
2 523.790008 780.500021
1 533.187280 780.675645
2 570.967310 863.481657
1 554.090950 771.444493
1 533.426103 810.541166
1 529.999434 803.993493
1 604.538302 798.058259
2 457.334258 735.298021
1 605.336884 799.377028
2 595.255745 825.385464
1 552.335745 823.303864
2 446.856445 713.016674
2 612.542181 857.343750
2 567.498401 833.669659
1 566.244903 808.366690
1 594.701195 806.019667
2 665.650613 773.672028
1 502.280177 835.367560
2 508.995819 757.290756
1 542.141105 722.938878
1 614.069872 747.442632
2 498.877189 712.555625
1 439.124117 712.995693
1 560.884051 819.298806
2 631.824771 740.471541
2 573.736559 834.694280
1 528.739658 754.275703
2 557.774510 756.614777
1 575.962855 786.627422
1 594.733980 745.251651
2 501.817945 694.026659
2 535.429924 677.085568
1 542.970546 791.966436
2 339.708564 790.757699
2 625.042072 712.734030
2 422.379629 868.961439
1 592.289983 764.776077
1 636.493600 826.378960
2 589.573737 852.611019
1 563.997474 741.170682
1 411.867510 670.304290
1 587.060613 830.212694
2 560.726486 748.139461
1 657.457592 820.424878
1 580.803150 813.758040
2 629.767338 815.223803
2 643.102984 775.973734
2 650.929832 782.481586
2 495.640199 833.682698
1 550.550392 783.013458
2 486.220561 802.982449
1 614.265222 810.827320
2 461.778540 688.759844
1 555.729359 815.936116
1 584.219658 752.605550
2 530.817925 693.235109
2 570.502345 784.550950
1 562.726406 788.380901
1 527.346904 798.824536
1 528.434440 799.525011
1 409.083377 695.804453
2 568.033451 857.377306
1 577.494532 837.924424
1 598.110081 790.660022
1 573.376804 803.718101
2 543.809055 923.254993
1 513.093816 794.383527
2 436.096395 794.441550
2 479.913972 808.223579
1 571.527955 826.614305
1 397.126837 681.740066
1 554.134482 828.755399
1 599.682689 885.651677
2 466.423946 760.078568
1 502.667964 868.473553
1 569.178944 761.327065
1 607.564446 764.601826
2 542.761256 712.976302
1 576.807136 833.517574
1 544.346521 767.842529
1 539.948853 860.731614
1 558.698911 857.463037
2 540.146288 804.678995
2 517.793676 842.511970
2 489.445450 844.128096
1 569.747020 736.553064
1 630.583073 860.908554
1 537.169567 821.516488
2 437.974096 774.389376
1 417.300677 675.247742
2 583.158708 796.453471
1 589.831477 797.242597
2 518.629771 727.200996
2 644.979732 743.539083
1 554.117126 767.177095
2 502.577603 834.043561
1 519.483687 759.966500
2 596.171401 718.683451
1 552.460997 846.642255
1 576.218446 824.218266
2 529.032188 681.822511
1 551.417815 872.300134
1 640.283400 800.073772
2 567.994988 863.743382
2 392.189304 671.524514
1 395.086321 701.143308
2 526.019785 831.497219
2 511.529082 875.280119
2 571.987809 770.458776
2 550.965579 823.524968
2 476.176961 843.306589
1 512.567172 766.217934
1 611.136644 754.323955
1 593.580695 822.193841
1 608.190693 801.124955
1 541.864290 827.345094
1 583.658044 760.053165
2 658.402931 797.390054
1 534.936579 780.402472
1 351.958780 673.101607
2 472.943219 751.051122
1 529.921988 817.499401
1 540.710682 835.121056
1 542.298413 864.352162
1 581.334260 764.680365
1 529.230408 767.758283
2 527.730140 830.630612
2 385.483471 725.357871
2 646.053719 860.656169
2 550.788120 853.412047
2 483.563145 822.739940
2 574.719979 777.042975
2 486.209286 687.516653
1 575.873257 791.750156
1 615.139902 784.925450
2 497.223924 671.754578
1 537.246469 783.251881
2 426.821457 735.891582
2 600.589210 808.103852
2 539.061187 827.624708
1 587.484756 769.669946
1 375.443674 704.037252
1 515.325264 750.314322
2 551.647252 877.049660
1 573.022767 710.264896
1 611.177383 788.510270
2 511.507665 699.354304
1 608.439474 822.531755
2 479.787870 797.444626
1 573.529001 806.685146
1 590.544261 753.747538
1 550.573566 811.655620
2 600.720950 818.688331
1 579.115824 773.901177
2 580.621509 683.585774
1 543.597769 785.570464
2 561.044719 739.198079
1 398.646041 667.496146
1 374.068183 686.323480
2 612.109495 803.508463
1 369.176049 731.622239
1 533.353954 780.592919
1 605.678068 751.095939
1 595.652766 761.810305
1 595.523851 772.725639
2 565.804950 791.071060
2 661.531162 777.650459
2 563.418184 811.842392
1 433.260096 715.318795
1 587.144171 851.067080
1 570.877323 782.719314
1 584.989271 778.222040
2 484.475544 814.055132
1 593.845120 818.042117
2 376.247305 740.884264
1 560.900801 787.012128
1 611.837344 771.925860
2 529.678463 717.133809
1 549.579453 813.951959
2 461.210086 792.151775
2 459.103558 828.349306
2 532.040372 693.839978
2 542.882467 696.674871
1 543.869097 770.530077
1 552.616751 820.999293
1 812.226200 290.236725
1 833.030645 316.684872
1 834.044190 283.999700
1 819.691371 300.488439
1 820.155986 304.158386
1 822.841290 275.549347
1 830.789986 321.305360
1 821.461269 298.275657
1 837.939457 290.559085
1 809.734327 290.916042
1 799.208382 306.913418
1 827.960425 295.295719
1 828.619228 297.276916
1 822.031434 305.360813
1 820.658663 284.509079
1 809.235061 314.367895
1 820.862003 300.408726
1 818.762404 303.936763
1 812.497967 279.106009
1 832.419664 315.356267
1 820.978513 300.690964
1 797.302606 305.825083
1 843.686914 295.652230
2 666.798979 177.648918
2 722.194114 196.170142
2 799.967573 112.965367
2 755.215109 262.818065
2 847.526756 47.555112
2 896.554048 172.220755
2 882.950573 98.002196
2 919.808063 177.226763
2 777.515608 169.121337
2 763.118143 314.693327
2 675.563414 185.947463
2 792.672124 105.940476
2 786.455709 275.805450
2 909.989381 231.012482
2 850.339335 302.945682
2 923.431828 272.093459
2 809.899771 309.508034
2 700.217118 149.705557
2 923.879637 114.424918
2 942.296089 88.085685
2 992.212422 18.595498
2 961.750529 170.609145
2 747.794707 283.159653
2 743.638688 290.934731
1 820.449397 298.561304
2 708.361947 222.360231
1 799.246823 333.145786
2 848.888486 201.463397
1 792.721869 251.128956
2 791.667961 276.065532
1 823.947924 233.585367
2 756.727951 294.667191
2 690.411655 251.887234
1 800.492790 323.670289
1 815.036076 310.473954
2 863.527010 187.806359
2 797.936750 128.663002
1 779.270706 257.546149
1 812.372759 305.448973
1 824.784676 324.948876
1 802.886561 289.196080
1 774.014762 300.436596
2 733.485689 304.250435
1 774.805125 260.053934
1 836.730988 313.771186
1 807.351070 326.147066
1 834.464524 326.792378
2 682.988786 254.470316
1 813.597069 283.033637
2 860.127099 176.319351
1 830.717917 295.915207
1 837.488612 309.797850
1 798.264740 323.037243
1 802.700005 332.473569
1 799.561051 316.024881
1 822.450614 284.091779
1 828.866071 284.900904
2 733.205386 279.341891
2 825.731932 110.277128
1 855.684365 293.618514
1 848.135926 309.638303
1 806.589599 283.517401
2 943.637509 205.682166
1 764.769585 269.004627
1 834.058068 324.576375
2 727.280086 263.948287
1 814.972672 257.838375
1 746.071098 260.857200
1 818.004098 255.398544
1 814.604251 306.888559
2 835.745129 255.718556
2 833.128113 189.273197
2 807.074919 283.810176
2 685.420363 239.690410
1 765.314853 268.207022
1 892.565230 284.475077
1 822.583375 302.424616
1 849.635812 311.437240
1 784.397050 269.620669
2 735.311472 261.549670
1 862.002166 317.945536
2 823.247906 276.695770
2 729.415978 324.580066
1 777.800658 266.117761
2 706.765319 225.728444
2 700.510529 144.108475
1 782.234365 293.358700
1 776.219542 223.483985
1 797.434423 266.246077
2 747.558135 279.472362
2 688.151308 194.333795
1 847.272949 240.376103
1 813.694040 267.011127
2 840.940289 259.999562
1 780.112317 303.519001
1 833.646866 227.923336
2 766.898387 142.213965
2 755.979986 279.665673
1 820.334508 324.284621
2 807.817428 217.848250
2 781.532755 268.250185
1 830.390190 314.910857
2 869.339095 279.436750
2 741.972188 303.651107
2 733.243767 307.789410
1 795.978476 278.952041
2 748.795083 288.748993
1 838.187570 266.382836
1 872.488391 254.681381
1 846.648278 293.640498
1 813.545686 321.641377
1 845.192459 291.107733
1 840.291140 327.598745
2 942.437512 160.536715
1 827.834560 285.726330
2 799.874673 267.806148
1 846.183490 284.828186
2 899.241964 211.140047
1 821.321823 309.294385
2 763.764475 240.852012
2 746.749954 319.613524
2 922.267635 305.828729
1 872.583785 301.757373
1 805.952829 272.240361
2 955.599882 232.845460
2 867.439011 270.272796
2 828.341027 232.687396
2 828.425883 92.466511
2 800.983003 325.209995
1 760.473973 243.451581
1 774.153853 266.511847
1 796.944524 296.387108
2 857.077596 324.500437
1 763.395484 266.397666
1 794.075224 298.310795
1 814.846166 275.933048
2 932.373939 189.549609
1 799.144285 264.301029
2 819.470001 256.984436
1 754.308624 223.545895
1 761.574171 323.377615
1 863.812807 309.532503
2 818.810564 272.933689
2 787.442943 223.539463
2 760.964212 275.352830
1 821.347660 282.677413
1 843.291110 266.263602
1 823.551467 328.885769
2 918.642654 301.772060
1 813.990537 291.182271
1 809.214444 322.882986
1 799.474008 319.745869
2 840.180368 261.086980
1 833.539343 288.632671
1 724.791815 286.755412
1 858.592739 303.697378
1 814.113401 327.207105
2 823.512058 281.960350
1 849.013817 309.281653
2 715.911384 275.614533
1 806.589095 310.175361
2 748.934430 293.013611
2 719.925428 316.720621
2 756.599109 275.768740
1 888.655888 284.068284
1 870.866624 291.770460
2 817.853988 298.857183
1 866.305507 299.906380
1 863.975525 260.151253
1 836.252729 253.341509
1 796.474320 308.654062
2 839.561651 289.429971
2 749.346698 267.584934
2 777.112305 230.430130
2 763.137877 276.219359
1 846.097321 269.363682
1 788.309972 316.586560
2 946.163439 155.440878
1 800.681776 329.023833
2 703.020121 288.458243
1 793.627994 308.386885
1 841.752020 276.280160
1 743.605146 280.997226
1 814.680648 285.575601
2 753.947408 307.558849
1 848.560258 244.135875
1 818.095443 293.047906
2 854.217714 206.126017
1 792.967926 262.659283
2 748.579063 276.554722
2 836.995848 203.384941
1 865.542232 289.294768
1 827.934396 304.540718
1 841.658808 250.919812
2 739.893096 264.575356
1 776.185373 311.426521
2 709.760168 276.649546
1 834.250716 301.434257
2 793.412565 291.135136
1 709.603526 312.225154
2 765.023955 304.184138
1 773.179712 295.569547
1 805.973076 307.538589
2 813.141991 213.864229
1 820.960995 295.914230
1 802.599925 329.764374
2 838.398604 326.610596
1 830.463946 328.739380
2 777.185307 310.160860
1 758.667969 310.024590
1 898.058760 283.533147
1 792.114344 317.506942
2 878.820538 215.121589
1 757.184449 223.427454
2 811.076892 291.061093
2 829.486708 218.530443
2 738.060998 296.563393
1 786.544289 258.719682
1 847.282932 208.743625
2 759.879962 322.043700
2 682.704284 221.474089
2 807.494407 281.757682
2 877.229441 195.796318
2 837.159366 274.311081
1 848.552703 325.303419
1 827.692741 270.754393
2 725.148476 235.368840
2 842.501776 331.525174
1 831.839486 320.314584
2 787.182068 300.831136
2 696.863921 301.505515
1 803.578243 211.461488
1 834.737616 247.511065
1 873.063233 318.096777
2 728.394259 327.324851
2 791.478673 78.348522
2 847.914454 250.723310
1 843.775412 293.914820
2 924.822934 360.146150
2 853.461554 617.476469
2 898.600168 540.882315
2 677.775509 342.930127
2 750.100477 352.702020
2 867.559483 627.575568
2 910.013623 458.782088
2 921.326964 580.380160
2 977.632657 440.842494
2 720.361765 580.513346
2 772.892698 525.418582
2 958.985674 356.512416
2 952.169677 569.099599
2 813.839232 641.817628
2 864.808386 501.433124
2 922.861860 409.129112
2 757.961885 346.761935
2 921.044725 367.612915
2 821.702857 505.467745
2 923.699222 340.109950
2 857.317670 417.800218
2 928.971849 390.542396
1 806.044801 370.655496
2 679.430794 348.502495
2 713.166788 342.478407
1 830.683496 338.613619
1 803.516774 334.023235
1 789.928426 342.259091
1 884.848959 338.181397
2 931.124508 376.309491
1 868.186066 357.637820
2 920.972741 386.914881
2 919.980574 450.723937
1 939.527977 354.795492
2 794.122495 519.502187
1 805.390516 338.271956
2 868.131086 381.825789
2 723.119630 341.655687
2 709.373359 408.654727
2 924.715270 436.455296
2 953.822986 377.030759
1 847.987765 336.662030
2 822.467996 475.701994
2 816.756149 458.901352
1 822.761266 339.200549
2 836.507277 476.353352
1 921.714106 341.713596
2 891.889908 344.603501
1 919.391022 356.908664
1 801.342680 338.886492
2 833.743533 477.064062
1 858.992115 352.147287
2 701.378061 368.180386
1 830.673412 361.255483
1 799.301324 353.405755
1 799.811368 368.024733
2 992.281266 396.285169
2 874.893959 345.667449
1 817.137572 366.792792
2 786.910254 334.779987
2 928.779192 336.242030
2 741.452066 337.429109
1 778.506449 333.854031
1 807.515374 339.732063
2 933.326223 358.903535
2 730.879782 942.588539
2 817.317326 740.240759
2 728.193996 675.485181
2 676.107195 838.903866
2 836.032604 668.933878
2 977.535892 947.458170
2 864.426634 915.553717
2 761.362816 885.111847
2 693.274694 781.004788
2 741.835712 871.078402
2 806.801612 766.132397
2 708.811255 807.139448
2 668.318965 696.922625
2 670.862398 800.310166
2 717.706290 778.669213
2 673.884216 698.456678
2 676.042004 863.281372
2 674.456353 912.545630
2 683.571534 760.239067
2 736.878646 796.486416
2 687.649472 839.788186
2 675.117712 844.959295
2 724.042410 789.784196
2 689.080375 871.498642
2 671.574888 825.688245
2 697.797639 777.686880
2 676.892563 772.494689
2 728.414486 779.234270
2 685.713830 825.023364
2 675.582263 776.665734
2 669.321512 840.778620
2 710.794454 861.541614
2 668.919947 846.212703
2 675.310678 773.497385
2 691.401646 844.109421
