1 199.269705 173.437265
1 210.114308 186.948301
1 205.196307 190.114481
1 201.889364 166.244283
1 200.028815 178.904122
1 188.380839 167.329228
1 212.278736 161.253949
1 212.483211 172.490510
1 195.050289 171.076614
1 179.145205 192.423152
1 203.705688 176.662764
1 208.432975 176.476157
1 191.860712 185.192797
1 199.578806 182.418145
1 186.174945 200.079040
1 180.475691 186.882647
1 204.553109 188.063940
1 196.346362 175.409721
1 193.785615 175.874331
1 201.650211 166.035300
1 182.203108 183.478241
1 198.891638 173.225857
1 180.544847 186.930235
1 186.504118 179.103378
1 180.106523 173.681083
1 212.387992 187.255458
1 212.946587 178.048028
1 209.544623 167.571960
1 181.902077 174.280506
1 205.334414 178.161422
1 212.620355 185.058393
1 188.913952 189.585743
1 179.717881 187.837870
1 214.856571 170.711981
1 202.955266 172.699582
1 184.536981 177.049929
1 201.516642 175.161366
1 221.555916 184.444234
1 198.418725 169.288476
2 147.719864 139.178096
2 293.914801 136.273860
2 171.706898 110.554810
2 245.197685 60.614106
2 294.372177 189.389279
2 247.747488 300.629079
2 123.511157 300.565481
2 318.756259 57.705115
2 240.868928 171.431778
2 158.408097 123.982872
2 6.988644 146.061295
2 317.447416 179.969107
2 89.577762 289.336909
2 225.903249 289.597707
2 18.138077 109.929903
2 3.136457 219.714821
2 129.998060 280.385958
2 198.110545 10.437739
2 246.814734 268.601933
2 31.140934 115.490686
2 265.037625 240.178044
2 114.672760 10.294318
2 24.569977 251.627972
2 87.105782 18.602916
2 203.383335 10.801702
1 194.763531 140.853057
2 228.621964 193.663892
2 264.518814 322.369157
2 235.506483 306.665366
1 173.142316 200.724945
1 155.458840 140.552525
1 163.459872 204.225722
2 246.485998 259.765647
2 307.874599 193.144104
2 244.604499 53.599537
1 184.290846 85.200732
1 195.721536 165.026095
1 199.581848 210.862287
1 19.155943 274.384631
1 184.472377 175.527415
1 155.331488 153.574657
1 223.858622 132.698112
1 170.133431 222.056265
2 304.665871 160.279937
2 101.298089 309.262140
1 226.916292 218.739779
1 169.406557 166.128749
1 184.727212 208.376192
1 230.605513 151.664243
2 294.449853 235.440074
1 177.638723 212.922615
1 162.931087 205.469670
1 237.973866 203.085093
1 178.527494 178.903342
2 306.323713 192.678792
2 123.148568 312.307307
1 150.802275 162.690677
1 254.516951 169.081191
2 301.966882 178.477889
1 234.257508 140.203852
2 196.905072 309.502846
1 260.484579 196.726078
1 208.563307 168.026861
1 226.121314 175.590111
1 242.260952 112.060572
1 142.430362 157.237744
2 139.322862 197.536016
1 203.787636 157.046061
1 190.189092 185.168795
1 181.229188 209.157998
1 150.147726 149.861502
1 195.720419 132.929061
2 187.079540 226.600870
1 181.765033 133.639825
1 182.782956 130.817220
1 209.183497 156.299685
1 231.740151 225.924731
1 181.990048 215.862753
1 242.722827 196.966938
1 176.971049 102.718682
2 68.182461 325.084117
1 195.623541 114.578595
1 235.918343 180.725910
1 181.170898 107.098001
1 218.243654 175.201195
1 232.944719 210.960510
2 212.937289 253.194814
1 212.165028 212.670509
2 5.598987 282.817136
1 241.163317 231.618470
1 247.266896 203.137958
1 150.485486 118.706163
1 266.065750 171.368282
1 216.855260 241.277900
1 260.785854 189.595080
2 75.699490 268.121931
1 270.096291 111.119228
1 247.467187 114.811403
1 232.475859 212.413137
1 208.305397 139.111924
1 196.679769 166.433036
1 181.195070 172.713085
1 213.172081 135.557695
2 61.270670 127.002958
2 132.712649 134.232410
2 175.856223 153.240127
2 7.484304 214.113692
1 193.865633 226.988407
2 239.785824 292.924328
1 168.809054 208.328867
1 210.286292 150.232591
2 252.907429 268.377052
1 187.493870 215.501232
2 280.581676 148.248086
1 308.980133 164.402940
1 142.322139 137.255096
1 210.601009 181.060970
1 162.099857 238.853911
2 171.244360 543.570455
2 20.994490 632.140718
2 153.389716 641.988353
2 215.846863 380.439899
2 197.668517 576.454287
2 176.469311 624.306723
2 28.754951 434.886062
2 258.849622 571.780342
2 243.642724 359.433039
2 206.003233 444.655875
2 119.399959 429.388510
2 134.954239 645.637362
2 99.191083 646.504344
2 207.408084 475.388057
2 151.070492 544.679380
2 264.775531 607.742791
2 173.720496 576.298073
2 160.545054 608.476589
2 244.379846 603.176353
2 252.693330 594.176401
2 272.197575 585.483928
2 136.157880 600.433852
2 133.466890 654.921174
1 179.486334 648.991657
2 239.703285 615.698246
2 312.811172 643.285494
2 233.193655 653.943257
2 216.246408 618.614101
1 145.030728 772.537774
1 157.487720 793.321122
1 126.746203 786.033927
1 143.108860 781.374177
1 154.390032 786.035741
1 145.163527 789.729331
1 147.016255 764.763246
1 140.785421 784.378476
1 149.145823 789.074265
1 164.059055 789.500816
1 162.035259 791.309183
1 143.341848 761.361544
1 148.994945 781.462857
1 139.319658 769.947154
1 150.635253 800.337475
1 139.604911 775.162807
1 161.454364 774.691989
1 145.115120 801.068668
1 147.551750 782.847987
1 130.097206 782.724603
1 146.637271 794.320656
1 144.572743 765.796607
1 165.210033 792.478869
1 145.398130 795.977175
1 138.434013 794.852440
1 137.038868 779.913534
1 148.886593 775.785309
1 154.683136 787.143884
1 151.684056 759.675614
1 172.323697 786.749599
1 143.634279 768.792677
1 171.706840 790.920699
1 150.302771 764.452877
1 154.831874 780.177508
1 165.169143 762.646692
1 139.070384 777.583477
1 131.403224 778.324781
1 147.781349 780.633312
1 142.264031 791.512781
1 168.558070 768.279076
2 45.445622 846.788738
2 314.745031 695.223919
2 278.842459 682.923933
2 144.085517 872.816056
2 179.601668 815.345060
2 235.255087 804.442660
2 25.964187 815.865713
2 66.431093 926.363874
2 304.534268 779.614386
2 226.630879 780.766078
2 168.179667 893.592700
2 155.089063 886.894080
2 206.757819 820.565459
2 95.990597 827.499648
2 251.927141 815.949635
2 97.995087 682.932946
2 109.632884 844.386862
2 186.317673 845.551338
2 54.460575 712.218472
2 251.392151 680.540094
2 92.891069 894.358573
2 78.445487 880.182434
2 292.569065 875.351900
1 86.020180 780.580941
1 136.187325 783.945349
1 96.197482 780.568885
1 176.654355 733.028098
1 159.514968 722.126510
1 130.759262 743.383780
1 134.411693 752.418353
2 220.135209 748.184806
1 200.147601 811.202961
1 137.096546 756.926010
1 125.021247 763.437740
1 143.193443 756.704974
1 113.213366 800.442832
1 148.500646 823.174579
1 194.530711 800.569073
1 142.466121 774.128151
1 161.612588 779.139690
1 165.311930 776.657784
2 241.689303 809.853541
1 150.438880 801.274519
2 295.327889 733.079625
1 147.997484 798.694338
1 135.038101 796.635027
1 130.618385 791.506295
1 188.387285 788.209503
2 234.560167 818.850170
1 141.386291 747.665857
1 110.069408 771.212575
1 131.224333 782.782895
1 162.268694 803.964110
1 121.973120 809.698347
1 111.223998 790.515332
2 304.799784 754.099782
1 201.868392 794.621864
1 156.522054 773.820643
1 218.314630 784.951671
1 126.750574 753.094425
2 189.681122 809.403691
1 138.104903 802.476782
2 209.525915 985.342098
2 120.170971 816.008582
1 106.636438 767.168712
1 166.958874 744.123451
1 165.062139 806.925096
1 153.879183 787.534348
1 138.070677 740.819264
1 155.724175 783.134517
1 191.710927 726.513855
1 161.302843 739.002347
2 74.433701 702.224604
1 161.836957 751.197362
2 116.527809 876.861232
1 152.259350 763.306660
2 161.574616 734.762658
2 184.387283 808.145222
1 167.791504 777.553742
1 165.160397 794.846356
1 162.786514 789.698806
1 160.657060 808.195819
2 161.318796 816.025334
2 175.842335 887.096310
1 139.009272 781.236937
2 182.464130 767.907319
1 120.248353 744.545427
1 183.179010 732.971348
2 81.372253 703.738302
1 165.295181 796.176690
1 146.274010 815.159376
1 207.887349 805.153085
2 107.785620 827.943360
2 128.698290 842.771319
1 202.638851 821.946526
1 194.794821 809.021273
1 106.176812 804.424891
1 184.033219 781.598839
1 161.282484 736.588354
1 150.007045 822.062479
2 119.109046 697.168668
1 127.787534 766.523903
2 229.232057 838.585996
1 175.581063 698.694772
2 152.237076 703.536167
1 101.532396 790.811295
2 26.441249 922.987410
1 158.441676 687.793184
1 163.375964 755.806580
2 181.124455 822.806884
2 108.631979 846.913828
2 215.059250 728.897943
2 325.487981 769.883643
1 215.135144 760.658662
1 104.097434 797.730928
1 170.644591 794.255210
2 96.848927 920.632410
1 216.451510 774.527493
1 108.988638 834.490560
1 110.173669 776.693131
1 180.543189 810.490192
2 160.096216 719.133678
2 113.883987 809.545870
1 120.523097 734.074132
2 212.195044 851.137270
1 113.434608 738.620555
1 127.981383 782.855979
1 157.417814 797.441969
1 96.719716 762.697264
2 141.460226 872.244552
1 156.026379 709.297787
1 105.980645 828.499749
2 243.586529 811.873103
1 133.138743 805.245659
2 54.548253 807.860731
1 62.862789 823.391580
1 140.985552 775.078400
1 202.016001 782.518308
1 136.529387 782.220483
2 132.367100 706.175034
1 98.436430 743.797979
1 100.648377 777.121601
1 170.254997 687.807599
2 175.925145 885.960519
2 92.021000 709.699563
1 140.718824 807.764952
1 134.085469 734.977664
1 149.579898 791.973175
1 122.906324 763.661737
1 157.708020 739.829950
1 169.316254 825.583120
1 142.991568 780.581871
2 207.842258 687.401571
2 127.792054 727.302363
1 97.719439 795.804821
2 216.592800 800.923521
2 71.496311 858.240099
2 225.932992 810.369218
2 119.094645 926.307226
1 145.564146 775.290388
1 201.406583 820.977950
2 303.975746 723.436542
1 197.446667 799.238910
1 159.853272 808.604358
1 194.232458 777.770403
1 194.867697 814.946693
1 152.754064 809.501511
1 197.186357 741.641804
1 117.801237 798.385444
2 8.678204 693.299933
2 192.782443 808.864892
2 110.143550 858.323373
2 217.437497 858.404186
1 163.204756 766.707210
2 605.066590 47.788371
2 665.653347 275.935088
2 363.834378 164.526498
2 527.996854 292.824059
2 666.366008 82.483431
2 649.420891 250.178670
2 429.921659 60.700783
2 578.546029 74.844074
2 581.659812 104.667085
2 584.759719 8.514276
2 406.604858 243.912258
2 393.617551 91.206526
2 530.761359 200.478255
2 623.500289 78.874461
2 371.782737 51.913341
2 571.288115 214.680961
2 345.497800 201.910706
2 363.276072 61.447109
2 424.445237 98.422765
2 343.430712 184.819771
2 359.000222 205.665531
2 374.149416 246.744372
2 605.055366 0.723653
1 382.260213 656.654334
1 400.060358 664.114563
1 405.111228 654.743552
1 414.979481 651.653271
1 403.504982 652.571265
1 390.688447 647.845610
1 405.143784 645.741016
1 397.298582 643.386521
1 399.545928 650.646476
1 408.363581 655.378863
1 387.102474 631.882672
1 385.087245 644.224714
1 412.893603 637.657770
1 405.531501 633.996536
1 408.893194 651.784645
1 400.441090 649.314884
1 397.339133 647.323642
1 399.327124 649.262928
1 400.506485 650.383943
1 395.364842 649.921690
1 398.053061 653.189044
1 398.752565 649.912308
1 397.250624 649.699913
1 406.456430 640.285232
1 421.667448 648.733453
1 422.983944 640.758248
1 380.384746 651.717041
1 392.518443 649.812297
1 411.925322 644.440037
1 408.039858 649.382839
1 394.418308 649.889421
1 406.652711 633.066539
1 394.377634 647.022654
1 394.835188 662.032331
1 395.472651 631.200161
1 402.283887 655.352194
1 414.147286 642.437744
1 412.439738 656.811921
1 394.118353 663.469716
1 402.351592 650.678890
1 393.106662 639.004447
1 411.733015 641.469493
1 401.110278 649.500800
2 455.653924 403.258451
2 363.487086 575.203866
2 554.207542 524.403726
2 407.654692 539.267475
2 409.899350 583.813836
2 569.053141 516.305782
2 638.136057 382.283967
2 337.238754 627.361551
2 421.769390 657.734760
2 567.767176 623.068481
2 531.947152 538.399774
2 414.301767 487.742486
2 346.897906 350.992522
2 379.458646 395.931238
2 603.739266 638.164720
2 501.170248 578.989438
2 493.003781 406.135317
2 439.302773 543.991638
2 624.977644 549.091301
2 651.343269 665.120359
2 400.695022 591.662895
2 356.809001 521.837604
1 391.935827 659.518083
2 419.553517 556.511043
1 425.815958 637.527939
2 442.004096 515.132870
1 412.488373 641.788434
1 406.826088 631.795082
2 386.224803 629.766378
1 414.109623 654.972567
1 415.781427 661.538612
2 633.465261 580.503653
2 531.467525 648.346877
1 376.509419 647.378447
1 396.631756 658.414052
1 401.626766 661.697632
2 369.428183 638.303779
2 456.400522 515.645022
1 457.837019 627.656129
1 408.285545 640.119516
2 374.851067 613.970102
1 444.233221 633.565289
2 451.471733 608.868300
2 437.714572 646.526523
2 448.374231 594.463203
2 431.952045 639.208110
1 396.681101 624.900868
1 380.716202 661.664959
1 397.462161 623.071300
1 397.648716 633.628603
2 357.853091 556.890684
2 422.800234 607.703906
1 405.356046 645.004295
2 443.931235 641.835847
2 389.786957 606.445156
2 417.723214 571.804324
1 375.748508 600.481061
2 399.498945 623.838917
2 464.072326 612.028933
2 367.046244 534.123853
1 415.057695 640.962774
1 393.944170 637.052306
2 474.346545 575.442596
1 461.536971 634.095028
2 371.281593 665.629963
1 459.649692 636.714839
1 379.624597 653.507638
1 408.266521 638.821276
2 461.620587 536.373808
1 369.633967 639.922709
1 417.085777 580.798015
2 475.954421 602.585080
1 402.650339 655.679051
1 372.381406 659.099717
1 509.077171 651.169135
1 444.918559 662.004164
2 445.397583 625.613729
2 489.895400 659.677534
2 638.421047 353.964393
2 379.048058 592.502623
1 379.273602 619.890666
2 437.144168 666.485166
1 415.398966 641.176644
2 435.579867 505.601759
2 455.463922 556.922832
2 399.827431 658.642314
1 352.442608 660.795522
1 420.159405 597.358234
1 467.927911 660.857288
2 456.286510 635.713348
1 351.366720 611.275621
1 415.624329 663.293341
2 605.411013 635.275875
2 437.464868 656.865969
2 470.886820 553.649906
2 470.764617 598.922622
1 439.988578 628.531978
1 383.783567 655.848638
2 403.059973 642.410319
1 408.266521 638.821276
1 391.076872 638.316980
2 486.214110 551.588013
1 368.390478 657.678645
1 383.895876 614.346239
1 382.689057 619.785063
1 378.915816 665.710486
2 404.283735 588.801044
2 463.416573 575.323493
1 360.711045 610.802054
1 390.463128 663.036786
1 415.125010 660.781057
1 411.668134 668.368042
1 592.269184 788.914880
1 591.487549 810.596792
1 569.833038 799.846903
1 572.212885 807.626350
1 562.838830 823.133327
1 562.109298 801.404777
1 569.393378 799.362321
1 575.479506 794.895237
1 550.314057 812.352350
1 585.959880 788.115219
1 564.241788 810.020203
1 569.629502 802.786922
1 577.599504 805.651019
1 574.622168 791.722488
1 564.053403 790.297419
1 553.192257 793.616418
1 549.161840 788.600295
1 576.378288 808.759825
1 569.200985 800.474026
1 576.727973 810.336564
1 553.858209 800.021254
1 548.627846 793.185977
1 571.998115 799.433039
1 574.470780 783.193272
1 572.089694 783.789241
1 570.978102 799.174940
1 576.423917 815.735739
1 592.906930 809.881322
1 592.085861 806.001343
1 575.887485 815.058752
1 562.839817 799.521881
1 565.419632 797.485520
1 582.643007 781.605743
1 586.486928 795.935543
1 571.754810 812.072489
1 569.199946 795.767835
1 580.683493 819.967901
1 571.582199 797.383136
1 590.387599 797.733528
1 577.335586 808.401524
1 580.041311 806.092403
1 570.353356 805.491408
2 577.914558 714.854242
2 436.675419 920.930438
2 601.527925 716.441812
2 443.770658 934.503837
2 574.700117 858.400583
2 610.104511 840.210379
2 642.694306 910.732831
2 659.645040 947.878012
2 349.544459 746.803773
2 381.538185 894.107693
2 339.589366 723.918474
2 412.598899 810.795338
2 408.423329 772.895511
2 650.792042 795.792364
2 520.087113 997.883590
2 496.779949 667.697406
2 447.291469 719.800295
2 646.125732 813.346760
2 473.722511 702.352219
2 648.836860 787.895538
2 572.124382 759.782192
2 542.324607 680.102779
2 622.243191 962.189270
2 524.971951 840.720524
2 430.984447 864.594218
2 616.138961 886.174952
1 584.486762 786.055922
1 373.491145 671.094399
1 600.310450 833.685021
2 460.937892 794.276982
1 543.110026 785.718441
1 548.826724 790.143434
1 620.667986 768.421569
1 569.457317 781.694843
1 603.125180 819.746282
1 600.039571 819.912302
1 398.751165 673.366827
2 461.078221 692.304891
1 607.139395 798.024141
2 417.393937 779.033362
2 605.006509 820.401459
2 634.644835 904.615681
1 533.818273 752.881022
1 604.318444 763.243577
1 604.216930 818.630348
1 556.890648 748.366109
1 585.780095 797.091418
1 526.123487 777.083511
1 566.840715 815.488416
2 458.207300 670.602653
1 377.484254 675.016798
1 630.514417 804.484171
1 553.315532 763.973972
1 518.370008 822.487275
1 535.021313 777.573020
2 398.694666 737.154525
2 456.726666 686.645629
2 661.142867 791.502845
1 599.602792 786.174033
1 518.242114 761.012414
1 555.530088 786.579101
1 513.325655 768.923915
1 570.258483 821.730124
2 542.775050 724.188915
1 521.214353 798.103278
1 566.646256 787.137913
1 573.976648 814.860231
2 397.073205 667.566958
2 385.897127 783.220416
1 600.326306 817.196645
1 632.407964 752.713956
1 582.944387 795.718147
1 560.238076 795.907408
1 597.613458 852.506474
1 435.509702 671.969844
1 598.286562 820.618522
1 579.945380 834.756106
1 561.491785 797.875782
1 375.915244 668.817043
2 456.991216 670.971475
1 453.828817 680.233086
1 632.456561 762.437252
2 548.656919 723.754019
1 541.103031 821.541345
2 426.447253 942.991946
1 522.676277 804.587776
1 566.487555 785.921363
1 529.233115 823.432707
1 585.311247 831.778738
2 544.887227 840.303142
1 557.209120 766.342642
1 608.963139 757.986771
1 392.820462 674.916702
2 654.236489 872.766973
2 569.406738 745.490472
2 402.985109 760.386619
2 529.275858 876.878049
2 429.591720 785.282244
1 585.101156 783.840259
2 483.621625 813.893017
2 492.991224 810.262306
2 664.919378 856.131824
1 566.722660 718.323984
1 558.087149 813.382881
1 551.304353 768.020482
1 542.873924 793.217905
2 550.480376 845.953247
1 417.383020 681.366385
1 416.033715 699.684606
1 637.350216 714.374533
1 567.264118 814.842422
1 592.518454 771.391378
2 453.421791 682.651238
2 423.036398 815.523528
2 471.010206 802.800186
1 597.884444 855.197218
1 537.859070 718.038402
2 659.865196 801.666192
1 528.052592 837.475668
1 594.979718 836.934597
2 576.018257 721.039295
2 366.993393 785.791786
2 660.523305 933.673223
2 639.350275 877.278205
1 588.765953 790.850917
1 424.668589 676.145811
1 599.909431 792.586746
1 624.862403 827.086952
1 546.695514 814.996523
1 562.264422 796.500006
1 597.385301 786.635033
1 544.002995 802.619310
2 472.122522 829.862776
1 563.366861 793.734977
1 528.229299 811.856903
1 536.418664 822.748470
2 662.216440 778.490619
2 637.886565 706.212944
2 498.457945 826.965735
2 519.270306 860.285666
1 615.510403 854.222146
1 620.696872 778.927423
2 523.245007 820.465642
2 597.184487 716.386897
2 532.003428 868.757165
1 392.698271 689.385205
2 430.141872 818.000697
1 612.743556 796.913696
1 536.022265 767.995570
1 516.682474 835.859325
1 366.621677 670.650058
1 563.196708 772.650539
1 576.984048 795.681841
1 425.802000 891.626658
2 554.938823 895.856977
1 554.627916 790.804904
1 546.722776 783.714656
1 559.709077 767.392232
1 589.291388 805.609489
2 583.479530 846.294874
2 523.103954 877.453418
1 571.589529 767.065918
1 380.852378 668.220009
1 504.961059 763.038676
1 579.023061 790.747771
2 492.662488 801.426020
1 545.871367 847.243446
1 530.056774 787.016990
2 441.676848 758.065710
1 569.773258 778.523891
2 545.387300 879.694469
1 526.188208 785.176166
1 402.949654 670.953435
2 655.908403 946.527795
1 614.340811 804.017507
1 556.450988 747.881527
1 584.998460 818.773330
1 516.920951 782.846543
2 532.787034 686.831370
2 417.534336 771.384876
2 528.239879 816.558703
1 553.855421 775.627697
2 547.025121 852.361625
1 570.383292 836.145042
2 391.765714 720.614841
1 534.140615 876.570289
1 520.842505 830.879862
1 518.174610 793.915036
1 560.533430 852.561982
1 600.933912 803.688826
1 428.207839 697.198355
1 562.022778 790.450577
2 656.048977 837.909572
1 368.660443 696.146161
2 581.773920 862.132079
1 547.306836 810.171808
1 587.801533 806.415668
2 645.144257 862.567703
1 625.474821 776.105411
1 612.005856 816.455509
1 570.119252 804.583975
2 459.898300 850.949462
1 397.871835 676.910547
2 626.869154 825.284242
1 515.175603 832.952995
1 538.654065 785.006676
2 610.479645 680.051489
1 532.403082 812.782812
1 446.526953 705.461597
1 556.292222 781.282572
1 653.250700 854.833315
1 524.368237 838.224929
1 403.364028 683.127274
1 605.698580 846.168895
1 386.190530 690.550564
1 570.824777 800.262743
1 630.537062 795.011376
2 418.298692 720.945549
2 531.276619 839.627910
2 646.773586 868.535364
2 400.795047 667.370048
2 634.058828 760.706032
1 543.644337 771.297243
1 605.674755 826.152713
1 524.827129 777.017294
2 561.881131 898.421866
1 428.542531 711.782640
1 582.983046 819.383776
1 529.485718 764.990904
1 543.809199 771.608372
1 386.614482 684.016109
1 538.431039 805.286662
1 522.825777 802.206011
1 567.381381 839.571138
1 501.146629 765.026242
1 509.032147 859.167874
1 600.389277 879.623663
2 522.746236 716.716279
2 564.627187 893.397503
2 661.425292 870.797464
2 492.778215 684.814088
1 407.646844 682.352941
2 512.861983 731.197996
1 543.101426 840.699707
1 562.080014 790.118853
1 617.913604 783.364632
2 534.222826 887.269486
2 578.579118 837.336631
2 540.903544 811.047362
1 573.819204 811.022874
2 333.988786 702.573741
2 572.934429 895.830861
1 600.505462 854.442651
1 561.843348 836.031216
1 590.374023 840.579144
2 401.206577 687.616988
2 536.553363 807.558752
1 386.960969 688.626438
1 593.972187 803.948064
2 594.829889 895.736954
1 572.103809 764.160227
1 569.864860 743.523083
1 535.469173 858.185843
1 587.209518 839.515690
2 441.581177 700.164302
2 562.740032 909.555212
1 497.971814 766.022196
2 596.800395 686.510726
1 581.079592 828.325579
2 383.887833 767.580910
2 587.766699 874.857146
1 514.115788 770.177770
1 358.867984 687.913029
2 632.856742 831.592139
1 572.803994 882.939379
1 613.281075 782.885304
2 421.090079 781.853962
1 433.080160 685.594398
2 640.442198 841.425416
1 558.045870 782.920454
1 623.876758 840.155428
1 592.820467 780.607048
2 526.460394 829.882344
1 566.045958 772.422241
2 533.319755 702.912555
2 631.296751 900.723304
2 647.679523 888.234803
1 594.346051 814.136918
2 525.667144 726.317869
2 615.143441 727.420089
2 571.038301 747.897769
2 549.888679 707.954972
1 515.104985 834.523959
2 479.101649 719.961396
1 605.642699 813.443352
1 536.078170 790.750260
2 529.169426 806.480741
1 569.966332 764.316046
1 579.846935 801.595254
1 595.915956 827.748804
2 510.556861 821.188421
1 588.025437 798.990140
2 638.379642 873.976701
2 563.014411 829.381174
2 455.426322 802.904093
1 605.950278 778.409537
2 520.218037 843.715803
2 340.971777 669.717998
1 817.333145 301.770809
1 812.226200 290.236725
1 814.043604 287.613507
1 833.030645 316.684872
1 831.667684 295.476292
1 814.058431 301.075981
1 834.044190 283.999700
1 827.473053 308.571495
1 819.691371 300.488439
1 820.776003 303.481807
1 835.591285 300.783414
1 820.155986 304.158386
1 822.841290 275.549347
1 826.779512 299.570688
1 802.061386 300.942897
1 818.328382 301.953430
1 830.789986 321.305360
1 821.461269 298.275657
1 837.939457 290.559085
1 809.734327 290.916042
1 799.208382 306.913418
1 827.960425 295.295719
1 828.619228 297.276916
1 822.031434 305.360813
1 822.383471 302.747937
1 820.658663 284.509079
1 809.235061 314.367895
1 833.266366 306.872088
1 824.072163 310.451970
1 820.862003 300.408726
1 818.762404 303.936763
1 812.497967 279.106009
1 832.419664 315.356267
1 820.978513 300.690964
1 797.302606 305.825083
1 843.686914 295.652230
2 666.798979 177.648918
2 722.194114 196.170142
2 799.967573 112.965367
2 755.215109 262.818065
2 967.740334 176.295514
2 847.526756 47.555112
2 896.554048 172.220755
2 882.950573 98.002196
2 919.808063 177.226763
2 777.515608 169.121337
2 763.118143 314.693327
2 830.285743 135.188482
2 995.768737 265.352777
2 801.264136 178.192910
2 675.563414 185.947463
2 792.672124 105.940476
2 786.455709 275.805450
2 909.989381 231.012482
2 850.339335 302.945682
2 955.189126 119.127902
2 923.431828 272.093459
2 809.899771 309.508034
2 700.217118 149.705557
2 923.879637 114.424918
2 942.296089 88.085685
2 998.183651 278.084384
2 992.212422 18.595498
2 961.750529 170.609145
2 747.794707 283.159653
2 743.638688 290.934731
1 820.449397 298.561304
2 708.361947 222.360231
1 799.246823 333.145786
2 848.888486 201.463397
1 792.721869 251.128956
1 825.372628 298.837333
2 791.667961 276.065532
1 823.947924 233.585367
2 756.727951 294.667191
2 690.411655 251.887234
1 831.669225 332.968748
1 800.492790 323.670289
1 814.992698 277.564013
1 815.036076 310.473954
2 863.527010 187.806359
2 797.936750 128.663002
1 779.270706 257.546149
1 812.372759 305.448973
1 824.784676 324.948876
1 802.886561 289.196080
1 774.014762 300.436596
2 733.485689 304.250435
1 774.805125 260.053934
1 836.730988 313.771186
1 814.894370 317.578049
1 807.351070 326.147066
2 705.793985 298.978450
2 880.955405 241.030080
1 865.013279 308.632213
1 834.464524 326.792378
2 682.988786 254.470316
1 813.597069 283.033637
1 787.354293 308.387922
2 860.127099 176.319351
1 858.882181 303.474621
1 838.532938 244.530655
1 830.717917 295.915207
1 837.488612 309.797850
1 798.264740 323.037243
1 802.700005 332.473569
1 799.561051 316.024881
1 822.450614 284.091779
1 828.866071 284.900904
2 733.205386 279.341891
1 855.345078 301.021188
2 825.731932 110.277128
1 855.684365 293.618514
1 848.135926 309.638303
1 806.589599 283.517401
2 943.637509 205.682166
1 764.769585 269.004627
1 847.952869 296.441516
1 834.058068 324.576375
2 727.280086 263.948287
1 814.972672 257.838375
1 746.071098 260.857200
1 818.004098 255.398544
1 814.604251 306.888559
2 835.745129 255.718556
2 833.128113 189.273197
2 807.074919 283.810176
2 685.420363 239.690410
2 782.497898 296.178496
1 765.314853 268.207022
1 892.565230 284.475077
1 822.583375 302.424616
2 921.909187 258.283734
1 849.635812 311.437240
1 784.397050 269.620669
2 735.311472 261.549670
1 862.002166 317.945536
2 823.247906 276.695770
2 729.415978 324.580066
1 777.800658 266.117761
2 706.765319 225.728444
2 700.510529 144.108475
1 782.234365 293.358700
1 776.219542 223.483985
1 797.434423 266.246077
2 747.558135 279.472362
2 688.151308 194.333795
1 816.659520 270.503452
1 847.272949 240.376103
1 813.694040 267.011127
2 840.940289 259.999562
1 780.112317 303.519001
1 833.646866 227.923336
2 766.898387 142.213965
2 755.979986 279.665673
1 820.334508 324.284621
2 715.387556 239.190424
1 807.499938 316.184801
2 807.817428 217.848250
2 781.532755 268.250185
1 830.390190 314.910857
1 834.825455 324.347184
2 869.339095 279.436750
2 741.972188 303.651107
2 733.243767 307.789410
1 795.978476 278.952041
2 748.795083 288.748993
1 838.187570 266.382836
1 872.488391 254.681381
1 846.648278 293.640498
1 813.545686 321.641377
1 845.192459 291.107733
1 840.291140 327.598745
2 942.437512 160.536715
1 827.834560 285.726330
2 799.874673 267.806148
2 946.411487 272.285795
1 846.183490 284.828186
2 899.241964 211.140047
1 821.321823 309.294385
1 881.750388 297.080575
2 763.764475 240.852012
2 746.749954 319.613524
2 922.267635 305.828729
1 872.583785 301.757373
1 805.952829 272.240361
2 955.599882 232.845460
2 867.439011 270.272796
2 828.341027 232.687396
2 828.425883 92.466511
1 832.448048 333.003602
1 821.434648 295.724733
1 892.125854 313.040835
2 800.983003 325.209995
1 760.473973 243.451581
1 852.995589 304.653635
1 774.153853 266.511847
1 796.944524 296.387108
2 857.077596 324.500437
1 812.711247 298.324704
1 763.395484 266.397666
1 794.075224 298.310795
2 759.833389 252.098210
1 814.846166 275.933048
2 932.373939 189.549609
1 799.144285 264.301029
2 819.470001 256.984436
1 754.308624 223.545895
2 924.822934 360.146150
2 853.461554 617.476469
2 898.600168 540.882315
2 677.775509 342.930127
2 750.100477 352.702020
2 867.559483 627.575568
2 910.013623 458.782088
2 909.437058 404.824141
2 921.326964 580.380160
2 857.254788 594.139169
2 977.632657 440.842494
2 720.361765 580.513346
2 772.892698 525.418582
2 958.985674 356.512416
2 952.169677 569.099599
2 813.839232 641.817628
2 864.808386 501.433124
2 922.861860 409.129112
2 757.961885 346.761935
2 921.044725 367.612915
2 710.275476 501.749901
2 821.702857 505.467745
2 923.699222 340.109950
2 857.317670 417.800218
2 700.161838 338.531428
2 928.971849 390.542396
1 806.044801 370.655496
2 679.430794 348.502495
2 713.166788 342.478407
2 932.309412 451.005048
1 830.683496 338.613619
1 803.516774 334.023235
1 789.928426 342.259091
1 884.848959 338.181397
2 931.124508 376.309491
1 868.186066 357.637820
2 920.972741 386.914881
1 807.553767 342.986934
2 919.980574 450.723937
1 939.527977 354.795492
2 794.122495 519.502187
1 805.390516 338.271956
2 868.131086 381.825789
2 723.119630 341.655687
2 709.373359 408.654727
2 924.715270 436.455296
2 953.822986 377.030759
2 730.879782 942.588539
2 817.317326 740.240759
2 728.193996 675.485181
2 676.107195 838.903866
2 836.032604 668.933878
2 977.535892 947.458170
2 922.795936 866.236940
2 906.207141 929.633314
2 841.109441 723.509132
2 975.466924 771.741003
2 864.426634 915.553717
2 761.362816 885.111847
2 693.274694 781.004788
2 666.953286 932.102326
2 741.835712 871.078402
2 806.801612 766.132397
2 708.811255 807.139448
2 668.318965 696.922625
2 670.862398 800.310166
2 717.706290 778.669213
2 682.886312 774.735042
2 673.884216 698.456678
2 669.258110 767.080086
2 676.042004 863.281372
2 723.615481 813.418285
2 683.732465 884.662571
