1 202.078525 179.315206
1 186.819888 180.064576
1 182.952212 174.534474
1 196.768541 177.505941
1 204.328503 189.087506
1 210.958168 179.125455
1 211.836927 174.842533
1 189.331589 163.877402
1 203.527437 163.832954
1 193.067098 161.343859
1 199.534577 179.521387
1 180.724814 194.967207
1 193.107182 173.501593
1 216.060535 192.472274
1 198.853969 176.148251
1 192.250519 197.907028
1 194.037276 181.435106
1 199.799649 178.648621
1 183.153069 197.091140
1 189.229870 181.374885
1 199.026631 174.339036
1 190.123317 178.772194
1 211.479674 193.053529
1 200.678000 184.928028
1 178.902086 190.791062
1 201.121318 185.842062
1 198.505473 182.127880
1 182.344040 172.955946
1 186.702925 186.835629
1 203.281993 182.508794
1 209.131122 169.530986
1 205.148379 156.622375
1 201.587909 182.185522
1 210.067252 172.806962
1 201.499285 196.008500
1 221.749054 192.889254
1 171.916285 183.989158
1 239.140797 225.005167
1 228.855938 195.028243
1 206.641897 156.837430
1 205.738130 154.671824
1 166.871813 159.504346
1 264.131827 210.257088
1 232.545993 94.511528
1 147.245597 186.648782
1 219.611656 263.420708
1 185.559091 172.107086
1 185.165608 197.788098
1 195.821242 161.709327
1 206.964783 175.111000
1 209.195351 209.235039
1 183.964455 209.052594
1 219.398093 181.045027
1 191.302611 160.776089
1 211.627930 184.382519
1 250.364364 235.094947
1 194.575925 150.840464
1 174.206705 175.472562
1 213.600660 188.480294
1 184.545382 193.725219
1 221.197842 181.695667
1 219.900168 214.667051
1 262.808853 186.639282
1 202.586583 217.281324
1 127.481289 209.097171
1 197.415551 208.108129
1 233.095088 138.681303
1 198.968305 151.752142
1 135.863547 186.459509
1 204.247282 192.779103
1 209.678444 163.470359
1 252.319771 165.063115
1 251.656445 93.047784
1 212.566296 211.937257
1 178.197923 191.330886
1 170.244953 192.902010
1 179.446920 173.536422
1 206.891531 181.490527
1 206.242703 201.595844
1 199.956681 242.058428
1 202.354723 197.308534
1 211.942882 193.517113
1 207.889543 267.903750
2 59.664177 453.414726
2 50.576305 436.787278
2 58.482343 434.984402
2 51.425367 440.837784
2 43.175214 434.119097
2 75.720087 415.002922
2 58.804816 428.815023
2 63.347146 425.863559
2 60.732494 408.726670
2 72.406240 438.663397
2 68.614963 418.307461
2 78.024736 442.886722
2 50.591738 412.758446
2 74.532559 427.224107
2 56.673980 431.836704
2 39.766784 432.656259
2 54.629899 427.696813
2 39.445893 422.065107
2 64.010856 425.553187
2 80.182577 438.192942
2 60.792721 428.363508
2 61.668450 429.694248
2 53.810192 419.722364
2 56.705041 425.612133
2 56.175670 411.315359
2 63.494198 428.757342
2 83.436392 431.710276
2 62.089104 430.141319
2 43.408837 443.731623
2 61.552714 420.683760
2 54.176240 408.216230
2 54.332525 422.651007
2 45.589576 434.050779
2 40.333242 444.457525
1 301.955119 645.779793
1 320.448290 652.310718
1 331.205207 637.530872
1 137.580917 790.113407
1 154.195366 773.573497
1 148.767415 779.060031
1 148.218661 777.629893
1 139.421185 798.342218
1 138.908182 789.084680
1 146.418749 784.457072
1 160.131038 787.909778
1 150.308837 780.140365
1 157.117436 792.632554
1 158.460107 771.246079
1 146.027089 803.146904
1 157.586055 786.824144
1 151.165851 778.942263
1 154.737368 774.207855
1 153.580006 777.188003
1 164.555545 789.736037
1 150.928066 781.749938
1 144.243613 785.552113
1 163.909595 777.338638
1 146.093343 790.984559
1 136.628337 785.524255
1 140.338804 770.199865
1 135.556030 777.083723
1 153.267474 780.133094
1 150.762099 774.299002
1 129.636304 786.653029
1 150.481933 780.709372
1 130.425149 772.329319
1 147.324617 770.897743
1 165.789670 780.267917
1 170.979326 792.811980
1 154.225798 768.676333
1 146.283493 780.222102
1 156.864742 796.891839
1 161.861036 758.807051
1 128.360333 771.670554
1 157.033526 783.322430
1 154.356766 782.354495
1 171.076966 768.126136
1 149.792901 793.426537
1 155.137713 786.289303
1 165.961065 763.317471
1 160.573092 762.600482
1 112.109130 737.324774
1 146.054276 807.907985
1 128.190615 730.962508
1 178.237017 806.573843
1 108.151221 785.648358
1 119.081292 777.319336
1 143.469332 751.860728
1 178.180372 786.122141
1 175.530052 775.009015
1 149.175226 757.383362
1 115.729445 738.846501
1 157.461784 803.934652
1 137.211139 809.492437
1 119.645904 755.110743
1 176.588903 735.349208
1 140.457313 790.012831
1 182.357320 789.650644
1 129.039426 781.055573
1 189.000787 741.022190
1 190.012490 790.873197
1 174.527103 776.787545
1 154.186264 763.146621
1 135.485229 791.172561
1 167.757992 784.173531
1 218.862173 779.360968
1 214.044262 787.433576
1 249.892942 780.219036
1 202.307659 763.775119
1 154.202713 778.618110
1 163.974650 773.002558
1 157.952017 707.708691
1 137.062985 747.701288
1 140.308620 772.757850
1 117.227531 768.550931
1 155.050451 751.390351
1 245.181807 740.672145
2 287.854196 787.945632
1 147.052584 815.697880
1 174.555559 754.156829
1 145.874400 771.694378
1 155.447569 817.020029
1 136.778246 812.208728
1 184.722257 803.640242
1 229.619161 805.235341
1 166.349463 742.816485
1 186.160579 771.724705
1 108.129118 855.736408
1 167.004450 740.794248
1 157.229218 789.403577
1 90.965442 745.463663
1 150.679740 796.769536
1 152.184501 765.547451
2 330.758013 796.134056
1 151.244052 792.668130
1 203.383562 801.309031
1 170.172564 806.581820
1 205.695299 786.700473
1 182.566568 802.207457
1 152.272418 737.500392
1 171.981628 800.283583
1 161.601047 774.176961
1 80.546339 733.305775
1 205.402628 752.892404
1 123.557395 845.834014
1 187.900797 833.681343
1 202.477802 776.909237
1 157.685826 737.554694
1 98.350803 783.447583
1 106.490522 799.040252
1 141.110773 757.391339
1 291.289748 765.718002
1 120.711540 804.722308
1 156.980554 810.519812
1 152.698044 738.899266
1 189.985890 741.618785
1 136.213554 764.493470
1 165.505432 784.312474
1 158.152433 838.180549
2 313.732717 853.345243
1 121.712319 754.844108
1 134.574291 814.989785
1 151.955619 733.451051
2 319.557930 851.417781
1 150.953222 759.019200
1 216.611426 734.917376
1 161.150226 806.216342
1 164.191038 880.223621
1 166.373333 802.071540
1 219.293001 751.493800
2 321.430876 801.221008
1 141.848274 770.705985
1 157.253019 779.632523
1 199.839311 743.932104
1 166.737733 804.754548
1 125.910056 768.749860
1 147.913785 741.355209
1 151.929208 768.100443
1 178.810367 731.733936
1 157.751271 823.873362
1 154.886263 692.104794
1 144.046463 763.321846
1 115.043786 751.810121
1 90.071991 826.381831
1 191.705582 801.287580
1 135.850326 765.645582
1 163.840241 743.317516
1 177.527456 793.669739
1 251.537299 748.507088
1 120.665050 780.488618
1 154.170769 771.452222
1 142.938177 806.196462
1 164.783936 763.348296
1 195.735812 841.466193
1 98.645354 760.959281
1 156.482505 756.843664
2 301.947351 825.312490
1 167.753864 752.638448
1 136.698736 769.797552
1 127.548100 816.975485
1 138.480289 804.550092
1 171.738833 741.652701
2 330.267340 863.136601
1 122.083641 750.741764
1 153.344983 766.161026
1 178.992725 759.993110
1 83.701926 863.744731
1 114.533702 763.695423
1 134.824573 769.000346
1 142.165124 752.733048
1 200.737840 787.489040
1 109.161905 815.847064
1 145.405548 764.757569
1 203.839551 743.982131
1 212.801782 726.831215
1 152.160108 800.902750
1 134.694698 807.734604
1 191.439760 810.508843
1 162.484166 780.284990
1 160.179715 789.184554
1 113.991875 777.264641
1 186.628493 796.187132
1 149.308203 718.182445
1 289.459292 783.726617
1 216.474049 818.870241
2 327.708066 863.699240
1 172.477123 790.228729
1 125.242964 792.865005
1 157.847910 847.760822
1 211.953228 784.761874
1 162.304110 776.350020
1 182.243538 823.502790
1 151.860425 811.852366
1 137.898342 728.503511
1 192.151657 790.787244
1 163.305721 839.343360
1 225.312860 778.982265
1 184.426572 808.425992
1 157.889058 810.186370
1 210.212548 794.859005
1 205.808310 775.160065
1 126.240656 788.487242
1 115.024631 742.043847
1 182.461155 772.710098
1 145.903960 798.626777
1 206.270993 709.964390
1 185.167062 773.165761
1 96.724738 777.594430
2 295.682648 851.431605
2 312.129970 834.985699
1 134.560383 742.390930
1 169.317410 740.743295
1 155.024519 744.743097
1 125.894813 825.005648
1 165.943222 773.078115
1 115.083244 783.123612
1 163.242922 746.015280
2 499.585782 134.991032
2 484.248733 151.095240
2 487.072859 134.072046
2 483.869978 133.688808
2 506.632547 149.885286
2 492.965995 129.845313
2 518.370217 137.655406
2 500.372290 132.347817
2 500.592111 143.538737
2 509.219396 138.393067
2 509.805614 158.859363
2 494.685072 156.280964
2 493.952420 155.236588
2 498.891104 142.434045
2 503.031665 142.810787
2 503.838197 164.691625
2 482.063822 143.746553
2 496.084056 144.129262
2 491.287710 130.238975
2 493.997559 149.054409
2 505.718363 140.086895
2 516.354893 141.664266
2 497.273132 140.416961
2 480.665799 140.519273
2 484.169628 124.939385
2 502.431803 130.208756
2 488.163780 137.309645
2 507.653555 163.648638
2 490.172815 141.775291
2 497.665782 137.406016
2 504.235634 136.967520
2 507.121802 126.362128
2 504.037112 143.205893
2 497.827101 132.321328
2 520.065446 142.572758
2 485.296409 121.877189
2 499.532163 145.276059
2 486.023560 139.868389
2 478.722753 156.842353
1 414.159271 654.484542
1 409.232629 630.668999
1 407.023245 639.978443
1 393.944144 650.141133
1 399.197276 650.149638
1 405.431374 649.333913
1 391.300101 656.779568
1 399.486811 646.725757
1 400.259023 649.944374
1 395.487644 652.575963
1 411.968041 650.520766
1 398.848586 635.686138
1 391.609420 665.205160
1 408.133576 630.837110
1 399.173399 644.191207
1 389.841955 658.005263
1 400.774781 650.308213
1 399.641320 649.664334
1 400.950645 653.944074
1 396.906714 642.965381
1 396.371375 649.914623
1 381.955513 645.056636
1 398.298446 654.480653
1 405.424793 638.575822
1 398.660293 649.819049
1 401.354440 647.757411
1 390.971265 647.465206
1 405.861198 641.062399
1 398.602001 647.378318
1 394.385557 654.002274
1 393.340697 642.555826
1 411.539163 654.654595
1 401.664526 639.774492
1 408.226809 628.395687
1 395.338749 637.154486
1 415.984239 646.909203
1 399.215922 650.971434
1 423.036678 654.281203
2 566.327921 479.929622
2 559.645556 478.749257
2 542.108217 474.036524
2 563.369408 490.282628
2 559.161220 474.688788
2 557.486451 481.565274
2 556.840378 498.166857
2 563.704203 473.647680
2 558.252617 486.808067
2 558.899972 479.781194
2 548.343974 488.373185
2 559.745212 479.979779
2 569.635254 470.297255
2 565.753896 479.453980
2 547.504747 473.173566
2 552.993692 480.154732
2 536.452940 475.645585
2 545.797056 473.774194
2 567.445625 494.042759
2 562.460124 483.713340
2 543.069621 483.761617
2 547.655082 458.294657
2 563.167474 480.654356
2 566.168079 497.857587
2 557.684401 461.115869
2 560.512513 470.929234
2 563.243376 477.289553
2 542.971177 465.114985
2 544.830961 464.668945
2 553.586758 461.895545
2 564.947799 458.268381
2 567.193653 481.763242
2 564.631733 472.059136
2 559.099342 479.038836
2 580.142647 476.366680
2 565.634408 455.665149
2 557.992754 503.939145
2 564.291244 478.719299
2 548.831643 495.501298
2 568.669514 482.475636
2 548.772346 492.824870
1 386.892649 589.133282
1 403.845028 631.744172
1 377.863815 631.667758
1 407.526585 601.186903
1 413.144342 611.596480
1 361.798733 654.850931
1 405.667537 593.169044
1 381.008821 659.962241
2 588.899500 530.857820
1 378.027962 614.468682
1 373.866264 630.321789
1 376.887668 595.018850
1 439.315468 633.848259
1 380.812562 641.860511
1 398.386557 642.489938
1 368.911033 665.309429
1 411.481191 638.275993
1 418.768198 634.054188
1 427.706995 646.813610
1 377.102908 665.958650
1 440.426021 663.242761
1 362.289161 624.335360
1 426.189780 659.142133
2 572.389823 498.996345
1 381.232834 645.547797
1 424.268360 627.368824
1 398.171174 647.106466
1 385.181351 576.165131
1 360.684586 630.192572
1 349.775859 613.199412
1 376.737959 630.293026
2 523.538816 488.237164
1 368.932366 616.717637
1 438.417496 657.869326
1 372.095844 658.350069
1 369.418341 588.491727
1 418.431927 624.585359
1 428.883540 659.288055
1 393.774299 624.523176
1 454.342807 656.902562
1 424.171737 652.134030
1 392.019801 586.453223
1 357.719429 656.891890
1 391.010271 656.835126
1 421.942280 643.325859
1 381.274855 574.168479
1 445.959296 627.324586
1 402.819630 632.830354
1 463.759778 654.956018
1 393.338059 587.817245
1 463.198962 660.086977
1 406.567728 639.462109
1 367.992609 633.949321
1 364.939766 661.656030
1 398.261664 622.821515
1 385.539661 627.642937
1 382.513029 614.433142
1 396.702386 542.717635
1 416.527051 638.210105
1 414.020212 665.286928
1 421.618086 656.707822
1 429.324342 644.047613
2 530.676051 463.257331
1 381.895719 632.827791
1 399.205097 656.649774
2 545.531489 460.299267
1 396.131399 658.513554
1 359.621858 585.316625
1 354.116814 658.899680
1 397.525455 648.862069
1 446.115034 642.336670
1 446.606054 658.013877
1 456.686722 634.762564
2 557.834164 491.801373
1 400.927688 586.219625
1 438.483894 641.708178
1 366.892590 628.124726
1 441.201455 645.014311
1 408.310517 574.696157
1 441.496504 635.665994
1 393.626881 603.193589
1 415.745960 654.714593
1 370.046092 663.162256
1 366.438781 627.147481
1 399.456862 665.663945
1 442.920422 626.850882
1 432.694659 636.861006
1 385.032252 652.724163
1 381.708012 594.751859
1 415.150157 649.552677
1 405.853176 630.621674
1 363.983570 618.521134
1 454.359915 623.723343
2 514.052853 427.304683
1 387.782182 607.648841
1 428.091933 658.916484
1 382.696726 664.277663
1 419.112276 665.336786
1 388.630096 613.214146
1 378.113647 639.869268
1 414.281184 623.265099
1 351.873392 622.835539
1 402.018545 606.126134
1 373.566915 664.388027
1 395.078289 626.029717
1 397.431173 578.859577
1 340.010053 663.463164
1 378.005874 641.977769
1 432.540665 593.664602
1 473.125617 614.636715
1 370.627981 547.581039
1 465.217958 624.303913
1 391.526530 618.809254
1 409.949241 653.383414
1 404.413970 660.929902
1 371.005335 626.554247
1 417.384404 612.442759
1 437.112106 663.155237
1 367.748147 622.686986
1 360.943213 638.510134
1 448.302778 638.080685
1 397.990737 616.633293
1 385.035656 663.725140
1 383.556446 654.298923
1 405.434320 655.060428
1 349.528359 617.039376
1 408.282924 659.059457
1 394.954126 674.308099
1 394.221399 669.527537
1 554.016372 799.904415
1 581.751516 787.336215
1 566.340280 801.260464
1 570.123937 800.021367
1 591.474880 793.367133
1 560.549366 808.971070
1 587.251436 782.693528
1 583.242380 791.272099
1 572.751738 801.405733
1 552.745377 812.852118
1 564.153244 803.367135
1 566.634687 799.764181
1 569.401358 802.703440
1 581.768991 798.964816
1 572.759855 799.243772
1 573.053080 813.579015
1 584.509425 787.087501
1 572.145453 786.877142
1 574.188549 798.183811
1 555.463841 818.504065
1 568.084256 806.421477
1 556.173005 808.304817
1 572.362892 786.040284
1 569.348468 803.664456
1 559.722450 798.231480
1 565.268759 792.765162
1 570.431892 804.553449
1 553.812317 802.677720
1 566.122417 793.535738
1 556.450136 801.912863
1 551.165307 798.782531
1 588.384833 811.338194
1 564.321143 806.739449
1 563.309108 788.919077
1 578.038975 812.878854
1 570.841369 788.925269
1 569.494965 799.816144
1 577.269699 796.321275
2 389.538227 833.879714
2 402.161750 844.896420
2 378.960659 833.429814
2 399.890100 830.041025
2 405.207302 850.738799
2 397.114311 827.173351
2 397.580039 831.068220
2 387.290173 814.781166
2 402.382769 830.642689
2 397.509522 816.278095
2 395.711069 837.208026
2 390.150597 825.066402
2 399.501159 818.059710
2 398.257724 839.003859
2 416.083383 812.282884
2 385.918454 817.639902
2 399.456228 830.895849
2 413.065501 846.807698
2 415.642324 835.764118
2 390.094158 829.951194
2 398.878255 849.165779
2 401.366324 848.649844
2 401.175089 840.522349
2 405.832256 845.406995
2 398.449407 821.013905
2 405.133892 836.167852
2 418.329704 828.496631
2 400.384027 826.575821
2 404.526549 830.470441
2 402.357607 815.581699
2 397.917414 854.296024
2 388.306593 841.258806
2 382.629465 844.753000
1 401.045343 669.621955
2 389.973516 873.192103
2 353.275818 796.547851
1 545.220750 788.401716
1 567.850883 779.626817
1 561.789547 802.019553
2 386.912675 853.330870
1 604.530443 822.474467
2 379.835067 796.858268
1 539.292787 766.402296
1 570.551154 776.187531
1 455.278297 691.638740
1 416.191941 668.386686
1 563.785259 818.786646
1 552.668107 793.104008
1 562.184223 831.906109
2 398.594589 865.124898
1 523.812776 766.419284
1 623.096499 783.919834
1 557.636437 769.061173
1 596.526744 830.839349
1 542.999416 849.353745
1 578.378800 790.773275
2 350.222377 793.473344
1 509.794818 818.407951
1 547.117903 819.049732
1 409.574660 676.885957
1 553.108539 838.887403
2 399.823625 840.426053
1 576.359913 815.064798
1 560.863738 806.335669
2 336.872879 828.898365
1 545.251794 789.893807
1 521.577333 774.216442
1 429.505731 680.263906
1 580.970055 822.324561
2 394.616697 841.552950
1 410.705994 675.830532
1 545.105550 840.797756
1 545.296279 843.030865
1 599.321953 786.248063
1 569.846310 779.476680
1 535.357725 778.865419
1 619.267661 791.605673
2 382.802672 836.634891
1 608.615145 810.632159
2 395.698202 829.671143
1 543.408826 763.417687
1 577.510173 801.286885
1 601.332079 788.004673
1 536.916005 791.473720
1 344.472613 668.204673
1 587.433033 788.573758
2 422.975443 803.933998
1 579.245328 812.302386
2 415.270428 836.191421
1 542.034375 775.489196
1 396.576021 700.007032
1 534.273915 787.821307
2 403.567657 819.688443
1 537.455707 773.375901
1 509.008130 795.674994
2 406.462427 855.554282
1 548.307685 806.180797
1 538.940578 768.032258
1 557.910800 734.661557
1 453.397004 716.373391
1 541.044919 788.285154
1 619.118642 844.380572
1 568.524710 816.566907
1 514.327196 837.237613
1 557.077873 812.177443
1 406.748277 674.958321
2 395.461673 807.764367
1 543.048302 778.470485
1 546.743855 803.078136
2 390.770186 813.589827
1 620.116766 747.544766
1 535.658099 781.377574
1 540.726939 789.105269
1 570.895663 768.564359
1 529.836039 809.274135
1 533.151614 780.863033
1 540.695375 810.217735
2 399.618341 769.879570
2 399.625890 784.044938
2 349.328053 844.473095
1 654.928830 753.387300
2 401.307296 848.216819
1 535.932819 794.306241
1 549.411587 810.149921
1 550.578671 841.348121
1 395.540292 678.265025
1 565.865170 763.328867
2 343.122594 891.061785
1 583.590714 869.727255
1 531.474158 765.770938
2 382.120979 801.635395
2 404.581499 835.326004
1 552.185630 807.166936
1 615.004125 793.156241
1 578.671151 758.661047
1 412.809251 706.693697
1 564.076695 793.321495
1 553.983501 866.022915
1 540.892407 766.963053
1 532.908097 745.959024
1 567.590173 832.541485
1 577.344617 826.800267
1 567.258750 749.693679
2 380.678595 857.581783
1 588.784942 791.295177
1 643.155977 809.949029
1 565.233506 829.919546
1 556.450457 845.341647
1 536.659802 758.896448
1 529.526700 793.755001
1 565.266061 807.618540
1 556.366796 840.655876
1 581.052889 788.664719
2 352.592476 790.169531
1 381.748355 693.944007
1 623.079393 761.860641
2 396.919951 885.927233
2 354.528362 825.305253
2 381.879056 795.273120
1 519.766071 761.706919
1 561.867476 756.882796
1 558.790475 817.697525
1 531.505476 811.023789
1 511.008141 787.770415
2 379.698288 847.306112
1 549.209265 792.812398
1 384.934634 666.886344
1 508.530481 796.933994
1 563.997373 782.461094
1 590.301891 760.642649
1 559.399565 755.554637
2 367.362896 804.344394
1 590.937016 797.013886
1 498.255193 842.531482
2 449.235331 852.260931
1 548.229010 753.662181
1 384.266924 678.679957
1 623.125609 748.352035
1 548.431611 831.761629
2 349.807411 806.092178
1 649.911565 847.631417
1 565.914375 821.622955
1 535.913622 816.940367
2 403.725375 855.791974
2 422.565269 830.464387
1 566.845648 818.752851
1 402.251832 707.739443
1 603.713826 779.895280
1 492.407798 776.255565
2 407.888925 823.725837
1 558.922118 772.341005
2 415.171922 870.985790
2 345.974701 826.631223
1 383.452095 703.306069
1 532.154328 840.007179
2 392.075720 842.458177
1 590.918912 795.893715
1 563.815948 775.657418
1 536.312593 861.529486
1 515.779423 842.893195
1 593.552368 759.701774
1 580.048983 770.673150
1 551.464010 840.086608
2 340.350797 847.691996
2 334.665364 834.834182
2 388.032743 821.385124
1 581.078900 804.775173
1 612.177634 824.899605
1 529.844232 822.030763
1 606.029213 799.754046
1 398.677703 688.460815
2 418.825624 852.788086
1 496.678530 814.209491
2 375.184835 793.162421
1 591.679048 811.194565
1 555.485803 825.047330
1 578.112433 829.722827
1 578.582446 884.811660
1 601.786423 754.804399
1 579.143280 845.741127
1 587.591500 785.594514
2 399.947972 832.367956
1 562.400496 768.540026
2 391.783137 771.381679
1 633.610196 798.439997
1 553.845167 909.010029
1 488.518871 778.732620
2 370.879745 794.718213
1 528.288998 823.656053
1 573.298672 820.036813
1 581.000138 791.421909
1 513.682681 843.100517
2 370.997473 796.508369
1 572.759398 801.525273
1 573.869562 845.852287
1 504.529886 824.456050
1 653.832100 733.534880
1 586.074001 841.693363
2 429.107355 840.592992
1 543.440894 813.495689
1 571.798296 831.341867
1 485.069251 863.852554
1 558.026995 810.563406
1 558.536745 808.985958
1 394.558792 689.524829
1 428.802652 678.417985
2 372.360997 849.072521
1 507.275472 808.985659
1 466.529677 792.781897
1 532.136720 737.137594
1 479.604582 821.351552
2 424.252467 858.013905
1 562.670724 889.014965
1 379.997840 718.517280
1 518.998492 817.804090
1 626.234051 727.445911
1 580.705853 833.745137
2 395.978989 796.977451
1 606.818994 717.166705
1 530.634456 866.547954
1 381.810334 677.688281
2 386.483847 784.588555
1 587.467581 828.058175
1 541.742406 832.247535
1 518.305289 824.306714
1 560.915654 807.225135
1 370.318372 671.571180
2 337.473779 850.604654
1 402.398917 680.870609
1 566.790955 796.376990
1 570.066689 836.323216
1 567.847065 802.924352
1 559.728315 820.530608
1 585.029350 821.507222
1 565.552239 830.555674
1 580.536792 768.809608
2 440.279284 864.610657
1 639.032208 691.414020
2 339.527307 853.767300
1 561.575729 779.757786
1 389.057494 705.106280
1 365.378488 681.678210
1 526.063407 776.216344
1 408.469096 682.975475
1 403.689989 676.223004
2 380.898643 786.290209
1 599.550032 826.794176
1 497.464670 800.163362
1 592.066549 828.394263
1 436.643550 694.484880
1 613.754567 768.200975
1 542.928273 777.906297
1 384.344702 682.240217
1 562.975270 785.825395
1 469.482039 792.610505
1 585.142864 849.628252
1 560.207735 917.766218
1 579.968329 796.177908
1 519.397273 839.158112
1 556.308777 797.185546
1 514.340169 808.626243
1 504.128876 766.776879
2 395.222316 826.785168
2 410.862219 780.200460
2 402.364097 838.955373
2 413.054522 795.085908
1 393.297966 686.465572
2 400.620954 860.548074
1 648.490104 729.869354
1 584.190168 806.414464
2 415.969260 889.484782
2 420.247306 855.438890
2 348.822860 823.214315
2 388.646092 754.896432
1 602.494173 798.009903
2 354.495321 790.191355
1 608.016114 778.587693
1 567.670977 760.314512
2 398.648052 822.766409
2 458.530310 846.554314
1 337.893979 673.964293
1 555.907277 841.985034
1 580.234009 822.469282
2 405.944075 858.955146
2 395.996627 807.763783
1 582.066479 799.081692
1 550.554083 841.885075
1 562.392135 833.255465
1 561.667475 791.597875
2 379.470246 843.653843
2 371.603304 798.428313
2 397.820500 857.444238
2 416.698069 801.039333
2 444.725445 845.965263
2 364.571889 791.077116
1 436.628025 710.674039
1 606.479786 830.253906
1 343.938965 684.583341
2 358.159595 756.239559
1 660.911178 702.668862
2 426.412740 831.008290
2 371.343610 808.264913
1 558.954467 809.979924
1 608.276071 802.848654
1 600.109947 839.113441
1 534.274082 788.000970
1 556.810840 800.456530
1 552.669645 831.812805
1 475.566006 751.933058
1 565.156059 857.211035
2 374.234365 823.914148
1 588.475652 858.591096
1 569.395550 802.771100
1 509.368801 870.179615
1 592.590254 773.947135
2 418.969775 817.238016
1 585.250184 809.324441
2 457.450264 817.935913
2 387.528533 883.810092
1 442.437796 687.274673
2 419.266079 816.673303
2 517.453000 887.810011
1 520.972893 794.452512
1 563.608244 825.094517
1 504.960607 778.782103
1 595.311126 791.903932
1 644.858966 834.283271
1 529.015799 801.826808
1 509.885230 810.293399
1 546.483576 800.132819
2 445.161276 795.152163
1 541.516275 826.567785
1 531.216155 858.579219
1 530.016353 793.887898
2 411.768151 850.505581
2 403.555411 821.615989
1 539.737291 809.196134
1 576.769977 771.162100
1 436.885313 774.781754
2 347.910976 824.494522
1 625.145725 744.563134
1 568.820081 732.229695
1 505.793767 794.802573
2 354.379657 858.643773
1 566.836328 825.178242
2 413.863057 846.715687
2 375.830789 762.423313
1 541.337853 745.401251
1 578.829549 805.286813
1 557.008250 760.972113
1 499.886622 757.296264
1 487.170886 759.402697
1 553.906145 717.490379
1 524.261325 775.889121
1 555.616839 815.391422
1 537.186300 766.999131
1 563.033069 730.731031
1 507.995090 742.155131
1 541.433285 761.005110
1 538.971436 858.543665
1 535.148293 819.835797
1 588.434187 768.581746
1 555.226255 749.201392
1 562.725717 767.660924
1 530.381318 721.431419
1 578.718968 800.704164
1 567.948407 816.036538
1 528.561124 825.553698
1 561.534254 893.246224
1 577.264932 814.407285
2 456.819821 789.006858
2 382.820796 841.496636
1 535.932747 748.158670
1 480.946766 848.628669
2 417.880493 855.700261
1 430.107795 685.630070
1 540.483409 728.386919
1 551.885342 785.459860
1 515.865355 849.805374
1 515.881630 818.947084
1 543.693399 856.267550
1 598.528920 780.160251
2 461.067657 802.263918
1 552.060413 773.408771
1 576.020812 841.440408
1 583.035970 773.984919
2 439.805576 786.349636
1 527.421256 774.709438
1 442.309739 680.431340
1 514.773254 795.027738
2 365.096976 776.168329
2 371.612482 810.908069
1 657.866045 848.037203
1 577.768125 788.570625
1 349.109783 687.195285
1 516.405706 815.962717
1 525.541827 791.385165
1 552.217762 799.704845
1 540.816337 757.521488
1 537.085140 746.762051
1 540.186115 784.311529
2 378.685585 847.610678
1 592.225826 824.742392
1 559.558991 824.988860
2 360.907936 748.136039
1 509.063250 770.498753
1 581.159848 803.083480
1 548.466865 754.106976
1 448.708760 680.845415
1 568.956529 816.145936
1 524.421186 733.815547
1 600.491778 803.873484
2 461.911346 854.555847
1 564.822299 792.113877
1 521.576169 778.171657
1 407.411959 717.715102
1 573.316929 827.088780
1 525.103224 803.890711
1 585.324705 744.113042
1 518.291737 793.649368
1 556.433199 757.385582
2 387.063118 765.344318
2 408.141464 735.542567
2 437.928553 809.496555
1 796.388864 306.657840
1 821.036917 304.551643
1 829.830806 294.046739
1 821.918281 286.535242
1 827.008361 306.982318
1 819.703925 311.468283
1 839.125300 303.166866
1 819.550908 293.675277
1 823.128751 297.453261
1 816.029020 288.743721
1 823.478148 298.508401
1 821.751465 291.149601
1 818.087407 302.558102
1 815.426318 276.391480
1 825.283169 296.602609
1 818.450751 282.660983
1 820.312877 300.045297
1 819.187439 300.062221
1 804.173060 292.202385
1 820.927539 293.228590
1 822.934482 292.983958
1 820.841994 316.170513
1 815.418058 296.885520
1 831.099042 306.238499
1 818.992631 313.060734
1 819.454788 297.964086
1 814.089782 286.227806
1 814.952164 321.010370
1 825.252307 296.898763
1 803.852044 302.353583
1 809.983797 301.390875
1 799.510615 313.051670
1 831.735188 292.686087
1 805.251090 281.217554
1 819.206725 279.764840
1 822.409595 321.539671
1 803.484546 312.865743
1 817.297562 303.155753
1 826.184956 286.264424
1 813.343021 288.337829
1 854.220043 316.916929
1 878.088291 328.207452
1 805.466252 290.275081
1 822.727463 331.803301
1 825.678401 283.796591
1 821.810566 311.546295
1 793.043837 294.504996
1 797.112936 324.110787
1 769.119868 254.744829
1 854.465996 258.011075
1 819.807077 298.224889
1 831.644492 291.110333
1 809.038445 301.485034
1 847.725845 333.265998
1 812.755898 305.558845
1 814.424791 294.166059
1 797.906999 315.850211
1 814.094149 296.383986
1 824.127644 309.816853
1 794.716265 262.297258
1 813.437337 239.543329
1 801.302633 309.825780
1 846.708502 315.128290
1 810.177663 311.868875
1 813.539568 307.329056
1 790.532492 282.156359
1 882.831140 281.164259
1 810.132759 300.595834
1 820.775060 301.873947
1 807.674339 301.762492
1 870.333735 328.468433
1 785.943632 264.291564
1 886.003532 319.769520
1 877.376117 287.237538
1 791.850676 220.069817
1 814.372816 302.730244
1 843.739666 291.146951
1 813.005438 294.803077
1 781.868563 301.555111
1 832.855779 331.200617
1 790.228243 299.296359
1 822.527077 252.903181
1 787.934191 235.554706
1 925.738872 306.706108
1 868.978417 297.236586
1 746.088981 267.678191
1 792.714043 309.119139
1 841.623143 294.773499
1 789.536590 247.959576
1 837.231944 292.386923
1 790.305720 296.110435
1 801.991715 282.777835
1 822.573331 251.947909
1 787.555443 290.457991
1 810.842004 320.869812
1 855.170988 283.194848
1 808.538019 315.849316
1 769.987129 244.623720
1 807.234785 296.573309
1 820.442197 280.866648
1 864.113766 331.941051
1 797.992680 290.694092
2 840.676232 608.621616
2 852.475574 633.410839
2 846.066883 625.840064
2 851.954105 627.968782
2 854.026035 648.220403
2 839.991632 615.530566
2 853.077069 632.163393
2 841.955730 613.519406
2 866.584727 624.813974
2 828.963805 622.449259
2 852.416090 642.763955
2 840.738615 643.357703
2 843.478089 641.697435
2 863.400528 639.149061
2 859.753973 642.335668
2 853.881323 619.546542
2 850.632442 625.157595
2 853.359522 611.015333
2 850.418268 615.658842
2 858.067359 619.559308
2 857.351504 643.163369
2 850.318600 639.521488
2 835.521914 631.914579
2 831.556330 614.604932
2 850.077215 631.957816
2 852.373098 634.690302
2 851.245743 630.290808
2 836.293860 616.051164
2 837.884820 636.400251
2 853.265255 626.674026
2 848.812040 628.612968
2 850.192135 635.737483
2 854.054095 633.278565
2 849.995893 630.763458
2 846.559716 642.299393
2 855.763583 644.513919
2 846.730506 607.687930
2 852.717873 632.804110
2 842.090755 638.151091
2 850.444308 630.218780
2 850.868218 630.077384
2 841.498960 633.550477
2 831.691895 631.432495
1 810.240134 350.548131
1 812.555358 359.617821
1 852.475568 340.080852
1 819.447983 340.685205
1 824.628825 362.445871
1 798.165252 358.738931
1 818.439420 364.820069
2 994.172943 472.384626
1 846.478928 335.718360
2 782.173519 604.647526
1 682.511949 809.969578
