1 199.269705 173.437265
1 210.114308 186.948301
1 201.889364 166.244283
1 200.028815 178.904122
1 188.380839 167.329228
1 212.278736 161.253949
1 212.483211 172.490510
1 195.050289 171.076614
1 203.705688 176.662764
1 220.372450 167.082820
1 191.860712 185.192797
1 199.578806 182.418145
1 199.999612 180.015226
1 201.650211 166.035300
1 180.544847 186.930235
1 186.504118 179.103378
1 212.387992 187.255458
1 181.902077 174.280506
1 212.620355 185.058393
1 188.913952 189.585743
1 214.856571 170.711981
1 202.955266 172.699582
1 184.536981 177.049929
1 201.516642 175.161366
1 204.039642 182.773306
1 198.418725 169.288476
2 147.719864 139.178096
2 293.914801 136.273860
2 171.706898 110.554810
2 247.747488 300.629079
2 123.511157 300.565481
2 304.332227 62.381701
2 238.095347 173.144910
2 6.988644 146.061295
2 89.577762 289.336909
2 225.903249 289.597707
2 3.136457 219.714821
2 198.110545 10.437739
2 246.814734 268.601933
2 140.521718 239.398896
2 24.569977 251.627972
2 87.105782 18.602916
2 203.383335 10.801702
1 144.688404 198.740627
2 272.142314 176.243674
1 204.190511 147.279116
1 223.925978 218.456844
2 276.327950 165.441671
1 208.300562 193.143618
2 276.160567 184.702566
1 145.342878 156.707224
1 221.106556 128.879108
1 162.236176 218.269885
1 230.012020 149.245098
1 227.373561 213.292825
1 197.339842 155.542892
1 236.583090 136.492010
1 233.008305 197.109668
1 248.544407 149.627666
1 236.755952 217.757732
2 158.613414 127.865523
1 232.616971 215.593683
1 187.524016 235.413380
1 202.867457 203.338035
1 188.101256 151.627929
1 228.950583 177.246961
1 229.995613 165.344870
1 213.828275 142.319542
1 182.819696 151.253519
2 140.290357 217.872593
1 188.156279 174.182719
1 269.269331 198.923258
1 228.005760 193.216501
1 197.458473 169.928248
1 234.433487 128.290751
1 238.650734 160.787939
2 250.626169 57.609703
2 244.062896 145.082765
1 187.094981 175.352400
1 266.072633 168.551102
1 167.825341 237.573102
1 176.141099 97.452046
1 195.907319 223.936257
1 162.778770 184.608953
1 246.791563 146.518355
1 220.663840 217.920926
2 165.386983 250.324895
1 187.659302 191.080291
2 309.453836 170.031196
2 251.678108 159.669717
1 221.792151 150.421009
1 188.001493 157.984864
1 204.828056 162.982665
1 221.038316 204.117423
1 234.985026 107.987950
2 165.391475 150.977070
2 243.811353 204.214468
1 226.267098 166.863831
1 161.771803 157.881715
2 269.032220 177.163234
2 264.063179 152.648393
1 275.013619 144.292460
1 222.277509 126.934472
1 154.547252 179.202958
1 257.068077 167.257486
2 276.061078 132.372697
1 239.184062 184.053005
1 231.154393 187.393468
1 226.151954 196.228879
1 271.638151 176.263601
1 242.846322 203.273556
2 6.525355 77.554829
1 224.916107 147.184839
2 230.738495 141.408705
1 165.051836 196.101658
2 269.635186 293.830818
1 181.598966 162.390710
1 260.323445 218.903128
1 199.291415 162.069637
1 135.278181 196.491591
1 187.155762 202.175039
2 256.392939 250.265788
1 209.360550 234.708445
2 151.317616 169.078866
2 216.839990 174.164747
1 225.201011 185.707237
2 201.717682 139.237328
1 151.282207 150.646276
2 258.716495 209.891702
1 223.669992 167.055405
2 169.334405 287.345381
1 238.945668 156.295364
2 60.974148 28.154519
1 218.959653 171.094995
1 194.187848 101.688774
1 199.684655 208.955412
1 207.417547 135.618570
1 180.986972 141.596131
1 243.019535 204.894624
1 144.548431 215.357741
2 156.533144 287.843230
1 190.347510 138.608443
2 152.128404 209.761042
1 196.061411 194.855783
1 255.555885 79.891372
1 198.860250 201.433359
1 144.132015 145.363903
1 225.560576 95.569895
1 186.140944 170.644703
2 168.176458 148.347175
1 175.128869 135.899869
1 181.614365 164.512363
2 17.341339 275.753558
2 282.857331 161.131919
1 206.489957 143.721739
2 131.913483 237.671181
2 180.660003 215.099810
1 194.890363 170.038154
2 297.219126 157.764789
2 226.872902 173.514728
1 235.034618 148.425964
1 198.577245 233.630045
2 174.060796 136.272929
1 197.704074 185.028043
1 243.526791 218.943746
1 223.390870 123.193054
1 248.206837 111.777128
2 190.827878 249.415605
2 169.785775 167.217743
1 287.811901 145.791352
1 205.576311 194.288749
2 256.381542 217.669927
1 192.394611 181.657099
1 274.128400 237.642160
1 266.017582 185.813631
1 219.847028 214.632409
1 217.600235 163.850083
1 215.197007 191.180450
1 208.903775 225.408278
1 294.161208 193.113421
2 247.023462 331.002125
2 234.525073 145.340139
2 120.062770 214.529923
2 298.913075 160.766470
1 188.603278 132.815171
2 233.039070 265.687703
2 148.615975 172.697545
1 234.960370 171.450393
1 204.017540 136.332068
2 161.480904 322.837254
1 185.953993 144.200870
2 168.907829 107.222100
2 283.951444 147.980665
1 198.902196 218.894766
2 93.432339 287.694991
1 169.386019 142.830617
2 252.334281 132.887362
2 9.366369 258.491491
2 230.878271 159.428165
2 144.198340 166.913937
2 236.483259 50.058193
2 151.118114 120.628809
1 190.230947 184.045664
2 283.308966 178.328075
1 311.054937 206.689106
1 213.625784 211.970522
2 142.649812 144.096363
1 216.961018 186.892131
2 293.181665 213.359276
2 264.332002 175.211061
1 173.948222 171.296704
1 169.572442 153.371473
2 129.695201 160.463606
1 186.018759 114.471268
1 233.687072 132.630504
2 254.484093 217.582932
2 140.901909 248.100883
1 164.172495 195.782007
1 166.436015 168.982661
1 195.752593 167.318810
1 268.148455 206.992724
2 253.475390 266.048687
1 211.142909 191.604340
2 265.799331 258.628006
2 225.824403 129.831995
1 210.920650 182.123625
1 200.253368 136.608259
2 254.511973 165.344671
1 252.206147 112.088822
2 200.689630 159.750175
1 204.000331 150.473818
1 239.549374 184.685942
1 174.281751 145.089640
1 160.466135 216.689735
1 217.677992 199.368692
2 280.211767 136.159344
2 125.641566 159.654891
1 236.088695 100.779263
1 169.598933 177.642899
1 198.355031 234.068803
1 201.285663 159.541330
2 25.995706 150.454029
2 214.489948 160.562563
2 327.737081 125.505953
2 248.503805 229.354508
1 162.799668 165.364499
2 171.244360 543.570455
2 20.994490 632.140718
2 66.088670 339.827348
2 153.389716 641.988353
2 215.846863 380.439899
2 197.668517 576.454287
2 176.469311 624.306723
2 28.754951 434.886062
2 258.849622 571.780342
2 28.433730 395.907137
2 285.577834 399.682199
2 243.642724 359.433039
2 206.003233 444.655875
2 73.254313 598.941207
2 99.191083 646.504344
2 207.408084 475.388057
2 175.878546 664.310229
2 237.857768 641.384311
2 112.432808 655.913131
2 259.832093 562.563637
2 239.338763 409.255732
2 268.851144 662.892982
2 106.486960 664.731023
2 164.285968 557.867350
1 145.030728 772.537774
1 157.487720 793.321122
1 126.746203 786.033927
1 143.108860 781.374177
1 154.390032 786.035741
1 145.163527 789.729331
1 142.908453 785.024548
1 164.059055 789.500816
1 129.883861 767.236260
1 139.319658 769.947154
1 139.604911 775.162807
1 139.669431 765.674780
1 148.445724 798.992661
1 161.454364 774.691989
1 130.097206 782.724603
1 138.434013 794.852440
1 137.038868 779.913534
1 148.886593 775.785309
1 151.684056 759.675614
1 141.519321 797.625571
1 172.323697 786.749599
1 171.706840 790.920699
1 154.831874 780.177508
1 139.070384 777.583477
1 131.403224 778.324781
1 156.685346 781.153872
1 144.954823 801.106475
2 45.445622 846.788738
2 144.085517 872.816056
2 179.601668 815.345060
2 235.255087 804.442660
2 25.964187 815.865713
2 66.431093 926.363874
2 168.179667 893.592700
2 206.757819 820.565459
2 95.990597 827.499648
2 100.781039 780.964956
2 251.927141 815.949635
2 97.995087 682.932946
2 109.632884 844.386862
2 54.460575 712.218472
2 251.392151 680.540094
2 92.891069 894.358573
2 78.445487 880.182434
2 142.819004 825.296816
1 158.231657 817.005250
2 89.585018 824.280638
1 159.896243 785.201047
1 122.501343 726.142387
2 225.930639 867.029773
2 216.992840 812.163470
1 149.831666 755.165583
2 144.949018 806.057514
1 186.082429 791.943323
1 161.622275 820.805108
1 172.447709 792.774016
1 174.542407 775.360157
1 155.002431 719.227932
2 147.785359 685.990654
1 107.361685 767.389154
1 148.725887 712.791168
1 190.050853 771.732841
1 154.416744 749.858273
1 111.288268 678.895683
1 149.595149 818.245399
1 115.645377 766.259012
2 136.363459 848.071789
1 235.118852 800.279940
2 241.043343 808.885849
2 182.848698 996.370335
1 177.723042 737.556566
1 163.399896 836.608341
1 169.312718 807.787658
2 0.716839 694.831996
1 204.276671 723.668792
1 181.206836 774.480188
1 179.234394 776.807591
1 167.726258 795.525472
2 230.822606 708.783720
1 122.001621 790.489118
1 112.502280 824.487014
1 180.926982 732.085858
1 96.148610 720.142450
1 66.253938 743.049517
1 161.639125 868.228784
1 105.336392 795.843929
2 238.287814 794.507925
1 163.864816 735.418898
1 202.880194 763.518568
2 161.107834 734.666343
2 236.218159 741.230891
1 141.081458 862.573027
1 156.646351 777.020319
1 144.900537 755.725496
1 182.358859 794.981153
2 197.914517 727.260600
1 102.378008 761.875329
2 222.375859 849.013682
1 151.660440 803.317713
1 149.481198 772.243409
2 110.862050 853.098610
2 71.226652 863.590966
1 209.258503 761.424675
1 65.642966 737.265244
1 128.563205 788.987242
2 213.419963 700.276944
1 84.931765 794.203238
1 159.859884 783.356633
1 149.977419 782.315535
2 50.044179 903.984144
1 194.681492 836.563084
2 181.666478 941.144357
2 349.778605 9.205542
2 605.066590 47.788371
2 581.120796 112.089809
2 665.653347 275.935088
2 363.834378 164.526498
2 647.042743 256.695106
2 527.996854 292.824059
2 649.420891 250.178670
2 429.921659 60.700783
2 442.269964 137.611678
2 578.546029 74.844074
2 463.885595 159.578450
2 340.834231 314.390766
2 608.180601 176.614387
2 581.659812 104.667085
2 584.759719 8.514276
2 393.617551 91.206526
2 530.761359 200.478255
2 390.672135 228.799509
2 402.867411 243.143525
2 334.950622 271.238755
2 444.498006 305.325461
2 571.288115 214.680961
2 459.060437 293.612571
2 450.545722 119.806933
2 644.831727 304.778721
2 388.465350 248.844907
2 383.266824 250.893885
1 400.060358 664.114563
1 405.111228 654.743552
1 414.979481 651.653271
1 408.363581 655.378863
1 407.056579 652.214464
1 412.893603 637.657770
1 405.531501 633.996536
1 398.156383 646.538719
1 397.339133 647.323642
1 406.456430 640.285232
1 380.873523 652.353149
1 397.868197 650.876934
1 421.667448 648.733453
1 380.384746 651.717041
1 411.925322 644.440037
1 394.418308 649.889421
1 394.835188 662.032331
1 395.472651 631.200161
1 414.147286 642.437744
1 394.118353 663.469716
1 393.106662 639.004447
2 363.487086 575.203866
2 554.207542 524.403726
2 422.263068 585.874800
2 409.899350 583.813836
2 569.053141 516.305782
2 472.503920 468.156992
2 638.136057 382.283967
2 514.384405 514.909617
2 421.769390 657.734760
2 567.767176 623.068481
2 414.301767 487.742486
2 346.897906 350.992522
2 379.458646 395.931238
2 493.003781 406.135317
2 622.657885 589.764738
2 624.977644 549.091301
2 418.523773 349.099599
2 651.343269 665.120359
2 400.695022 591.662895
1 374.725826 636.863380
2 504.731542 649.977216
1 371.522954 631.226537
1 394.838723 642.901422
1 420.028408 649.890064
1 387.030366 636.481261
1 401.533082 654.486293
1 410.424053 617.409017
1 378.307307 601.280071
2 482.338536 548.991522
1 436.283303 624.549631
1 348.042121 596.736013
1 396.207370 651.713246
1 425.379302 639.011406
1 391.740228 651.036093
1 386.556346 657.094483
2 416.427662 564.436601
2 483.883535 545.842422
1 442.203687 626.424018
1 361.799446 645.731259
2 405.928078 665.728836
1 462.317785 606.078158
2 463.508764 547.217073
2 451.880392 648.999980
1 364.620026 643.836950
1 375.824057 609.310841
1 404.669400 630.950346
1 427.778227 641.806818
1 395.095909 657.113755
2 499.517662 543.373012
1 389.257894 622.586443
2 365.018263 333.343625
1 425.379302 639.011406
1 351.069565 653.002346
2 584.907470 638.732954
1 401.301662 643.942064
1 422.263022 640.962091
1 389.251155 625.882564
1 426.977958 619.316123
1 359.417578 565.752004
1 441.639113 655.721097
1 351.281050 592.679632
1 390.661732 636.392428
1 389.051098 640.990286
1 393.191000 610.275094
1 380.447545 624.824264
1 393.024401 630.836195
1 404.075401 605.782205
1 392.394718 630.567245
1 406.353955 627.917513
1 407.522814 615.024410
1 388.443548 643.854627
1 396.013768 660.331334
2 399.154204 623.853238
1 392.754195 634.427463
1 395.246252 649.072929
1 362.619888 614.883476
2 364.877131 549.165477
1 379.543046 626.518812
1 430.143594 650.307707
1 345.788892 647.386907
1 372.411716 611.788077
2 387.350775 558.527584
1 592.269184 788.914880
1 572.212885 807.626350
1 581.619194 791.499844
1 562.109298 801.404777
1 550.314057 812.352350
1 569.629502 802.786922
1 574.622168 791.722488
1 564.053403 790.297419
1 553.858209 800.021254
1 548.627846 793.185977
1 571.998115 799.433039
1 592.085861 806.001343
1 575.887485 815.058752
1 574.647485 814.706093
1 562.839817 799.521881
1 565.419632 797.485520
1 571.754810 812.072489
1 571.582199 797.383136
1 590.387599 797.733528
1 577.335586 808.401524
1 567.753650 797.303679
1 570.353356 805.491408
2 601.527925 716.441812
2 443.770658 934.503837
2 373.322691 854.021838
2 574.700117 858.400583
2 610.104511 840.210379
2 642.694306 910.732831
2 659.645040 947.878012
2 526.803464 864.987154
2 486.398273 802.952947
2 381.538185 894.107693
2 339.589366 723.918474
2 382.367949 691.752045
2 448.318685 952.522040
2 503.259611 871.763370
2 408.423329 772.895511
2 650.792042 795.792364
2 520.087113 997.883590
2 496.779949 667.697406
2 572.124382 759.782192
2 542.324607 680.102779
2 524.971951 840.720524
2 430.984447 864.594218
2 616.138961 886.174952
1 589.118369 784.284954
2 664.536599 752.443023
1 429.283552 679.212269
1 557.384910 772.534850
1 581.259769 810.778540
1 554.455177 789.656279
1 552.087355 786.319433
2 594.874160 726.987747
2 597.836312 876.466009
1 557.978653 791.281247
1 572.724326 804.528823
2 474.187219 748.779553
1 571.052699 821.452579
2 601.923856 754.321855
2 428.536077 769.273415
2 373.944958 706.947746
1 414.378965 667.646116
1 637.520741 834.223748
1 601.103098 752.504897
1 567.302521 792.530259
1 572.823870 804.431378
1 431.295421 667.828333
1 589.036699 828.484194
1 527.173824 800.841898
1 598.771726 779.646008
1 562.883632 765.187623
1 534.381591 785.771160
1 541.805793 790.268707
1 577.700796 765.454774
2 365.636071 749.430214
2 517.710622 691.292756
1 567.934039 718.658961
1 590.572662 799.091799
1 535.100397 804.339316
1 550.856085 766.135783
2 604.030714 813.993765
1 538.020647 828.979671
2 609.264460 875.264521
1 567.907120 824.030666
1 585.747613 795.691867
1 600.454925 812.517770
1 540.837611 792.441364
1 556.400023 780.862607
1 576.303750 794.016538
1 615.559018 800.930269
1 546.535798 823.917901
2 579.723436 864.390193
1 537.237080 799.077425
2 439.997168 743.877433
2 463.658136 672.219560
1 543.946172 810.362502
1 603.494704 783.216814
1 572.374039 838.784774
1 563.985264 758.612395
2 383.829219 784.683945
2 588.032647 722.135318
1 429.637963 693.313225
1 430.262728 677.436359
2 448.623602 840.455301
2 580.409511 870.711744
2 642.070843 813.877424
1 611.530224 755.795951
2 479.015848 703.408203
2 489.692323 802.130406
1 561.026071 805.717198
2 435.590096 760.070080
1 609.253716 802.241097
1 513.952104 795.881462
1 584.076911 798.296951
1 563.861112 667.788050
1 566.507790 833.063156
2 434.014216 743.722046
2 451.726311 714.647480
2 493.489958 713.927975
1 564.885252 758.108095
1 531.474850 799.377706
1 569.935659 711.579433
2 493.159836 784.666958
1 563.234083 817.111497
1 564.125767 821.042160
2 459.202012 683.719561
1 592.933462 819.891518
2 650.046505 767.298654
2 573.380968 891.465750
1 543.702417 817.649616
2 561.246712 809.483737
1 570.592832 792.362231
1 560.453023 818.777927
2 441.533358 744.124367
2 520.752549 776.274003
1 575.527646 837.895401
2 392.332216 799.106196
1 498.754157 807.311336
1 576.241349 774.861275
1 534.039951 756.463751
1 543.411293 768.358972
1 552.559161 754.014577
1 580.240731 788.114384
1 604.804479 781.912911
2 573.794072 683.439164
2 454.930792 950.484935
2 470.053648 692.802338
2 594.490459 811.579567
1 567.323528 788.829821
1 607.990602 837.834655
1 549.264831 692.982344
1 579.170185 789.841576
2 524.445527 669.546850
1 435.933727 696.540404
1 379.653888 667.740596
1 549.202156 721.055255
1 554.199781 774.674708
2 393.009777 788.319763
1 551.694134 807.174297
1 536.923469 815.810989
1 539.529919 781.233538
2 423.604927 837.223007
1 412.914217 667.916701
1 616.013141 774.738341
2 522.152948 819.112490
1 539.572343 783.770579
2 652.062496 907.998879
1 561.874138 819.508042
1 555.359866 819.089003
1 422.732677 670.414654
1 514.918124 781.046166
1 543.584925 700.109568
1 593.576482 813.070377
1 538.494132 806.137293
1 593.342584 799.690819
2 512.425690 859.501095
2 541.546512 852.060292
1 591.569599 804.443916
1 560.953148 786.773689
2 451.931616 829.264928
1 588.385570 754.570480
1 597.900619 805.565822
2 621.882360 850.205904
2 389.940216 726.046842
1 601.969225 804.378443
1 600.214959 726.768902
1 579.765357 825.406839
2 520.721780 742.949992
1 550.797877 804.715743
1 545.693236 764.047772
2 523.910754 699.867293
1 626.685325 821.705729
2 468.834509 839.267671
2 347.440170 826.889096
2 499.949684 695.133482
1 546.953834 839.599542
2 553.399309 816.862000
2 453.900685 725.115059
1 526.769926 796.954267
2 440.267271 765.477603
2 462.082293 813.484285
2 612.779378 792.019650
1 602.940578 761.572174
1 589.559595 856.043259
1 824.995430 303.209579
1 833.030645 316.684872
1 831.667684 295.476292
1 814.058431 301.075981
1 834.044190 283.999700
1 807.626186 302.934711
1 802.061386 300.942897
1 830.789986 321.305360
1 809.734327 290.916042
1 827.960425 295.295719
1 822.190965 301.146311
1 824.871657 302.618242
1 822.031434 305.360813
1 822.383471 302.747937
1 809.235061 314.367895
1 817.915434 307.558264
1 820.400217 300.308929
1 833.266366 306.872088
1 825.397005 287.726416
1 824.072163 310.451970
1 818.762404 303.936763
1 829.669497 290.198884
1 820.978513 300.690964
1 836.313379 292.914827
2 722.194114 196.170142
2 799.967573 112.965367
2 755.215109 262.818065
2 882.950573 98.002196
2 763.118143 314.693327
2 830.285743 135.188482
2 995.768737 265.352777
2 675.563414 185.947463
2 900.574006 251.836751
2 844.330495 166.834008
2 792.672124 105.940476
2 786.455709 275.805450
2 909.989381 231.012482
2 721.232896 113.150164
2 955.189126 119.127902
2 921.373790 74.377634
2 700.217118 149.705557
2 923.879637 114.424918
2 746.763665 98.818846
2 998.183651 278.084384
2 961.750529 170.609145
2 747.794707 283.159653
2 743.638688 290.934731
1 851.060992 320.020955
1 876.288125 302.167567
1 792.785859 280.336321
1 837.676789 294.463560
1 830.893455 307.778596
1 809.126384 301.873608
2 832.712793 245.454341
2 879.369737 178.956598
1 801.509907 326.666373
2 730.149304 283.194512
2 881.158290 222.361438
1 850.381056 330.285778
1 861.051045 300.944455
2 769.828297 248.478543
1 817.555280 305.203833
2 711.584138 318.677315
1 846.187422 299.427871
1 854.856322 294.604806
2 956.646881 177.398353
2 880.043483 258.253511
1 843.567150 307.764079
1 831.269265 260.630964
2 685.622444 178.129396
1 761.934665 259.443756
1 807.845464 289.121539
2 932.894944 87.555095
1 857.426272 328.339883
1 807.011012 314.119135
2 885.127563 170.356545
2 958.869764 144.524001
1 886.764018 319.873968
2 805.566888 291.717782
1 864.233366 319.143874
1 883.116275 309.380409
1 836.754129 312.521053
1 791.422870 281.801312
2 930.453271 232.100605
1 808.626733 322.535291
1 858.406532 306.873004
1 886.534819 330.382537
1 812.144003 285.742507
1 827.246105 279.224679
2 851.993200 226.327622
1 825.091860 261.856693
2 919.839043 245.658143
1 874.496836 331.123039
2 879.336168 136.034805
1 794.274059 299.205901
2 811.023757 259.733838
1 826.512972 288.694875
1 753.689901 278.792206
1 819.191632 284.500220
1 804.737394 333.302992
2 976.330855 312.437704
1 845.421116 206.200728
1 839.860774 298.610606
2 906.517477 224.508950
1 810.193608 289.800921
1 841.994000 290.157789
2 803.434402 181.651264
2 704.401734 317.361677
1 892.618248 292.195799
2 922.119255 305.051082
1 822.453063 321.192029
2 861.458736 126.482257
1 820.357619 323.348153
1 859.610543 315.659815
1 864.360046 271.373862
1 871.155757 325.211209
1 831.039017 284.304842
1 798.231024 310.160373
2 998.471878 262.500395
1 834.985952 283.606398
1 818.935035 321.281605
2 853.461554 617.476469
2 677.775509 342.930127
2 750.100477 352.702020
2 867.559483 627.575568
2 910.013623 458.782088
2 921.326964 580.380160
2 857.254788 594.139169
2 977.632657 440.842494
2 772.892698 525.418582
2 958.985674 356.512416
2 952.169677 569.099599
2 813.839232 641.817628
2 757.961885 346.761935
2 921.044725 367.612915
2 821.702857 505.467745
2 923.699222 340.109950
2 857.317670 417.800218
2 934.517097 406.919432
2 766.917305 361.669880
2 931.145010 403.481129
2 734.886836 402.414342
1 820.468106 338.262036
1 825.669363 344.298575
2 956.891354 421.916257
2 906.855453 352.713985
1 809.313656 342.624897
2 698.729644 350.553620
2 876.668685 422.253030
2 783.264308 342.200340
1 813.724929 354.825449
2 763.982959 368.098399
2 947.006249 358.497659
1 837.312056 380.777427
2 917.702237 373.761889
2 908.636521 390.318424
1 846.260552 363.505667
1 793.206124 342.619317
2 730.879782 942.588539
2 817.317326 740.240759
2 728.193996 675.485181
2 737.304823 749.460525
2 676.107195 838.903866
2 836.032604 668.933878
2 922.795936 866.236940
2 906.207141 929.633314
2 970.266889 912.324051
2 841.109441 723.509132
2 864.426634 915.553717
2 960.869334 752.871921
2 761.362816 885.111847
2 741.835712 871.078402
2 780.253001 708.401185
2 806.801612 766.132397
2 675.795195 898.281566
2 678.503608 881.109384
2 708.783458 741.366839
2 735.396674 736.183292
