1 210.114308 186.948301
1 201.889364 166.244283
1 212.278736 161.253949
1 179.145205 192.423152
1 203.705688 176.662764
1 220.372450 167.082820
1 190.286978 163.249754
1 191.860712 185.192797
1 199.578806 182.418145
1 186.174945 200.079040
1 180.475691 186.882647
1 204.553109 188.063940
1 220.977149 175.115079
1 196.346362 175.409721
1 193.785615 175.874331
1 201.650211 166.035300
1 182.203108 183.478241
1 180.544847 186.930235
1 186.504118 179.103378
1 212.387992 187.255458
1 181.902077 174.280506
1 205.334414 178.161422
1 212.620355 185.058393
1 204.101071 172.079548
1 179.717881 187.837870
1 207.066242 193.777773
1 214.856571 170.711981
1 184.536981 177.049929
1 194.252804 187.623283
1 201.516642 175.161366
1 221.555916 184.444234
1 209.057956 178.535843
1 198.418725 169.288476
2 147.719864 139.178096
2 293.914801 136.273860
2 171.706898 110.554810
2 294.372177 189.389279
2 304.332227 62.381701
2 240.868928 171.431778
2 238.095347 173.144910
2 6.988644 146.061295
2 225.903249 289.597707
2 18.138077 109.929903
2 3.136457 219.714821
2 129.998060 280.385958
2 246.814734 268.601933
2 24.569977 251.627972
2 87.105782 18.602916
2 203.383335 10.801702
1 182.744954 168.535601
2 291.731428 136.951919
1 193.434452 178.195225
1 192.499342 175.750471
2 117.079819 283.245146
1 210.886533 189.742833
1 221.955382 166.654680
1 201.934496 179.833182
1 222.074991 179.521402
1 182.955105 145.535367
1 204.006025 156.006203
1 185.400867 161.680245
1 177.409110 190.539947
1 195.387970 163.396357
1 219.765276 208.902907
1 227.200038 128.937178
1 234.797243 200.535346
2 180.727462 144.852618
2 276.429663 284.942954
2 290.255797 263.081500
1 208.553194 173.785914
2 193.935894 116.324186
1 152.930133 185.493349
2 4.554337 135.842391
2 181.906280 182.919869
1 139.557741 141.802080
1 220.699056 158.252159
2 212.922297 116.329379
1 152.798693 165.918444
1 197.505430 201.448713
1 226.977487 169.671454
1 235.888979 169.173656
1 185.242643 210.606650
1 183.259730 188.205877
2 156.473807 128.997658
1 161.765844 191.180813
2 169.647697 138.777032
1 175.923884 189.636755
2 260.762070 149.069672
1 233.795779 178.246121
1 172.877086 170.203031
1 249.422554 108.797111
2 230.293051 134.309027
1 186.869045 236.934190
1 218.094336 208.825140
2 137.941830 108.121784
1 241.274278 172.372986
1 204.189349 181.697180
1 248.585123 198.615858
2 242.331593 34.998155
2 154.641188 228.428516
2 285.521220 233.011260
1 192.294726 233.863384
1 198.880579 136.837978
1 149.782041 166.412765
2 291.073138 251.095081
1 212.294993 146.148193
1 167.331473 175.566349
2 204.070935 166.989646
1 161.776933 185.341780
2 215.413906 195.241196
2 247.423894 131.447945
1 259.862047 240.952054
1 183.883523 137.959183
1 188.260965 192.827412
1 221.756280 165.634747
1 230.774461 162.716443
1 233.858022 144.546935
1 187.677422 197.777163
1 232.929161 187.329421
1 146.052338 211.619053
1 153.604533 180.475015
1 182.210257 189.183508
1 204.540060 157.712794
1 219.326217 149.913890
1 217.771440 186.815556
1 220.435835 150.398382
1 232.371143 154.021837
2 187.161870 185.030971
2 159.403556 158.320102
1 285.929404 216.952205
1 162.940503 185.249945
1 162.784080 188.532357
1 203.920378 161.723329
1 197.013005 175.487926
2 238.682948 173.246515
1 251.354688 213.334794
2 258.681214 165.612107
1 142.378547 184.559832
1 226.305806 170.544885
1 190.622582 160.607474
2 275.221980 215.791376
2 183.804612 145.901276
1 238.321106 191.090031
1 193.100804 157.624571
2 255.360713 148.183530
1 149.257793 172.227213
1 145.100787 199.917231
1 183.962531 214.961057
1 184.643840 234.408093
1 193.474431 229.618890
1 221.618968 195.812020
2 202.382064 299.060725
1 262.604016 183.070879
1 170.232263 235.411026
1 154.520184 156.512389
1 150.230743 232.673745
1 233.150809 149.777457
1 185.686379 169.769329
2 137.004080 229.686795
1 214.845860 105.121424
1 233.052758 157.289876
1 193.371498 223.605688
1 212.231902 178.589617
2 195.525864 104.066962
2 224.172380 44.628213
2 247.682317 121.325983
2 121.216270 100.805913
2 203.438889 193.877083
1 224.969841 211.173948
1 257.107615 138.985290
2 252.424261 146.628980
1 178.492322 225.992898
1 154.951040 161.447820
1 197.570875 141.746846
1 249.116827 210.481135
1 208.760052 179.049867
1 181.635810 249.859296
1 198.751848 177.491903
1 188.363510 166.457815
1 248.376420 139.814560
1 138.619128 166.400426
1 187.229841 155.696699
1 244.948487 167.971926
1 216.387524 243.553166
2 104.173666 125.757786
1 155.061299 190.103696
1 221.353819 185.260934
1 218.433155 164.439471
2 151.326123 200.466532
2 20.994490 632.140718
2 153.389716 641.988353
2 176.469311 624.306723
2 142.015951 484.013842
2 162.585077 510.800457
2 28.754951 434.886062
2 28.433730 395.907137
2 285.577834 399.682199
2 119.399959 429.388510
2 73.254313 598.941207
2 134.954239 645.637362
2 99.191083 646.504344
2 175.878546 664.310229
1 332.686774 628.486904
2 319.989305 620.710175
2 329.915677 592.359443
2 314.175523 616.383181
1 324.629047 649.883658
2 134.549767 607.685295
2 284.055157 604.743665
2 322.096711 656.680170
2 222.984366 665.938205
2 99.841059 596.691192
1 145.030728 772.537774
1 157.487720 793.321122
1 126.746203 786.033927
1 152.529190 780.121808
1 145.163527 789.729331
1 149.145823 789.074265
1 164.059055 789.500816
1 143.341848 761.361544
1 157.305392 776.514772
1 148.994945 781.462857
1 139.319658 769.947154
1 139.604911 775.162807
1 148.445724 798.992661
1 145.115120 801.068668
1 130.097206 782.724603
1 146.637271 794.320656
1 144.572743 765.796607
1 138.434013 794.852440
1 143.634279 768.792677
1 150.302771 764.452877
1 165.169143 762.646692
1 131.403224 778.324781
2 278.842459 682.923933
2 144.085517 872.816056
2 235.255087 804.442660
2 25.964187 815.865713
2 155.089063 886.894080
2 95.990597 827.499648
2 251.927141 815.949635
2 97.995087 682.932946
2 109.632884 844.386862
2 186.317673 845.551338
2 54.460575 712.218472
2 132.847880 719.890740
2 251.392151 680.540094
2 92.891069 894.358573
2 78.445487 880.182434
2 292.569065 875.351900
2 173.468626 820.528068
1 217.843371 775.470138
2 153.289173 906.609714
1 130.792206 766.629343
2 202.296150 878.486117
1 83.600988 785.872562
1 127.818824 850.837556
1 99.417709 714.036551
2 242.088289 717.783203
1 102.382812 827.720467
2 111.360681 800.744764
2 185.955534 914.371987
1 163.085330 831.949463
2 235.757569 685.992005
2 88.310345 821.964810
1 114.352810 776.290803
2 134.607709 751.095648
1 127.157837 810.156601
2 136.808911 718.576135
2 157.790904 860.432435
1 152.322969 818.602526
2 262.571422 810.240987
2 179.276920 876.761607
1 163.019164 752.176578
2 124.482012 681.601022
2 88.304589 913.119738
2 156.859807 911.428888
1 84.401682 851.431100
1 126.805748 826.105919
1 131.958298 842.837557
1 141.890312 784.198566
1 142.381279 796.072543
1 192.570056 780.623910
1 138.647972 823.917061
1 151.120188 799.548003
2 83.579524 928.615019
1 143.200418 767.567470
1 117.606475 789.280987
1 140.553829 775.036515
2 108.806091 678.348686
2 80.818108 891.042929
1 167.348788 781.472532
1 131.799240 825.028050
1 165.479001 820.234496
1 102.713132 746.995663
2 197.528454 800.156146
1 101.158144 859.885498
2 296.729719 728.696155
2 133.815658 905.149988
2 122.008266 930.887805
1 153.125730 753.596973
1 182.567592 769.171491
1 204.292300 836.350750
2 182.513660 878.498215
1 99.420893 745.395320
2 145.562854 708.395697
1 136.918998 784.938147
2 169.260702 879.964192
1 170.793179 881.962253
1 156.419055 761.003962
1 182.820287 789.267318
1 227.993519 793.546061
1 86.231351 893.679445
1 189.796547 765.459825
2 196.439412 828.983109
1 122.605069 807.589805
2 103.352355 917.354833
2 203.831832 829.444030
1 153.030718 838.726177
2 237.473503 814.856841
2 267.833197 668.022836
2 258.292084 736.096249
2 216.725362 708.609336
1 128.972446 813.165975
2 271.229524 809.365986
1 136.617693 715.925406
2 170.931263 906.651925
1 166.143211 791.524976
2 180.549232 902.099352
1 180.008340 751.767622
1 147.594684 836.859524
1 127.937920 755.921861
1 161.846327 756.366148
1 184.865981 738.525197
1 163.800958 736.125726
1 181.679781 780.391331
2 290.476137 690.299251
1 141.384924 740.442022
1 131.259010 805.084840
2 154.625253 871.013208
2 91.010098 749.527633
2 300.707771 817.122922
2 86.210664 671.936169
1 167.236693 820.068144
1 115.520245 768.730131
1 126.003556 856.517672
1 197.709981 714.233737
1 222.824115 761.522422
1 115.328417 759.966512
2 244.753449 748.768010
2 142.416032 707.008649
2 198.194396 818.112021
2 44.982429 707.139587
1 156.396181 784.654527
2 87.554234 834.092888
2 238.519393 847.408361
1 161.603356 784.963892
2 107.260507 856.013159
2 211.876293 847.028082
2 276.441637 768.825432
1 91.875916 784.170697
1 132.298187 745.240154
2 106.823396 903.643282
1 78.223767 852.083395
1 166.330733 804.207671
1 140.201627 755.678277
1 166.277761 730.164005
1 115.144502 856.025437
2 349.778605 9.205542
2 605.066590 47.788371
2 589.443399 329.344407
2 581.120796 112.089809
2 665.653347 275.935088
2 527.996854 292.824059
2 429.921659 60.700783
2 442.269964 137.611678
2 578.546029 74.844074
2 581.659812 104.667085
2 406.604858 243.912258
2 393.617551 91.206526
2 334.950622 271.238755
2 459.060437 293.612571
2 430.372494 272.521909
2 383.856602 251.861684
2 435.992291 42.446715
2 408.151215 254.467200
2 646.083711 240.795231
2 382.098670 285.873420
2 383.771910 210.469097
2 624.935996 241.720554
2 645.967500 320.131488
1 414.979481 651.653271
1 405.143784 645.741016
1 407.056579 652.214464
1 387.102474 631.882672
1 385.087245 644.224714
1 412.893603 637.657770
1 408.893194 651.784645
1 400.441090 649.314884
1 400.506485 650.383943
1 395.364842 649.921690
1 380.873523 652.353149
1 397.868197 650.876934
1 421.667448 648.733453
1 392.518443 649.812297
1 408.039858 649.382839
1 406.652711 633.066539
1 394.377634 647.022654
1 394.835188 662.032331
1 402.283887 655.352194
1 414.147286 642.437744
1 412.439738 656.811921
1 402.351592 650.678890
1 411.733015 641.469493
2 363.487086 575.203866
2 554.207542 524.403726
2 407.654692 539.267475
2 422.263068 585.874800
2 545.309700 599.809725
2 472.503920 468.156992
2 337.238754 627.361551
2 514.384405 514.909617
2 567.767176 623.068481
2 346.897906 350.992522
2 515.624875 369.475080
2 379.458646 395.931238
2 603.739266 638.164720
2 622.657885 589.764738
2 418.523773 349.099599
2 400.695022 591.662895
1 385.216642 657.352450
1 390.325440 623.668383
2 438.990296 511.255274
1 420.079970 636.215330
2 416.949928 586.170329
1 418.554395 620.516617
2 589.291092 544.042444
2 348.226794 527.755440
1 403.312045 596.486140
1 403.580367 664.810375
2 424.542247 614.506657
2 398.425486 554.715291
1 428.460819 653.649312
1 436.711212 646.937212
2 419.793509 574.471251
2 421.576393 664.363612
1 405.211572 625.312684
2 459.758078 586.271588
1 365.018273 627.203783
2 408.162134 636.898179
1 360.787061 596.531143
1 412.307895 610.050072
2 390.953918 628.636402
2 426.746216 514.586342
2 572.889860 649.883514
1 345.171866 654.757404
1 416.547439 636.359039
1 394.301031 653.558269
1 404.511914 608.913035
2 412.165774 626.731382
1 418.703619 604.250590
2 401.501041 651.234498
2 418.228232 657.576101
2 406.267666 635.399184
2 425.309843 665.732956
2 566.554583 641.152643
1 367.690696 661.733936
2 375.584920 582.571187
2 381.972481 638.131210
2 466.670358 446.557241
1 369.822255 653.391833
1 381.188341 642.123858
1 390.252146 621.346402
1 408.061533 635.897743
2 413.373855 347.155976
2 366.569958 632.011401
2 457.517195 647.339488
2 344.146141 625.494317
2 437.365343 515.313057
1 411.778084 626.180836
1 422.119213 627.180608
2 409.155215 593.115638
1 355.075516 627.501646
1 404.597242 665.319646
1 346.626171 643.782219
2 424.108370 603.215852
2 388.689853 630.438861
1 357.017223 658.327814
1 363.069141 574.681558
1 371.659063 638.745307
1 415.209459 618.742585
2 357.950262 632.097057
1 361.539998 659.126258
1 346.612056 598.941797
1 364.063982 655.307360
1 430.968716 661.004813
1 408.211432 630.349311
2 412.355074 625.056388
2 610.862835 540.775763
2 484.420963 613.072542
2 409.615725 645.205129
2 402.132357 646.649605
2 533.104961 641.955626
2 404.859121 520.851146
2 601.361302 626.345352
2 391.809652 645.971778
2 432.647706 645.581437
1 400.182170 592.166075
1 370.749399 645.235957
1 396.744350 633.538011
2 477.038942 662.300990
2 416.609819 532.767565
2 387.891437 591.931977
2 376.794951 618.748301
1 440.112213 637.206501
2 382.571547 599.258012
1 427.735231 617.352591
2 385.546792 657.170086
1 352.295660 602.352586
2 430.924795 505.057591
1 422.841264 607.991755
1 389.677429 644.085795
2 362.699326 648.133254
1 407.509102 606.940287
1 382.402800 643.361968
2 379.507261 584.009012
2 430.713049 586.758434
2 377.309805 575.632061
2 546.993047 603.544661
1 402.102241 654.784082
2 374.900653 624.185214
1 396.410484 644.027915
1 365.414356 644.936229
2 376.544040 589.658546
1 399.473523 622.579902
1 387.074552 598.563899
2 391.670166 639.844955
1 350.328606 622.834521
2 391.063818 620.448214
1 418.432522 615.450960
2 412.663726 553.574922
2 654.006945 659.472640
2 408.284602 554.712552
2 385.835618 627.322834
2 430.350051 634.278566
2 449.118545 480.482864
2 427.367437 582.200901
1 367.707502 591.694861
2 435.040382 593.146320
1 376.310153 577.172923
1 437.576135 610.631317
1 411.668134 668.368042
1 591.487549 810.596792
1 562.838830 823.133327
1 569.393378 799.362321
1 575.479506 794.895237
1 550.314057 812.352350
1 585.959880 788.115219
1 569.629502 802.786922
1 569.200985 800.474026
1 576.727973 810.336564
1 553.858209 800.021254
1 559.810518 804.961297
1 548.627846 793.185977
1 562.278597 797.613960
1 566.964520 801.578735
1 570.978102 799.174940
1 562.839817 799.521881
1 565.419632 797.485520
1 582.643007 781.605743
1 580.683493 819.967901
1 580.041311 806.092403
2 577.914558 714.854242
2 436.675419 920.930438
2 601.527925 716.441812
2 574.700117 858.400583
2 610.104511 840.210379
2 642.694306 910.732831
2 659.645040 947.878012
2 526.803464 864.987154
2 486.398273 802.952947
2 349.544459 746.803773
2 381.538185 894.107693
2 339.589366 723.918474
2 412.598899 810.795338
2 520.087113 997.883590
2 447.291469 719.800295
2 646.125732 813.346760
2 473.722511 702.352219
2 572.124382 759.782192
2 622.243191 962.189270
2 524.971951 840.720524
2 430.984447 864.594218
2 616.138961 886.174952
1 573.201720 838.128525
2 502.949308 721.145056
2 396.279661 703.424838
2 406.201423 790.190836
1 337.037702 684.257038
1 530.433026 842.065644
2 406.620817 678.054122
1 623.950720 848.056937
1 628.328272 809.370151
1 590.665119 815.179587
1 393.613004 681.378309
1 426.162339 675.856839
1 406.166008 680.692356
1 608.153623 769.836557
1 575.683088 739.326842
1 574.344356 807.145682
2 348.603506 823.438660
1 499.238884 820.715595
2 602.238034 878.635127
1 385.183859 680.885446
1 400.658135 682.045919
1 370.809181 682.372671
1 360.360445 692.061951
1 628.678214 868.591270
2 400.750569 770.789613
2 646.175842 847.084873
1 588.398741 815.142801
1 539.173821 846.384015
1 587.398244 821.647835
1 594.625347 767.170960
2 423.862675 667.219701
1 371.349772 667.515035
1 416.764925 669.927798
2 600.530417 727.258804
2 550.715591 666.857075
1 537.141740 777.651366
1 407.109640 704.578914
1 608.554820 856.662266
1 366.048788 671.801371
2 510.511695 666.878528
1 620.517467 817.971172
2 334.084480 775.591250
1 571.311007 805.854524
1 568.740716 777.598004
2 437.397809 973.508370
1 559.611780 800.434309
1 580.433943 818.222037
1 587.617404 816.652283
1 416.629658 691.572287
1 575.444860 730.809846
2 549.153961 876.240948
2 558.526679 783.654662
1 369.763990 676.857670
1 557.987655 806.124528
1 610.114682 753.728852
1 558.729678 839.006334
2 603.042946 910.443470
2 560.375293 685.477523
1 625.114918 800.762147
1 610.316138 797.180030
1 376.630145 683.540082
2 576.185693 836.583805
2 488.528471 943.379547
2 366.237911 719.999479
1 448.303584 672.061040
1 609.298320 844.605598
1 551.044344 827.734748
1 664.027399 850.723550
2 375.441282 718.946729
1 590.438083 809.100947
1 430.575207 670.889443
2 643.524784 897.415444
1 557.690771 728.518870
1 578.226850 827.751504
1 537.141740 777.651366
1 559.363532 840.177396
1 550.246013 844.133064
1 419.469353 700.398028
2 620.156007 842.300305
1 556.623682 799.289716
1 562.701176 775.695954
1 572.568087 846.316299
2 543.194357 790.935021
1 571.145688 777.825614
1 518.706423 787.962039
2 523.656073 853.690428
2 412.198277 792.365937
1 518.259088 837.496670
1 566.401435 751.633056
1 446.260868 669.193040
2 353.318867 725.202614
1 526.543981 864.413635
1 521.885941 811.016821
1 411.207133 669.474150
1 562.785259 861.366354
1 572.648930 828.224458
2 582.822538 881.289377
1 379.339247 676.614208
1 589.176924 688.094282
2 629.992313 738.298946
1 385.530790 706.040073
1 369.623406 710.725300
1 548.929664 852.114653
1 613.103757 789.376222
1 576.653862 793.604914
1 825.323420 313.131564
1 817.333145 301.770809
1 814.058431 301.075981
1 835.591285 300.783414
1 822.841290 275.549347
1 818.328382 301.953430
1 830.789986 321.305360
1 821.461269 298.275657
1 809.734327 290.916042
1 799.208382 306.913418
1 827.960425 295.295719
1 822.190965 301.146311
1 828.619228 297.276916
1 818.187449 299.010597
1 817.915434 307.558264
1 817.894563 302.926957
1 820.400217 300.308929
1 825.397005 287.726416
1 824.072163 310.451970
1 832.419664 315.356267
1 843.686914 295.652230
2 666.798979 177.648918
2 722.194114 196.170142
2 799.967573 112.965367
2 893.464066 245.978228
2 755.215109 262.818065
2 967.740334 176.295514
2 847.526756 47.555112
2 896.554048 172.220755
2 882.950573 98.002196
2 919.808063 177.226763
2 763.118143 314.693327
2 801.264136 178.192910
2 900.574006 251.836751
2 844.330495 166.834008
2 792.672124 105.940476
2 909.989381 231.012482
2 721.232896 113.150164
2 850.339335 302.945682
2 955.189126 119.127902
2 921.373790 74.377634
2 700.217118 149.705557
2 923.879637 114.424918
2 725.838965 321.164163
2 746.763665 98.818846
2 942.296089 88.085685
2 992.212422 18.595498
2 961.750529 170.609145
1 792.917131 311.863757
1 816.660995 318.784196
1 804.989977 313.314217
1 755.963921 312.894344
1 832.187381 270.942736
1 843.914320 282.609085
1 792.329145 274.674176
1 850.642831 330.432851
1 834.434486 306.222416
1 792.343390 299.265890
2 865.686613 164.983264
2 887.291731 256.519000
1 735.682520 296.979925
1 787.843552 265.498206
1 825.357655 280.135198
1 845.701527 304.075412
1 825.453082 318.248880
2 834.448836 296.400119
1 838.902174 315.704484
2 977.527071 190.571758
1 812.613595 271.536226
1 826.703776 253.504045
1 799.502189 317.077254
2 994.732503 216.742017
1 795.417282 303.041244
2 754.813480 218.016981
2 827.027301 257.846766
1 814.899931 278.685629
1 809.132462 312.043660
2 996.102496 221.962104
2 892.611266 318.800710
1 810.095743 278.658925
1 848.479734 322.198347
2 894.236126 201.906622
1 837.396323 298.926135
1 779.042085 303.041898
2 898.479476 268.760085
1 814.838490 254.549016
2 990.868749 218.837905
1 843.656296 325.620000
1 744.801712 284.986144
1 788.523970 258.226935
1 793.161607 256.326366
1 893.986242 317.219895
2 816.156620 293.314219
2 836.784728 291.817696
2 978.557747 229.370161
2 857.273239 294.533631
1 808.288247 297.500317
2 814.655953 287.885864
2 893.201821 243.409215
1 774.536222 286.212503
2 809.135111 214.217183
1 739.876397 282.840785
2 837.813154 300.502815
2 796.557458 107.151168
2 998.518912 232.576999
2 924.822934 360.146150
2 853.461554 617.476469
2 677.775509 342.930127
2 750.100477 352.702020
2 867.559483 627.575568
2 910.013623 458.782088
2 909.437058 404.824141
2 857.254788 594.139169
2 772.892698 525.418582
2 952.169677 569.099599
2 813.839232 641.817628
2 922.861860 409.129112
2 757.961885 346.761935
2 923.699222 340.109950
2 857.317670 417.800218
2 963.085795 467.447637
2 849.474326 352.594986
2 954.094943 453.468960
2 906.092122 403.050109
2 876.112052 425.646963
2 958.694843 379.747299
1 811.926066 351.023588
1 768.316092 349.049047
2 836.741885 338.729691
2 835.962018 428.546111
1 847.308547 386.642087
2 847.012076 353.095059
2 866.335259 358.368727
2 943.603740 366.777385
1 790.765928 362.470424
2 931.931995 354.721037
2 928.124267 356.031563
1 834.202000 337.913476
1 849.090580 366.052104
1 807.766158 352.330464
2 809.949111 359.687020
1 811.564638 345.944702
1 902.000841 366.380904
2 730.879782 942.588539
2 817.317326 740.240759
2 728.193996 675.485181
2 737.304823 749.460525
2 922.795936 866.236940
2 906.207141 929.633314
2 970.266889 912.324051
2 981.902447 834.698518
2 864.426634 915.553717
2 761.362816 885.111847
2 693.274694 781.004788
2 666.953286 932.102326
2 741.835712 871.078402
2 780.253001 708.401185
2 806.801612 766.132397
2 667.698875 906.518154
2 683.339679 881.114829
2 925.503558 820.100275
2 673.482773 747.866133
1 706.781772 820.947076
2 914.978102 824.534269
