1 202.078525 179.315206
1 186.819888 180.064576
1 214.176846 164.074055
1 204.328503 189.087506
1 203.527437 163.832954
1 201.970054 177.160632
1 209.442568 186.467994
1 180.724814 194.967207
1 192.250519 197.907028
1 183.153069 197.091140
1 188.637822 183.889312
1 199.026631 174.339036
1 211.479674 193.053529
1 201.737982 180.358956
1 200.678000 184.928028
1 178.902086 190.791062
1 201.121318 185.842062
1 182.344040 172.955946
1 194.792092 166.717099
1 186.702925 186.835629
1 203.281993 182.508794
1 215.404842 195.972708
1 209.131122 169.530986
1 205.148379 156.622375
1 201.587909 182.185522
1 202.642849 148.056826
1 199.837059 111.094385
1 159.711445 226.162536
1 224.473860 143.819018
1 207.717389 164.188617
1 248.397126 152.082017
1 218.421290 176.555790
1 189.834792 242.640676
1 191.787662 145.172616
1 210.106784 188.067548
1 200.937138 140.095548
1 216.398068 146.675675
1 155.296326 180.362230
1 207.222499 179.890440
1 241.236680 167.329653
1 218.964618 185.632783
1 242.097578 143.975781
1 250.609679 167.953539
1 239.142052 99.093311
1 197.523228 230.607730
1 218.804793 125.132640
1 206.823242 182.456164
1 226.257642 158.267044
1 197.247455 145.915971
1 236.267506 139.675505
1 219.354240 226.369923
1 177.555641 212.759562
1 245.474688 145.041128
1 248.692890 85.348599
1 209.502843 119.734588
1 202.074925 211.518868
1 199.990817 197.359588
1 171.152267 218.545970
1 229.726629 118.288292
1 226.361252 184.946941
1 204.631445 161.460279
1 273.544899 205.250566
1 192.374862 147.749890
1 204.507773 138.983691
1 215.411213 148.899142
1 218.172446 145.058154
1 205.356283 223.396984
1 241.793948 190.590110
1 161.730373 198.381082
1 200.976486 174.594162
2 59.664177 453.414726
2 50.576305 436.787278
2 51.425367 440.837784
2 43.175214 434.119097
2 58.804816 428.815023
2 63.347146 425.863559
2 60.732494 408.726670
2 72.406240 438.663397
2 68.614963 418.307461
2 78.024736 442.886722
2 67.604440 409.186050
2 50.591738 412.758446
2 74.532559 427.224107
2 45.398665 416.726962
2 56.673980 431.836704
2 64.811656 413.906890
2 39.766784 432.656259
2 54.629899 427.696813
2 39.445893 422.065107
2 64.010856 425.553187
2 59.602518 430.313672
2 64.184752 413.590620
2 80.182577 438.192942
2 60.792721 428.363508
2 61.668450 429.694248
2 53.810192 419.722364
2 56.705041 425.612133
2 56.175670 411.315359
2 63.494198 428.757342
2 83.436392 431.710276
2 56.345963 431.619136
2 62.089104 430.141319
2 43.408837 443.731623
2 62.548742 428.029501
2 65.727367 424.865274
2 71.831915 415.201987
2 61.552714 420.683760
2 54.176240 408.216230
2 54.332525 422.651007
2 65.391002 431.691994
2 45.589576 434.050779
2 47.776520 438.419990
2 83.859896 425.730642
2 49.596146 417.891391
1 331.382958 660.462543
2 69.749770 386.830060
2 38.893286 454.493798
2 73.779209 465.268414
2 38.110179 479.991869
2 61.873334 362.403467
2 34.255583 413.757336
2 3.551545 432.611757
1 324.882683 569.911192
1 137.580917 790.113407
1 148.767415 779.060031
1 148.218661 777.629893
1 139.421185 798.342218
1 138.908182 789.084680
1 160.131038 787.909778
1 157.117436 792.632554
1 151.165851 778.942263
1 153.580006 777.188003
1 149.508251 763.863873
1 144.243613 785.552113
1 146.093343 790.984559
1 153.267474 780.133094
1 147.859911 793.014543
1 150.481933 780.709372
1 165.789670 780.267917
1 146.283493 780.222102
1 156.864742 796.891839
1 161.861036 758.807051
1 149.792901 793.426537
1 165.961065 763.317471
1 160.573092 762.600482
1 134.332367 822.937508
1 178.251490 744.862331
1 185.291723 792.831369
1 176.826073 745.840150
1 181.957012 766.411227
1 157.877017 746.665980
1 196.391876 762.060595
1 179.016090 738.013129
1 90.021930 795.344327
1 147.593821 749.131449
1 128.368197 780.864892
1 163.411620 777.839970
1 179.731272 801.015146
1 91.808443 774.625800
1 164.009483 778.304912
1 139.226362 797.311842
1 114.513458 768.391491
1 176.583627 783.127746
1 202.492236 726.267928
1 180.220260 715.900588
1 122.168564 768.863354
1 212.228852 715.326051
1 131.968507 776.750554
1 184.000110 839.606593
1 202.959553 754.823770
1 102.293696 777.045299
1 165.527280 815.049733
1 110.892583 736.760361
1 171.948607 748.191905
1 127.029948 812.709630
1 232.694983 741.385420
1 166.154727 772.339121
1 145.371232 842.051855
1 130.589913 809.416067
1 159.113300 775.922758
1 142.135275 785.388433
1 58.068846 752.607062
1 68.692847 735.712655
1 95.723683 808.102921
1 224.349297 837.830655
1 169.037465 732.755549
1 196.494149 721.915002
1 136.812491 780.952004
1 142.543252 822.222339
1 190.857276 742.187578
2 325.384384 831.690786
1 131.982063 827.150745
1 92.376593 812.226848
2 499.585782 134.991032
2 484.248733 151.095240
2 487.072859 134.072046
2 500.372290 132.347817
2 487.886167 155.139001
2 493.720714 134.765195
2 509.219396 138.393067
2 509.805614 158.859363
2 516.707945 155.811111
2 493.952420 155.236588
2 512.198795 143.865391
2 498.891104 142.434045
2 503.031665 142.810787
2 503.838197 164.691625
2 482.063822 143.746553
2 496.084056 144.129262
2 491.287710 130.238975
2 493.997559 149.054409
2 505.718363 140.086895
2 516.354893 141.664266
2 492.726283 160.391446
2 497.273132 140.416961
2 487.985610 127.781588
2 480.665799 140.519273
2 491.863470 139.404843
2 484.169628 124.939385
2 500.296424 143.208910
2 502.431803 130.208756
2 488.163780 137.309645
2 507.653555 163.648638
2 490.172815 141.775291
2 497.665782 137.406016
2 504.235634 136.967520
2 507.121802 126.362128
2 504.037112 143.205893
2 495.384363 140.921447
2 520.065446 142.572758
2 485.296409 121.877189
2 495.878229 119.440463
2 499.532163 145.276059
2 486.023560 139.868389
1 414.159271 654.484542
1 396.965906 656.429721
1 409.232629 630.668999
1 393.944144 650.141133
1 405.431374 649.333913
1 399.486811 646.725757
1 400.259023 649.944374
1 399.088965 649.256337
1 399.326209 652.158784
1 411.968041 650.520766
1 398.848586 635.686138
1 391.609420 665.205160
1 408.133576 630.837110
1 399.173399 644.191207
1 389.841955 658.005263
1 400.774781 650.308213
1 399.641320 649.664334
1 396.906714 642.965381
1 396.371375 649.914623
1 381.955513 645.056636
1 398.298446 654.480653
1 381.367666 653.613494
1 410.397212 637.327155
1 398.660293 649.819049
1 401.354440 647.757411
1 405.861198 641.062399
1 398.602001 647.378318
1 393.340697 642.555826
1 408.226809 628.395687
1 395.338749 637.154486
1 415.984239 646.909203
1 423.036678 654.281203
2 566.327921 479.929622
2 559.645556 478.749257
2 542.108217 474.036524
2 559.685605 487.433473
2 563.369408 490.282628
2 573.381410 471.477110
2 559.161220 474.688788
2 556.840378 498.166857
2 563.704203 473.647680
2 558.252617 486.808067
2 558.899972 479.781194
2 548.343974 488.373185
2 559.745212 479.979779
2 569.635254 470.297255
2 565.753896 479.453980
2 547.504747 473.173566
2 568.280122 458.401332
2 552.993692 480.154732
2 536.452940 475.645585
2 545.797056 473.774194
2 567.445625 494.042759
2 562.460124 483.713340
2 543.069621 483.761617
2 558.284391 476.821103
2 547.655082 458.294657
2 561.074381 495.485274
2 563.167474 480.654356
2 566.168079 497.857587
2 557.684401 461.115869
2 552.590856 490.349685
2 560.512513 470.929234
2 563.243376 477.289553
2 542.971177 465.114985
2 544.830961 464.668945
2 553.586758 461.895545
2 564.947799 458.268381
2 567.193653 481.763242
2 564.631733 472.059136
2 559.099342 479.038836
2 580.142647 476.366680
2 565.634408 455.665149
2 580.160206 485.271098
2 564.291244 478.719299
2 548.831643 495.501298
2 544.664903 471.243575
2 529.807375 556.352763
1 392.919258 650.931579
2 483.630997 459.010720
1 416.018256 640.810621
1 398.844418 608.034900
2 528.161219 478.180011
1 456.391037 660.904598
1 422.182936 609.069235
1 357.762031 629.594252
1 390.665153 649.074554
2 547.889203 506.057108
1 401.239648 666.269702
1 413.521044 665.433582
1 417.142104 662.584202
1 402.847451 639.552972
1 417.299589 600.829761
1 405.646053 640.575741
1 418.155760 644.919900
1 366.876457 648.989924
1 425.021464 624.308723
2 552.414799 437.331655
1 441.177399 622.245211
1 376.264042 616.217280
1 390.301947 620.314284
1 465.824194 625.506681
1 397.924796 651.629002
1 371.978907 612.433118
1 368.608492 616.506821
1 377.135385 655.619916
1 410.983582 616.206387
1 381.715523 601.491242
1 430.937299 658.865885
1 365.532682 621.919361
1 396.831760 628.950047
1 386.833264 626.408429
1 378.179245 598.757562
1 368.017706 639.543773
1 387.094904 610.240000
1 467.480761 655.387712
1 420.767768 638.964227
1 415.633791 647.984184
1 417.050464 645.066984
1 363.520478 555.597596
1 395.619955 634.520839
1 386.578609 657.843961
1 381.086470 622.714227
1 408.616031 621.488476
1 407.625638 643.101227
1 420.986586 557.093081
1 396.229446 642.623802
1 369.202045 615.426905
1 381.458667 589.547327
1 392.114856 668.457714
1 394.954126 674.308099
1 394.221399 669.527537
1 554.016372 799.904415
1 567.376086 804.549630
1 552.745377 812.852118
1 564.153244 803.367135
1 581.768991 798.964816
1 572.759855 799.243772
1 577.898006 790.170492
1 583.571398 807.125762
1 573.053080 813.579015
1 574.188549 798.183811
1 555.463841 818.504065
1 560.629967 802.699365
1 568.084256 806.421477
1 556.173005 808.304817
1 569.348468 803.664456
1 559.722450 798.231480
1 554.189676 788.492689
1 565.268759 792.765162
1 553.812317 802.677720
1 558.457108 801.771453
1 551.165307 798.782531
1 588.384833 811.338194
1 564.321143 806.739449
1 578.038975 812.878854
1 570.841369 788.925269
1 577.269699 796.321275
2 389.538227 833.879714
2 402.161750 844.896420
2 378.960659 833.429814
2 411.442228 835.670410
2 409.237313 811.380150
2 399.890100 830.041025
2 400.025746 809.960347
2 405.207302 850.738799
2 397.580039 831.068220
2 401.636197 813.259206
2 401.312932 830.117661
2 399.712033 820.898581
2 402.382769 830.642689
2 397.509522 816.278095
2 411.152661 844.794265
2 395.711069 837.208026
2 390.150597 825.066402
2 399.501159 818.059710
2 398.257724 839.003859
2 376.583223 838.678080
2 416.083383 812.282884
2 385.918454 817.639902
2 412.266138 813.407596
2 399.456228 830.895849
2 413.065501 846.807698
2 415.642324 835.764118
2 408.008256 824.890422
2 390.094158 829.951194
2 398.878255 849.165779
2 401.366324 848.649844
2 401.175089 840.522349
2 405.832256 845.406995
2 398.449407 821.013905
2 402.179150 831.091748
2 405.133892 836.167852
2 418.329704 828.496631
2 400.384027 826.575821
2 391.501291 844.196585
2 404.526549 830.470441
2 402.357607 815.581699
2 393.088402 831.176945
2 397.917414 854.296024
2 388.306593 841.258806
2 382.629465 844.753000
1 591.584436 784.095214
2 360.438849 875.664911
1 416.416035 690.889808
1 599.196351 783.157351
1 362.812765 672.779426
1 618.052527 810.830895
1 436.401455 697.424268
1 563.484862 757.784796
1 578.278241 830.881411
2 434.808083 866.069121
2 381.147482 829.357822
2 408.335942 840.733979
1 596.071242 816.619557
2 406.946978 823.213085
2 420.062179 815.677580
1 545.278631 760.592817
1 604.631092 784.966858
1 587.890344 820.002946
1 585.458922 782.020155
2 390.436856 856.588410
1 559.706710 830.262499
1 570.895706 825.358672
1 401.124314 684.210493
1 541.171473 812.138673
1 591.321547 823.224277
2 421.313979 850.367259
1 597.045434 807.731269
1 559.373466 791.009510
1 356.902279 695.196657
2 393.805870 843.506134
1 615.060769 795.557999
1 526.721319 798.712507
2 426.469934 805.013366
1 630.070055 785.034326
1 592.827460 805.992314
2 402.299804 867.666142
2 454.458909 883.497432
1 537.501221 750.061975
1 570.008402 780.837877
1 605.348059 802.892403
2 444.477879 845.802274
1 563.503676 820.899658
2 435.193043 832.508037
1 630.130665 832.118345
2 356.695246 860.941495
2 358.896281 837.923778
1 578.751034 768.718388
1 619.623495 821.399940
2 359.161942 800.948350
1 592.194302 798.169273
2 449.775819 840.243445
2 391.881804 838.634795
1 595.718014 817.044560
1 579.067033 803.504722
2 411.014891 788.053826
1 590.578596 762.351130
1 557.446026 793.606153
2 400.465215 839.054639
1 553.205398 852.197323
1 534.405740 828.763610
2 402.805867 843.654008
2 410.467972 831.300230
1 644.263829 853.417149
2 365.595208 863.929170
2 404.733026 839.578301
1 535.742117 819.295473
2 373.686661 795.708760
1 570.782177 770.190533
1 611.951151 802.059818
2 359.264465 781.962443
2 352.747112 854.086013
1 532.611230 779.580126
1 443.772921 686.301043
2 404.029804 817.362862
2 364.394083 865.443515
2 375.518597 895.104696
1 606.720280 810.299050
1 594.694922 799.637514
1 590.535760 754.065005
2 438.721388 777.182450
1 583.377583 784.016083
2 408.317951 828.234681
2 437.450910 826.859668
2 351.250633 817.101023
1 546.499813 813.254739
1 464.898336 732.719855
1 556.947090 802.734263
1 435.559422 705.217825
1 558.356491 797.069312
1 516.149369 792.804801
2 341.693369 847.755459
1 556.759023 829.029400
1 548.503294 809.512318
1 603.483533 802.431189
2 427.149194 785.365896
2 436.622983 841.758653
1 533.451414 827.099684
2 418.026749 789.930311
1 610.508343 822.116164
1 559.518943 791.331815
1 504.281259 820.498481
2 440.845584 888.053626
1 610.176061 834.312683
2 396.819868 830.182285
1 604.411048 840.333052
1 583.136686 837.787144
1 509.679276 783.513793
1 586.633034 808.769042
1 539.765287 788.818776
1 645.710240 785.479305
1 577.687164 782.235669
2 399.829012 845.247375
1 545.006911 820.336070
1 547.881923 777.262555
1 424.772349 697.226188
1 417.783386 676.543459
1 425.530491 675.279901
2 400.020479 819.178156
2 355.340035 817.470795
1 586.683467 809.831663
1 545.641085 745.642607
1 591.547601 770.981652
1 599.773297 769.318572
1 417.125286 677.608107
1 596.731985 746.720833
1 569.987318 817.610901
2 400.106735 829.648375
1 622.108258 784.319454
1 586.077343 809.394933
1 519.683941 778.154130
1 568.951384 831.196597
1 374.747125 693.448212
2 419.630341 803.722764
2 409.574757 813.779732
1 552.109795 846.515136
2 376.554866 848.723876
2 356.895287 828.454774
1 591.508345 793.838685
1 544.821719 769.852828
1 587.937596 784.663898
1 571.884445 765.433469
1 571.390257 754.694597
2 427.154935 835.922295
1 433.781732 678.544337
2 429.352788 827.578258
1 444.978197 669.732386
2 398.491930 849.809030
1 661.349981 772.956415
1 575.398490 825.432697
1 588.230196 743.673636
1 648.103666 825.740009
1 585.507169 813.938250
2 405.010274 831.634694
2 372.366853 807.857902
2 413.445471 880.516791
1 614.167909 752.463911
2 391.424902 838.681731
1 551.026303 827.036664
1 538.078562 806.375631
1 622.134227 878.178606
1 582.038305 710.001741
2 411.768836 783.061334
1 518.041531 785.608796
1 598.555925 809.452237
1 588.793415 777.898071
2 436.953984 838.387375
1 597.633015 781.416078
1 504.192997 792.896509
1 627.691491 761.484012
1 564.160287 781.415615
1 597.741647 779.657304
1 551.530395 800.238859
1 401.583339 684.370594
1 541.851005 854.767918
1 653.839708 762.855077
1 606.543280 816.960433
2 413.218651 859.003689
1 571.058556 860.685989
1 617.376068 781.018127
2 423.100445 798.229953
1 608.268018 833.272859
2 401.360732 770.929248
1 384.492772 691.422760
2 375.477688 822.839412
1 541.420380 859.080347
2 375.985630 818.016957
2 418.948907 787.244762
2 375.528572 839.423555
1 575.389902 801.507569
1 591.901811 792.222960
1 372.120587 717.620399
2 404.792285 752.077865
2 398.410711 814.141507
1 605.445442 749.481062
1 568.931846 822.111001
2 418.553982 858.611882
2 401.383418 870.047627
2 461.365715 808.672265
1 592.436807 817.631851
2 412.327947 844.770326
1 600.687696 809.627018
1 622.204355 820.882574
1 602.580034 844.857726
1 561.188221 809.926725
1 599.268981 752.744260
2 421.897539 903.748741
2 375.992913 797.694990
1 547.430690 824.029905
1 557.761078 791.798933
1 532.081991 790.797636
2 406.503687 839.894584
1 574.184995 843.597732
1 542.158330 809.280907
1 516.053052 791.133063
1 578.941988 753.665102
1 523.305531 820.715407
1 602.087469 774.256466
1 576.201471 796.256411
2 420.930744 854.748052
2 373.184146 849.327835
1 541.202968 845.859796
2 463.167211 768.530958
2 361.276912 796.567965
2 374.597960 857.699915
1 581.992154 810.294073
1 665.260339 813.040489
1 634.010485 805.805669
1 593.782714 754.904659
1 456.936731 824.135040
2 423.097567 815.728169
1 581.998110 788.303876
1 561.503031 759.459909
1 607.445579 811.338190
1 822.570945 295.209373
1 796.388864 306.657840
1 821.918281 286.535242
1 827.008361 306.982318
1 819.703925 311.468283
1 823.128751 297.453261
1 816.029020 288.743721
1 821.751465 291.149601
1 818.087407 302.558102
1 815.426318 276.391480
1 819.187439 300.062221
1 822.934482 292.983958
1 828.970412 303.746897
1 814.089782 286.227806
1 814.952164 321.010370
1 809.983797 301.390875
1 799.510615 313.051670
1 837.694861 287.564907
1 834.640377 300.015460
1 819.206725 279.764840
1 822.409595 321.539671
1 803.484546 312.865743
1 817.297562 303.155753
1 852.831027 306.037482
1 805.605157 324.696322
1 830.973563 301.278094
1 826.887012 289.522772
1 846.684856 278.641957
1 854.485660 293.574014
1 809.335530 323.275834
1 831.924935 283.144343
1 837.267011 250.504747
1 792.929442 295.119772
1 791.963803 286.947125
1 810.229177 257.766321
1 764.372438 260.535855
1 803.353154 317.060387
1 864.740209 309.758057
1 874.486724 291.037544
1 853.510287 286.390012
1 849.869238 237.396521
1 787.178248 290.749092
1 826.440457 300.641220
1 841.981322 283.196472
1 769.158931 256.246282
1 776.177200 297.225576
1 785.391010 278.736638
1 839.340371 302.013121
1 782.967304 324.681741
1 738.375634 244.977923
1 821.408772 313.422923
1 856.404568 282.567266
1 790.359175 308.604047
1 833.829811 291.063874
1 841.354895 270.237884
1 836.036925 287.537786
1 870.180781 224.340342
1 824.442132 329.077279
1 832.947930 282.337650
1 846.521431 275.954803
1 834.958266 233.139925
1 832.344733 321.371109
1 824.174262 331.138863
1 835.208724 242.842359
1 804.009076 296.465561
1 817.030733 272.004101
1 838.194950 282.431830
1 805.868961 313.804687
1 814.366826 289.823716
1 861.133047 295.576592
1 851.583506 276.130822
1 798.540738 270.150568
1 830.225890 277.334189
1 828.457113 331.998059
1 863.833850 293.589218
1 874.863359 288.449733
1 859.733968 286.602391
1 795.411968 297.864992
1 849.260066 303.815710
1 816.230692 273.252393
1 842.921483 311.021641
1 800.730991 326.163957
1 872.179184 263.424301
1 831.374417 293.162189
1 818.260303 273.744265
1 835.562771 332.156676
1 772.700438 289.913523
1 814.944615 330.018883
1 841.434307 331.072928
1 809.624381 276.714524
1 841.158839 283.157379
1 836.078764 247.890386
1 829.857293 275.694836
1 823.349919 314.740771
1 799.368222 250.289709
1 816.871566 281.659503
1 775.290600 308.514594
1 730.939544 266.999470
1 800.462746 308.752866
1 878.612091 288.066479
1 791.363041 305.405310
1 888.516995 302.298336
1 821.022987 321.386322
1 779.131313 282.569328
1 872.015125 250.334333
1 833.956251 280.168416
1 826.310593 293.802997
1 732.120629 301.203243
1 823.322829 286.385404
1 827.920807 277.556766
1 739.639179 262.805676
1 823.550771 256.736693
1 828.095315 332.931551
1 823.277836 302.073467
2 840.676232 608.621616
2 852.475574 633.410839
2 846.066883 625.840064
2 851.954105 627.968782
2 854.026035 648.220403
2 839.991632 615.530566
2 853.077069 632.163393
2 838.369887 634.561641
2 841.955730 613.519406
2 866.584727 624.813974
2 828.963805 622.449259
2 852.416090 642.763955
2 837.016986 614.694498
2 840.738615 643.357703
2 838.721206 644.038280
2 859.753973 642.335668
2 837.233535 635.162835
2 853.881323 619.546542
2 850.632442 625.157595
2 850.418268 615.658842
2 858.067359 619.559308
2 857.351504 643.163369
2 850.318600 639.521488
2 835.521914 631.914579
2 831.556330 614.604932
2 850.077215 631.957816
2 856.027421 643.177058
2 852.373098 634.690302
2 851.245743 630.290808
2 836.293860 616.051164
2 853.265255 626.674026
2 848.812040 628.612968
2 850.192135 635.737483
2 854.054095 633.278565
2 849.995893 630.763458
2 846.559716 642.299393
2 834.979246 636.262926
2 846.730506 607.687930
2 856.436795 633.342058
2 852.717873 632.804110
2 842.090755 638.151091
2 850.868218 630.077384
2 841.498960 633.550477
2 831.691895 631.432495
1 814.549319 338.661856
1 852.300919 334.788997
1 816.704315 369.795494
1 846.244188 352.877581
1 895.108562 364.439206
1 842.652797 339.355602
1 854.803786 347.768947
1 860.101811 359.418490
1 873.590168 344.228596
1 847.600364 334.427737
1 929.558134 393.447339
1 853.563777 410.383558
1 819.354639 357.508479
1 847.025045 338.282154
1 846.159869 401.044803
1 857.684880 381.924898
1 838.467380 338.395705
1 830.238376 341.407143
1 805.242756 359.907234
1 840.199296 363.230458
1 914.007626 339.053122
1 906.709901 334.108080
1 849.809971 357.700675
1 834.288622 336.534610
1 677.673810 822.464513
