1 199.269705 173.437265
1 210.114308 186.948301
1 205.196307 190.114481
1 201.889364 166.244283
1 200.028815 178.904122
1 188.380839 167.329228
1 212.278736 161.253949
1 212.483211 172.490510
1 195.050289 171.076614
1 179.145205 192.423152
1 203.705688 176.662764
1 220.372450 167.082820
1 208.432975 176.476157
1 190.286978 163.249754
1 191.860712 185.192797
1 199.578806 182.418145
1 186.174945 200.079040
1 180.475691 186.882647
1 204.553109 188.063940
1 220.977149 175.115079
1 196.939850 198.505773
1 199.999612 180.015226
1 196.346362 175.409721
1 193.785615 175.874331
1 201.650211 166.035300
1 182.203108 183.478241
1 198.891638 173.225857
1 180.544847 186.930235
1 186.504118 179.103378
1 180.106523 173.681083
1 212.387992 187.255458
1 212.946587 178.048028
1 209.544623 167.571960
1 181.902077 174.280506
1 205.334414 178.161422
1 212.620355 185.058393
1 188.913952 189.585743
1 204.101071 172.079548
1 179.717881 187.837870
1 207.066242 193.777773
1 214.856571 170.711981
1 202.955266 172.699582
1 184.536981 177.049929
1 184.258736 186.863044
1 194.252804 187.623283
1 201.516642 175.161366
1 221.555916 184.444234
1 204.039642 182.773306
1 209.057956 178.535843
1 198.418725 169.288476
2 147.719864 139.178096
2 293.914801 136.273860
2 171.706898 110.554810
2 245.197685 60.614106
2 294.372177 189.389279
2 247.747488 300.629079
2 123.511157 300.565481
2 304.332227 62.381701
2 318.756259 57.705115
2 240.868928 171.431778
2 158.408097 123.982872
2 238.095347 173.144910
2 6.988644 146.061295
2 317.447416 179.969107
2 89.577762 289.336909
2 225.903249 289.597707
2 18.138077 109.929903
2 3.136457 219.714821
2 129.998060 280.385958
2 198.110545 10.437739
2 246.814734 268.601933
2 31.140934 115.490686
2 265.037625 240.178044
2 114.672760 10.294318
2 140.521718 239.398896
2 24.569977 251.627972
2 87.105782 18.602916
2 203.383335 10.801702
1 228.480966 187.569534
2 149.019348 289.524121
1 204.916120 203.418278
1 208.347138 189.301456
1 225.997380 146.704163
1 210.389601 204.205187
1 180.701492 187.227983
2 151.982756 136.500933
2 120.562258 325.093279
1 261.990456 135.002877
2 182.131238 74.272294
1 204.323214 167.820630
2 231.282729 194.372442
1 212.260211 185.551012
1 215.788827 142.748856
1 220.348355 195.745816
1 203.789888 177.684358
1 179.816301 124.464284
1 171.208423 137.485573
2 204.922159 95.164520
1 242.340384 177.637468
1 237.181752 182.923108
1 170.995006 133.010828
2 288.763583 128.581352
2 248.300219 5.492845
1 170.801291 157.702722
1 261.426259 175.099881
1 177.417889 195.429692
2 115.333957 105.980433
1 236.393037 188.418695
1 179.580050 202.769783
1 163.545013 183.177249
1 193.412615 172.754199
2 141.620256 84.414491
2 138.402066 142.714133
1 203.440757 164.918354
1 150.109243 184.169617
1 240.028784 175.267008
1 250.578569 209.311634
1 196.173723 157.923805
2 332.924340 199.154559
2 151.531412 279.643568
1 205.584823 195.748388
1 284.739501 121.581285
2 217.255524 83.536625
1 172.114430 165.934562
2 41.886573 115.672662
1 186.915686 197.661530
1 217.390571 192.159235
1 222.804656 184.234563
2 320.570116 166.952671
2 215.087248 278.021399
1 223.125246 223.340927
2 122.405278 264.072785
1 201.482827 172.154801
1 197.105120 170.367003
1 158.040454 224.538809
2 53.547677 248.823416
1 246.580485 154.389154
2 171.244360 543.570455
2 20.994490 632.140718
2 66.088670 339.827348
2 153.389716 641.988353
2 215.846863 380.439899
2 197.668517 576.454287
2 176.469311 624.306723
2 142.015951 484.013842
2 162.585077 510.800457
2 28.754951 434.886062
2 258.849622 571.780342
2 28.433730 395.907137
2 285.577834 399.682199
2 243.642724 359.433039
2 206.003233 444.655875
2 119.399959 429.388510
2 73.254313 598.941207
2 134.954239 645.637362
2 99.191083 646.504344
2 207.408084 475.388057
2 175.878546 664.310229
2 177.423350 663.474394
1 332.200637 655.520465
2 118.090730 358.660461
2 145.244401 662.445613
2 172.634725 648.956254
2 271.118007 359.701098
2 237.588484 350.025629
2 120.937643 344.537994
2 173.722028 649.185606
2 182.805256 516.258753
2 114.959076 653.173469
1 145.030728 772.537774
1 157.487720 793.321122
1 126.746203 786.033927
1 143.108860 781.374177
1 154.390032 786.035741
1 152.529190 780.121808
1 145.163527 789.729331
1 142.908453 785.024548
1 147.016255 764.763246
1 140.785421 784.378476
1 149.145823 789.074265
1 164.059055 789.500816
1 129.883861 767.236260
1 162.035259 791.309183
1 143.341848 761.361544
1 157.305392 776.514772
1 148.994945 781.462857
1 139.319658 769.947154
1 150.635253 800.337475
1 139.604911 775.162807
1 139.669431 765.674780
1 148.445724 798.992661
1 161.454364 774.691989
1 145.115120 801.068668
1 147.551750 782.847987
1 130.097206 782.724603
1 146.637271 794.320656
1 144.572743 765.796607
1 165.210033 792.478869
1 145.398130 795.977175
1 138.434013 794.852440
1 137.038868 779.913534
1 148.886593 775.785309
1 154.683136 787.143884
1 151.684056 759.675614
1 141.519321 797.625571
1 172.323697 786.749599
1 143.634279 768.792677
1 171.706840 790.920699
1 150.302771 764.452877
1 154.831874 780.177508
1 165.169143 762.646692
1 139.070384 777.583477
1 164.121171 782.791520
1 131.403224 778.324781
1 147.781349 780.633312
1 142.264031 791.512781
1 156.685346 781.153872
1 144.954823 801.106475
1 168.558070 768.279076
2 45.445622 846.788738
2 314.745031 695.223919
2 278.842459 682.923933
2 144.085517 872.816056
2 179.601668 815.345060
2 235.255087 804.442660
2 25.964187 815.865713
2 66.431093 926.363874
2 304.534268 779.614386
2 226.630879 780.766078
2 168.179667 893.592700
2 155.089063 886.894080
2 206.757819 820.565459
2 95.990597 827.499648
2 100.781039 780.964956
2 251.927141 815.949635
2 97.995087 682.932946
2 109.632884 844.386862
2 186.317673 845.551338
2 54.460575 712.218472
2 132.847880 719.890740
2 251.392151 680.540094
2 92.891069 894.358573
2 78.445487 880.182434
2 292.569065 875.351900
2 123.759881 675.448990
1 199.855451 749.578342
1 165.675877 761.090092
1 146.322869 769.187705
1 136.412353 768.071546
2 130.672544 860.815105
1 152.774307 765.661466
1 138.196617 796.597069
1 201.541337 765.113494
1 172.587948 760.849586
1 121.107143 818.042237
1 125.922352 829.480462
1 156.154563 791.983485
2 301.636110 693.153050
1 172.396870 792.022198
1 119.204021 822.281892
1 157.820609 786.074701
1 131.262666 736.974106
2 149.867460 876.605434
1 173.812300 762.859546
1 70.359793 789.737040
1 170.944529 756.567811
2 4.425989 754.452147
1 193.728868 829.572783
2 2.277880 708.988050
1 141.828153 780.133342
2 170.097542 865.581820
2 224.447785 819.998554
1 184.556875 792.912438
1 173.307896 793.415265
2 104.820808 880.085840
1 113.318426 768.925106
1 151.758982 706.042355
1 107.942161 789.952638
2 123.656394 670.192325
1 161.145939 813.783937
1 97.966419 806.590156
2 134.417854 894.035141
2 146.332256 922.881883
1 139.048682 818.665958
2 219.274596 847.659163
1 179.549993 766.725461
1 140.701605 798.092896
2 195.367934 858.428916
1 108.112232 771.421573
2 285.289276 729.062953
1 153.502319 816.821195
1 188.234344 783.960885
2 132.203512 808.751741
1 161.710105 768.065128
1 138.012279 811.083366
2 308.629780 735.527019
1 131.502927 783.864153
1 102.269800 816.142530
1 188.324984 773.558553
1 180.104971 789.626256
2 163.363600 894.933698
1 81.435653 798.507784
1 147.299208 780.472964
1 154.606655 797.628400
1 139.719395 799.558142
2 24.135294 856.545610
2 120.940843 850.681992
1 148.137161 736.841807
1 127.474077 777.620180
1 136.019164 711.087589
2 349.778605 9.205542
2 605.066590 47.788371
2 589.443399 329.344407
2 581.120796 112.089809
2 665.653347 275.935088
2 363.834378 164.526498
2 647.042743 256.695106
2 527.996854 292.824059
2 666.366008 82.483431
2 649.420891 250.178670
2 429.921659 60.700783
2 442.269964 137.611678
2 578.546029 74.844074
2 463.885595 159.578450
2 340.834231 314.390766
2 608.180601 176.614387
2 581.659812 104.667085
2 584.759719 8.514276
2 406.604858 243.912258
2 393.617551 91.206526
2 530.761359 200.478255
2 390.672135 228.799509
2 623.500289 78.874461
2 371.782737 51.913341
2 402.867411 243.143525
2 334.950622 271.238755
2 444.498006 305.325461
2 571.288115 214.680961
2 459.060437 293.612571
2 384.026733 216.766111
2 336.606115 57.811810
2 577.794603 122.767491
2 357.327959 80.978077
1 382.260213 656.654334
1 400.060358 664.114563
1 405.111228 654.743552
1 414.979481 651.653271
1 403.504982 652.571265
1 390.688447 647.845610
1 405.143784 645.741016
1 397.298582 643.386521
1 399.545928 650.646476
1 408.363581 655.378863
1 407.056579 652.214464
1 387.102474 631.882672
1 385.087245 644.224714
1 412.893603 637.657770
1 405.531501 633.996536
1 408.893194 651.784645
1 398.156383 646.538719
1 400.441090 649.314884
1 397.339133 647.323642
1 399.327124 649.262928
1 400.506485 650.383943
1 395.364842 649.921690
1 398.053061 653.189044
1 394.188539 646.559336
1 398.752565 649.912308
1 397.250624 649.699913
1 406.456430 640.285232
1 380.873523 652.353149
1 397.868197 650.876934
1 400.504314 653.885126
1 421.667448 648.733453
1 422.983944 640.758248
1 380.384746 651.717041
1 392.518443 649.812297
1 411.925322 644.440037
1 408.039858 649.382839
1 394.418308 649.889421
1 406.652711 633.066539
1 394.377634 647.022654
1 394.835188 662.032331
1 395.472651 631.200161
1 402.283887 655.352194
1 414.147286 642.437744
1 412.439738 656.811921
1 394.118353 663.469716
1 402.351592 650.678890
1 393.106662 639.004447
1 411.733015 641.469493
1 401.110278 649.500800
2 455.653924 403.258451
2 363.487086 575.203866
2 554.207542 524.403726
2 407.654692 539.267475
2 422.263068 585.874800
2 545.309700 599.809725
2 409.899350 583.813836
2 569.053141 516.305782
2 472.503920 468.156992
2 638.136057 382.283967
2 337.238754 627.361551
2 514.384405 514.909617
2 421.769390 657.734760
2 567.767176 623.068481
2 531.947152 538.399774
2 414.301767 487.742486
2 346.897906 350.992522
2 515.624875 369.475080
2 379.458646 395.931238
2 603.739266 638.164720
2 501.170248 578.989438
2 493.003781 406.135317
2 439.302773 543.991638
2 622.657885 589.764738
2 624.977644 549.091301
2 418.523773 349.099599
2 651.343269 665.120359
2 400.695022 591.662895
2 356.809001 521.837604
1 371.259433 664.934052
2 472.861338 651.889663
1 443.784686 665.370102
1 425.833625 630.582356
1 362.314772 641.810879
1 388.799169 629.889163
1 389.080700 632.805974
1 418.540772 642.150583
2 425.428412 666.256581
1 393.269349 663.704043
2 419.570219 582.688558
2 492.620244 651.108827
2 386.267677 578.700607
1 366.223016 636.635115
2 371.906311 492.314047
1 348.004890 646.470543
1 442.198050 660.265827
2 484.015066 663.365071
2 394.542821 619.848562
1 416.198419 631.876102
2 337.915910 627.630641
2 392.836659 493.181859
1 377.320594 631.551468
1 427.001812 653.027582
1 417.234325 642.235021
1 389.330671 636.995432
2 404.439485 589.664975
2 433.336417 642.345995
1 413.089713 652.485374
1 404.020962 642.364698
1 357.896415 641.215998
2 358.493969 640.530319
2 420.262286 657.282273
2 337.269316 643.418933
2 423.075404 556.683994
1 375.369975 656.830831
2 349.554640 533.211195
1 411.668134 668.368042
1 592.269184 788.914880
1 591.487549 810.596792
1 569.833038 799.846903
1 572.212885 807.626350
1 562.838830 823.133327
1 581.619194 791.499844
1 562.109298 801.404777
1 569.393378 799.362321
1 575.479506 794.895237
1 550.314057 812.352350
1 585.959880 788.115219
1 564.241788 810.020203
1 569.629502 802.786922
1 577.599504 805.651019
1 574.622168 791.722488
1 564.053403 790.297419
1 553.192257 793.616418
1 549.161840 788.600295
1 576.378288 808.759825
1 569.200985 800.474026
1 576.727973 810.336564
1 553.858209 800.021254
1 559.810518 804.961297
1 548.627846 793.185977
1 562.278597 797.613960
1 571.998115 799.433039
1 566.964520 801.578735
1 574.470780 783.193272
1 572.089694 783.789241
1 570.978102 799.174940
1 576.423917 815.735739
1 592.906930 809.881322
1 592.085861 806.001343
1 575.887485 815.058752
1 574.647485 814.706093
1 562.839817 799.521881
1 565.419632 797.485520
1 555.859829 792.941726
1 582.643007 781.605743
1 586.486928 795.935543
1 571.754810 812.072489
1 569.199946 795.767835
1 580.683493 819.967901
1 571.582199 797.383136
1 590.387599 797.733528
1 577.335586 808.401524
1 580.041311 806.092403
1 567.753650 797.303679
1 561.438024 797.509067
1 570.353356 805.491408
2 577.914558 714.854242
2 436.675419 920.930438
2 601.527925 716.441812
2 443.770658 934.503837
2 373.322691 854.021838
2 574.700117 858.400583
2 610.104511 840.210379
2 642.694306 910.732831
2 659.645040 947.878012
2 526.803464 864.987154
2 486.398273 802.952947
2 349.544459 746.803773
2 381.538185 894.107693
2 339.589366 723.918474
2 412.598899 810.795338
2 382.367949 691.752045
2 448.318685 952.522040
2 503.259611 871.763370
2 408.423329 772.895511
2 650.792042 795.792364
2 520.087113 997.883590
2 496.779949 667.697406
2 447.291469 719.800295
2 646.125732 813.346760
2 473.722511 702.352219
2 648.836860 787.895538
2 572.124382 759.782192
2 542.324607 680.102779
2 622.243191 962.189270
2 524.971951 840.720524
2 430.984447 864.594218
2 583.814646 844.751735
2 616.138961 886.174952
2 617.207634 829.298528
1 582.492274 814.339113
2 457.679211 708.852196
1 566.421964 884.533589
2 626.709470 791.585653
1 566.255289 792.601955
1 422.125454 693.661753
1 364.034983 667.866337
1 580.864129 802.610486
1 540.968542 797.259408
1 533.082127 808.828602
2 491.620848 722.428992
1 421.416071 677.836953
1 614.829348 749.885148
2 557.132710 874.466663
1 608.079029 864.283463
2 569.905440 837.057076
1 601.597365 736.062301
2 631.602617 805.802811
1 618.601815 774.569058
1 591.434306 798.638093
1 362.417342 681.278711
1 605.739294 803.905279
2 598.779147 829.606859
1 510.456141 819.805105
1 539.071783 807.908091
1 613.431708 841.914640
2 631.189879 974.613447
1 582.590826 786.950512
1 606.043904 811.255560
1 542.578084 816.467189
1 593.399373 821.021936
1 591.438458 816.640694
2 570.494375 856.838590
1 536.673102 806.104612
2 462.823577 754.186083
1 378.176077 674.165583
2 597.562579 762.664033
2 661.522737 824.832233
2 659.230997 968.718478
2 625.949305 821.006729
1 582.676167 818.604932
1 593.227504 826.559666
1 621.589137 810.829976
1 564.544372 855.003111
1 587.709497 838.657989
1 413.350274 671.652760
2 612.115853 814.534147
1 657.409022 826.400984
2 513.474042 780.648497
1 342.591238 684.001784
1 591.737768 792.014259
1 372.643725 673.034911
1 825.323420 313.131564
1 817.333145 301.770809
1 812.226200 290.236725
1 830.429414 297.607845
1 824.995430 303.209579
1 814.043604 287.613507
1 833.030645 316.684872
1 831.667684 295.476292
1 814.058431 301.075981
1 834.044190 283.999700
1 827.473053 308.571495
1 819.691371 300.488439
1 820.776003 303.481807
1 835.591285 300.783414
1 807.626186 302.934711
1 820.155986 304.158386
1 822.841290 275.549347
1 826.779512 299.570688
1 802.061386 300.942897
1 818.328382 301.953430
1 830.789986 321.305360
1 821.461269 298.275657
1 837.939457 290.559085
1 809.734327 290.916042
1 799.208382 306.913418
1 827.960425 295.295719
1 822.190965 301.146311
1 828.619228 297.276916
1 824.871657 302.618242
1 818.187449 299.010597
1 822.031434 305.360813
1 822.383471 302.747937
1 820.658663 284.509079
1 809.235061 314.367895
1 817.915434 307.558264
1 838.150705 307.822859
1 817.894563 302.926957
1 820.400217 300.308929
1 833.266366 306.872088
1 825.397005 287.726416
1 824.072163 310.451970
1 820.862003 300.408726
1 818.762404 303.936763
1 812.497967 279.106009
1 829.669497 290.198884
1 832.419664 315.356267
1 820.978513 300.690964
1 797.302606 305.825083
1 843.686914 295.652230
1 836.313379 292.914827
2 666.798979 177.648918
2 722.194114 196.170142
2 799.967573 112.965367
2 893.464066 245.978228
2 755.215109 262.818065
2 967.740334 176.295514
2 847.526756 47.555112
2 896.554048 172.220755
2 882.950573 98.002196
2 919.808063 177.226763
2 777.515608 169.121337
2 763.118143 314.693327
2 830.285743 135.188482
2 995.768737 265.352777
2 801.264136 178.192910
2 675.563414 185.947463
2 900.574006 251.836751
2 844.330495 166.834008
2 792.672124 105.940476
2 786.455709 275.805450
2 909.989381 231.012482
2 721.232896 113.150164
2 850.339335 302.945682
2 955.189126 119.127902
2 923.431828 272.093459
2 921.373790 74.377634
2 809.899771 309.508034
2 700.217118 149.705557
2 923.879637 114.424918
2 799.230402 268.265659
2 725.838965 321.164163
2 826.266588 220.737925
2 746.763665 98.818846
2 942.296089 88.085685
2 998.183651 278.084384
2 992.212422 18.595498
2 961.750529 170.609145
2 747.794707 283.159653
2 743.638688 290.934731
2 767.104717 203.657663
1 851.112183 296.837444
2 755.673422 291.446438
1 793.851365 294.019197
2 891.613953 274.953374
1 788.280474 274.062355
1 793.405143 284.797609
1 814.923803 326.780811
1 813.427116 282.885407
1 804.088934 291.327029
1 833.912158 279.025367
1 834.735295 321.047775
2 782.908250 292.650936
1 863.918374 305.579885
2 887.138278 274.878532
2 775.225245 311.861681
2 783.999769 172.138695
1 855.194645 280.988176
1 844.183373 321.302459
2 960.125062 305.829267
1 841.854052 313.163459
1 806.424232 311.645525
1 856.177686 302.352518
1 854.288632 286.027514
2 982.999707 199.548483
1 825.868787 310.710903
1 846.822695 310.135629
1 798.691259 281.728017
1 772.951013 275.771123
1 906.603225 307.576641
1 820.416717 294.770663
2 828.724779 308.429415
1 783.099763 315.092682
1 786.253029 331.155245
1 784.117549 306.946043
1 855.991613 304.687737
1 794.409294 287.069319
2 887.557952 274.511568
1 816.234276 288.340826
1 833.392721 255.418580
2 768.354705 235.376399
2 993.771218 276.553327
1 840.293876 290.123386
1 810.094699 327.909375
1 811.827963 289.921214
2 924.822934 360.146150
2 853.461554 617.476469
2 898.600168 540.882315
2 677.775509 342.930127
2 750.100477 352.702020
2 867.559483 627.575568
2 910.013623 458.782088
2 968.121624 355.378469
2 909.437058 404.824141
2 921.326964 580.380160
2 857.254788 594.139169
2 977.632657 440.842494
2 720.361765 580.513346
2 772.892698 525.418582
2 958.985674 356.512416
2 952.169677 569.099599
2 813.839232 641.817628
2 864.808386 501.433124
2 922.861860 409.129112
2 757.961885 346.761935
2 921.044725 367.612915
2 710.275476 501.749901
2 821.702857 505.467745
2 923.699222 340.109950
2 857.317670 417.800218
2 838.175991 470.731765
2 968.377705 369.672814
2 904.170239 391.863184
1 818.585403 385.568476
2 806.491671 334.489047
2 886.250510 400.840682
2 912.959599 473.987221
2 852.193800 346.966455
2 689.982256 392.118132
1 802.486913 388.543045
2 730.879782 942.588539
2 817.317326 740.240759
2 728.193996 675.485181
2 737.304823 749.460525
2 676.107195 838.903866
2 836.032604 668.933878
2 977.535892 947.458170
2 922.795936 866.236940
2 906.207141 929.633314
2 970.266889 912.324051
2 841.109441 723.509132
2 975.466924 771.741003
2 981.902447 834.698518
2 864.426634 915.553717
2 960.869334 752.871921
2 761.362816 885.111847
2 693.274694 781.004788
2 666.953286 932.102326
2 741.835712 871.078402
2 780.253001 708.401185
2 806.801612 766.132397
2 714.562450 744.461421
2 982.959946 846.672135
2 669.198812 976.835296
2 960.680335 820.396749
2 674.400998 787.676025
2 721.740255 769.355095
