1 199.269705 173.437265
1 205.196307 190.114481
1 201.889364 166.244283
1 200.028815 178.904122
1 188.380839 167.329228
1 212.483211 172.490510
1 195.050289 171.076614
1 179.145205 192.423152
1 203.705688 176.662764
1 208.432975 176.476157
1 190.286978 163.249754
1 186.174945 200.079040
1 180.475691 186.882647
1 204.553109 188.063940
1 220.977149 175.115079
1 196.939850 198.505773
1 199.999612 180.015226
1 196.346362 175.409721
1 193.785615 175.874331
1 182.203108 183.478241
1 180.544847 186.930235
1 186.504118 179.103378
1 180.106523 173.681083
1 212.387992 187.255458
1 212.946587 178.048028
1 209.544623 167.571960
1 205.334414 178.161422
1 212.620355 185.058393
1 188.913952 189.585743
1 204.101071 172.079548
1 179.717881 187.837870
1 207.066242 193.777773
1 184.258736 186.863044
1 194.252804 187.623283
1 201.516642 175.161366
1 221.555916 184.444234
1 204.039642 182.773306
1 209.057956 178.535843
1 198.418725 169.288476
2 147.719864 139.178096
2 293.914801 136.273860
2 171.706898 110.554810
2 304.332227 62.381701
2 318.756259 57.705115
2 240.868928 171.431778
2 158.408097 123.982872
2 238.095347 173.144910
2 317.447416 179.969107
2 89.577762 289.336909
2 225.903249 289.597707
2 18.138077 109.929903
2 3.136457 219.714821
2 129.998060 280.385958
2 198.110545 10.437739
2 246.814734 268.601933
2 31.140934 115.490686
2 265.037625 240.178044
2 114.672760 10.294318
2 140.521718 239.398896
2 203.383335 10.801702
1 204.417573 175.911800
1 191.368826 127.860923
1 167.551454 196.522483
1 180.926088 201.777870
2 297.169887 49.001954
1 190.867445 186.183373
1 199.637053 183.290147
1 234.894484 188.904993
1 218.912710 207.378739
1 140.936732 162.498895
2 133.281527 74.766163
1 191.281877 221.901975
1 211.223563 187.000043
1 211.441027 159.517629
2 331.344971 136.140005
1 253.547310 182.882841
1 204.247377 174.118538
1 176.409765 149.786646
1 189.847023 196.727579
1 187.246689 126.762694
1 194.379611 157.966098
1 218.839814 135.472686
2 197.690444 289.518058
1 152.649272 178.268778
2 140.847856 225.792199
1 247.028008 185.001258
1 195.176480 118.593884
1 192.177229 215.715418
1 207.881196 154.655558
1 200.264568 154.249009
2 248.561113 157.011147
1 212.278248 239.666273
1 186.731035 208.486552
1 147.809402 162.039190
1 271.050319 179.663629
1 192.789812 129.873258
2 128.619660 126.625637
1 165.655269 135.733085
1 177.367801 198.252431
1 175.230724 142.750494
1 204.108785 108.921930
2 252.563130 200.699221
1 221.500663 202.017747
1 222.894864 175.418379
1 201.912097 242.301514
1 228.962777 157.622381
1 247.008746 215.919914
1 231.422682 211.814931
1 160.428787 165.221819
1 229.706149 189.157519
1 191.008290 127.064196
1 219.587416 206.796229
1 210.161491 210.852567
1 186.124361 182.344258
1 213.478089 100.935485
1 207.196564 234.816544
2 20.658374 322.287323
2 139.768628 127.512591
1 138.886685 184.177746
1 212.442001 163.152828
2 271.215956 194.677069
1 204.645757 183.505520
1 242.425923 138.931262
1 255.726989 228.211660
1 127.435193 153.523115
1 166.504296 166.510176
1 184.451465 140.671614
1 216.846600 215.614239
2 287.531694 65.694488
2 194.398257 176.003967
1 189.631519 167.502852
1 178.121364 178.825802
2 249.729207 266.801598
1 142.840962 149.631375
1 258.943643 176.446361
1 198.846679 219.462804
1 174.543190 174.588200
1 201.488536 165.371405
1 176.689874 205.439003
2 203.495391 296.226739
2 256.024120 163.845298
1 133.843814 111.738691
1 283.997294 177.696431
1 188.739576 133.858905
2 62.380473 156.588745
1 232.043679 165.587000
1 265.367673 147.061376
1 167.261765 164.722078
2 320.938034 320.707355
1 176.354512 167.360159
2 171.345023 141.159210
1 211.228269 184.002167
1 179.978141 201.376992
1 160.100791 135.807137
1 211.636110 90.754287
1 178.545711 171.727210
2 178.592676 153.360385
2 107.670291 142.452446
1 179.972161 119.102417
1 148.221317 201.075948
1 208.806920 169.460963
1 158.395053 138.912853
1 194.027236 145.307696
1 153.779763 120.010602
1 177.734207 155.175789
1 239.617176 182.543388
2 162.086654 143.407066
1 191.345842 176.086695
1 175.044934 234.784130
1 197.997783 242.762940
1 199.587425 161.878790
1 197.128564 76.330982
2 196.852535 106.772417
1 227.439140 135.584087
2 217.480984 137.551854
1 180.232310 179.767977
1 206.796614 194.404945
1 210.107933 220.462809
1 192.511723 149.094080
1 185.173472 159.724310
2 173.648667 94.887627
2 59.238858 136.806932
1 155.725034 109.440860
1 216.832312 221.913992
1 182.691748 181.904885
1 173.898125 235.357732
1 273.241647 180.417886
1 173.108969 221.419053
1 230.629110 159.894732
1 200.217238 232.907782
1 151.652452 143.011572
1 218.382591 224.331475
1 140.831444 217.992341
1 173.319851 126.385985
1 189.360308 185.578137
1 181.122229 228.376826
1 289.892966 171.221437
1 270.575837 159.321463
1 166.348107 181.178322
1 190.165274 139.616872
1 220.987476 177.473957
2 173.001750 312.641840
2 121.796101 88.778108
1 207.385280 142.097515
2 264.760609 265.387529
2 266.477791 195.805973
1 256.607973 179.106031
1 222.096032 210.159924
1 207.638521 207.608901
1 284.716033 149.453167
1 118.310768 135.884887
2 282.406870 103.355391
1 254.942840 262.387820
1 210.323676 163.211625
1 230.375916 182.606246
1 141.018159 115.924176
1 247.469298 182.642980
2 255.443630 329.180385
1 153.240906 125.978195
1 199.595612 138.271961
1 228.160784 151.148819
1 198.384019 172.331235
1 188.059621 197.313140
1 164.170143 184.187715
1 187.212573 160.405055
1 198.522269 179.336710
2 171.244360 543.570455
2 20.994490 632.140718
2 66.088670 339.827348
2 153.389716 641.988353
2 215.846863 380.439899
2 197.668517 576.454287
2 176.469311 624.306723
2 162.585077 510.800457
2 258.849622 571.780342
2 28.433730 395.907137
2 285.577834 399.682199
2 243.642724 359.433039
2 119.399959 429.388510
2 73.254313 598.941207
2 134.954239 645.637362
2 99.191083 646.504344
2 207.408084 475.388057
2 175.878546 664.310229
2 124.332886 656.567258
2 1.746717 361.902733
2 200.268730 401.899292
2 310.679838 625.288446
2 160.337866 648.697891
2 254.195559 585.376834
2 251.853638 663.237400
2 294.604533 630.802667
2 290.355291 634.192824
2 290.430093 643.066661
2 85.094510 635.378625
2 327.429787 357.105077
2 179.132132 609.225960
1 323.937805 624.234252
2 133.960972 646.627938
2 306.800337 619.902700
2 170.340166 611.216756
2 169.869282 627.120224
2 222.107245 589.896928
2 333.066554 609.370742
2 46.747429 355.662907
2 141.679695 612.795008
2 163.268504 654.060233
2 269.632239 549.778422
2 245.725617 632.118671
2 82.655351 660.153923
2 253.372366 641.213750
2 173.047298 614.210775
2 264.609236 640.104348
2 190.044203 587.685172
2 311.069158 653.149447
2 248.912778 362.344115
1 145.030728 772.537774
1 157.487720 793.321122
1 143.108860 781.374177
1 154.390032 786.035741
1 152.529190 780.121808
1 145.163527 789.729331
1 140.785421 784.378476
1 149.145823 789.074265
1 129.883861 767.236260
1 162.035259 791.309183
1 143.341848 761.361544
1 157.305392 776.514772
1 148.994945 781.462857
1 139.319658 769.947154
1 150.635253 800.337475
1 139.604911 775.162807
1 139.669431 765.674780
1 145.115120 801.068668
1 147.551750 782.847987
1 130.097206 782.724603
1 146.637271 794.320656
1 144.572743 765.796607
1 145.398130 795.977175
1 137.038868 779.913534
1 148.886593 775.785309
1 154.683136 787.143884
1 151.684056 759.675614
1 141.519321 797.625571
1 171.706840 790.920699
1 154.831874 780.177508
1 164.121171 782.791520
1 131.403224 778.324781
1 147.781349 780.633312
1 142.264031 791.512781
1 156.685346 781.153872
1 144.954823 801.106475
1 168.558070 768.279076
2 45.445622 846.788738
2 278.842459 682.923933
2 144.085517 872.816056
2 179.601668 815.345060
2 66.431093 926.363874
2 304.534268 779.614386
2 226.630879 780.766078
2 168.179667 893.592700
2 155.089063 886.894080
2 206.757819 820.565459
2 95.990597 827.499648
2 251.927141 815.949635
2 109.632884 844.386862
2 54.460575 712.218472
2 92.891069 894.358573
2 78.445487 880.182434
1 170.407707 752.806208
1 170.819855 738.788289
2 125.571221 896.165643
1 141.466920 792.284777
2 279.006543 891.444981
1 155.901703 813.855854
1 144.462638 785.232174
1 144.553881 797.752571
1 144.333931 770.868799
1 163.720192 781.299794
2 304.930404 854.778630
1 130.639323 833.130823
1 165.397528 738.406353
1 140.894145 754.668756
2 130.496066 705.863294
1 116.409157 785.984921
1 124.334299 804.298860
1 138.333190 756.822679
2 176.394816 838.113505
1 142.780626 751.139441
1 161.638731 876.550982
1 117.762824 773.098118
1 138.598661 770.841288
1 90.785436 771.086664
1 173.971801 798.176708
1 170.730306 793.193418
1 173.187195 750.916166
1 133.440450 780.329624
2 175.448116 846.498736
1 96.079330 750.752733
2 322.612078 830.458749
2 276.420642 768.101693
2 109.865778 836.392176
1 140.454116 800.589251
1 132.233221 739.142715
1 124.938081 785.333320
1 145.941072 814.322277
1 139.811266 788.050597
2 204.386261 770.428696
1 101.578391 720.388866
1 145.921645 777.547307
2 119.983460 850.549136
2 189.974680 790.794644
2 263.346137 740.372901
1 149.566748 794.996796
2 183.964897 856.298161
1 166.080446 768.751278
2 326.268833 890.340195
1 99.775320 745.007617
1 178.560751 802.436723
1 142.333727 814.373167
1 177.511965 825.539611
1 109.143787 742.933706
1 172.824517 749.661526
1 166.578058 786.179786
1 117.277193 772.760967
2 182.930508 874.289294
2 323.257512 787.960598
2 144.289916 862.855868
1 133.368195 721.710897
1 138.824162 797.076529
1 109.760646 759.222478
1 144.604542 805.386371
1 121.028320 769.674676
2 187.199873 962.546517
1 169.969196 733.783301
1 98.659851 827.939131
1 130.445387 761.932294
2 140.458829 852.762602
1 145.313836 798.795458
1 179.505610 800.086246
1 132.619590 728.610185
1 136.949769 779.409146
1 169.435236 804.881281
2 99.236489 871.559116
2 281.164087 668.086305
1 176.569370 803.089313
1 140.854922 794.189291
1 147.529511 805.752439
1 138.758181 770.078998
2 216.617417 841.836296
1 173.410339 780.030537
1 137.091384 791.602068
2 93.991360 789.850802
1 172.087129 783.703118
1 132.913819 745.968897
2 123.693865 872.001974
2 109.866057 761.394657
1 157.089390 834.337711
1 83.282503 788.800909
1 202.871060 809.260310
1 97.021636 740.279347
1 145.945899 784.627505
2 200.130258 827.866237
1 123.205379 713.761683
1 165.065046 702.521755
1 134.809315 764.105546
1 111.892006 773.109290
2 124.151653 835.668369
2 73.083754 853.436819
1 134.013583 792.659224
1 146.176092 822.148463
1 118.202266 807.850614
1 156.232954 784.076857
2 263.076940 812.611530
1 120.078439 735.060798
1 135.575442 789.123980
1 111.324254 763.188687
2 127.370211 835.670670
1 110.318351 760.659919
2 102.854608 847.431708
2 132.102791 791.967877
2 146.649761 836.302941
1 143.159303 763.850804
1 120.037376 747.288223
2 89.742118 793.240959
2 162.171794 936.779147
1 111.462092 748.687104
2 126.014685 950.496582
1 121.618741 757.996583
1 128.489184 780.608173
1 173.444721 782.753734
1 164.391566 757.575048
1 154.935783 758.548459
1 146.116288 865.752329
1 242.833150 840.855745
2 170.396922 856.815474
2 175.828292 820.524691
2 104.280777 839.461660
2 246.046296 670.844789
2 205.115340 808.779050
2 303.579092 679.177913
1 126.384521 846.684226
1 117.932711 737.868560
2 270.945468 815.059647
1 152.849765 762.032465
2 195.019802 945.573321
1 103.619689 780.158866
2 185.054533 873.999871
1 122.833075 808.267445
1 156.605038 757.183526
2 187.795019 838.659090
2 179.672509 775.197611
1 172.639407 817.711514
2 100.700239 681.118639
1 161.035738 778.863883
1 96.935179 790.775335
1 138.937661 829.002633
1 148.001736 771.044152
2 127.337839 859.080491
1 118.102020 756.287676
1 129.979812 808.388250
1 163.259299 794.289462
1 171.615481 805.207175
1 144.551400 790.893366
1 194.931453 757.051436
1 140.034701 779.208671
2 128.779673 897.549929
2 190.955823 837.874273
1 103.066526 751.329876
2 180.196792 867.420239
1 194.016627 785.523586
1 179.415879 800.654620
1 105.853894 825.045286
2 224.369470 823.808251
1 152.849803 797.139358
1 169.181433 764.832144
2 171.463222 823.694255
1 135.618632 787.636326
1 177.737972 783.277083
1 216.355720 775.794951
1 168.288511 732.463669
1 151.009634 779.945982
2 150.147600 867.248928
2 211.460053 842.453295
1 137.764224 768.827344
1 228.190173 778.080458
2 145.222572 830.431266
1 120.526411 734.003120
1 144.819800 803.209898
1 126.791480 729.224083
2 113.929968 789.757296
1 82.088908 734.508253
2 231.831025 781.484872
2 122.545841 834.038529
1 114.279843 809.231300
2 206.920705 815.723160
1 139.802455 797.346721
1 99.100169 825.710107
1 116.029780 824.411611
1 174.929170 777.397217
1 139.264008 742.529741
1 163.483407 808.733514
2 136.515288 836.900088
1 145.289248 770.439783
2 93.989471 873.284194
1 111.264111 730.756175
2 188.073523 818.923245
1 128.181220 748.234367
2 203.912454 794.801945
1 157.934079 799.734998
1 93.067871 790.184434
1 141.909964 785.613370
1 163.536574 799.165897
1 108.875271 762.212392
1 186.396843 778.143751
2 170.289531 734.907530
1 159.879067 852.611064
2 67.372492 922.570775
2 105.689924 845.549293
1 176.052070 766.691107
1 198.410711 716.219147
1 164.257701 804.549833
1 133.397202 837.290873
2 113.780141 866.179605
1 178.671669 766.480671
1 161.534329 776.327762
1 160.388404 803.600799
1 81.504503 762.011800
2 172.255898 866.504037
2 176.614274 734.339651
1 121.032392 792.996986
1 125.914860 798.873224
1 125.060882 802.366249
1 86.552177 722.806152
2 140.586315 857.095841
2 218.517530 748.255869
2 153.918937 734.165219
2 181.742264 844.028815
1 141.020225 781.675758
1 144.882065 781.196611
1 113.300118 864.221351
1 162.639672 819.497958
2 279.000320 780.525975
1 158.400391 681.474279
1 165.612320 763.087515
2 168.888983 932.639652
2 198.084253 744.932188
2 121.597042 877.906545
1 150.643704 799.341692
1 87.923883 802.267737
2 136.861777 857.311612
2 79.029377 826.998636
1 177.926662 782.046440
2 134.308067 897.650921
1 159.349421 737.493256
2 111.559619 837.071815
2 157.394789 715.907584
1 92.049579 816.877621
1 134.739840 781.033581
1 150.226770 717.204567
2 130.710243 918.624445
2 229.791003 777.925562
1 137.988106 829.795315
1 60.100238 758.741300
2 258.356151 834.450206
2 349.778605 9.205542
2 589.443399 329.344407
2 581.120796 112.089809
2 647.042743 256.695106
2 527.996854 292.824059
2 666.366008 82.483431
2 649.420891 250.178670
2 463.885595 159.578450
2 340.834231 314.390766
2 608.180601 176.614387
2 581.659812 104.667085
2 584.759719 8.514276
2 406.604858 243.912258
2 393.617551 91.206526
2 530.761359 200.478255
2 371.782737 51.913341
2 402.867411 243.143525
2 444.498006 305.325461
2 571.288115 214.680961
2 459.060437 293.612571
2 343.162282 282.374813
2 349.298958 278.350131
2 338.629888 139.109230
2 663.249932 242.232374
2 630.313811 261.113147
2 337.398052 139.908961
1 382.260213 656.654334
1 400.060358 664.114563
1 405.111228 654.743552
1 403.504982 652.571265
1 390.688447 647.845610
1 397.298582 643.386521
1 399.545928 650.646476
1 408.363581 655.378863
1 407.056579 652.214464
1 387.102474 631.882672
1 385.087245 644.224714
1 408.893194 651.784645
1 398.156383 646.538719
1 400.441090 649.314884
1 397.339133 647.323642
1 400.506485 650.383943
1 398.053061 653.189044
1 394.188539 646.559336
1 397.250624 649.699913
1 380.873523 652.353149
1 397.868197 650.876934
1 400.504314 653.885126
1 380.384746 651.717041
1 411.925322 644.440037
1 394.418308 649.889421
1 394.377634 647.022654
1 394.835188 662.032331
1 395.472651 631.200161
1 402.283887 655.352194
1 414.147286 642.437744
1 412.439738 656.811921
1 394.118353 663.469716
1 402.351592 650.678890
1 411.733015 641.469493
1 401.110278 649.500800
2 455.653924 403.258451
2 554.207542 524.403726
2 407.654692 539.267475
2 422.263068 585.874800
2 545.309700 599.809725
2 409.899350 583.813836
2 472.503920 468.156992
2 638.136057 382.283967
2 514.384405 514.909617
2 421.769390 657.734760
2 567.767176 623.068481
2 414.301767 487.742486
2 346.897906 350.992522
2 515.624875 369.475080
2 603.739266 638.164720
2 439.302773 543.991638
2 622.657885 589.764738
2 624.977644 549.091301
2 400.695022 591.662895
1 436.720420 653.139236
1 422.271748 627.226042
1 374.760075 646.781201
1 373.329776 643.101220
2 565.575294 658.681233
1 440.702190 602.265898
1 432.584056 593.017924
1 425.514100 633.309696
1 380.314594 654.524890
1 418.891294 666.206320
1 450.425558 602.124546
2 649.533164 630.941049
1 434.957623 621.804311
2 355.592435 652.672425
1 380.153503 597.841132
1 423.024031 661.948374
1 415.228878 638.824022
1 442.234390 658.239907
2 385.223897 661.155281
1 411.225087 634.327852
1 403.610458 649.409743
1 414.540997 664.724314
2 380.362405 560.292776
1 402.092981 647.947296
1 451.330972 593.749265
1 347.906310 635.785706
1 401.517274 647.855715
2 647.811413 358.132465
2 389.944664 512.502760
1 463.911235 639.618894
1 397.665579 600.801822
2 434.759352 559.884850
1 375.861194 628.444740
1 408.211548 612.682451
2 437.571956 652.986827
2 538.952022 559.153958
1 390.651229 621.463295
1 390.691451 627.132512
1 377.578074 647.486766
2 423.659286 587.999412
1 428.403933 568.320233
1 374.305159 638.892961
2 361.459229 565.000612
2 337.246677 634.068433
1 386.392346 659.925318
2 449.377513 605.790092
2 490.862847 372.683855
1 431.962057 586.895682
2 421.180771 528.309116
1 384.066611 664.643040
2 545.224163 511.467917
1 443.529829 625.971041
2 601.487252 590.099312
1 457.442476 623.881183
1 379.132661 593.312926
1 428.961870 632.208553
2 440.266006 651.995915
1 415.012105 658.209493
1 415.597092 642.616801
1 428.893626 598.735680
2 401.493232 635.206988
1 369.873156 634.747555
1 394.587694 647.973676
2 338.937667 627.623519
2 450.947715 567.515425
1 435.641153 621.565136
2 427.661303 631.687486
1 463.946794 579.285789
2 346.964991 646.314719
1 416.539271 657.751925
1 390.175531 641.048413
2 392.997399 600.771882
1 377.578074 647.486766
1 420.111117 651.910856
1 467.533815 547.718657
2 362.155581 610.696898
1 415.294621 636.374190
2 355.288723 594.163679
1 451.220340 614.676397
1 391.294657 652.845867
1 387.257614 650.739175
2 449.605239 639.179820
1 383.684034 617.767745
1 453.382476 654.940134
2 413.185837 557.646000
1 372.864584 652.539918
2 412.798420 597.354798
2 460.737330 655.417223
1 409.852908 660.336326
2 659.527284 451.297756
2 415.958969 597.353766
1 414.832204 615.373824
1 380.080276 597.253741
2 388.635443 598.814161
1 383.124039 658.603307
2 344.651411 653.441063
2 399.583943 576.701199
1 416.030086 574.475779
2 572.264804 586.425047
1 363.634283 601.355711
1 423.550887 666.135193
1 417.845108 636.520327
1 436.523799 618.635141
1 370.335837 656.588653
2 413.267560 652.422234
1 411.668134 668.368042
1 592.269184 788.914880
1 591.487549 810.596792
1 569.833038 799.846903
1 572.212885 807.626350
1 562.838830 823.133327
1 581.619194 791.499844
1 562.109298 801.404777
1 569.393378 799.362321
1 575.479506 794.895237
1 585.959880 788.115219
1 564.241788 810.020203
1 569.629502 802.786922
1 577.599504 805.651019
1 574.622168 791.722488
1 564.053403 790.297419
1 549.161840 788.600295
1 576.378288 808.759825
1 569.200985 800.474026
1 576.727973 810.336564
1 553.858209 800.021254
1 559.810518 804.961297
1 548.627846 793.185977
1 562.278597 797.613960
1 571.998115 799.433039
1 566.964520 801.578735
1 574.470780 783.193272
1 572.089694 783.789241
1 570.978102 799.174940
1 576.423917 815.735739
1 592.906930 809.881322
1 575.887485 815.058752
1 565.419632 797.485520
1 555.859829 792.941726
1 582.643007 781.605743
1 586.486928 795.935543
1 571.754810 812.072489
1 569.199946 795.767835
1 580.683493 819.967901
1 571.582199 797.383136
1 590.387599 797.733528
1 577.335586 808.401524
1 567.753650 797.303679
1 561.438024 797.509067
1 570.353356 805.491408
2 577.914558 714.854242
2 436.675419 920.930438
2 601.527925 716.441812
2 443.770658 934.503837
2 373.322691 854.021838
2 574.700117 858.400583
2 610.104511 840.210379
2 642.694306 910.732831
2 659.645040 947.878012
2 526.803464 864.987154
2 486.398273 802.952947
2 381.538185 894.107693
2 339.589366 723.918474
2 412.598899 810.795338
2 382.367949 691.752045
2 448.318685 952.522040
2 408.423329 772.895511
2 650.792042 795.792364
2 520.087113 997.883590
2 447.291469 719.800295
2 646.125732 813.346760
2 473.722511 702.352219
2 648.836860 787.895538
2 542.324607 680.102779
2 524.971951 840.720524
2 583.814646 844.751735
2 616.138961 886.174952
2 356.871766 734.896117
1 562.473387 794.060520
1 534.636192 765.307576
1 510.841069 749.906403
1 590.531310 754.205487
1 403.115659 677.320882
2 396.900938 744.289432
1 546.792531 743.663339
1 600.264340 827.419283
2 471.380136 785.087391
1 601.697548 733.697534
1 401.649427 684.912516
1 601.248295 835.593818
1 439.056125 700.930463
2 459.148634 675.466021
1 424.433806 725.537411
2 401.902475 703.885348
2 387.814331 712.882325
1 544.308436 832.005624
2 372.102818 900.502940
1 551.358382 796.772936
1 582.811508 777.296403
1 414.413928 673.942708
1 441.083929 704.405152
1 416.034600 671.927451
1 376.955092 681.376165
2 395.839895 685.561764
2 385.983574 681.772834
2 585.082421 837.719571
1 550.485040 749.160838
1 545.708681 770.738447
1 568.505776 730.670110
2 581.620817 798.855556
1 577.500105 775.536037
1 562.733277 802.529262
1 611.255976 806.831001
2 547.465202 822.189006
1 608.149155 827.442390
1 653.279903 779.874898
1 533.878587 790.309493
1 614.555317 824.525796
2 420.201333 756.600232
1 367.339744 698.407914
2 573.660117 755.121807
1 565.023771 799.604442
1 397.851242 711.735039
2 466.454365 738.142535
1 605.993951 839.975825
2 638.352142 904.105372
1 583.831137 801.996729
2 365.745367 717.602783
1 550.134428 790.004017
2 390.027797 763.450006
1 613.701736 801.774027
1 570.005124 795.705098
1 385.192400 697.705292
1 426.123011 676.232060
1 573.912708 787.934841
2 444.499330 713.839193
2 393.444154 822.293923
1 591.517956 799.471708
1 390.501075 699.065993
2 499.368422 786.766549
1 611.725029 787.151939
1 613.810008 792.863950
1 392.608782 694.740651
1 596.034315 792.341634
1 393.156967 677.316493
2 390.602422 732.063201
1 386.002195 677.403223
2 349.600346 669.979491
2 541.400926 746.332599
1 397.593474 677.852722
1 561.668713 732.114978
2 406.138564 732.196809
1 555.717085 783.102126
2 424.536435 754.091995
1 387.326893 682.645031
2 629.470721 745.716610
2 443.611962 742.894655
1 396.258501 690.878279
1 561.410905 786.724191
1 557.946965 812.148807
1 588.196619 799.849126
2 631.231887 821.629119
2 337.604633 751.555433
2 525.985431 848.342936
1 401.989646 724.983094
2 565.565969 768.005449
1 562.809938 785.108805
1 461.512727 683.129896
1 513.130774 783.019878
1 363.026823 704.813175
2 508.407391 783.691378
2 510.075950 711.841137
1 419.350766 674.504106
1 582.421745 816.885271
2 564.099737 775.597083
1 439.056125 700.930463
1 549.993839 810.817881
2 498.937910 740.875632
1 434.034867 737.203211
2 560.651240 834.135919
2 424.694123 817.550392
2 445.602034 732.161198
1 585.135770 830.016401
2 561.656863 687.704249
2 647.621439 701.589456
1 640.357601 799.343508
1 588.632702 788.139495
2 402.510901 730.556618
1 565.441772 826.843041
1 385.307959 673.406549
1 391.195881 697.466000
1 544.935285 755.533407
2 555.691903 743.439113
1 354.735445 674.959668
1 586.396459 780.640028
1 422.324826 703.054583
1 563.913431 779.121422
1 540.407436 751.049108
2 340.041674 723.321399
2 595.430768 850.927770
2 569.856882 695.895943
1 609.413142 776.803443
1 565.716530 770.734514
2 526.816018 778.168408
2 527.991373 976.303377
2 486.422034 744.173279
2 625.031463 798.879394
2 634.349860 867.799245
1 535.025704 813.666440
2 608.532587 830.647188
1 569.222105 780.482123
1 589.751182 810.170672
2 475.729486 772.772279
2 395.338098 675.565647
2 663.545312 814.302541
1 503.809490 833.775279
1 549.478250 810.406165
2 576.749642 750.959590
2 496.784212 755.280591
1 593.182475 762.816664
1 562.810249 810.189288
1 383.316402 714.167137
2 602.642913 887.675381
2 387.584287 670.215349
1 519.109935 815.565667
2 487.662337 739.560616
1 432.355734 678.539052
2 603.321013 824.600761
1 568.385025 790.237134
1 616.003063 788.798635
2 508.340845 695.179499
1 396.804285 678.830932
1 598.147583 798.605577
1 365.057251 713.704677
1 538.837498 713.108522
2 505.201514 803.439752
2 570.316210 725.484223
2 549.064026 863.051586
2 526.267509 802.152473
2 613.329626 710.587363
1 590.407710 846.265086
1 633.655042 813.885139
2 481.916485 704.478981
1 558.883135 864.194493
1 592.369812 804.996335
2 338.457274 721.560575
1 562.705929 745.643451
2 408.638735 717.981515
1 582.222867 814.278567
2 568.861214 874.160740
1 561.612697 830.120176
2 662.163953 806.375926
2 521.485952 832.869752
1 441.780998 706.305213
2 513.310648 808.879275
2 482.843920 719.827169
2 379.539649 812.699397
1 566.670836 749.283224
2 435.753553 675.626602
1 572.944271 773.541016
1 575.908806 777.875892
1 454.676319 668.992859
2 539.840138 789.344521
1 542.566630 784.920354
2 527.864091 713.744655
1 389.208874 679.073632
1 463.464173 684.930504
2 402.282765 909.556270
1 546.339013 758.833582
1 562.688009 801.093472
2 366.964660 801.258249
1 580.786474 772.242348
2 351.609446 800.021510
2 413.164909 689.096875
1 428.079698 676.979099
2 498.044266 764.155788
2 507.280607 761.903296
1 653.963775 810.299590
1 609.709061 779.135847
2 587.842575 783.196672
1 600.437090 816.829619
1 614.772977 777.907989
1 459.446023 669.654478
1 575.068636 782.402961
2 376.755326 690.063848
1 547.532218 786.649010
1 397.247181 696.235524
1 383.233420 710.701119
2 560.599004 824.728453
1 579.603829 853.222549
2 391.835873 671.243516
1 510.120780 768.841769
2 369.543633 781.460050
1 584.866746 799.578808
2 521.572068 730.246548
1 630.796120 731.860433
1 576.091902 798.671381
2 641.700530 838.890091
1 539.667722 787.475421
1 588.408876 837.122456
1 347.622103 670.190785
1 550.806603 793.669441
2 665.803252 785.022555
2 375.000690 695.407072
2 538.679862 811.621284
2 369.284127 714.938536
2 622.373337 815.180991
1 485.962025 717.123655
1 587.646750 752.366357
2 578.917451 778.569047
2 451.458581 777.267387
2 609.089534 691.135614
2 569.460985 753.593152
1 396.900631 709.943896
1 609.420843 816.175827
2 404.184506 738.854576
1 442.020921 721.043602
1 550.893061 746.262666
1 564.179402 848.110253
1 559.209863 750.125087
1 564.926036 804.886724
1 399.893380 692.646554
2 392.828145 747.074535
1 368.982034 673.882922
2 506.143815 752.003923
1 629.535693 750.178531
1 602.360772 789.138876
2 498.777161 691.113528
2 371.354274 713.709325
1 592.708931 827.934368
2 397.360777 710.805969
1 536.589250 808.224453
1 535.934390 805.451283
1 654.319800 788.199893
1 588.601615 832.070577
2 521.043656 784.613524
2 379.866375 709.526343
2 504.480737 804.592093
2 363.275375 755.904133
1 431.127461 687.932925
2 413.740871 712.205661
2 532.676504 855.024034
1 541.866410 818.954175
2 426.694624 739.845209
1 565.875497 808.263087
1 575.811986 864.471461
2 425.538076 739.519380
1 825.323420 313.131564
1 812.226200 290.236725
1 824.995430 303.209579
1 833.030645 316.684872
1 814.058431 301.075981
1 834.044190 283.999700
1 819.691371 300.488439
1 820.776003 303.481807
1 835.591285 300.783414
1 807.626186 302.934711
1 822.841290 275.549347
1 826.779512 299.570688
1 802.061386 300.942897
1 818.328382 301.953430
1 830.789986 321.305360
1 821.461269 298.275657
1 837.939457 290.559085
1 809.734327 290.916042
1 799.208382 306.913418
1 827.960425 295.295719
1 822.190965 301.146311
1 828.619228 297.276916
1 822.031434 305.360813
1 809.235061 314.367895
1 817.915434 307.558264
1 838.150705 307.822859
1 817.894563 302.926957
1 820.400217 300.308929
1 833.266366 306.872088
1 825.397005 287.726416
1 824.072163 310.451970
1 818.762404 303.936763
1 812.497967 279.106009
1 832.419664 315.356267
1 820.978513 300.690964
1 843.686914 295.652230
1 836.313379 292.914827
2 666.798979 177.648918
2 722.194114 196.170142
2 799.967573 112.965367
2 893.464066 245.978228
2 755.215109 262.818065
2 967.740334 176.295514
2 896.554048 172.220755
2 882.950573 98.002196
2 777.515608 169.121337
2 763.118143 314.693327
2 830.285743 135.188482
2 995.768737 265.352777
2 801.264136 178.192910
2 675.563414 185.947463
2 900.574006 251.836751
2 844.330495 166.834008
2 792.672124 105.940476
2 786.455709 275.805450
2 909.989381 231.012482
2 721.232896 113.150164
2 850.339335 302.945682
2 955.189126 119.127902
2 923.431828 272.093459
2 921.373790 74.377634
2 809.899771 309.508034
2 700.217118 149.705557
2 923.879637 114.424918
2 799.230402 268.265659
2 725.838965 321.164163
2 826.266588 220.737925
2 746.763665 98.818846
2 998.183651 278.084384
2 992.212422 18.595498
2 747.794707 283.159653
1 819.509415 263.211577
2 908.727319 309.986291
1 803.733748 303.138756
2 937.314812 318.674459
2 768.221842 302.120506
1 851.482603 309.047952
2 804.962321 228.624811
1 858.716589 316.302140
1 778.403979 260.480840
2 818.830012 285.702279
1 869.291288 293.992010
2 937.839120 288.380723
1 802.160014 302.515748
2 831.109015 231.513788
1 826.024940 324.027732
2 791.972273 296.180902
1 811.264689 256.000318
1 818.464702 278.003715
1 810.124502 280.479867
1 826.488973 282.391014
2 804.189786 219.094203
1 825.759219 276.910878
1 783.821580 315.426126
2 915.142030 226.127404
1 855.308886 269.644492
2 780.427601 229.217391
1 866.700572 249.081335
1 898.160200 297.413767
1 842.022224 301.783242
1 791.505222 282.100423
1 805.655787 261.752144
2 916.712231 187.852737
1 766.578164 242.212966
2 729.760652 298.084272
1 789.480933 309.029287
2 885.932927 210.885346
1 787.820498 268.779801
2 781.699879 278.165322
1 861.575826 330.608667
2 720.974989 319.480103
1 814.861429 271.446123
1 812.796588 293.846048
1 800.843364 316.690349
2 729.836979 289.866238
1 789.217523 267.489173
1 808.460890 286.712897
1 853.812884 291.603601
1 876.035271 281.322363
1 808.556434 319.046702
1 798.374027 264.898756
1 841.220742 278.641469
2 939.288937 130.678836
1 787.193668 284.190608
2 914.166990 275.189682
2 874.193110 152.610669
2 814.587682 267.099008
1 813.372830 243.981649
1 780.300427 269.905254
1 820.790392 289.872754
1 848.558744 288.321642
1 753.861365 260.814327
1 860.078039 293.308916
2 751.690549 231.962821
2 803.575290 304.943473
1 807.077506 308.560530
2 829.009882 257.336931
2 735.497832 255.287798
1 814.812843 281.989704
1 843.418120 299.838241
2 938.996136 322.156552
1 816.455410 227.099436
1 796.327120 276.005659
1 724.286431 264.169360
2 906.420878 320.227595
2 876.904588 215.767548
1 786.580402 298.207035
1 808.463509 279.354448
1 809.492754 327.088430
2 832.478384 233.999880
1 750.155393 229.681450
1 805.351111 312.106052
1 797.653114 306.956351
2 784.153359 286.731213
1 810.979397 294.531750
2 750.533936 272.284323
1 844.057431 325.473476
2 751.254021 190.196100
1 852.373919 287.697988
1 855.541568 236.890313
1 842.221206 272.686146
1 874.698996 302.695217
2 922.968733 241.481266
1 831.164755 280.316901
1 817.471570 280.608292
2 720.020824 243.906929
1 822.246391 276.809853
1 831.700297 300.250977
1 801.533234 275.208321
1 752.956575 288.281198
1 796.230928 310.501070
1 760.682676 238.485662
1 846.369217 289.596900
2 820.190603 217.584148
1 878.293210 319.176584
1 813.349907 287.890532
2 877.179397 255.842397
2 898.988310 230.893492
2 882.928634 262.257273
2 926.498956 332.419528
1 794.351290 266.425329
1 810.807818 310.393203
2 924.822934 360.146150
2 853.461554 617.476469
2 867.559483 627.575568
2 910.013623 458.782088
2 968.121624 355.378469
2 977.632657 440.842494
2 772.892698 525.418582
2 958.985674 356.512416
2 952.169677 569.099599
2 813.839232 641.817628
2 864.808386 501.433124
2 922.861860 409.129112
2 921.044725 367.612915
2 710.275476 501.749901
2 821.702857 505.467745
2 857.317670 417.800218
2 942.942589 359.333674
1 806.486545 364.745716
2 974.257359 376.784802
2 781.402630 341.109448
2 799.455186 347.648381
1 856.089745 335.530970
1 803.679862 334.906176
2 973.948850 354.240971
1 844.134498 338.451146
2 929.616423 356.506086
1 826.135493 356.471029
1 789.093936 352.967238
1 840.127881 338.984332
2 915.355061 343.060426
2 675.387918 637.638454
2 952.199246 334.701202
2 818.192679 398.373111
2 938.104572 411.341666
2 932.475660 370.812613
1 847.668347 356.178462
1 803.328860 346.628607
1 813.556727 359.489455
2 944.272397 366.561685
1 781.453969 397.251076
2 865.174637 343.104110
2 774.427714 353.716456
1 820.588202 371.024317
1 840.659095 367.280670
1 863.239432 395.116186
1 824.806091 387.841160
1 828.076594 336.461789
1 833.848120 343.470830
1 814.747651 353.122924
2 863.367254 374.901278
2 730.879782 942.588539
2 728.193996 675.485181
2 737.304823 749.460525
2 836.032604 668.933878
2 922.795936 866.236940
2 906.207141 929.633314
2 970.266889 912.324051
2 981.902447 834.698518
2 864.426634 915.553717
2 960.869334 752.871921
2 693.274694 781.004788
2 666.953286 932.102326
2 741.835712 871.078402
2 780.253001 708.401185
2 806.801612 766.132397
2 947.540826 844.007693
2 667.188358 837.584777
2 679.574478 824.615740
2 757.881183 727.322734
2 957.791859 813.269031
2 676.105942 781.823733
