1 202.078525 179.315206
1 186.819888 180.064576
1 214.176846 164.074055
1 182.952212 174.534474
1 206.669392 164.939290
1 196.768541 177.505941
1 204.328503 189.087506
1 210.958168 179.125455
1 211.836927 174.842533
1 203.527437 163.832954
1 193.067098 161.343859
1 209.442568 186.467994
1 193.107182 173.501593
1 198.853969 176.148251
1 192.250519 197.907028
1 194.037276 181.435106
1 199.799649 178.648621
1 181.725132 173.312320
1 183.153069 197.091140
1 199.026631 174.339036
1 190.123317 178.772194
1 211.479674 193.053529
1 201.737982 180.358956
1 199.410362 165.275356
1 200.678000 184.928028
1 178.902086 190.791062
1 199.439138 173.536568
1 185.497611 180.646397
1 198.505473 182.127880
1 182.344040 172.955946
1 194.792092 166.717099
1 203.281993 182.508794
1 209.131122 169.530986
1 205.148379 156.622375
1 203.190361 193.766879
1 201.587909 182.185522
1 210.067252 172.806962
1 247.959843 165.074190
1 236.801815 169.355098
1 216.644063 158.666477
1 215.571498 184.978887
1 159.197976 142.617855
1 240.366689 164.697597
1 183.796587 215.723662
1 193.332079 213.329491
1 175.846491 193.674048
1 157.498838 170.746711
1 270.452851 182.051625
1 222.275177 181.910339
1 260.660670 202.726641
1 170.566816 180.443341
1 235.282336 180.577322
1 210.077651 141.784164
1 179.406219 166.621678
1 206.919545 144.357868
1 238.963034 150.092340
1 210.446302 199.749920
1 234.416073 184.572607
1 227.988019 181.640154
1 205.577458 140.417088
1 254.026607 155.965383
1 185.466845 149.312528
1 209.236154 134.639071
1 186.275633 187.679220
1 229.993622 186.740086
1 183.126730 162.728343
1 182.322926 128.297753
1 250.287708 208.573725
1 169.808542 222.092807
1 170.642434 175.475391
1 181.766122 195.630157
1 210.884846 194.280114
1 230.458960 189.707334
1 180.127694 163.633389
1 144.239896 204.034655
1 215.535038 174.958975
1 181.179487 212.331186
1 245.981955 179.244776
1 222.059107 193.256781
1 225.545487 189.324468
1 229.296752 192.309029
1 197.926055 157.190827
1 211.763656 185.881437
1 130.966990 199.706051
1 200.138323 160.363903
1 279.449654 169.842313
1 208.576518 164.689799
1 231.755682 192.254293
1 232.895235 177.716227
1 184.004504 151.633074
1 185.338144 200.820639
1 202.433769 109.371286
1 203.755706 209.871389
1 218.599899 138.155269
1 145.283567 181.848171
1 163.830794 170.781686
1 251.723106 180.710685
1 219.272569 174.345151
1 207.335960 175.280127
1 213.108060 116.063393
1 185.222460 159.431759
1 242.093989 187.315020
1 209.665233 118.433784
1 180.981070 114.325946
1 219.465252 189.297066
1 157.858330 147.470529
1 203.117799 225.380025
1 287.679161 212.653467
1 127.158666 241.273292
1 218.793326 237.836273
1 192.739738 166.486076
1 205.694923 205.246807
1 229.004594 142.293915
1 121.550251 166.180556
1 223.862543 230.666352
1 179.705826 124.905277
1 226.010132 195.810739
1 199.401446 181.796822
1 244.553292 180.083260
1 200.623684 203.018397
1 155.482426 192.621672
1 168.866085 189.271750
1 159.638908 118.841620
1 233.615101 130.337807
1 170.357737 176.696201
1 251.263891 204.717239
1 158.390993 126.794824
1 209.330329 134.066076
1 187.050462 189.791092
1 155.379369 196.025452
1 210.543840 182.473047
1 128.055656 167.809999
1 177.194607 174.865610
1 235.195283 173.738936
1 191.961662 220.466561
1 229.770854 161.861671
1 166.168420 192.429519
2 59.664177 453.414726
2 50.576305 436.787278
2 58.482343 434.984402
2 51.425367 440.837784
2 43.175214 434.119097
2 75.720087 415.002922
2 58.804816 428.815023
2 63.347146 425.863559
2 60.732494 408.726670
2 72.406240 438.663397
2 68.614963 418.307461
2 78.024736 442.886722
2 67.604440 409.186050
2 50.591738 412.758446
2 74.532559 427.224107
2 56.673980 431.836704
2 64.811656 413.906890
2 39.766784 432.656259
2 54.629899 427.696813
2 39.445893 422.065107
2 64.010856 425.553187
2 80.182577 438.192942
2 70.931752 442.930283
2 61.246465 421.775181
2 60.792721 428.363508
2 61.668450 429.694248
2 53.810192 419.722364
2 56.175670 411.315359
2 63.494198 428.757342
2 56.345963 431.619136
2 62.089104 430.141319
2 62.548742 428.029501
2 65.727367 424.865274
2 71.831915 415.201987
2 54.176240 408.216230
2 54.332525 422.651007
2 65.391002 431.691994
2 45.589576 434.050779
2 63.955935 438.324871
2 47.776520 438.419990
2 83.859896 425.730642
1 332.311931 654.702280
1 306.755311 649.964339
2 42.372963 430.795140
1 137.580917 790.113407
1 154.195366 773.573497
1 148.767415 779.060031
1 148.218661 777.629893
1 138.908182 789.084680
1 146.418749 784.457072
1 160.131038 787.909778
1 150.308837 780.140365
1 157.117436 792.632554
1 158.460107 771.246079
1 146.027089 803.146904
1 157.586055 786.824144
1 154.737368 774.207855
1 153.580006 777.188003
1 164.555545 789.736037
1 150.928066 781.749938
1 144.243613 785.552113
1 163.909595 777.338638
1 140.338804 770.199865
1 135.578839 792.133503
1 135.556030 777.083723
1 150.762099 774.299002
1 129.636304 786.653029
1 147.859911 793.014543
1 150.481933 780.709372
1 130.425149 772.329319
1 147.324617 770.897743
1 165.789670 780.267917
1 143.297630 795.898551
1 154.225798 768.676333
1 146.283493 780.222102
1 156.864742 796.891839
1 161.861036 758.807051
1 128.360333 771.670554
1 157.033526 783.322430
1 154.356766 782.354495
1 149.792901 793.426537
1 155.137713 786.289303
1 144.477388 777.595097
1 165.961065 763.317471
1 160.573092 762.600482
1 81.565591 735.151971
1 166.691408 739.735633
1 177.999520 743.015977
1 195.571890 799.104318
1 141.895373 807.462632
1 122.262504 783.616427
1 198.771725 798.035048
1 128.385247 832.532905
1 181.961094 737.923748
1 149.840290 836.741729
1 142.395033 801.200803
1 120.728421 724.069072
1 174.285260 799.502287
1 174.779502 801.018644
1 153.496566 765.478925
1 89.974469 807.324951
1 156.346723 781.390643
1 111.799101 808.009591
1 193.380111 794.457127
1 169.213059 781.380547
1 152.393272 776.228348
1 125.349118 789.569942
1 149.966814 792.482951
1 131.361038 732.160129
1 145.680680 720.956138
1 156.137743 796.135977
1 157.308764 781.219100
1 153.012738 835.486818
1 114.822654 798.611209
1 132.622779 800.262498
1 140.294912 820.925105
1 158.197786 834.354253
1 189.940006 776.535300
1 117.782242 781.818139
1 135.491629 767.558934
1 178.982441 814.862646
1 153.889978 768.636855
1 179.712784 791.280808
1 120.504939 784.009372
1 195.571890 799.104318
1 161.630896 737.059003
1 149.095100 822.100465
1 130.822683 773.217486
1 132.940065 770.320429
1 200.125518 753.065933
1 131.188722 786.093391
1 150.409868 732.944743
1 77.757788 875.249955
1 121.535131 786.310442
1 85.793492 794.166367
1 148.343695 822.791895
1 156.643365 714.277132
1 125.545623 803.854083
1 164.168057 764.016774
1 198.551691 839.502537
1 172.530764 810.711506
1 131.382543 757.448853
1 132.530403 763.426949
1 147.742818 771.738961
1 147.847829 794.966204
1 164.338634 765.140795
1 137.959913 790.087728
1 155.757504 744.429901
1 144.141568 777.555619
1 124.551230 753.083825
1 145.354457 735.641467
1 152.884248 717.124352
1 87.172460 752.333582
1 328.747479 732.345076
1 159.693999 848.954273
1 329.868363 670.001101
1 88.848255 762.022514
1 158.066892 771.943851
1 175.055022 738.545628
1 153.608208 754.325266
1 139.356959 771.041278
2 499.585782 134.991032
2 484.248733 151.095240
2 487.072859 134.072046
2 483.869978 133.688808
2 506.632547 149.885286
2 500.372290 132.347817
2 487.886167 155.139001
2 493.720714 134.765195
2 509.219396 138.393067
2 509.805614 158.859363
2 494.685072 156.280964
2 516.707945 155.811111
2 493.952420 155.236588
2 512.198795 143.865391
2 503.031665 142.810787
2 491.287710 130.238975
2 493.997559 149.054409
2 505.718363 140.086895
2 516.354893 141.664266
2 492.726283 160.391446
2 497.273132 140.416961
2 487.985610 127.781588
2 480.665799 140.519273
2 491.863470 139.404843
2 484.169628 124.939385
2 502.431803 130.208756
2 488.163780 137.309645
2 507.653555 163.648638
2 490.172815 141.775291
2 497.665782 137.406016
2 504.235634 136.967520
2 507.121802 126.362128
2 504.037112 143.205893
2 507.237126 134.154348
2 495.384363 140.921447
2 497.827101 132.321328
2 520.065446 142.572758
2 485.296409 121.877189
2 495.878229 119.440463
2 499.532163 145.276059
2 492.106197 155.737291
1 414.159271 654.484542
1 409.232629 630.668999
1 407.023245 639.978443
1 393.944144 650.141133
1 399.197276 650.149638
1 405.431374 649.333913
1 391.300101 656.779568
1 399.486811 646.725757
1 400.259023 649.944374
1 399.088965 649.256337
1 395.487644 652.575963
1 399.326209 652.158784
1 411.968041 650.520766
1 398.848586 635.686138
1 391.609420 665.205160
1 408.133576 630.837110
1 399.173399 644.191207
1 409.607785 663.929181
1 400.774781 650.308213
1 399.641320 649.664334
1 396.906714 642.965381
1 396.371375 649.914623
1 381.955513 645.056636
1 398.298446 654.480653
1 405.424793 638.575822
1 381.367666 653.613494
1 410.397212 637.327155
1 398.660293 649.819049
1 401.354440 647.757411
1 390.971265 647.465206
1 405.861198 641.062399
1 398.602001 647.378318
1 394.385557 654.002274
1 393.340697 642.555826
1 401.664526 639.774492
1 408.226809 628.395687
1 403.421915 634.225238
1 415.984239 646.909203
1 399.215922 650.971434
2 556.654560 492.168320
2 559.645556 478.749257
2 542.108217 474.036524
2 559.685605 487.433473
2 563.369408 490.282628
2 557.486451 481.565274
2 556.840378 498.166857
2 563.704203 473.647680
2 558.252617 486.808067
2 558.899972 479.781194
2 548.343974 488.373185
2 569.635254 470.297255
2 565.753896 479.453980
2 547.504747 473.173566
2 568.280122 458.401332
2 536.452940 475.645585
2 545.797056 473.774194
2 562.460124 483.713340
2 543.069621 483.761617
2 558.284391 476.821103
2 547.655082 458.294657
2 563.167474 480.654356
2 566.168079 497.857587
2 557.684401 461.115869
2 552.590856 490.349685
2 560.512513 470.929234
2 563.243376 477.289553
2 542.971177 465.114985
2 553.586758 461.895545
2 567.193653 481.763242
2 559.099342 479.038836
2 580.142647 476.366680
2 565.634408 455.665149
2 580.160206 485.271098
2 564.291244 478.719299
2 548.831643 495.501298
2 544.664903 471.243575
2 545.146850 474.591171
2 568.669514 482.475636
1 419.780091 642.881009
1 400.987506 632.583504
1 390.255655 656.544136
1 419.965875 624.820206
2 609.152845 507.047312
1 339.165369 651.524701
1 411.400626 599.974537
1 411.422272 648.204357
2 551.968141 494.880801
1 444.339544 602.338028
1 433.749855 615.976179
1 403.935914 644.371166
1 410.267686 594.022105
1 395.111723 651.338703
1 370.550592 640.736102
1 430.314674 652.529085
1 388.835622 630.725358
1 367.176594 643.323745
1 405.456785 656.650461
1 354.043204 618.918844
1 364.048446 652.110032
1 377.729572 620.335154
1 412.268702 665.248823
1 369.203296 616.166174
1 377.258988 656.613361
1 379.455703 614.624925
1 371.119186 645.878169
1 414.423457 646.316966
2 584.224841 480.460593
1 430.809599 595.881203
1 391.616157 619.042041
1 370.407977 631.303118
1 419.957945 649.375007
2 521.575998 458.042119
1 436.868866 616.999255
1 459.454761 609.737734
1 388.025980 646.110633
1 414.053955 639.061892
1 384.634415 662.479401
1 430.418468 662.172783
1 427.709143 648.391451
1 353.667005 658.959186
1 410.741060 612.002109
1 457.072510 643.846163
1 406.728390 651.730716
1 345.733787 664.731434
1 456.932818 650.066195
1 363.918093 619.707306
1 361.622517 649.637522
1 369.638568 617.416218
1 414.929908 632.465411
2 578.121207 462.472822
1 378.061968 625.695748
1 449.753042 616.105379
1 382.807620 641.545251
1 410.401117 659.855690
1 426.455866 641.169486
1 422.415021 638.374650
1 386.765431 650.281970
1 374.969871 607.016011
1 375.126453 643.411216
1 419.390234 662.672695
1 391.719161 617.880465
1 383.975221 623.377516
1 379.171690 636.888525
1 395.341457 636.040535
1 393.114228 659.879948
1 339.421061 663.733747
1 381.460324 616.975322
2 568.522825 426.944042
1 375.867963 637.192627
1 436.374212 659.505225
2 548.605215 457.065928
1 378.490854 643.287845
1 384.460006 621.566404
1 407.903027 619.229135
1 439.352801 618.275656
1 461.938695 611.014136
1 415.630902 622.520625
2 538.852717 471.935524
1 413.104507 652.552586
1 375.799288 612.487843
1 402.506943 661.848345
2 534.776840 473.364685
1 334.259890 662.264467
1 382.966447 655.809702
1 344.045231 622.464411
1 461.471550 625.446364
1 442.328183 654.227330
1 377.522416 645.086383
1 350.563842 660.836403
1 421.762031 663.814828
1 397.648631 658.249281
1 395.197634 655.520517
1 338.952987 623.933574
1 339.849859 602.813819
1 408.587499 632.387835
1 462.240109 642.680364
1 386.378271 649.418569
1 455.099702 632.957390
1 400.437986 656.661335
1 347.073228 662.871935
1 418.556819 661.739606
1 397.576733 650.379589
1 463.307022 564.794939
1 417.211692 654.044426
1 358.221383 634.033368
1 398.914820 659.393214
1 355.050814 661.531111
1 441.975807 637.650525
1 452.967044 589.275050
1 399.271733 636.671865
1 375.298608 644.010549
1 428.415064 630.221746
1 390.132630 643.822434
1 363.338293 635.962561
2 510.761245 479.586346
1 437.619357 652.734575
1 393.178591 651.015858
1 392.114856 668.457714
1 394.954126 674.308099
1 410.850476 670.035768
1 395.577588 668.116983
1 394.221399 669.527537
1 575.661683 787.109299
1 581.751516 787.336215
1 570.123937 800.021367
1 591.474880 793.367133
1 567.376086 804.549630
1 583.242380 791.272099
1 552.745377 812.852118
1 564.153244 803.367135
1 566.634687 799.764181
1 581.768991 798.964816
1 572.759855 799.243772
1 577.898006 790.170492
1 574.622078 798.789140
1 583.571398 807.125762
1 573.053080 813.579015
1 584.509425 787.087501
1 555.463841 818.504065
1 589.863390 791.962140
1 560.629967 802.699365
1 568.084256 806.421477
1 556.173005 808.304817
1 572.362892 786.040284
1 569.348468 803.664456
1 554.189676 788.492689
1 570.431892 804.553449
1 553.812317 802.677720
1 566.122417 793.535738
1 556.450136 801.912863
1 558.457108 801.771453
1 553.909713 813.565870
1 551.165307 798.782531
1 588.384833 811.338194
1 564.321143 806.739449
1 563.309108 788.919077
1 546.552111 799.804377
1 578.038975 812.878854
1 577.269699 796.321275
2 389.538227 833.879714
2 402.161750 844.896420
2 378.960659 833.429814
2 411.442228 835.670410
2 409.237313 811.380150
2 399.890100 830.041025
2 387.390942 851.011779
2 400.025746 809.960347
2 405.207302 850.738799
2 397.114311 827.173351
2 397.580039 831.068220
2 401.636197 813.259206
2 401.312932 830.117661
2 387.290173 814.781166
2 399.712033 820.898581
2 402.382769 830.642689
2 397.509522 816.278095
2 411.152661 844.794265
2 395.711069 837.208026
2 390.150597 825.066402
2 398.257724 839.003859
2 376.583223 838.678080
2 382.307555 837.874612
2 416.083383 812.282884
2 412.266138 813.407596
2 399.456228 830.895849
2 413.065501 846.807698
2 415.642324 835.764118
2 408.008256 824.890422
2 398.878255 849.165779
2 401.366324 848.649844
2 399.819838 837.191383
2 405.832256 845.406995
2 402.179150 831.091748
2 405.133892 836.167852
2 418.329704 828.496631
2 391.501291 844.196585
2 402.664223 816.254259
2 404.526549 830.470441
2 402.357607 815.581699
2 397.917414 854.296024
2 388.306593 841.258806
2 382.629465 844.753000
1 602.779792 820.689054
1 624.050578 822.395093
1 600.116008 801.596393
1 628.520623 795.118544
2 377.499145 843.742685
1 435.716749 705.839736
1 420.642871 671.447356
1 566.063497 758.520391
1 637.509826 812.008723
1 376.708092 666.733248
1 572.555218 840.809533
1 582.539376 826.259047
1 590.009156 836.553275
1 376.001295 671.835804
1 631.725012 874.193335
1 438.745430 680.102114
1 398.722294 668.931497
2 410.485158 822.716340
1 436.957409 678.258741
1 375.985547 697.271000
1 580.176303 778.162579
1 554.162530 775.481439
2 408.452462 857.599021
1 363.793969 671.588941
2 428.067529 842.846240
1 556.555672 841.795776
1 386.882005 675.440704
1 546.427759 756.634593
1 627.412553 836.360447
1 560.839292 738.542794
2 398.945587 823.278640
1 577.571038 815.218294
2 379.986735 845.831267
1 598.430313 782.173801
1 523.504021 823.229808
1 391.551692 703.290030
1 423.679821 672.413676
1 614.406721 806.235370
1 399.564556 728.866424
1 557.177474 840.177904
1 386.365766 704.991407
2 364.391907 831.497449
1 582.493582 799.920801
1 571.732486 818.856888
2 402.503502 781.604813
1 369.296560 701.864296
1 608.568463 824.459211
2 425.276142 780.204474
1 537.444850 760.169313
1 580.499431 820.780172
1 424.963662 678.429201
2 388.900320 849.388350
1 563.159380 840.851267
1 411.888305 668.955512
1 594.793027 819.387575
1 662.233504 784.043932
1 565.481763 782.084909
1 378.930011 669.639756
1 595.591803 743.523440
1 514.670312 798.256878
1 614.629591 809.537265
1 581.376683 791.796360
1 395.233893 701.755589
2 424.460795 728.680948
1 418.100740 667.975878
1 431.456370 704.563059
1 432.779651 678.258643
1 353.220598 673.801232
1 390.688173 675.215290
1 375.463996 708.827361
1 403.908972 688.842334
2 383.842573 721.916852
1 563.283440 830.742096
1 541.067652 776.356711
1 560.832903 783.595909
1 602.780952 781.405269
1 630.376414 794.984150
1 548.288968 788.770744
1 614.621626 819.450484
1 571.333941 803.417107
1 588.697032 794.405143
1 609.515565 791.465607
1 561.288292 846.292958
2 458.222204 823.910120
1 567.103370 812.977058
1 559.467864 776.960050
1 411.650535 687.470016
1 587.540439 801.802747
2 404.193304 791.968030
1 563.606085 811.459542
1 365.071453 690.637815
2 428.036213 829.844617
1 439.349537 689.429056
1 376.216899 680.774558
1 422.627021 689.398594
2 431.912752 785.683506
1 615.332889 814.902383
2 373.813588 830.273450
1 559.502711 835.670897
2 382.459903 836.325604
1 577.021563 792.574639
1 540.301517 815.403412
1 388.574222 705.773561
1 444.456481 679.474101
2 392.216553 820.651540
2 425.643938 890.285132
1 551.873771 827.800923
1 550.670335 819.743549
1 392.351337 680.489060
1 565.844915 795.989767
1 551.652503 796.309217
1 567.013614 831.664923
1 592.664488 790.089331
1 585.969888 818.853863
2 363.303305 824.273084
1 406.603010 802.755808
1 589.766970 853.995478
2 383.844405 763.754056
1 582.228309 817.104851
2 425.298443 825.126978
1 565.049832 829.201205
1 359.790806 681.426725
1 559.415072 803.199155
2 361.172909 858.573363
2 421.036141 783.888804
1 651.279001 846.603800
1 406.314540 691.373656
1 539.390818 826.994552
2 404.062953 822.911211
2 378.069300 767.454051
2 401.198916 846.308161
1 387.008994 711.216782
1 429.732927 690.561363
1 380.696268 668.322192
1 513.428190 775.072741
1 486.926259 743.078476
1 614.266370 792.075807
1 584.530755 811.493667
1 552.559249 702.938913
1 428.058536 693.163078
1 441.259416 702.424360
1 343.498690 701.507329
1 544.253566 844.524303
1 585.271615 743.846604
2 391.386963 794.878523
1 606.569583 817.366432
1 447.780588 706.456768
1 498.953197 836.740607
1 400.976398 682.068225
1 598.576079 826.764936
1 411.185392 702.349866
1 391.108359 683.991512
1 538.374998 767.284092
2 418.164954 773.223314
1 574.800302 805.741562
1 570.056939 772.666902
2 433.159034 814.579491
1 483.484390 863.633886
1 528.769517 742.727766
1 350.832180 670.898600
2 386.072499 843.851221
1 418.687569 671.930351
2 414.320190 849.506078
2 452.643034 814.248162
1 437.745289 711.481534
2 400.862532 747.913798
1 367.970165 693.929925
1 384.827769 721.821631
1 584.379999 827.189249
1 580.031434 772.258777
1 567.454230 833.783860
1 614.900214 854.238617
2 368.778796 756.065619
1 599.198074 724.003229
1 553.546787 765.418259
2 366.420047 747.990560
1 510.505267 774.673900
1 370.023898 740.129337
1 392.925694 694.256034
1 569.677574 781.610640
2 405.008645 717.832777
1 526.276546 784.544418
2 380.592876 823.292929
1 521.863527 817.807049
1 576.832381 741.576182
2 419.969132 865.462387
1 621.153861 788.492952
2 368.847762 738.154160
1 545.399508 788.490461
2 419.129162 850.297583
1 520.921521 829.995632
1 394.082572 678.377799
2 391.233209 712.761141
1 568.129384 779.617044
1 565.337100 783.306446
1 598.203757 752.792052
2 354.790997 824.787332
2 360.962337 719.445395
1 367.278811 672.793383
1 423.713028 683.731862
2 425.192273 828.566002
1 383.073183 732.077880
1 553.536931 833.827426
1 408.562386 684.363895
1 427.512139 690.817364
1 517.352203 830.900627
1 415.179863 705.774489
2 401.732927 802.224264
1 405.691797 714.840505
2 397.848126 834.152992
1 418.912596 728.467548
1 569.144905 823.751985
1 575.014972 797.332506
1 616.782516 788.059826
1 362.888836 727.166255
1 612.827295 859.459902
2 449.243547 856.761829
2 447.965145 700.302278
1 586.903152 802.892873
1 564.715920 841.745657
1 529.000390 794.467803
1 490.415688 843.064106
1 579.423931 791.580207
1 570.142401 779.354545
1 401.655433 699.397118
1 557.568239 828.381514
1 474.216989 861.479549
1 583.224660 815.905654
1 590.411321 831.457330
1 523.184419 787.571415
1 529.610792 840.008700
1 402.038490 705.872428
1 437.235049 688.939892
1 433.451720 693.912916
1 407.354133 687.479809
1 347.470612 739.239051
2 345.817703 768.053917
2 411.072055 826.623402
1 483.683118 797.635240
2 413.487303 821.856725
1 556.114714 821.661246
1 367.160118 727.717283
2 408.535342 825.523010
2 401.488995 857.890911
1 347.626983 723.931197
1 556.696633 843.330319
1 441.829323 668.496950
1 358.997126 711.856102
2 398.242515 820.863130
1 571.934748 796.216683
1 579.999195 822.199631
1 512.509254 800.044746
1 594.524824 836.768206
2 456.765953 784.972596
2 439.438982 788.479077
1 553.877859 825.734768
2 419.963588 900.546677
2 423.489186 807.416489
1 562.456478 849.321709
1 375.123903 712.096210
2 398.097288 715.395325
2 360.408268 756.801638
1 582.543757 779.081827
1 653.099470 770.249908
1 389.408582 713.563044
1 569.633317 779.038368
1 543.342903 789.576996
1 553.914556 792.482342
1 569.191447 835.408638
2 462.392774 837.523270
1 576.247083 773.119934
2 357.986858 759.074789
2 433.465960 813.057794
1 387.649180 674.416387
1 333.715791 710.262512
1 578.429306 749.823750
1 529.021110 838.287574
2 411.137426 811.464822
1 552.220009 787.962737
1 576.240994 772.391031
1 625.641776 770.092662
1 554.647552 758.710177
1 556.741024 779.987711
1 441.289391 677.574299
2 358.719452 817.908667
2 408.272977 827.575749
1 400.967625 666.779191
1 589.710739 785.370986
2 388.904826 849.162068
2 429.359277 796.795197
1 606.052864 789.168518
1 423.656938 726.844830
1 384.408010 687.023552
2 402.171986 836.161419
1 563.566685 771.953173
1 558.707550 781.058906
2 436.327262 807.500452
2 440.305043 858.244652
1 434.445352 684.413090
1 517.770418 816.688058
2 424.272516 757.203417
1 397.731889 681.453007
2 388.368359 740.782824
2 431.184724 716.987410
2 428.510302 838.874357
1 454.741185 737.463300
2 371.622341 874.116169
1 506.429373 734.142791
1 635.491311 739.077334
1 535.941685 825.533889
1 409.721341 723.914407
1 550.598682 758.218513
2 375.537372 852.056083
1 580.001291 809.527729
1 575.094260 789.480506
1 360.180306 670.139405
1 439.899779 680.291968
1 822.570945 295.209373
1 821.036917 304.551643
1 829.830806 294.046739
1 821.918281 286.535242
1 827.008361 306.982318
1 819.703925 311.468283
1 839.125300 303.166866
1 819.550908 293.675277
1 823.128751 297.453261
1 816.029020 288.743721
1 823.478148 298.508401
1 821.751465 291.149601
1 818.087407 302.558102
1 815.426318 276.391480
1 825.283169 296.602609
1 818.450751 282.660983
1 820.312877 300.045297
1 804.173060 292.202385
1 822.934482 292.983958
1 828.970412 303.746897
1 820.841994 316.170513
1 815.418058 296.885520
1 819.024018 294.624643
1 818.992631 313.060734
1 819.454788 297.964086
1 839.922837 300.968418
1 814.089782 286.227806
1 814.952164 321.010370
1 825.252307 296.898763
1 803.852044 302.353583
1 809.983797 301.390875
1 823.426854 290.314283
1 799.510615 313.051670
1 837.694861 287.564907
1 805.251090 281.217554
1 819.206725 279.764840
1 822.409595 321.539671
1 821.588987 277.873229
1 817.297562 303.155753
1 814.325253 299.945888
1 836.049562 271.685614
1 809.427269 280.061142
1 768.067183 302.136074
1 787.746446 320.522948
1 788.600703 298.128151
1 832.253057 290.600865
1 760.819490 261.769056
1 807.025060 284.709850
1 853.122571 251.386647
1 784.310142 308.839226
1 809.448271 267.585696
1 804.885697 311.260362
1 818.925059 265.649496
1 776.866813 301.093833
1 830.540870 283.606032
1 853.979078 329.363978
1 836.060412 320.757416
1 832.743921 259.317424
1 822.961920 310.900555
1 788.846325 249.965120
1 856.875442 309.747262
1 830.040959 259.756090
1 759.876687 291.722392
1 849.880062 303.635900
1 839.017357 293.231132
1 798.816077 283.967351
1 827.922235 277.649897
1 857.206739 286.595664
1 810.325594 280.881584
1 859.746579 298.731270
1 809.870330 315.932827
1 749.137232 289.587431
1 790.785699 290.344111
1 856.931751 262.044036
1 808.039818 259.659109
1 827.570119 322.083977
1 816.921393 307.315156
1 818.672826 279.779233
1 821.470898 310.555319
1 841.324235 331.376852
1 861.493760 297.273528
1 802.628325 245.937512
1 761.791822 329.447808
1 819.247896 297.813311
1 812.719292 314.703081
1 837.622291 268.635700
1 808.932002 264.844871
1 858.606222 216.024845
1 813.485089 295.631434
1 803.557214 318.451799
1 852.977174 294.422349
1 848.318915 296.815735
1 836.147735 306.149838
1 792.289215 296.836309
1 844.856372 278.264223
1 829.056202 297.256390
1 774.998932 307.637631
1 861.617052 267.323914
1 790.319805 314.468961
1 813.419068 288.438398
1 852.452909 331.251896
1 804.667462 292.586160
1 849.935597 289.103228
1 899.568911 285.546815
1 817.596088 281.953097
1 873.283716 248.717465
1 839.640796 319.417829
1 814.136562 297.328724
1 805.892806 267.711672
2 840.676232 608.621616
2 852.475574 633.410839
2 846.066883 625.840064
2 854.026035 648.220403
2 839.991632 615.530566
2 853.077069 632.163393
2 838.369887 634.561641
2 841.955730 613.519406
2 866.584727 624.813974
2 828.963805 622.449259
2 852.416090 642.763955
2 837.016986 614.694498
2 843.478089 641.697435
2 863.400528 639.149061
2 859.753973 642.335668
2 837.233535 635.162835
2 853.881323 619.546542
2 853.359522 611.015333
2 857.351504 643.163369
2 850.318600 639.521488
2 835.521914 631.914579
2 831.556330 614.604932
2 852.373098 634.690302
2 836.293860 616.051164
2 837.884820 636.400251
2 853.265255 626.674026
2 854.054095 633.278565
2 849.995893 630.763458
2 846.559716 642.299393
2 834.979246 636.262926
2 856.436795 633.342058
2 852.717873 632.804110
2 842.090755 638.151091
2 850.444308 630.218780
2 850.868218 630.077384
2 841.498960 633.550477
2 831.691895 631.432495
1 835.501350 357.570247
1 782.731228 339.241621
1 827.561679 337.575841
1 835.501350 357.570247
1 803.382332 338.821558
1 837.699860 364.540346
1 679.949987 824.759923
