1 202.078525 179.315206
1 214.176846 164.074055
1 182.952212 174.534474
1 196.768541 177.505941
1 210.958168 179.125455
1 211.836927 174.842533
1 189.331589 163.877402
1 203.527437 163.832954
1 193.067098 161.343859
1 199.534577 179.521387
1 201.970054 177.160632
1 209.442568 186.467994
1 180.724814 194.967207
1 203.531713 193.973627
1 193.107182 173.501593
1 196.032144 186.401373
1 216.060535 192.472274
1 198.853969 176.148251
1 192.250519 197.907028
1 194.037276 181.435106
1 199.799649 178.648621
1 181.725132 173.312320
1 183.153069 197.091140
1 188.637822 183.889312
1 189.229870 181.374885
1 201.737982 180.358956
1 199.410362 165.275356
1 200.678000 184.928028
1 178.902086 190.791062
1 199.439138 173.536568
1 210.518514 165.218820
1 201.121318 185.842062
1 185.497611 180.646397
1 198.505473 182.127880
1 182.344040 172.955946
1 186.702925 186.835629
1 203.281993 182.508794
1 215.404842 195.972708
1 209.131122 169.530986
1 205.148379 156.622375
1 203.190361 193.766879
1 201.587909 182.185522
1 210.067252 172.806962
1 175.556525 244.780174
1 212.335223 166.384805
1 189.874125 191.445641
1 223.946477 170.848700
1 180.387628 162.181060
1 178.112464 189.110414
1 203.633603 189.094697
1 219.336620 193.783713
1 193.761395 180.771976
1 192.429663 169.069635
1 211.810754 196.004152
1 169.268477 145.231048
1 153.549729 210.879677
1 249.137460 185.785310
1 179.711313 156.505761
1 200.027208 195.202971
1 234.488269 166.768557
1 237.062759 140.918883
1 208.656327 174.118064
1 130.126844 191.204489
1 230.541331 216.754743
1 176.361430 148.682892
1 220.948970 191.970088
1 183.431037 223.440828
1 191.209528 235.519831
1 175.447088 173.529713
1 238.017210 115.041444
1 212.690004 161.931057
1 208.075215 166.040066
1 184.992711 155.441096
1 246.559928 193.979438
1 173.674909 285.628966
1 218.272222 223.244832
1 204.579831 158.219282
1 236.436626 88.024525
1 217.130907 216.688122
1 174.804047 162.010570
1 218.766758 220.945895
1 164.921701 148.935005
1 198.262818 189.622510
1 229.776135 182.858209
1 193.783942 140.435717
1 291.679094 136.492197
1 191.096912 324.356236
1 235.821287 174.837105
2 58.482343 434.984402
2 51.425367 440.837784
2 75.720087 415.002922
2 58.804816 428.815023
2 63.347146 425.863559
2 60.732494 408.726670
2 72.406240 438.663397
2 68.614963 418.307461
2 78.024736 442.886722
2 50.591738 412.758446
2 64.626408 427.958435
2 74.532559 427.224107
2 45.398665 416.726962
2 39.766784 432.656259
2 54.629899 427.696813
2 39.445893 422.065107
2 64.010856 425.553187
2 64.184752 413.590620
2 70.931752 442.930283
2 61.246465 421.775181
2 60.792721 428.363508
2 61.668450 429.694248
2 53.810192 419.722364
2 56.705041 425.612133
2 63.494198 428.757342
2 83.436392 431.710276
2 56.345963 431.619136
2 43.408837 443.731623
2 62.548742 428.029501
2 65.727367 424.865274
2 71.831915 415.201987
2 54.176240 408.216230
2 54.332525 422.651007
2 65.391002 431.691994
2 45.589576 434.050779
2 63.955935 438.324871
2 40.333242 444.457525
2 47.776520 438.419990
2 83.859896 425.730642
2 8.786414 413.338277
1 327.138321 660.104119
2 40.063276 497.720735
2 42.274608 414.215216
2 101.526438 432.523414
1 278.343522 614.638386
1 329.643922 637.976269
1 329.044032 642.572477
1 137.580917 790.113407
1 154.195366 773.573497
1 148.767415 779.060031
1 148.218661 777.629893
1 139.421185 798.342218
1 138.908182 789.084680
1 160.131038 787.909778
1 150.308837 780.140365
1 157.117436 792.632554
1 158.460107 771.246079
1 146.027089 803.146904
1 157.586055 786.824144
1 151.165851 778.942263
1 154.737368 774.207855
1 153.580006 777.188003
1 161.261873 761.410870
1 149.508251 763.863873
1 144.243613 785.552113
1 163.909595 777.338638
1 140.338804 770.199865
1 135.578839 792.133503
1 135.556030 777.083723
1 153.267474 780.133094
1 150.762099 774.299002
1 129.636304 786.653029
1 147.859911 793.014543
1 130.425149 772.329319
1 147.324617 770.897743
1 170.979326 792.811980
1 143.297630 795.898551
1 154.225798 768.676333
1 146.283493 780.222102
1 161.861036 758.807051
1 128.360333 771.670554
1 157.033526 783.322430
1 154.356766 782.354495
1 149.792901 793.426537
1 144.477388 777.595097
1 165.961065 763.317471
1 160.573092 762.600482
1 199.050327 779.225258
1 157.320135 760.591716
1 148.428920 791.792280
1 120.110908 725.701928
1 125.808485 775.104871
1 134.437058 813.184453
1 161.864756 842.818558
1 141.539896 734.199528
1 152.494731 744.881451
1 148.022045 813.730445
1 183.958001 792.019406
1 156.776773 777.256625
1 157.995252 798.086228
1 103.092621 731.139425
1 217.786552 799.193463
1 100.601539 781.480919
1 164.100895 699.022350
1 171.813991 779.168280
1 166.212819 766.172834
1 125.059719 811.797744
1 103.706468 780.848327
1 161.964960 711.782678
1 125.705598 795.722707
1 174.223763 830.208409
1 143.929295 808.888759
1 145.508545 815.307614
1 193.422487 735.993770
1 60.152992 799.591251
1 172.132502 787.421007
1 128.079040 803.973158
1 148.471868 757.850012
1 198.376918 779.631639
1 140.968264 760.956246
1 114.459070 781.893810
1 77.473935 759.188714
1 153.875724 785.005137
1 143.655180 809.284418
1 127.972652 826.683927
1 101.233313 771.078139
1 153.434121 729.058610
1 190.324826 798.004279
1 96.853500 795.647371
1 136.075226 788.772780
1 160.018077 772.464547
1 149.380214 770.982802
1 142.166794 775.221307
1 170.431867 758.728961
1 158.994899 789.642888
1 184.663415 742.217742
1 93.846981 812.018004
1 143.511066 752.905449
1 136.673710 758.210326
1 171.365793 759.802429
1 220.528551 746.158217
1 108.403754 808.045973
1 137.019942 670.864817
1 57.109780 744.364812
1 146.756068 734.311856
1 204.663386 752.561568
1 51.695171 790.351686
1 205.671005 756.559142
1 192.145726 751.326516
1 135.518786 839.276239
1 198.090867 766.821966
1 140.968264 760.956246
1 80.838259 782.913054
1 117.986873 718.315678
1 153.365363 780.148790
1 151.290215 764.811587
1 149.517047 767.652416
1 143.524411 790.155808
1 166.108085 778.468107
1 173.043906 762.950541
1 154.744994 780.365390
1 175.780007 752.118038
1 179.659635 773.054080
1 321.245263 715.164126
1 139.715213 746.419173
1 173.554446 775.588777
1 182.283104 773.260803
1 128.899411 767.497407
1 161.929979 797.752712
1 167.972308 753.821421
2 499.585782 134.991032
2 484.248733 151.095240
2 487.072859 134.072046
2 506.632547 149.885286
2 492.965995 129.845313
2 518.370217 137.655406
2 500.372290 132.347817
2 493.720714 134.765195
2 500.592111 143.538737
2 509.805614 158.859363
2 516.707945 155.811111
2 493.952420 155.236588
2 498.891104 142.434045
2 503.031665 142.810787
2 496.084056 144.129262
2 491.287710 130.238975
2 493.997559 149.054409
2 505.718363 140.086895
2 516.354893 141.664266
2 492.726283 160.391446
2 497.273132 140.416961
2 491.863470 139.404843
2 500.296424 143.208910
2 502.431803 130.208756
2 507.653555 163.648638
2 490.172815 141.775291
2 497.665782 137.406016
2 504.235634 136.967520
2 507.121802 126.362128
2 504.037112 143.205893
2 519.923327 144.451390
2 507.237126 134.154348
2 495.384363 140.921447
2 497.827101 132.321328
2 520.065446 142.572758
2 485.296409 121.877189
2 495.878229 119.440463
2 499.532163 145.276059
2 486.023560 139.868389
1 396.965906 656.429721
1 409.232629 630.668999
1 407.023245 639.978443
1 393.944144 650.141133
1 399.197276 650.149638
1 405.431374 649.333913
1 391.300101 656.779568
1 399.486811 646.725757
1 400.259023 649.944374
1 399.088965 649.256337
1 411.968041 650.520766
1 398.848586 635.686138
1 391.609420 665.205160
1 399.173399 644.191207
1 409.607785 663.929181
1 389.841955 658.005263
1 399.641320 649.664334
1 400.950645 653.944074
1 396.906714 642.965381
1 396.371375 649.914623
1 381.955513 645.056636
1 398.298446 654.480653
1 405.424793 638.575822
1 381.367666 653.613494
1 410.397212 637.327155
1 398.660293 649.819049
1 390.971265 647.465206
1 405.861198 641.062399
1 394.385557 654.002274
1 393.340697 642.555826
1 411.539163 654.654595
1 401.664526 639.774492
1 408.226809 628.395687
1 403.421915 634.225238
2 556.654560 492.168320
2 566.327921 479.929622
2 559.645556 478.749257
2 542.108217 474.036524
2 559.685605 487.433473
2 573.381410 471.477110
2 558.252617 486.808067
2 558.899972 479.781194
2 548.343974 488.373185
2 559.745212 479.979779
2 569.635254 470.297255
2 547.504747 473.173566
2 568.280122 458.401332
2 536.452940 475.645585
2 567.445625 494.042759
2 562.460124 483.713340
2 558.284391 476.821103
2 547.655082 458.294657
2 561.074381 495.485274
2 563.167474 480.654356
2 566.168079 497.857587
2 557.684401 461.115869
2 552.590856 490.349685
2 560.512513 470.929234
2 542.971177 465.114985
2 553.586758 461.895545
2 564.947799 458.268381
2 564.631733 472.059136
2 559.099342 479.038836
2 580.142647 476.366680
2 565.634408 455.665149
2 564.291244 478.719299
2 548.831643 495.501298
2 544.664903 471.243575
2 545.146850 474.591171
2 568.669514 482.475636
1 438.093166 648.465534
1 357.288408 646.150778
1 401.983337 635.968279
1 385.913739 623.131062
1 426.143691 652.961402
1 394.081258 660.024522
1 413.684465 647.644262
1 427.850326 636.472322
1 432.231486 590.301435
1 373.271977 650.209673
1 415.872133 643.365672
1 417.863469 658.608359
1 443.098400 663.453202
1 371.839552 633.140802
1 425.760701 601.854682
1 380.338229 643.956488
1 411.641499 643.977495
2 575.437495 494.270099
1 386.823704 661.436757
1 462.770582 645.824378
1 371.846362 653.121296
1 399.023110 618.152584
1 399.601394 629.384667
1 390.383791 613.197837
1 397.623110 665.450427
1 357.307823 659.155436
1 421.122237 613.835207
1 350.879800 664.671355
1 452.723627 621.683917
1 359.685337 646.322938
1 395.015837 648.176834
1 393.748308 650.789816
1 354.697327 607.174152
1 458.653106 650.373128
1 425.592188 622.690923
1 431.543779 619.735304
1 388.329804 620.056513
1 433.229849 598.618990
2 516.378126 497.397142
1 411.714582 647.356061
1 368.653445 650.478856
1 412.594842 643.207179
1 408.816628 610.310236
1 413.802020 618.102801
1 389.981556 563.214047
1 401.181151 641.844639
1 379.386960 641.864025
1 406.540105 587.173326
1 438.381851 658.028947
1 359.044103 584.633943
1 352.127303 655.028960
1 403.902691 659.988053
1 402.086489 657.267416
1 402.388282 639.753503
1 418.343655 658.350212
1 348.800407 628.976945
1 399.274713 626.092443
1 425.745111 659.368620
1 379.072276 629.529949
1 351.931769 641.642237
1 433.938063 595.079010
1 401.870298 654.456562
1 350.667828 651.771052
1 466.258476 614.195040
1 419.271932 666.047722
1 427.289420 645.428224
1 465.498678 661.455940
1 412.747573 611.726476
1 427.899833 661.202021
1 393.725623 619.858905
1 385.254607 654.093417
1 391.823544 628.308748
1 385.876075 644.232275
1 399.448682 651.036024
1 353.881009 634.595512
1 371.132227 646.646052
1 363.025926 626.982175
1 418.621125 636.457546
1 380.592378 633.221768
1 401.458122 592.077128
1 452.624608 576.581903
1 402.527190 632.573854
1 439.591659 632.662903
1 397.431239 627.508054
1 343.307491 617.418323
1 404.820523 558.775443
1 392.223987 662.167427
1 452.888628 622.560620
1 406.256336 622.932908
1 419.041730 636.907792
1 433.232692 629.959145
1 458.653106 650.373128
1 454.468911 665.740359
2 567.646368 488.608949
1 413.722239 585.088156
1 509.265167 625.541639
1 449.666917 640.037945
1 432.907291 662.703298
1 392.640028 616.285644
1 397.144813 618.271099
1 401.502487 662.056567
2 539.106478 434.661273
1 377.934391 658.361011
1 438.842053 656.288403
1 388.697679 603.988691
1 419.015568 601.990760
1 402.827574 656.132527
1 424.921852 623.568052
1 462.152351 602.014493
1 445.945507 638.551863
1 425.586403 609.522088
1 477.011887 642.604263
1 367.837326 660.359215
1 424.377410 635.163426
1 400.660722 586.046040
1 455.985238 663.514740
1 437.115898 643.602408
1 477.064875 647.943629
1 401.870298 654.456562
1 466.697768 630.574064
1 379.623393 664.841814
1 425.878983 631.169988
1 476.783744 643.464938
1 356.938904 652.985889
1 437.595314 654.716403
1 374.997771 615.308935
1 420.122733 646.681343
1 436.829779 601.342729
1 400.547386 644.633423
1 496.338007 659.441462
1 386.299681 637.603753
1 413.927056 642.598789
1 410.666280 657.904945
1 404.664277 644.711633
1 341.829542 629.453231
2 526.273879 463.871081
1 407.603385 650.146542
1 360.673641 644.079534
1 478.870790 644.910011
1 462.583179 661.116531
1 416.685809 642.236106
1 372.208149 663.717539
1 435.410074 650.355873
1 462.925047 648.644262
1 371.914049 634.254211
1 426.769283 592.635598
1 428.970957 564.377513
1 424.934401 663.143070
1 401.639562 609.480899
1 435.257126 624.759856
1 402.692711 625.753634
1 407.708116 651.645986
1 392.114856 668.457714
1 394.954126 674.308099
1 410.850476 670.035768
1 395.577588 668.116983
1 394.221399 669.527537
1 581.751516 787.336215
1 566.340280 801.260464
1 591.474880 793.367133
1 567.376086 804.549630
1 587.251436 782.693528
1 587.747347 813.579480
1 583.242380 791.272099
1 572.751738 801.405733
1 564.153244 803.367135
1 566.634687 799.764181
1 569.401358 802.703440
1 581.768991 798.964816
1 572.759855 799.243772
1 577.898006 790.170492
1 583.571398 807.125762
1 584.509425 787.087501
1 572.145453 786.877142
1 574.188549 798.183811
1 555.463841 818.504065
1 589.863390 791.962140
1 560.629967 802.699365
1 556.173005 808.304817
1 572.362892 786.040284
1 569.348468 803.664456
1 559.722450 798.231480
1 554.189676 788.492689
1 565.268759 792.765162
1 570.431892 804.553449
1 553.812317 802.677720
1 566.122417 793.535738
1 551.165307 798.782531
1 588.384833 811.338194
1 564.321143 806.739449
1 563.309108 788.919077
1 569.494965 799.816144
1 577.269699 796.321275
2 378.960659 833.429814
2 411.442228 835.670410
2 409.237313 811.380150
2 399.890100 830.041025
2 387.390942 851.011779
2 400.025746 809.960347
2 405.207302 850.738799
2 397.114311 827.173351
2 401.636197 813.259206
2 401.312932 830.117661
2 399.712033 820.898581
2 402.382769 830.642689
2 397.509522 816.278095
2 395.711069 837.208026
2 390.150597 825.066402
2 399.501159 818.059710
2 376.583223 838.678080
2 382.307555 837.874612
2 412.266138 813.407596
2 399.456228 830.895849
2 413.065501 846.807698
2 415.642324 835.764118
2 408.008256 824.890422
2 390.094158 829.951194
2 398.878255 849.165779
2 401.175089 840.522349
2 399.819838 837.191383
2 398.449407 821.013905
2 402.179150 831.091748
2 405.133892 836.167852
2 400.384027 826.575821
2 391.501291 844.196585
2 402.664223 816.254259
2 404.526549 830.470441
2 393.088402 831.176945
2 397.917414 854.296024
2 382.629465 844.753000
1 597.908437 789.273078
1 563.285906 778.710515
1 573.772425 739.199321
1 597.422330 824.098103
2 404.633229 811.640653
2 384.833171 825.332056
1 522.462187 745.813323
1 561.077664 774.192342
1 373.201986 688.720230
2 383.202372 845.052996
2 352.100820 832.016167
1 605.626959 775.142323
2 411.510379 864.845126
1 535.661020 744.443445
1 553.583340 798.682382
1 590.738586 814.528415
1 463.502637 675.359686
1 556.417420 805.218089
2 411.411466 862.603189
1 382.171160 675.595906
1 368.791149 678.552088
1 381.294592 684.060640
1 628.555977 812.848225
1 581.958080 766.943778
2 408.298739 870.365453
1 517.214081 777.126813
1 557.163040 829.472402
1 552.156513 793.843408
1 394.613988 667.642888
1 421.473595 666.979634
1 429.196656 694.086011
1 582.790014 813.084151
2 381.886227 836.183475
1 551.086020 769.812148
2 369.686987 850.650802
1 581.275796 879.252907
1 565.921901 766.337147
1 632.000044 742.261302
1 541.962966 768.408976
1 591.194351 735.155017
1 616.072752 732.217444
1 562.966254 799.216426
2 403.525296 820.706416
1 566.725463 800.159977
2 448.877534 839.957155
1 621.259970 818.240674
1 364.277400 709.721087
1 384.624676 688.197379
1 634.776120 787.784185
2 391.556804 892.305799
2 418.221624 798.845578
2 403.746363 828.090814
1 557.753629 773.867123
1 407.344416 667.132581
1 592.043218 847.033323
2 369.701698 908.921474
1 572.356240 907.645137
1 604.123925 810.876314
1 546.466696 819.027694
1 611.909301 856.254798
1 558.938827 790.813652
2 383.435182 821.200375
1 405.315122 674.781735
1 548.255269 830.561168
1 580.644175 779.261352
1 581.901376 784.865484
1 561.130953 789.644955
1 609.945742 796.966607
1 380.123526 719.209508
2 391.508571 884.925230
1 582.312029 790.772106
1 405.323008 666.897138
1 409.598838 696.845875
1 355.490048 668.696186
1 401.105541 705.404032
1 555.029862 733.965651
1 443.088254 683.128600
2 472.315006 859.451011
1 569.385628 797.156871
2 394.967929 849.934649
1 555.451581 765.997325
2 411.024693 834.523777
1 562.815329 816.237900
1 568.854126 802.161749
1 462.916436 673.182191
1 561.719025 829.610026
1 563.710282 799.361074
1 562.207858 845.991188
1 499.261617 847.999163
2 461.254963 852.960717
1 574.674761 776.077876
2 379.723463 831.898391
1 396.434046 734.194244
1 429.145866 675.587782
1 394.837484 690.858670
1 409.233026 686.035132
1 380.574662 666.934278
1 372.782107 720.694649
1 574.761827 779.969237
1 387.224432 670.071433
1 500.840374 697.604449
1 551.933831 818.248360
1 599.627548 792.211613
1 358.462082 686.274280
1 365.032260 671.781511
2 473.702471 802.724907
1 560.429875 746.311598
1 547.610769 735.842629
2 363.261344 807.972382
1 617.563002 793.013906
1 633.452843 777.302706
1 570.194784 830.929986
1 589.215097 775.611766
1 610.025541 786.341152
2 478.608520 883.159051
2 377.264982 807.818114
1 435.718529 691.878830
2 350.294294 832.318914
1 382.704211 690.153239
1 384.751054 691.488987
2 480.328817 817.176644
2 463.736504 857.758744
1 365.665552 695.467544
2 383.296554 798.907905
1 406.607694 676.077335
1 583.998228 789.625325
2 384.099489 800.816976
1 523.090612 803.733270
1 556.644418 800.125358
1 403.190994 685.091136
1 595.673621 796.283703
1 566.724798 771.857391
1 617.434605 798.037877
1 537.596908 817.181425
2 379.515378 851.336408
2 375.095705 837.725495
1 638.983099 839.892092
1 502.759711 797.043438
2 431.842303 761.673896
1 560.422324 762.948804
2 349.770069 819.832840
1 378.177590 690.903732
2 456.627367 797.959600
2 449.227914 868.101989
1 641.698154 777.112632
1 404.570261 667.432311
2 416.346431 881.752321
1 352.595208 696.414726
1 436.916265 698.320807
1 421.977410 713.175346
2 373.889836 837.584434
1 511.148418 692.546337
1 552.902112 771.629063
1 417.553993 718.265957
1 511.438076 802.787103
1 403.335924 681.264715
1 337.665993 718.699776
2 389.336429 865.577221
1 380.137140 745.177771
2 360.513807 806.133647
1 515.307528 766.182710
2 372.723562 790.126443
1 577.432120 778.234087
1 415.253006 677.459850
1 538.283396 768.444750
2 369.146255 830.581588
1 551.273982 808.822540
2 404.344083 831.582562
2 340.843186 849.382673
2 489.252120 875.754871
2 385.693641 860.089329
2 374.849523 829.322967
2 430.466279 832.615189
1 363.982771 676.019442
2 396.863276 786.028992
1 564.193839 752.327403
1 428.624289 707.174480
1 605.044749 749.002101
2 365.236441 808.607564
1 590.440980 836.438269
1 563.383881 806.609147
1 583.214820 789.361046
2 384.733689 818.476129
2 456.422612 788.478570
1 401.105541 705.404032
2 469.436777 784.805148
1 583.700441 733.855686
2 380.462418 851.042302
1 485.836669 717.939656
1 544.667214 798.468562
2 339.249254 869.670260
1 636.385068 813.127308
1 548.787977 831.163659
1 618.232909 767.147690
1 606.510493 843.924467
2 438.349815 781.523149
2 351.957268 845.354814
1 391.215852 670.972585
1 391.284748 686.600375
2 420.684135 786.133808
1 605.916178 771.291716
2 375.578808 860.102880
2 398.831997 854.465359
1 583.608167 801.256459
2 378.204373 791.995273
2 405.871085 786.522425
1 443.266007 686.941000
1 460.903515 690.509792
1 439.554425 677.946725
1 444.172387 682.335482
1 591.993164 819.796691
1 372.782107 720.694649
2 378.311948 846.666715
2 461.189652 825.768531
1 543.953592 823.186042
1 407.235800 713.510963
1 577.168591 792.141613
2 382.393331 798.002431
1 345.035781 668.145708
1 586.517308 809.178770
1 584.570663 744.853124
1 526.887403 816.721374
1 574.064875 782.749493
2 428.280248 811.783469
2 432.391013 867.563586
1 406.242145 681.759869
1 550.202141 779.638632
1 533.197979 775.420885
2 379.486666 837.556609
1 370.140951 692.099697
1 638.160816 764.573167
1 636.592876 777.832383
2 429.817097 755.563885
1 574.707141 738.643289
1 403.511236 716.354797
1 584.248969 825.016186
1 596.231594 842.945594
2 376.569948 809.017558
1 569.840994 793.263921
2 440.007947 787.969165
1 369.775863 725.541765
1 549.520749 809.106837
1 634.768232 719.946348
1 395.271234 683.987216
1 410.991062 684.652431
1 563.701249 720.081466
1 466.474128 685.995302
1 476.478396 682.140273
1 625.179411 775.293074
1 421.633080 702.858391
2 469.055947 826.993945
1 402.190794 741.437149
2 372.031259 820.319891
1 357.238293 687.527671
1 434.099755 679.923590
2 466.561926 877.781875
1 822.570945 295.209373
1 796.388864 306.657840
1 821.036917 304.551643
1 829.830806 294.046739
1 821.918281 286.535242
1 827.008361 306.982318
1 819.703925 311.468283
1 819.562622 309.232983
1 802.629404 300.577595
1 823.128751 297.453261
1 816.029020 288.743721
1 823.478148 298.508401
1 821.751465 291.149601
1 818.087407 302.558102
1 815.426318 276.391480
1 825.283169 296.602609
1 818.450751 282.660983
1 820.312877 300.045297
1 819.187439 300.062221
1 804.173060 292.202385
1 820.927539 293.228590
1 822.934482 292.983958
1 828.970412 303.746897
1 820.841994 316.170513
1 815.418058 296.885520
1 819.024018 294.624643
1 818.992631 313.060734
1 819.454788 297.964086
1 814.089782 286.227806
1 814.952164 321.010370
1 825.252307 296.898763
1 809.983797 301.390875
1 823.426854 290.314283
1 837.694861 287.564907
1 831.735188 292.686087
1 805.251090 281.217554
1 834.640377 300.015460
1 819.206725 279.764840
1 803.484546 312.865743
1 821.588987 277.873229
1 817.297562 303.155753
1 814.325253 299.945888
1 826.184956 286.264424
1 786.569295 279.411959
1 827.289959 307.714915
1 843.911734 278.902945
1 864.641416 302.420517
1 802.328040 259.078515
1 776.913360 310.638559
1 828.779232 253.864718
1 840.322279 295.207452
1 785.061768 285.396298
1 757.238058 277.988552
1 830.927642 255.655615
1 816.409035 261.124022
1 784.454130 280.933886
1 870.754073 264.959803
1 813.311430 309.947107
1 803.516561 306.295068
1 746.302628 249.514751
1 718.123571 262.876261
1 799.760970 314.103046
1 888.143049 284.579306
1 781.863760 317.861295
1 833.386040 290.324085
1 831.262367 316.249748
1 809.632614 263.770860
1 789.263756 274.164603
1 827.197132 301.009849
1 852.694181 327.491024
1 762.406633 282.832806
1 870.549318 255.478773
1 834.598768 330.642996
1 719.677349 257.767339
1 850.060283 268.180801
1 836.134070 330.437309
1 863.663234 299.914024
1 825.695515 316.926363
1 858.971817 291.248985
1 774.314702 287.638356
1 849.306565 226.874331
1 843.615442 281.449909
1 798.267903 330.355269
1 835.885862 319.341792
1 814.375300 233.162051
1 802.619345 329.608744
1 860.551089 274.931929
1 844.273307 330.056917
1 790.381807 251.977239
1 835.777283 323.833615
1 825.686065 303.588771
1 757.241139 294.527240
1 831.367085 278.198300
1 790.818468 321.334036
1 738.110046 277.519712
1 847.916994 303.815062
1 832.911328 244.378997
1 812.614827 266.111075
1 872.096374 323.842201
1 813.151213 290.326996
1 791.293811 274.116010
1 807.796098 304.237977
1 835.743010 276.810497
2 840.676232 608.621616
2 846.066883 625.840064
2 854.026035 648.220403
2 839.991632 615.530566
2 853.077069 632.163393
2 838.369887 634.561641
2 841.955730 613.519406
2 828.963805 622.449259
2 852.416090 642.763955
2 837.016986 614.694498
2 840.738615 643.357703
2 843.478089 641.697435
2 838.721206 644.038280
2 863.400528 639.149061
2 859.753973 642.335668
2 837.233535 635.162835
2 853.881323 619.546542
2 850.632442 625.157595
2 853.359522 611.015333
2 850.418268 615.658842
2 858.067359 619.559308
2 857.351504 643.163369
2 850.318600 639.521488
2 835.521914 631.914579
2 850.077215 631.957816
2 856.027421 643.177058
2 852.373098 634.690302
2 836.293860 616.051164
2 837.884820 636.400251
2 853.265255 626.674026
2 848.812040 628.612968
2 850.192135 635.737483
2 854.054095 633.278565
2 849.995893 630.763458
2 846.559716 642.299393
2 834.979246 636.262926
2 855.763583 644.513919
2 846.730506 607.687930
2 856.436795 633.342058
2 850.444308 630.218780
2 850.868218 630.077384
2 841.498960 633.550477
2 831.691895 631.432495
1 857.682249 343.432624
1 845.949451 342.321253
1 830.150797 336.520684
1 878.126213 343.608522
1 814.534666 347.977070
1 830.971107 339.898801
1 817.554693 356.293912
1 788.055904 388.565710
1 734.868026 338.887942
1 742.094606 337.619995
1 850.534252 333.961145
1 852.391029 336.743767
1 867.216277 354.785237
1 826.534648 343.812809
1 825.597566 366.812219
1 875.858878 336.743765
1 858.689642 350.953560
1 808.962546 346.918262
1 887.946127 345.768530
