1 202.078525 179.315206
1 186.819888 180.064576
1 214.176846 164.074055
1 182.952212 174.534474
1 206.669392 164.939290
1 196.768541 177.505941
1 204.328503 189.087506
1 210.958168 179.125455
1 211.836927 174.842533
1 189.331589 163.877402
1 203.527437 163.832954
1 199.534577 179.521387
1 201.970054 177.160632
1 209.442568 186.467994
1 180.724814 194.967207
1 203.531713 193.973627
1 193.107182 173.501593
1 196.032144 186.401373
1 216.060535 192.472274
1 198.853969 176.148251
1 192.250519 197.907028
1 194.037276 181.435106
1 199.799649 178.648621
1 183.153069 197.091140
1 189.229870 181.374885
1 199.026631 174.339036
1 211.479674 193.053529
1 201.737982 180.358956
1 200.678000 184.928028
1 178.902086 190.791062
1 198.505473 182.127880
1 182.344040 172.955946
1 194.792092 166.717099
1 186.702925 186.835629
1 203.281993 182.508794
1 215.404842 195.972708
1 209.131122 169.530986
1 205.148379 156.622375
1 203.190361 193.766879
1 224.382069 137.666100
1 199.129994 141.360921
1 145.551828 155.681259
1 180.468858 174.771288
1 212.876902 172.458557
1 206.103655 204.820088
1 224.382447 166.740682
1 162.421156 164.574788
1 195.898299 211.147852
1 185.952486 158.678140
1 194.588417 183.843136
1 202.746835 207.475392
1 189.064968 220.564676
1 177.749859 140.987624
1 185.343181 143.010526
1 212.472004 174.637856
1 150.964135 129.906404
1 236.385573 214.586695
1 213.036427 184.196870
1 224.104779 224.050358
1 189.278532 192.113936
1 184.031884 148.867374
1 207.674735 162.259045
1 208.220999 202.915877
1 206.940087 142.212263
1 175.039779 170.521334
1 185.988287 179.010911
1 194.462287 157.783957
1 207.343857 175.108408
1 208.868873 169.570439
1 206.023858 231.833414
1 219.388311 186.847938
1 204.375760 211.046170
1 190.772241 202.315576
1 184.852883 205.038870
1 206.508819 166.506846
1 230.428828 159.654515
1 153.814381 195.664593
1 190.108538 176.111567
1 240.613369 201.300694
1 211.218079 180.950630
1 200.445353 195.048949
1 226.825485 163.643810
1 149.454215 176.368755
1 188.406749 148.519230
1 193.757822 141.575767
1 189.348123 152.495570
1 181.782770 160.740397
1 192.701841 176.062685
1 204.404325 174.547025
1 222.338076 110.105350
1 219.393249 154.061942
1 195.218714 173.921350
1 200.314137 186.007972
1 211.382489 225.861460
1 212.435233 154.245279
1 185.205224 216.742553
1 190.470988 176.202106
1 211.200806 157.204101
1 195.243487 188.445308
1 170.641802 167.542434
1 207.747022 206.863251
1 222.317241 167.286962
1 199.944419 148.414639
1 260.330934 117.039670
1 181.212643 208.142274
1 182.061483 201.559847
1 200.529435 214.360242
1 242.328700 227.649126
1 241.469090 144.244146
1 208.985038 160.781844
1 187.814743 141.331764
1 207.402539 219.377624
1 174.393877 141.738154
1 217.981986 136.314234
1 221.448205 191.696686
1 175.110113 142.764448
1 220.311411 192.720964
1 212.748691 198.336375
1 172.335365 126.501520
1 154.073765 201.138501
1 181.453866 173.733826
1 142.953522 143.345240
1 206.430889 176.621999
1 138.040950 186.441717
1 151.766804 164.543744
1 274.023824 105.219654
2 59.664177 453.414726
2 58.482343 434.984402
2 43.175214 434.119097
2 75.720087 415.002922
2 58.804816 428.815023
2 63.347146 425.863559
2 60.732494 408.726670
2 68.614963 418.307461
2 78.024736 442.886722
2 67.604440 409.186050
2 50.591738 412.758446
2 64.626408 427.958435
2 56.673980 431.836704
2 39.766784 432.656259
2 39.445893 422.065107
2 64.010856 425.553187
2 59.602518 430.313672
2 64.184752 413.590620
2 80.182577 438.192942
2 70.931752 442.930283
2 61.246465 421.775181
2 60.792721 428.363508
2 61.668450 429.694248
2 56.705041 425.612133
2 56.175670 411.315359
2 63.494198 428.757342
2 83.436392 431.710276
2 71.831915 415.201987
2 61.552714 420.683760
2 54.176240 408.216230
2 54.332525 422.651007
2 65.391002 431.691994
2 45.589576 434.050779
2 40.333242 444.457525
2 83.859896 425.730642
2 57.688832 420.728095
2 64.124827 394.663381
2 73.325260 381.468340
2 65.882822 450.132116
2 56.465208 426.364381
2 41.314396 428.448032
1 276.536417 664.235824
1 325.348493 620.432326
1 137.580917 790.113407
1 154.195366 773.573497
1 148.767415 779.060031
1 148.218661 777.629893
1 138.908182 789.084680
1 146.418749 784.457072
1 160.131038 787.909778
1 150.308837 780.140365
1 146.027089 803.146904
1 157.586055 786.824144
1 151.165851 778.942263
1 154.737368 774.207855
1 153.580006 777.188003
1 164.555545 789.736037
1 150.928066 781.749938
1 161.261873 761.410870
1 149.508251 763.863873
1 144.243613 785.552113
1 163.909595 777.338638
1 146.093343 790.984559
1 136.628337 785.524255
1 140.338804 770.199865
1 135.578839 792.133503
1 135.556030 777.083723
1 129.636304 786.653029
1 147.859911 793.014543
1 150.481933 780.709372
1 147.324617 770.897743
1 170.979326 792.811980
1 143.297630 795.898551
1 154.225798 768.676333
1 146.283493 780.222102
1 161.861036 758.807051
1 128.360333 771.670554
1 154.356766 782.354495
1 171.076966 768.126136
1 155.137713 786.289303
1 144.477388 777.595097
1 165.961065 763.317471
1 160.573092 762.600482
1 137.184028 756.872091
1 154.860604 814.176454
1 173.749747 778.245013
1 168.189120 771.904998
1 128.256968 726.196873
1 139.386486 743.480019
1 195.487657 769.813883
1 175.696543 812.268316
1 125.462639 768.324138
1 206.894965 808.160329
1 156.088582 766.199242
1 146.930130 789.369641
1 192.526589 783.119252
1 110.278436 735.212733
1 165.613128 823.278488
1 117.982779 743.907144
1 147.719845 807.314435
1 132.318931 789.739018
1 111.116657 772.190258
1 125.389108 818.875602
1 117.374210 770.371670
1 122.093476 778.264666
1 120.792866 755.860117
1 125.728407 740.120423
1 131.282832 822.904901
1 129.575484 767.336441
1 159.283608 775.066185
1 210.799248 824.222781
1 92.919779 786.015154
1 87.961126 721.567489
1 151.582836 769.909119
1 107.705719 742.144057
1 167.676172 790.327645
1 132.769445 843.463183
1 105.622042 821.928575
1 115.784049 787.085876
1 156.655819 805.690881
1 152.299126 767.811827
1 161.066740 826.209837
1 224.746679 730.549468
1 135.448362 805.679251
1 153.186883 800.324187
1 110.925125 774.906130
1 118.163928 732.220240
1 165.194319 791.667306
1 142.354620 803.030178
1 157.095575 741.843337
1 97.805517 796.101736
1 306.245413 692.730658
1 208.483391 751.693673
1 106.706483 703.400878
1 155.825556 704.336924
1 126.592580 751.749768
1 130.519019 796.566197
1 156.235080 839.893033
1 132.246289 832.789238
1 168.368859 815.207940
1 141.045801 826.593593
1 145.179659 790.303311
1 180.571439 793.026659
1 140.724747 833.883040
1 160.144180 872.860570
1 172.377171 762.594574
1 331.233036 673.460699
1 131.870837 859.635356
1 106.853316 801.841759
1 89.253791 728.822522
1 169.751089 828.475646
1 117.694482 819.787310
1 114.181636 709.830432
1 155.230606 722.796565
1 333.309427 684.672230
1 113.013889 798.112800
1 132.007888 737.557547
1 187.523151 818.592069
1 84.368479 848.396113
1 159.662175 774.919437
1 126.767634 766.151430
1 113.147837 873.960622
1 286.844565 700.595325
1 159.472556 773.081224
1 186.621983 773.039305
1 174.499205 782.285903
1 178.252511 805.507401
1 167.643304 780.757706
1 176.152381 834.376640
1 185.219740 791.495860
1 178.383822 842.386366
1 73.190788 804.721251
1 121.964713 783.550860
1 180.085712 834.041049
1 179.562332 731.593661
1 171.413220 812.512579
1 131.279761 808.061930
1 168.515837 781.302167
1 169.191544 767.237536
1 167.320269 824.776102
1 145.316540 850.224439
1 323.536376 690.937643
1 110.577327 747.325590
1 153.173306 770.035965
2 487.072859 134.072046
2 483.869978 133.688808
2 506.632547 149.885286
2 518.370217 137.655406
2 500.372290 132.347817
2 493.720714 134.765195
2 500.592111 143.538737
2 509.219396 138.393067
2 509.805614 158.859363
2 516.707945 155.811111
2 512.198795 143.865391
2 498.891104 142.434045
2 503.031665 142.810787
2 482.063822 143.746553
2 493.997559 149.054409
2 516.354893 141.664266
2 492.726283 160.391446
2 497.273132 140.416961
2 480.665799 140.519273
2 491.863470 139.404843
2 500.296424 143.208910
2 502.431803 130.208756
2 488.163780 137.309645
2 507.653555 163.648638
2 490.172815 141.775291
2 497.665782 137.406016
2 504.235634 136.967520
2 507.121802 126.362128
2 507.237126 134.154348
2 495.384363 140.921447
2 497.827101 132.321328
2 485.296409 121.877189
2 495.878229 119.440463
2 499.532163 145.276059
2 486.023560 139.868389
1 414.159271 654.484542
1 396.965906 656.429721
1 409.232629 630.668999
1 407.023245 639.978443
1 393.944144 650.141133
1 399.197276 650.149638
1 405.431374 649.333913
1 399.486811 646.725757
1 400.259023 649.944374
1 399.088965 649.256337
1 395.487644 652.575963
1 399.326209 652.158784
1 411.968041 650.520766
1 398.848586 635.686138
1 391.609420 665.205160
1 408.133576 630.837110
1 399.173399 644.191207
1 409.607785 663.929181
1 400.774781 650.308213
1 399.641320 649.664334
1 400.950645 653.944074
1 396.906714 642.965381
1 398.298446 654.480653
1 405.424793 638.575822
1 381.367666 653.613494
1 410.397212 637.327155
1 398.660293 649.819049
1 401.354440 647.757411
1 390.971265 647.465206
1 405.861198 641.062399
1 398.602001 647.378318
1 394.385557 654.002274
1 393.340697 642.555826
1 411.539163 654.654595
1 401.664526 639.774492
1 408.226809 628.395687
1 395.338749 637.154486
1 403.421915 634.225238
1 415.984239 646.909203
1 399.215922 650.971434
1 423.036678 654.281203
2 556.654560 492.168320
2 566.327921 479.929622
2 542.108217 474.036524
2 559.685605 487.433473
2 563.369408 490.282628
2 573.381410 471.477110
2 559.161220 474.688788
2 556.840378 498.166857
2 563.704203 473.647680
2 558.899972 479.781194
2 548.343974 488.373185
2 559.745212 479.979779
2 569.635254 470.297255
2 565.753896 479.453980
2 547.504747 473.173566
2 552.993692 480.154732
2 536.452940 475.645585
2 545.797056 473.774194
2 567.445625 494.042759
2 562.460124 483.713340
2 543.069621 483.761617
2 558.284391 476.821103
2 547.655082 458.294657
2 561.074381 495.485274
2 566.168079 497.857587
2 557.684401 461.115869
2 552.590856 490.349685
2 560.512513 470.929234
2 563.243376 477.289553
2 542.971177 465.114985
2 544.830961 464.668945
2 553.586758 461.895545
2 564.947799 458.268381
2 564.631733 472.059136
2 580.142647 476.366680
2 565.634408 455.665149
2 557.992754 503.939145
2 580.160206 485.271098
2 564.291244 478.719299
2 548.831643 495.501298
2 545.146850 474.591171
1 378.841828 664.594729
1 335.708379 654.821149
1 374.377151 627.528688
1 378.210804 646.363668
1 345.387387 642.059998
1 405.655983 632.229202
1 402.584059 635.640955
1 388.069376 649.940623
1 415.629156 609.892152
1 412.874220 626.212967
2 527.673561 461.998810
1 351.092147 616.882148
1 427.565589 643.876719
1 381.691659 607.735930
1 384.773492 638.601017
2 553.821928 479.496725
1 394.183938 625.807715
1 398.564271 630.272436
1 416.813732 648.712981
1 372.735257 661.824000
1 406.332183 638.685123
1 406.881257 659.464483
1 392.802360 619.461097
2 508.396047 477.557742
1 342.086588 644.463565
1 433.251682 661.829935
1 405.143789 595.682418
1 345.017749 658.754243
1 441.079238 619.045512
1 362.906430 613.680045
1 400.444963 612.977873
2 539.128465 459.329717
1 377.968888 637.592832
1 414.788708 623.628420
1 408.126515 660.377083
1 404.365160 640.123413
1 370.765104 637.753089
1 415.540395 613.003083
1 455.567416 655.012070
1 408.393201 641.902562
1 389.684045 625.719342
1 401.528851 648.693468
1 415.285602 653.963295
1 348.758477 641.324001
1 421.812054 656.941679
1 362.755877 655.345132
1 439.116323 607.110222
1 420.343021 617.232880
1 368.392002 664.393589
1 409.653981 633.482807
1 356.690817 651.329411
1 368.177849 593.562423
1 418.844403 662.565056
1 401.601466 638.075777
1 437.150624 666.397197
1 415.818265 637.673125
1 433.580432 662.453239
1 366.316647 624.060696
1 418.780335 636.807977
1 439.830376 639.751951
2 573.928089 464.540882
1 360.403066 640.468074
1 385.981649 646.685168
1 348.356950 618.094220
1 363.465229 657.678917
1 431.574286 661.878901
1 407.946831 665.455371
1 385.161404 642.559423
1 405.943131 588.646846
1 426.726779 647.284816
1 482.793055 662.179297
1 422.759986 628.353268
2 593.228179 473.928608
1 361.773222 660.340130
1 442.191056 610.064764
1 445.881887 651.091530
1 415.273256 639.659775
1 407.486250 641.127345
1 424.624438 633.657826
1 402.365459 643.929254
1 414.019208 625.791973
1 392.114856 668.457714
1 410.850476 670.035768
1 394.221399 669.527537
1 575.661683 787.109299
1 554.016372 799.904415
1 581.751516 787.336215
1 566.340280 801.260464
1 560.549366 808.971070
1 587.251436 782.693528
1 587.747347 813.579480
1 552.745377 812.852118
1 564.153244 803.367135
1 566.634687 799.764181
1 569.401358 802.703440
1 581.768991 798.964816
1 577.898006 790.170492
1 583.571398 807.125762
1 573.053080 813.579015
1 584.509425 787.087501
1 572.145453 786.877142
1 574.188549 798.183811
1 555.463841 818.504065
1 589.863390 791.962140
1 560.629967 802.699365
1 568.084256 806.421477
1 556.173005 808.304817
1 572.362892 786.040284
1 559.722450 798.231480
1 565.268759 792.765162
1 553.812317 802.677720
1 566.122417 793.535738
1 556.450136 801.912863
1 558.457108 801.771453
1 553.909713 813.565870
1 588.384833 811.338194
1 564.321143 806.739449
1 563.309108 788.919077
1 546.552111 799.804377
1 570.841369 788.925269
1 569.494965 799.816144
1 577.269699 796.321275
2 389.538227 833.879714
2 409.237313 811.380150
2 399.890100 830.041025
2 400.025746 809.960347
2 397.114311 827.173351
2 397.580039 831.068220
2 401.636197 813.259206
2 401.312932 830.117661
2 387.290173 814.781166
2 399.712033 820.898581
2 402.382769 830.642689
2 397.509522 816.278095
2 411.152661 844.794265
2 395.711069 837.208026
2 390.150597 825.066402
2 399.501159 818.059710
2 376.583223 838.678080
2 382.307555 837.874612
2 416.083383 812.282884
2 399.456228 830.895849
2 413.065501 846.807698
2 415.642324 835.764118
2 408.008256 824.890422
2 390.094158 829.951194
2 398.878255 849.165779
2 401.366324 848.649844
2 401.175089 840.522349
2 399.819838 837.191383
2 405.832256 845.406995
2 398.449407 821.013905
2 405.133892 836.167852
2 418.329704 828.496631
2 400.384027 826.575821
2 391.501291 844.196585
2 402.664223 816.254259
2 404.526549 830.470441
2 393.088402 831.176945
2 397.917414 854.296024
2 382.629465 844.753000
2 402.316728 825.330215
1 543.029775 805.600148
2 413.398848 813.336343
1 558.924232 816.597974
2 369.535049 843.607386
1 529.860870 795.189853
1 581.914697 840.596921
1 594.436217 787.458152
1 588.070510 842.720118
2 400.872843 851.761639
1 610.749208 809.214165
1 407.238450 696.060500
1 579.069371 797.428722
2 397.792932 837.106911
2 446.380443 834.600046
2 380.709224 863.001603
2 363.586230 817.519007
1 585.628258 800.577692
1 553.311463 815.727300
1 583.317392 750.521175
1 389.594664 668.661508
1 393.555446 668.966007
2 399.679717 819.026153
1 542.996205 833.985054
1 341.375508 676.877178
1 623.765301 791.593593
1 569.472036 808.538343
2 416.368753 842.580155
1 585.914729 817.699577
2 419.406019 878.088786
1 425.701756 686.217307
1 566.427139 841.894355
1 596.181375 805.525596
2 398.711387 812.811635
1 569.831748 785.775914
1 558.682340 775.553842
2 410.384022 838.707444
2 386.061363 846.130620
1 622.700955 857.063850
2 405.171834 863.022012
2 402.540003 819.281509
1 597.479142 819.688668
1 536.329828 836.798083
2 388.685471 846.250578
1 588.315862 850.733077
1 581.032420 776.538644
1 567.240072 814.310889
2 366.987730 797.537436
1 546.627432 818.632428
1 602.792687 827.716885
1 589.934015 803.497483
2 404.271793 839.710747
1 437.134088 696.631751
1 588.115296 847.296616
1 394.196779 675.573516
1 557.167882 783.660338
1 382.960370 676.076900
2 437.362587 793.354835
1 536.743283 802.590670
1 586.984680 838.445587
1 402.228872 697.483481
1 593.439715 744.684618
1 532.007586 828.808188
1 609.542055 813.394545
1 593.625402 811.057058
1 349.864319 704.089253
1 470.478983 674.688124
1 615.878871 839.134495
1 367.392303 710.157503
1 422.347034 674.406749
1 581.009205 832.376729
1 609.863241 761.101044
1 659.317054 862.207216
1 595.651513 873.988468
1 352.048246 672.507790
2 369.845001 883.437565
1 568.570222 755.697825
1 579.453743 797.589991
1 561.630408 815.871171
1 551.006310 797.965833
1 588.258511 834.524611
1 506.471071 787.964630
1 577.857484 794.357236
1 389.246932 675.460627
1 580.968138 847.900803
2 345.259907 852.592901
1 586.026183 811.254859
2 397.712189 849.679067
1 381.107381 699.165215
1 570.052635 825.507208
1 539.167318 842.022101
2 364.552003 863.735521
2 419.102586 825.484047
2 388.248330 817.761861
2 385.920840 872.665716
1 360.458142 705.045855
1 599.040048 814.128271
1 575.599493 767.749301
2 347.210683 790.756473
1 375.098735 696.705592
2 416.246914 819.896845
2 399.826373 819.714362
2 379.517002 855.591254
1 557.856103 836.021903
1 379.206444 670.939834
1 662.262240 869.394795
2 375.210313 827.715129
2 427.960624 825.357046
1 538.478776 862.983010
2 471.874258 879.165680
1 586.762195 802.974253
1 534.182145 829.285056
2 400.868987 793.212236
1 630.362355 758.122692
1 340.713641 690.374818
1 611.154823 828.660161
2 405.264020 840.383065
2 418.698797 848.969082
1 571.560787 778.075524
2 383.252726 825.431358
1 566.998354 804.419346
1 336.077096 684.888884
1 566.885433 741.641555
1 581.703941 803.264964
1 568.180986 815.748910
2 461.249146 822.474792
2 387.438521 842.786042
2 381.198913 798.877332
1 571.159864 808.967741
1 564.662119 780.883218
2 387.544209 851.277472
2 426.963622 806.157610
2 467.457842 793.569073
2 382.323672 820.007582
1 534.567084 813.220963
2 389.935491 830.168008
2 397.598609 830.518273
1 396.083710 676.279592
2 376.483117 820.844113
1 608.627085 811.949157
1 420.269739 699.120185
2 391.487249 841.435255
2 486.699335 859.686855
1 339.056603 677.266143
1 589.970206 780.055922
1 544.125699 821.343677
1 379.903879 698.307817
1 410.438393 719.423223
1 404.938677 675.001581
2 381.778766 847.765196
1 574.853062 756.415543
1 565.262943 828.069294
2 387.402466 808.693766
1 552.674980 829.585646
2 375.161257 839.147743
1 551.470635 804.900996
2 405.063047 791.828529
1 543.032729 821.532708
1 389.019445 673.661155
2 422.357984 785.556573
2 491.748867 828.511233
2 368.539876 753.398243
1 575.959789 843.819070
2 362.569813 829.492243
2 397.804907 864.712150
1 559.308567 785.950648
2 436.386688 842.912432
2 440.177148 785.393645
2 448.103315 828.554319
2 397.367120 842.240138
1 618.908960 819.192426
1 538.445661 805.093509
1 569.364470 785.183776
2 362.238007 862.481089
2 419.211303 846.528268
1 384.658988 701.642694
1 489.976059 787.438873
1 566.582024 795.684728
2 407.807256 859.552498
2 374.574896 799.183022
2 386.140219 830.236130
2 438.855049 860.422980
1 577.240594 857.703348
2 401.805106 815.327398
1 606.656045 819.056004
1 404.162761 669.126654
1 547.079304 779.099017
2 418.732624 806.126878
1 601.835383 855.093346
1 625.519064 781.190380
1 548.004731 798.884737
1 822.570945 295.209373
1 821.036917 304.551643
1 829.830806 294.046739
1 827.008361 306.982318
1 819.703925 311.468283
1 802.629404 300.577595
1 823.478148 298.508401
1 821.751465 291.149601
1 815.426318 276.391480
1 825.283169 296.602609
1 818.450751 282.660983
1 819.187439 300.062221
1 804.173060 292.202385
1 820.927539 293.228590
1 822.934482 292.983958
1 828.970412 303.746897
1 820.841994 316.170513
1 819.024018 294.624643
1 831.099042 306.238499
1 818.992631 313.060734
1 819.454788 297.964086
1 839.922837 300.968418
1 814.089782 286.227806
1 814.952164 321.010370
1 825.252307 296.898763
1 803.852044 302.353583
1 823.426854 290.314283
1 837.694861 287.564907
1 805.251090 281.217554
1 822.409595 321.539671
1 803.484546 312.865743
1 821.588987 277.873229
1 817.297562 303.155753
1 826.184956 286.264424
1 846.930443 295.970300
1 834.830425 282.783371
1 821.353150 284.390015
1 818.004199 300.924249
1 841.419760 260.321795
1 784.452429 290.829725
1 788.721700 306.651641
1 794.734788 310.144808
1 798.691072 275.240068
1 778.385202 266.218510
1 818.396834 276.547448
1 853.978556 294.943481
1 838.719487 239.763533
1 807.484218 297.498646
1 809.187628 318.662644
1 801.386287 297.863205
1 816.573307 311.964576
1 796.961376 273.758847
1 795.400461 276.127436
1 780.180088 293.552215
1 826.939823 303.025245
1 800.879010 286.215180
1 783.938364 261.762807
1 811.450724 310.472301
1 822.112237 243.596736
1 794.745577 276.610435
1 819.015716 282.856797
1 796.397395 313.167353
1 851.259635 280.386174
1 770.168241 319.696726
1 796.797031 325.173967
1 780.918947 253.441786
1 753.870531 283.069923
1 807.551670 281.307269
1 809.767006 314.880920
1 846.110223 243.232704
1 802.838468 238.900721
1 801.092380 286.467715
1 790.020017 274.377680
1 792.314903 252.039947
1 802.627610 312.685158
1 835.055174 282.544066
1 789.927676 287.591559
1 824.848806 275.142483
1 813.318723 282.149506
1 840.034074 291.125642
1 822.641506 273.415673
1 784.831381 318.635416
1 803.287652 283.268440
1 783.341159 262.617299
1 826.704880 297.272185
1 733.179201 318.643861
1 857.650068 300.182695
1 857.495202 247.261625
1 870.365956 306.301132
1 861.144183 298.404131
1 816.984057 302.032270
1 799.573718 291.133776
1 773.775760 304.769849
1 805.740830 264.446881
1 737.441293 308.768307
1 764.027417 300.097523
1 784.334448 283.588340
1 868.131079 259.392496
1 772.269686 246.581937
1 783.884018 330.430442
1 798.579389 285.590718
1 783.032967 236.718056
2 840.676232 608.621616
2 852.475574 633.410839
2 846.066883 625.840064
2 851.954105 627.968782
2 854.026035 648.220403
2 838.369887 634.561641
2 841.955730 613.519406
2 828.963805 622.449259
2 852.416090 642.763955
2 840.738615 643.357703
2 843.478089 641.697435
2 838.721206 644.038280
2 859.753973 642.335668
2 837.233535 635.162835
2 853.881323 619.546542
2 850.632442 625.157595
2 853.359522 611.015333
2 850.418268 615.658842
2 858.067359 619.559308
2 857.351504 643.163369
2 835.521914 631.914579
2 831.556330 614.604932
2 850.077215 631.957816
2 852.373098 634.690302
2 851.245743 630.290808
2 837.884820 636.400251
2 848.812040 628.612968
2 850.192135 635.737483
2 849.995893 630.763458
2 846.559716 642.299393
2 834.979246 636.262926
2 846.730506 607.687930
2 856.436795 633.342058
2 852.717873 632.804110
2 842.090755 638.151091
2 850.444308 630.218780
2 850.868218 630.077384
2 841.498960 633.550477
2 831.691895 631.432495
1 860.888904 340.243957
1 795.153384 336.572470
1 800.080175 342.909074
1 794.590275 337.398403
1 826.435867 341.214978
1 775.296080 347.952928
1 761.689062 335.339432
1 721.889662 344.277674
1 784.824130 373.347042
1 851.460274 338.246351
1 694.255269 861.136852
