1 199.269705 173.437265
1 210.114308 186.948301
1 205.196307 190.114481
1 201.889364 166.244283
1 200.028815 178.904122
1 188.380839 167.329228
1 212.278736 161.253949
1 212.483211 172.490510
1 195.050289 171.076614
1 179.145205 192.423152
1 203.705688 176.662764
1 220.372450 167.082820
1 208.432975 176.476157
1 190.286978 163.249754
1 191.860712 185.192797
1 199.578806 182.418145
1 186.174945 200.079040
1 180.475691 186.882647
1 204.553109 188.063940
1 220.977149 175.115079
1 196.939850 198.505773
1 199.999612 180.015226
1 196.346362 175.409721
1 193.785615 175.874331
1 201.650211 166.035300
1 182.203108 183.478241
1 198.891638 173.225857
1 180.544847 186.930235
1 186.504118 179.103378
1 180.106523 173.681083
1 212.387992 187.255458
1 212.946587 178.048028
1 209.544623 167.571960
1 181.902077 174.280506
1 205.334414 178.161422
1 212.620355 185.058393
1 188.913952 189.585743
1 204.101071 172.079548
1 179.717881 187.837870
1 207.066242 193.777773
1 214.856571 170.711981
1 202.955266 172.699582
1 184.536981 177.049929
1 184.258736 186.863044
1 194.252804 187.623283
1 201.516642 175.161366
1 221.555916 184.444234
1 204.039642 182.773306
1 209.057956 178.535843
1 198.418725 169.288476
2 147.719864 139.178096
2 293.914801 136.273860
2 171.706898 110.554810
2 245.197685 60.614106
2 294.372177 189.389279
2 247.747488 300.629079
2 123.511157 300.565481
2 304.332227 62.381701
2 318.756259 57.705115
2 240.868928 171.431778
2 158.408097 123.982872
2 238.095347 173.144910
2 6.988644 146.061295
2 317.447416 179.969107
2 89.577762 289.336909
2 225.903249 289.597707
2 18.138077 109.929903
2 3.136457 219.714821
2 198.110545 10.437739
2 246.814734 268.601933
2 31.140934 115.490686
2 265.037625 240.178044
2 114.672760 10.294318
2 140.521718 239.398896
2 24.569977 251.627972
2 87.105782 18.602916
2 203.383335 10.801702
1 220.722821 142.223476
1 211.676534 173.671016
2 107.921117 277.869490
1 186.345191 167.132414
2 80.178574 15.847422
1 164.843691 203.130456
2 55.639245 10.442736
1 229.634532 167.878862
1 192.747570 121.179392
1 209.464016 250.213183
1 191.873574 199.483421
1 160.521271 156.059248
1 223.257378 176.719892
1 201.072627 169.651411
1 199.841577 154.008129
1 170.427107 220.551479
2 223.430883 135.645085
1 189.825018 161.726845
1 205.711327 155.645473
1 181.710624 162.586320
2 305.955001 66.744605
2 280.344630 139.973964
1 243.535388 151.592539
1 199.761378 194.827454
2 300.464151 45.763797
2 298.417312 81.321891
1 244.408812 219.976394
1 172.162370 195.788575
2 254.132548 132.643218
1 239.147669 183.748696
1 232.816726 176.793046
1 201.094391 111.065702
1 247.613407 221.739015
1 163.920220 205.403823
1 149.407077 203.325793
2 329.406668 278.084593
1 158.285455 197.611365
1 202.251687 47.888489
2 306.735841 159.107884
1 228.796608 204.530183
1 275.249788 126.627596
1 200.837607 212.029126
2 169.481333 105.935078
1 201.550901 149.151668
2 212.092268 141.570661
2 193.879232 157.885231
2 242.241484 97.985378
1 187.484818 197.937714
1 165.129296 151.376252
2 227.326477 276.521778
1 155.816437 175.247455
1 179.156264 207.671681
1 240.615226 143.138686
1 127.458320 136.725538
2 140.141675 118.596450
2 165.416883 64.898337
1 196.410220 247.260135
2 266.169821 153.882480
1 218.306007 174.266992
1 193.453016 163.307770
1 197.583475 173.290656
2 287.864037 68.388743
1 223.527495 172.850742
1 190.901665 235.564863
1 160.319362 266.373309
1 149.577158 207.284825
2 166.039068 84.087116
1 241.450258 204.365055
1 216.877060 157.445684
2 317.667872 195.731067
1 197.189794 180.643450
1 241.807129 187.093641
2 157.244823 99.606931
1 197.299020 202.173215
1 195.552244 151.806658
2 171.244360 543.570455
2 20.994490 632.140718
2 66.088670 339.827348
2 153.389716 641.988353
2 215.846863 380.439899
2 197.668517 576.454287
2 176.469311 624.306723
2 142.015951 484.013842
2 162.585077 510.800457
2 28.754951 434.886062
2 258.849622 571.780342
2 28.433730 395.907137
2 285.577834 399.682199
2 243.642724 359.433039
2 206.003233 444.655875
2 119.399959 429.388510
2 73.254313 598.941207
2 134.954239 645.637362
2 99.191083 646.504344
2 207.408084 475.388057
2 175.878546 664.310229
2 303.951014 400.285657
2 154.292481 590.928281
2 138.993785 623.818634
2 297.069830 612.912574
2 276.127268 574.773017
2 295.558361 609.220173
1 307.163240 654.216965
2 327.552848 611.213278
2 227.759177 615.787893
1 322.172080 650.080397
2 102.858080 650.262045
1 145.030728 772.537774
1 157.487720 793.321122
1 126.746203 786.033927
1 143.108860 781.374177
1 154.390032 786.035741
1 145.163527 789.729331
1 142.908453 785.024548
1 147.016255 764.763246
1 140.785421 784.378476
1 149.145823 789.074265
1 164.059055 789.500816
1 129.883861 767.236260
1 162.035259 791.309183
1 143.341848 761.361544
1 157.305392 776.514772
1 148.994945 781.462857
1 139.319658 769.947154
1 150.635253 800.337475
1 139.604911 775.162807
1 139.669431 765.674780
1 148.445724 798.992661
1 161.454364 774.691989
1 145.115120 801.068668
1 147.551750 782.847987
1 130.097206 782.724603
1 146.637271 794.320656
1 144.572743 765.796607
1 165.210033 792.478869
1 145.398130 795.977175
1 138.434013 794.852440
1 137.038868 779.913534
1 154.683136 787.143884
1 151.684056 759.675614
1 141.519321 797.625571
1 172.323697 786.749599
1 143.634279 768.792677
1 171.706840 790.920699
1 150.302771 764.452877
1 154.831874 780.177508
1 165.169143 762.646692
1 139.070384 777.583477
1 164.121171 782.791520
1 131.403224 778.324781
1 147.781349 780.633312
1 142.264031 791.512781
1 156.685346 781.153872
1 144.954823 801.106475
1 168.558070 768.279076
2 45.445622 846.788738
2 314.745031 695.223919
2 278.842459 682.923933
2 144.085517 872.816056
2 179.601668 815.345060
2 235.255087 804.442660
2 25.964187 815.865713
2 66.431093 926.363874
2 304.534268 779.614386
2 226.630879 780.766078
2 168.179667 893.592700
2 155.089063 886.894080
2 206.757819 820.565459
2 95.990597 827.499648
2 100.781039 780.964956
2 251.927141 815.949635
2 97.995087 682.932946
2 109.632884 844.386862
2 186.317673 845.551338
2 54.460575 712.218472
2 132.847880 719.890740
2 251.392151 680.540094
2 92.891069 894.358573
2 78.445487 880.182434
2 292.569065 875.351900
1 143.909580 778.937950
2 315.092768 678.803536
1 152.440731 802.873064
1 191.236408 795.564723
1 158.019244 755.658598
1 155.111385 826.447194
1 116.542122 775.134161
1 132.062924 808.105208
1 155.723953 817.695706
1 115.324043 763.212939
2 23.464626 833.735782
2 106.036438 862.331229
2 123.095832 869.758180
1 158.520750 774.033074
1 155.502481 796.043154
1 134.566460 822.559282
1 171.332079 776.590320
2 254.357272 802.883099
1 175.577062 734.584026
1 126.686523 857.077450
1 148.098365 732.949331
2 269.559158 845.632133
2 122.665373 765.318168
1 189.155203 761.309515
1 114.929575 827.217312
1 170.697292 780.486459
1 98.362898 784.744685
1 149.691804 753.216475
2 129.199657 862.837822
2 119.672134 866.212417
1 144.825492 724.106858
2 80.852286 821.727071
1 141.768977 802.963570
1 187.971117 825.300238
1 166.892791 729.511874
2 15.960763 702.476840
1 157.261214 742.030011
1 140.457907 745.499373
2 296.166079 724.160543
1 145.967362 730.882189
1 120.732214 757.887771
1 121.265990 740.040957
2 223.764694 694.750940
1 135.326707 788.646430
1 161.296621 749.932840
1 160.077972 743.078802
1 149.391594 786.848692
1 126.867572 806.274368
1 170.280302 732.278192
1 136.891982 791.263577
2 276.101807 843.205984
2 122.431319 735.763738
1 157.980322 829.239433
1 122.977379 697.652249
1 178.699089 776.374884
2 226.205501 680.126565
1 170.151522 826.354090
1 166.060464 711.660955
2 319.015558 738.161290
1 169.268558 702.608078
2 99.126833 844.507516
1 147.975152 760.778437
1 178.664759 718.578835
2 124.129409 869.874284
2 268.059159 717.893017
1 132.005908 740.924609
2 89.887654 906.393656
1 175.615658 810.736390
1 144.410100 757.965627
1 115.884482 777.701973
1 227.840901 841.595372
1 183.045652 772.878070
1 120.423110 780.683900
1 137.047263 696.206803
1 90.828999 740.964899
1 190.503640 782.851232
1 165.876413 807.388173
1 194.515909 753.341251
2 145.489014 704.709243
2 105.914773 786.756202
2 109.094181 890.196712
1 121.045619 847.790873
2 110.770202 827.052009
2 105.172838 817.618325
1 94.737712 861.439026
1 179.833020 783.457862
1 141.601191 772.160798
1 154.867593 757.356160
1 155.337587 794.767695
1 120.772192 806.072314
1 162.844580 784.690397
1 89.852352 851.429639
2 21.271132 758.071856
1 131.584651 795.917637
1 161.106251 817.053081
2 90.227908 832.421645
1 153.902274 789.327919
1 213.013921 722.349071
1 207.413929 804.658876
2 349.778605 9.205542
2 605.066590 47.788371
2 589.443399 329.344407
2 581.120796 112.089809
2 665.653347 275.935088
2 363.834378 164.526498
2 647.042743 256.695106
2 527.996854 292.824059
2 666.366008 82.483431
2 649.420891 250.178670
2 429.921659 60.700783
2 442.269964 137.611678
2 578.546029 74.844074
2 463.885595 159.578450
2 340.834231 314.390766
2 608.180601 176.614387
2 581.659812 104.667085
2 584.759719 8.514276
2 406.604858 243.912258
2 393.617551 91.206526
2 530.761359 200.478255
2 390.672135 228.799509
2 623.500289 78.874461
2 371.782737 51.913341
2 402.867411 243.143525
2 334.950622 271.238755
2 444.498006 305.325461
2 571.288115 214.680961
2 459.060437 293.612571
2 395.152084 292.310590
2 589.748262 208.806011
2 345.297985 190.431166
1 382.260213 656.654334
1 400.060358 664.114563
1 405.111228 654.743552
1 414.979481 651.653271
1 403.504982 652.571265
1 390.688447 647.845610
1 405.143784 645.741016
1 397.298582 643.386521
1 399.545928 650.646476
1 408.363581 655.378863
1 407.056579 652.214464
1 387.102474 631.882672
1 385.087245 644.224714
1 412.893603 637.657770
1 405.531501 633.996536
1 408.893194 651.784645
1 398.156383 646.538719
1 400.441090 649.314884
1 397.339133 647.323642
1 399.327124 649.262928
1 400.506485 650.383943
1 395.364842 649.921690
1 398.053061 653.189044
1 394.188539 646.559336
1 398.752565 649.912308
1 397.250624 649.699913
1 406.456430 640.285232
1 380.873523 652.353149
1 397.868197 650.876934
1 400.504314 653.885126
1 421.667448 648.733453
1 422.983944 640.758248
1 380.384746 651.717041
1 411.925322 644.440037
1 408.039858 649.382839
1 394.418308 649.889421
1 406.652711 633.066539
1 394.377634 647.022654
1 394.835188 662.032331
1 395.472651 631.200161
1 402.283887 655.352194
1 414.147286 642.437744
1 412.439738 656.811921
1 394.118353 663.469716
1 402.351592 650.678890
1 393.106662 639.004447
1 411.733015 641.469493
1 401.110278 649.500800
2 455.653924 403.258451
2 363.487086 575.203866
2 554.207542 524.403726
2 407.654692 539.267475
2 422.263068 585.874800
2 545.309700 599.809725
2 569.053141 516.305782
2 472.503920 468.156992
2 638.136057 382.283967
2 337.238754 627.361551
2 514.384405 514.909617
2 421.769390 657.734760
2 567.767176 623.068481
2 531.947152 538.399774
2 414.301767 487.742486
2 346.897906 350.992522
2 515.624875 369.475080
2 379.458646 395.931238
2 603.739266 638.164720
2 501.170248 578.989438
2 493.003781 406.135317
2 439.302773 543.991638
2 622.657885 589.764738
2 418.523773 349.099599
2 400.695022 591.662895
2 356.809001 521.837604
1 368.626370 603.885038
2 451.571106 558.917207
2 520.252487 637.012663
1 407.593498 647.969657
2 416.291544 478.812432
1 454.827562 650.498517
1 440.442423 612.847624
1 356.955693 652.227632
1 415.588437 641.091271
1 392.849905 654.047558
1 377.251540 615.286086
1 435.208032 617.890082
1 406.359282 662.028048
2 462.856178 558.995174
1 399.440819 564.267607
1 351.719081 655.266961
1 475.470623 592.337662
1 426.856135 639.321435
1 366.367498 641.077699
1 432.439807 608.419358
1 421.437602 645.558752
1 369.180934 655.504982
1 413.365849 596.724743
2 420.588804 530.890145
1 387.123401 572.803588
2 427.941263 551.232112
1 411.990242 613.285506
1 413.589577 663.649378
1 433.552032 658.064672
1 383.287129 635.213803
1 467.432092 637.479757
1 510.799836 638.470166
1 440.003524 654.570139
1 441.200434 630.575140
2 382.009204 596.176591
1 390.269565 633.136803
1 454.157030 555.488279
2 420.977367 504.599427
2 633.189300 656.580679
1 435.957618 592.895059
2 515.957771 662.907875
1 395.360731 644.901345
1 420.504589 658.825153
1 431.427790 618.470324
1 433.784901 646.896793
1 346.211831 612.540455
1 414.412923 665.847894
1 433.316709 597.152689
1 429.839511 659.289161
2 525.507343 581.488376
1 444.207199 584.005246
1 387.162167 639.823192
1 430.866453 625.854869
2 389.726332 595.401060
1 396.279702 607.451006
1 405.472417 660.342837
1 404.569132 665.951979
2 542.509246 604.409863
1 390.943196 648.310184
1 461.214118 558.376680
1 429.728563 646.818134
1 479.554801 600.481680
1 439.170787 631.787198
1 374.116065 629.929930
1 352.734356 609.904249
1 355.019845 617.647364
2 535.123284 644.813239
2 361.110751 608.329938
2 626.262092 653.825185
2 469.780325 655.279404
2 340.687658 663.909092
1 436.832039 579.211022
1 384.293088 654.071176
2 359.886426 660.934895
1 411.668134 668.368042
1 592.269184 788.914880
1 591.487549 810.596792
1 569.833038 799.846903
1 562.838830 823.133327
1 581.619194 791.499844
1 562.109298 801.404777
1 569.393378 799.362321
1 575.479506 794.895237
1 550.314057 812.352350
1 585.959880 788.115219
1 564.241788 810.020203
1 569.629502 802.786922
1 577.599504 805.651019
1 574.622168 791.722488
1 564.053403 790.297419
1 553.192257 793.616418
1 549.161840 788.600295
1 576.378288 808.759825
1 569.200985 800.474026
1 576.727973 810.336564
1 553.858209 800.021254
1 559.810518 804.961297
1 548.627846 793.185977
1 562.278597 797.613960
1 571.998115 799.433039
1 566.964520 801.578735
1 574.470780 783.193272
1 572.089694 783.789241
1 570.978102 799.174940
1 576.423917 815.735739
1 592.906930 809.881322
1 592.085861 806.001343
1 575.887485 815.058752
1 574.647485 814.706093
1 562.839817 799.521881
1 565.419632 797.485520
1 555.859829 792.941726
1 582.643007 781.605743
1 586.486928 795.935543
1 571.754810 812.072489
1 569.199946 795.767835
1 580.683493 819.967901
1 571.582199 797.383136
1 590.387599 797.733528
1 577.335586 808.401524
1 580.041311 806.092403
1 567.753650 797.303679
1 561.438024 797.509067
1 570.353356 805.491408
2 577.914558 714.854242
2 436.675419 920.930438
2 601.527925 716.441812
2 443.770658 934.503837
2 574.700117 858.400583
2 610.104511 840.210379
2 642.694306 910.732831
2 659.645040 947.878012
2 526.803464 864.987154
2 486.398273 802.952947
2 349.544459 746.803773
2 381.538185 894.107693
2 339.589366 723.918474
2 412.598899 810.795338
2 382.367949 691.752045
2 448.318685 952.522040
2 503.259611 871.763370
2 408.423329 772.895511
2 650.792042 795.792364
2 520.087113 997.883590
2 496.779949 667.697406
2 447.291469 719.800295
2 646.125732 813.346760
2 473.722511 702.352219
2 648.836860 787.895538
2 572.124382 759.782192
2 542.324607 680.102779
2 622.243191 962.189270
2 524.971951 840.720524
2 430.984447 864.594218
2 583.814646 844.751735
2 616.138961 886.174952
2 621.815409 699.092864
1 551.615014 762.158768
1 404.965987 674.727009
2 528.971036 800.093813
2 436.968442 680.021260
1 563.068933 813.397001
1 577.962209 835.921540
1 558.344545 799.586019
1 494.176915 740.865856
1 587.223792 808.316183
1 594.616971 821.891089
2 591.911656 851.873179
2 577.797748 841.950561
2 545.747488 739.179668
1 555.477639 795.269513
1 533.522019 811.285673
1 587.939355 816.413873
2 494.775102 678.838947
1 510.788522 823.986669
1 409.840065 672.510810
1 562.482692 810.193352
1 371.476210 680.561811
1 579.486352 820.442769
2 400.249210 853.296428
1 587.188489 829.415801
2 491.169679 707.067934
1 608.134967 750.726578
1 562.631690 799.173401
2 652.997009 975.726786
1 529.117345 829.765803
1 362.734196 676.328830
1 373.679505 681.768754
1 578.436065 813.678778
1 598.732537 795.767128
2 533.927498 830.916447
2 473.298281 729.480895
1 412.998736 671.015544
1 412.448734 699.911850
2 468.158440 671.080308
2 602.419991 672.452819
1 421.291714 669.132871
2 593.394378 799.383581
2 479.347783 689.441043
1 602.652191 854.103754
1 411.451928 670.492424
1 600.227583 758.235188
2 476.472347 685.975130
1 565.587650 775.274031
1 570.271270 812.494445
2 506.357091 676.358053
1 578.698787 800.325752
2 652.907271 817.545712
2 340.938149 684.986946
1 515.735537 820.300906
1 531.080295 828.371939
1 500.229612 707.696464
2 589.322432 827.619157
2 629.968261 788.260726
1 559.317864 818.914200
1 587.853898 824.966841
2 635.329013 739.585643
1 573.334373 796.302423
2 386.123932 687.506939
2 465.812181 742.488703
2 374.978023 718.172900
2 452.341430 766.485879
1 600.439011 783.483471
2 514.569986 669.675257
1 559.833950 808.578387
1 617.406358 786.584119
1 555.147168 819.702572
2 651.773747 737.605149
2 551.365403 674.363225
1 574.250387 811.205568
1 596.025466 813.150950
1 615.641275 803.329604
1 582.099562 830.100580
1 417.841827 679.748807
1 596.260591 794.468687
1 573.513750 802.331168
1 582.164154 813.555718
1 578.077080 844.872258
2 609.609686 749.252799
2 465.300757 704.093717
1 559.201328 794.804802
2 617.313529 826.621349
1 549.561674 817.081149
2 622.535042 718.840564
2 586.649374 769.971551
1 388.791930 691.992975
1 585.756103 808.904754
1 557.962649 773.753216
1 527.905277 802.171899
2 589.399420 811.234098
1 558.534008 826.826704
2 463.176163 697.330354
1 556.237635 845.680934
2 461.583045 804.243499
1 621.428256 801.365337
2 474.662634 745.160569
2 582.233257 842.255677
1 594.220001 844.806765
1 552.834735 777.724241
2 641.429938 973.244462
1 402.592251 675.012831
2 572.196338 795.882589
1 586.054720 788.041744
2 640.201315 803.356909
1 564.935484 824.192099
1 825.323420 313.131564
1 817.333145 301.770809
1 812.226200 290.236725
1 830.429414 297.607845
1 824.995430 303.209579
1 814.043604 287.613507
1 833.030645 316.684872
1 831.667684 295.476292
1 814.058431 301.075981
1 834.044190 283.999700
1 827.473053 308.571495
1 819.691371 300.488439
1 820.776003 303.481807
1 835.591285 300.783414
1 807.626186 302.934711
1 820.155986 304.158386
1 822.841290 275.549347
1 826.779512 299.570688
1 802.061386 300.942897
1 818.328382 301.953430
1 830.789986 321.305360
1 821.461269 298.275657
1 837.939457 290.559085
1 809.734327 290.916042
1 799.208382 306.913418
1 827.960425 295.295719
1 822.190965 301.146311
1 828.619228 297.276916
1 824.871657 302.618242
1 818.187449 299.010597
1 822.031434 305.360813
1 822.383471 302.747937
1 820.658663 284.509079
1 809.235061 314.367895
1 817.915434 307.558264
1 838.150705 307.822859
1 817.894563 302.926957
1 820.400217 300.308929
1 833.266366 306.872088
1 824.072163 310.451970
1 820.862003 300.408726
1 818.762404 303.936763
1 812.497967 279.106009
1 829.669497 290.198884
1 832.419664 315.356267
1 820.978513 300.690964
1 797.302606 305.825083
1 843.686914 295.652230
2 666.798979 177.648918
2 722.194114 196.170142
2 799.967573 112.965367
2 893.464066 245.978228
2 755.215109 262.818065
2 967.740334 176.295514
2 847.526756 47.555112
2 896.554048 172.220755
2 882.950573 98.002196
2 919.808063 177.226763
2 777.515608 169.121337
2 763.118143 314.693327
2 830.285743 135.188482
2 995.768737 265.352777
2 801.264136 178.192910
2 675.563414 185.947463
2 900.574006 251.836751
2 844.330495 166.834008
2 792.672124 105.940476
2 786.455709 275.805450
2 909.989381 231.012482
2 721.232896 113.150164
2 850.339335 302.945682
2 955.189126 119.127902
2 923.431828 272.093459
2 921.373790 74.377634
2 809.899771 309.508034
2 700.217118 149.705557
2 923.879637 114.424918
2 799.230402 268.265659
2 725.838965 321.164163
2 826.266588 220.737925
2 746.763665 98.818846
2 942.296089 88.085685
2 998.183651 278.084384
2 992.212422 18.595498
2 961.750529 170.609145
2 747.794707 283.159653
2 743.638688 290.934731
1 826.784420 286.859518
1 836.950913 292.207577
2 734.260270 273.908868
2 784.234176 261.078689
1 813.511760 299.366027
2 890.522145 302.081676
1 805.541207 268.860750
1 816.088810 324.928851
2 821.374357 277.895011
2 756.120858 260.838661
1 801.326465 318.576799
1 780.093004 271.265852
2 756.273105 255.318953
1 832.308291 288.613474
1 841.797134 276.581054
1 837.877489 283.144075
1 805.527880 283.318301
2 808.597694 292.999399
2 884.614549 289.893938
2 731.884214 267.487040
1 854.996886 270.029235
2 920.508514 297.370230
1 823.947151 279.790253
2 737.078781 279.689596
1 847.849798 290.337262
1 801.660045 303.064053
1 804.825128 295.852163
2 910.108643 172.514022
1 867.015772 272.706156
1 797.178396 278.238650
2 909.848899 222.444235
2 806.117340 225.598046
2 788.386062 331.936093
1 790.275390 261.383220
2 917.044545 299.004704
1 818.876097 290.899454
1 826.454848 312.246579
2 728.009604 322.642517
2 771.931576 184.746419
1 857.528905 287.644447
1 830.601427 261.821570
2 806.907039 294.985493
1 817.700622 303.224810
2 701.014793 267.427994
1 808.075045 235.776850
2 743.689678 270.743314
1 883.004634 294.046988
2 899.603886 245.860454
1 799.485041 321.143823
2 699.907205 299.118233
2 832.314188 253.361696
2 893.915121 130.501347
1 825.758510 280.202049
1 781.960691 274.302719
2 802.530397 251.345011
2 818.064994 228.261336
2 779.759702 286.817269
1 781.862447 272.483217
1 819.173691 289.870449
2 875.780282 280.203145
2 873.447979 157.212758
2 866.059459 179.143929
1 763.292521 308.547528
1 779.506545 314.795160
1 738.582044 307.697443
1 870.720064 326.280391
2 713.218460 267.225527
1 817.944882 275.413210
2 753.437207 264.370932
2 788.688504 188.427444
2 773.383814 163.066167
1 823.134473 266.358166
1 802.783172 310.401206
2 777.998829 269.759958
2 886.757906 329.590641
2 869.694167 241.074015
1 813.657768 250.820631
1 797.818406 303.940632
1 824.054662 314.571773
2 670.464083 268.301934
2 799.368749 289.482396
1 830.990825 299.501648
2 857.285072 164.361489
2 919.954343 316.416785
2 871.645726 228.921421
1 801.919284 281.135143
1 849.011853 261.004649
1 823.796853 311.899194
2 788.188379 127.093517
2 868.823522 269.957886
2 703.632013 288.600233
2 743.532891 297.071492
2 924.822934 360.146150
2 853.461554 617.476469
2 898.600168 540.882315
2 677.775509 342.930127
2 750.100477 352.702020
2 867.559483 627.575568
2 910.013623 458.782088
2 968.121624 355.378469
2 909.437058 404.824141
2 921.326964 580.380160
2 857.254788 594.139169
2 720.361765 580.513346
2 772.892698 525.418582
2 952.169677 569.099599
2 813.839232 641.817628
2 864.808386 501.433124
2 922.861860 409.129112
2 757.961885 346.761935
2 921.044725 367.612915
2 710.275476 501.749901
2 821.702857 505.467745
2 923.699222 340.109950
2 857.317670 417.800218
1 866.751999 333.579250
2 754.433708 363.194572
2 719.522635 371.014908
2 840.276023 423.367359
1 799.292944 343.949941
2 969.379596 366.064017
2 768.238011 385.763452
1 792.029616 346.912650
2 804.543806 358.600896
2 697.536481 364.420322
2 764.222113 377.586187
1 771.817063 359.979338
1 776.233893 356.277193
2 841.609367 416.802842
1 814.794217 359.967415
2 703.192069 399.109653
2 908.006456 424.496742
1 858.926985 355.650768
2 788.736761 359.719432
2 729.665039 415.858220
2 753.257703 354.758371
2 959.777442 367.492009
1 705.066188 339.228694
1 792.087561 348.470539
2 815.784966 423.313853
2 817.317326 740.240759
2 728.193996 675.485181
2 737.304823 749.460525
2 676.107195 838.903866
2 836.032604 668.933878
2 977.535892 947.458170
2 906.207141 929.633314
2 970.266889 912.324051
2 841.109441 723.509132
2 975.466924 771.741003
2 981.902447 834.698518
2 864.426634 915.553717
2 960.869334 752.871921
2 761.362816 885.111847
2 693.274694 781.004788
2 666.953286 932.102326
2 741.835712 871.078402
2 780.253001 708.401185
2 806.801612 766.132397
2 666.679859 890.383767
2 698.925465 959.954892
2 999.201213 799.232483
2 677.628562 826.281020
2 716.383944 932.044268
