1 202.078525 179.315206
1 186.819888 180.064576
1 214.176846 164.074055
1 182.952212 174.534474
1 196.768541 177.505941
1 204.328503 189.087506
1 210.958168 179.125455
1 189.331589 163.877402
1 203.527437 163.832954
1 193.067098 161.343859
1 199.534577 179.521387
1 201.970054 177.160632
1 180.724814 194.967207
1 203.531713 193.973627
1 196.032144 186.401373
1 216.060535 192.472274
1 198.853969 176.148251
1 192.250519 197.907028
1 188.637822 183.889312
1 189.229870 181.374885
1 199.026631 174.339036
1 190.123317 178.772194
1 211.479674 193.053529
1 201.737982 180.358956
1 199.410362 165.275356
1 200.678000 184.928028
1 201.121318 185.842062
1 185.497611 180.646397
1 198.505473 182.127880
1 182.344040 172.955946
1 194.792092 166.717099
1 186.702925 186.835629
1 203.281993 182.508794
1 215.404842 195.972708
1 205.148379 156.622375
1 203.190361 193.766879
1 201.587909 182.185522
1 210.067252 172.806962
1 219.552365 187.629988
1 175.586815 211.613622
1 241.684389 197.855366
1 155.087301 195.416614
1 127.987463 190.360469
1 180.326952 179.233228
1 177.767995 123.905033
1 174.958182 153.491411
1 211.165461 190.722412
1 217.491036 182.092250
1 221.098720 204.924248
1 249.302524 171.359656
1 118.442971 192.153754
1 219.523665 198.965502
1 175.360924 191.049614
1 204.335087 162.163515
1 218.564834 183.744809
1 219.581939 143.910166
1 239.391311 156.355417
1 206.002689 189.730315
1 187.021996 202.587418
1 208.108615 190.698322
1 163.575444 224.628151
1 212.326357 186.693713
1 211.707925 219.119355
1 156.590779 209.208547
1 196.884750 203.600072
1 195.504409 195.375931
1 122.806490 203.308246
1 178.643578 161.251519
1 173.410674 178.695719
1 163.090378 264.281164
1 213.016055 190.650967
1 167.220211 184.178574
1 146.325613 174.799161
1 178.616605 153.481772
1 210.427343 206.614710
1 175.532534 212.806627
1 205.645822 187.614432
1 200.913660 168.707674
1 224.495713 142.607691
1 202.943773 195.623101
1 173.522141 180.510996
1 191.942016 202.851099
1 195.457397 201.668982
1 205.564118 178.311373
1 216.251248 216.404724
1 196.513224 219.203445
1 217.053793 192.915650
1 139.049529 214.929696
1 237.550397 183.709179
1 165.168645 155.769866
1 174.474437 220.124343
1 197.772577 200.930305
1 183.944526 184.223042
1 159.016217 221.437357
1 226.531875 146.476974
1 166.457900 176.893135
1 225.645846 175.383694
1 198.221115 218.985745
1 170.530925 175.922352
1 205.104851 143.403789
1 207.419745 173.334235
1 175.306643 192.242619
1 156.611298 173.486166
1 208.577939 185.983760
1 229.607038 212.643345
1 201.019335 156.359343
1 197.197868 180.096131
1 190.213946 191.311687
1 173.639667 168.987462
1 241.849931 158.384870
1 249.496977 221.536230
1 214.089355 211.119571
1 257.000719 202.941007
1 190.267392 211.182383
1 208.110904 181.431568
1 159.092306 208.097711
1 193.943563 134.954284
1 186.626190 172.506501
1 203.757206 125.936944
1 197.282115 151.242166
1 220.447201 164.173699
1 211.997993 127.105068
1 202.498254 198.837209
1 255.420618 233.377711
2 59.664177 453.414726
2 50.576305 436.787278
2 58.482343 434.984402
2 51.425367 440.837784
2 43.175214 434.119097
2 63.347146 425.863559
2 60.732494 408.726670
2 72.406240 438.663397
2 68.614963 418.307461
2 78.024736 442.886722
2 67.604440 409.186050
2 64.626408 427.958435
2 74.532559 427.224107
2 45.398665 416.726962
2 56.673980 431.836704
2 64.811656 413.906890
2 39.766784 432.656259
2 54.629899 427.696813
2 64.010856 425.553187
2 59.602518 430.313672
2 80.182577 438.192942
2 61.246465 421.775181
2 60.792721 428.363508
2 61.668450 429.694248
2 53.810192 419.722364
2 56.705041 425.612133
2 56.175670 411.315359
2 63.494198 428.757342
2 83.436392 431.710276
2 56.345963 431.619136
2 43.408837 443.731623
2 65.727367 424.865274
2 71.831915 415.201987
2 61.552714 420.683760
2 54.176240 408.216230
2 54.332525 422.651007
2 65.391002 431.691994
2 63.955935 438.324871
2 40.333242 444.457525
2 47.776520 438.419990
1 326.020706 614.976069
1 318.874706 616.523194
1 329.622422 514.604509
1 310.964178 638.248282
2 64.058417 443.512976
1 315.976199 604.558288
1 330.086030 659.834081
1 308.124013 627.476351
2 103.706621 397.112155
1 137.580917 790.113407
1 154.195366 773.573497
1 148.767415 779.060031
1 148.218661 777.629893
1 139.421185 798.342218
1 138.908182 789.084680
1 146.418749 784.457072
1 160.131038 787.909778
1 150.308837 780.140365
1 157.117436 792.632554
1 158.460107 771.246079
1 157.586055 786.824144
1 151.165851 778.942263
1 154.737368 774.207855
1 153.580006 777.188003
1 164.555545 789.736037
1 150.928066 781.749938
1 161.261873 761.410870
1 163.909595 777.338638
1 146.093343 790.984559
1 136.628337 785.524255
1 140.338804 770.199865
1 135.578839 792.133503
1 135.556030 777.083723
1 153.267474 780.133094
1 150.762099 774.299002
1 129.636304 786.653029
1 147.859911 793.014543
1 150.481933 780.709372
1 147.324617 770.897743
1 165.789670 780.267917
1 170.979326 792.811980
1 143.297630 795.898551
1 154.225798 768.676333
1 156.864742 796.891839
1 161.861036 758.807051
1 128.360333 771.670554
1 157.033526 783.322430
1 171.076966 768.126136
1 144.477388 777.595097
1 165.961065 763.317471
1 160.573092 762.600482
1 160.342523 833.296756
1 145.156319 752.237186
1 118.982281 822.463437
1 154.658852 759.638448
1 72.542848 779.781784
1 117.524067 775.385542
1 204.493813 766.204456
1 165.473703 798.942659
1 120.558998 800.667611
1 128.914464 772.015658
1 165.538469 757.908129
1 110.966721 786.300898
2 319.623446 860.812754
1 181.324779 776.678827
1 113.549131 767.877527
1 99.162194 785.949695
1 159.961960 770.734081
1 44.669916 767.953932
1 192.678946 746.796682
2 329.029610 853.578925
1 180.320711 802.649998
1 132.950654 784.612924
1 187.708798 775.021785
1 186.951159 829.071628
1 198.025835 821.370775
1 127.951486 776.686811
1 192.289310 770.627065
1 182.246917 824.231195
1 125.029151 749.950370
1 181.512511 761.235280
2 328.557144 841.737305
1 165.196296 803.131255
1 138.480774 789.667433
1 109.329743 773.303010
1 122.592475 777.381037
1 248.002743 835.797385
1 153.470645 779.577313
1 110.010980 807.995486
1 105.884405 786.262407
1 106.364305 768.149582
1 85.025460 820.063997
1 129.320306 810.416839
1 197.501376 792.539045
1 115.283074 752.125688
1 90.758448 805.155410
1 165.203458 774.438770
1 128.936282 791.460718
1 123.306817 817.104431
1 156.103970 783.113826
1 140.701852 760.127640
1 163.775103 786.497100
1 180.938094 858.420399
1 156.363759 757.532690
1 134.595461 767.602145
1 125.303785 776.630161
1 125.902368 782.269361
1 180.216484 794.196874
1 151.743647 800.076326
1 127.261231 760.695480
1 147.725469 751.544233
1 163.099699 764.560480
1 104.979093 764.744049
1 160.006645 719.200131
1 125.533223 778.232446
1 147.871395 762.213119
1 143.209107 811.395818
1 97.886094 781.729751
1 173.198793 844.073489
1 216.891881 755.134336
1 133.268602 812.654540
1 152.429886 844.076527
1 150.443586 790.633214
1 144.455381 794.566977
1 166.268399 742.029072
1 159.207600 838.073029
1 54.083830 778.712280
2 499.585782 134.991032
2 487.072859 134.072046
2 483.869978 133.688808
2 506.632547 149.885286
2 492.965995 129.845313
2 518.370217 137.655406
2 500.372290 132.347817
2 487.886167 155.139001
2 500.592111 143.538737
2 509.219396 138.393067
2 509.805614 158.859363
2 494.685072 156.280964
2 493.952420 155.236588
2 503.031665 142.810787
2 503.838197 164.691625
2 482.063822 143.746553
2 491.287710 130.238975
2 493.997559 149.054409
2 492.726283 160.391446
2 497.273132 140.416961
2 480.665799 140.519273
2 491.863470 139.404843
2 484.169628 124.939385
2 500.296424 143.208910
2 488.163780 137.309645
2 490.172815 141.775291
2 497.665782 137.406016
2 504.235634 136.967520
2 507.121802 126.362128
2 504.037112 143.205893
2 519.923327 144.451390
2 507.237126 134.154348
2 495.384363 140.921447
2 497.827101 132.321328
2 520.065446 142.572758
2 485.296409 121.877189
1 414.159271 654.484542
1 396.965906 656.429721
1 409.232629 630.668999
1 407.023245 639.978443
1 393.944144 650.141133
1 399.197276 650.149638
1 405.431374 649.333913
1 391.300101 656.779568
1 399.486811 646.725757
1 400.259023 649.944374
1 399.088965 649.256337
1 395.487644 652.575963
1 399.326209 652.158784
1 411.968041 650.520766
1 391.609420 665.205160
1 408.133576 630.837110
1 399.173399 644.191207
1 409.607785 663.929181
1 389.841955 658.005263
1 400.774781 650.308213
1 399.641320 649.664334
1 396.906714 642.965381
1 396.371375 649.914623
1 381.955513 645.056636
1 398.298446 654.480653
1 405.424793 638.575822
1 381.367666 653.613494
1 410.397212 637.327155
1 398.660293 649.819049
1 390.971265 647.465206
1 398.602001 647.378318
1 394.385557 654.002274
1 393.340697 642.555826
1 411.539163 654.654595
1 408.226809 628.395687
1 415.984239 646.909203
1 399.215922 650.971434
1 423.036678 654.281203
2 559.645556 478.749257
2 563.369408 490.282628
2 559.161220 474.688788
2 556.840378 498.166857
2 558.252617 486.808067
2 558.899972 479.781194
2 548.343974 488.373185
2 559.745212 479.979779
2 569.635254 470.297255
2 565.753896 479.453980
2 568.280122 458.401332
2 552.993692 480.154732
2 536.452940 475.645585
2 545.797056 473.774194
2 567.445625 494.042759
2 562.460124 483.713340
2 558.284391 476.821103
2 547.655082 458.294657
2 561.074381 495.485274
2 566.168079 497.857587
2 557.684401 461.115869
2 552.590856 490.349685
2 560.512513 470.929234
2 563.243376 477.289553
2 542.971177 465.114985
2 553.586758 461.895545
2 567.193653 481.763242
2 564.631733 472.059136
2 559.099342 479.038836
2 580.142647 476.366680
2 565.634408 455.665149
2 564.291244 478.719299
2 548.831643 495.501298
2 544.664903 471.243575
2 568.669514 482.475636
1 369.622093 654.967433
1 341.540290 643.852993
1 391.177271 613.542351
2 531.043860 512.046785
1 440.650534 609.966054
1 396.853006 661.977759
1 394.043176 649.244559
1 406.483309 665.861829
1 445.442227 637.200413
1 377.646477 639.132360
1 425.553710 644.359824
2 603.688543 482.735263
1 422.804788 641.199332
1 345.861943 549.248828
1 449.222628 657.772727
1 401.446383 625.633777
1 439.441162 647.233139
1 442.768935 623.776367
1 383.678847 648.427372
1 360.618656 640.976238
1 475.507539 612.053207
1 408.443311 628.607063
1 393.856022 652.682504
1 355.078561 597.843138
1 384.345231 624.229019
1 375.292985 653.114616
1 413.720468 610.140530
1 377.006530 666.643705
1 423.761300 637.671829
1 419.956240 648.499283
1 391.397180 643.889004
1 417.962909 658.420853
1 362.828558 646.125155
1 367.857142 620.044434
1 398.034622 626.668723
2 547.692604 517.075515
1 359.276937 630.635748
1 373.736324 608.463043
1 405.792431 660.781946
1 423.601645 621.332409
1 409.035048 641.843513
2 527.272160 460.185395
1 383.054253 666.509682
1 420.182952 614.485895
1 431.396556 657.284405
1 445.427157 661.670511
2 537.607472 506.972198
1 417.557013 623.974511
1 394.109491 636.886543
1 427.840550 630.498845
1 439.091675 610.629275
1 422.917492 627.834633
1 418.768024 648.733703
1 445.016829 638.507513
1 434.047560 628.520499
1 412.387720 649.260221
1 372.827805 653.958788
1 398.146656 559.336396
1 399.810531 625.863915
1 399.459726 626.649567
1 436.152838 613.102075
1 407.516587 648.916059
1 376.383472 637.858692
1 484.301705 662.256267
1 461.963333 636.703811
1 433.499438 629.008142
1 338.117483 647.983135
1 401.976492 605.782959
1 394.283609 613.356101
1 413.526441 634.287101
1 396.409570 656.391385
1 429.917711 643.057464
1 391.716121 638.183596
1 387.524065 661.484318
1 426.614520 606.185477
1 464.889508 644.153928
1 429.911852 613.225805
1 388.432619 565.661554
1 451.300030 655.597447
1 389.763065 659.511405
1 427.330526 648.027150
1 409.458330 638.109801
1 457.656939 607.807989
1 419.485111 617.076689
2 562.044365 448.469373
1 423.720022 630.328874
1 435.434343 617.249563
1 446.025456 622.768009
1 398.622402 642.799856
1 348.633932 650.422603
1 355.691112 658.654557
1 446.515607 575.369686
1 470.451302 582.543416
2 544.531946 459.089072
1 374.458702 663.762174
1 410.256393 654.191577
1 394.954126 674.308099
1 410.850476 670.035768
1 395.577588 668.116983
1 394.221399 669.527537
1 554.016372 799.904415
1 581.751516 787.336215
1 566.340280 801.260464
1 570.123937 800.021367
1 567.376086 804.549630
1 560.549366 808.971070
1 587.251436 782.693528
1 572.751738 801.405733
1 552.745377 812.852118
1 564.153244 803.367135
1 566.634687 799.764181
1 569.401358 802.703440
1 581.768991 798.964816
1 572.759855 799.243772
1 577.898006 790.170492
1 574.622078 798.789140
1 583.571398 807.125762
1 573.053080 813.579015
1 584.509425 787.087501
1 572.145453 786.877142
1 574.188549 798.183811
1 555.463841 818.504065
1 589.863390 791.962140
1 560.629967 802.699365
1 556.173005 808.304817
1 572.362892 786.040284
1 569.348468 803.664456
1 554.189676 788.492689
1 565.268759 792.765162
1 570.431892 804.553449
1 553.812317 802.677720
1 566.122417 793.535738
1 556.450136 801.912863
1 558.457108 801.771453
1 553.909713 813.565870
1 551.165307 798.782531
1 588.384833 811.338194
1 564.321143 806.739449
1 563.309108 788.919077
1 546.552111 799.804377
1 578.038975 812.878854
1 570.841369 788.925269
1 569.494965 799.816144
1 577.269699 796.321275
2 389.538227 833.879714
2 378.960659 833.429814
2 411.442228 835.670410
2 399.890100 830.041025
2 387.390942 851.011779
2 400.025746 809.960347
2 405.207302 850.738799
2 397.114311 827.173351
2 397.580039 831.068220
2 387.290173 814.781166
2 402.382769 830.642689
2 397.509522 816.278095
2 395.711069 837.208026
2 390.150597 825.066402
2 399.501159 818.059710
2 398.257724 839.003859
2 376.583223 838.678080
2 382.307555 837.874612
2 416.083383 812.282884
2 385.918454 817.639902
2 412.266138 813.407596
2 399.456228 830.895849
2 413.065501 846.807698
2 415.642324 835.764118
2 408.008256 824.890422
2 390.094158 829.951194
2 398.878255 849.165779
2 401.366324 848.649844
2 401.175089 840.522349
2 399.819838 837.191383
2 405.832256 845.406995
2 398.449407 821.013905
2 402.179150 831.091748
2 405.133892 836.167852
2 418.329704 828.496631
2 391.501291 844.196585
2 402.664223 816.254259
2 402.357607 815.581699
2 393.088402 831.176945
2 397.917414 854.296024
2 388.306593 841.258806
2 382.629465 844.753000
1 587.848603 770.051418
1 555.163077 811.762862
1 580.086800 845.838423
1 567.078889 854.355016
2 396.351305 882.451330
1 570.155633 768.765642
2 452.431434 812.462553
1 577.765991 842.242755
1 565.210618 819.057930
1 611.008879 758.012129
1 571.640318 850.461364
2 411.696891 797.234970
1 563.922584 804.801722
2 370.112525 832.387054
1 572.642736 808.794095
1 562.031192 762.032432
2 391.329453 860.784279
2 410.808958 801.813595
1 564.828855 777.392637
1 382.705372 686.376831
1 579.880697 809.364638
2 406.975653 771.008691
1 550.762848 824.646229
1 544.537968 826.798635
1 529.196826 804.417535
1 541.919728 767.005712
1 555.029633 790.279664
1 543.051747 864.139092
1 644.044253 880.161826
2 369.885139 861.960228
2 441.830834 848.979035
1 573.155125 764.484226
1 600.218227 748.196921
1 588.036938 807.229393
1 351.273344 699.508605
2 403.969624 794.001372
2 423.242580 805.875807
1 557.734069 846.960390
1 546.357182 847.031055
2 425.862925 788.564080
1 391.504798 700.092576
2 406.125842 832.186079
2 448.358778 851.054306
1 563.681104 790.711827
1 632.561393 778.350271
1 588.798937 864.079887
1 597.741869 815.545472
2 425.006273 829.565236
1 560.881091 820.014652
2 358.534637 839.572388
1 422.087808 690.508918
1 574.828008 779.328522
1 538.104581 788.680809
2 427.965704 825.585109
1 582.068486 832.270942
2 397.017907 742.310344
2 373.681498 845.017057
2 380.380456 816.684488
2 407.343355 842.188059
2 390.812101 823.314050
1 558.508372 816.373955
1 579.883470 793.938443
2 453.843426 879.488908
1 401.046124 701.989982
1 576.846703 801.784146
1 587.265533 752.292112
1 551.123075 786.006954
1 534.161709 794.933219
1 409.127759 685.431169
1 594.966536 827.364081
1 392.850367 695.036149
1 370.582031 673.574574
1 594.889850 788.357839
1 518.187198 789.354544
1 567.794336 804.935126
1 530.775439 804.597760
1 521.124884 855.710428
1 562.822249 806.782318
2 396.240894 814.455936
1 602.036126 836.671354
1 413.293725 683.008940
2 359.098819 846.344076
1 549.725182 844.324393
1 589.149447 802.931213
2 379.543982 859.615727
2 415.504175 821.724336
1 559.598752 780.593674
1 609.104074 873.862797
2 399.157141 821.168170
1 598.698341 876.364750
2 431.525366 798.056727
1 390.647238 673.206739
1 536.504026 817.083255
1 530.231430 810.328115
1 569.146464 805.720159
2 413.699401 804.821741
1 584.727235 763.839194
1 554.824253 818.109758
1 540.500504 845.196756
1 593.230723 743.889880
1 440.411482 695.784919
1 568.971887 793.710686
1 369.041525 685.077252
1 630.307083 767.015836
2 486.301785 813.995552
2 436.762226 825.924164
2 436.383456 831.294198
2 369.648471 788.648304
2 381.465032 818.046300
1 612.141204 788.897253
1 573.457874 804.848488
1 435.457014 699.861444
1 531.779325 801.652481
2 398.705295 876.490376
1 572.979247 815.510979
1 570.158366 824.090843
2 407.375237 849.357880
1 589.788206 794.057534
1 594.966473 792.473174
2 397.407279 884.704345
1 556.894274 787.881648
2 426.004184 844.009974
1 558.210450 800.724793
1 573.575818 814.383108
1 575.932111 838.202225
1 576.221546 825.352905
1 410.850412 671.729290
2 381.408240 874.642972
2 367.791092 834.370128
2 418.610198 854.938483
2 379.130893 835.691024
1 547.143724 755.946086
1 560.821673 793.081481
1 625.573889 774.043230
1 394.192415 690.058925
1 571.872101 829.837992
1 587.280187 824.086108
2 403.406725 787.267375
1 574.638794 775.288328
2 439.530478 804.348460
1 528.272276 775.369284
1 383.116001 669.157396
1 539.086809 783.979573
1 579.791629 785.080551
1 546.161867 815.210352
1 482.064254 805.310665
1 632.941920 744.626240
2 391.405515 770.185165
2 340.540836 774.746646
1 384.324849 675.547325
1 559.324206 778.674555
2 421.742265 835.351803
1 503.118161 831.595954
1 581.145361 816.705047
2 402.005212 838.958318
1 602.725603 849.374920
1 570.676188 833.819045
1 589.770822 798.766570
1 556.512706 820.859596
1 539.017811 780.720677
2 396.706338 792.816065
1 550.222028 821.616435
1 557.390412 787.131178
1 562.076134 820.764316
2 397.064994 794.431436
2 340.777052 800.500581
1 533.124893 796.596054
1 591.933943 838.867309
1 604.007518 766.394576
1 437.020825 696.313540
1 518.458998 806.642465
1 573.434726 803.940700
1 438.932929 734.860404
2 415.561642 854.761468
2 398.143081 874.162118
2 397.828932 832.875377
1 557.146133 790.891283
2 349.498414 850.203577
2 391.834465 852.793159
1 529.012882 787.874645
1 432.348056 671.833201
2 394.234367 769.438166
1 549.297750 815.966017
2 373.811356 806.984083
1 429.616810 670.779494
1 574.679400 770.733553
2 415.837585 832.246420
2 410.201412 860.348316
1 562.572983 813.696610
1 581.288622 792.190806
1 443.254220 695.225144
1 386.717317 673.302834
2 413.267508 886.924323
1 368.470923 666.920910
1 457.780456 682.118048
1 594.136286 770.816746
1 563.197635 805.756139
1 553.754152 821.689251
1 630.626764 853.350472
1 498.814902 836.732740
1 503.620258 807.097670
2 384.347501 865.368752
1 537.566345 777.214512
1 448.765988 689.483626
2 415.666718 825.485965
1 508.331539 801.689380
1 495.750557 821.115444
1 512.786832 855.047060
1 580.051690 795.101642
1 430.090866 679.469171
1 593.257852 839.335871
1 385.234962 687.642006
1 567.989670 826.188522
1 548.583172 774.988435
1 552.531863 784.646573
1 422.552314 672.001872
2 350.847715 773.129495
1 498.172925 666.902849
1 541.323725 820.860854
1 549.921720 906.217484
1 615.708984 813.704977
1 577.758382 753.322269
1 551.726883 791.902322
2 383.580322 789.483029
1 526.060054 795.045242
2 416.256568 814.840075
2 409.325139 865.439612
1 445.863958 847.170907
2 437.145292 878.642530
1 575.739660 809.474154
1 472.847561 836.657860
1 518.172005 794.451952
1 525.278971 777.071918
1 588.866737 771.194762
1 566.011568 820.984924
1 595.000368 881.814870
1 586.514552 788.178289
1 431.251246 669.764054
1 573.087592 758.418227
1 822.570945 295.209373
1 796.388864 306.657840
1 821.036917 304.551643
1 829.830806 294.046739
1 821.918281 286.535242
1 819.703925 311.468283
1 802.629404 300.577595
1 839.125300 303.166866
1 819.550908 293.675277
1 823.128751 297.453261
1 816.029020 288.743721
1 823.478148 298.508401
1 821.751465 291.149601
1 818.087407 302.558102
1 815.426318 276.391480
1 825.283169 296.602609
1 818.450751 282.660983
1 819.187439 300.062221
1 828.970412 303.746897
1 820.841994 316.170513
1 815.418058 296.885520
1 819.024018 294.624643
1 831.099042 306.238499
1 819.454788 297.964086
1 814.089782 286.227806
1 814.952164 321.010370
1 825.252307 296.898763
1 803.852044 302.353583
1 809.983797 301.390875
1 823.426854 290.314283
1 799.510615 313.051670
1 831.735188 292.686087
1 805.251090 281.217554
1 834.640377 300.015460
1 819.206725 279.764840
1 822.409595 321.539671
1 803.484546 312.865743
1 826.184956 286.264424
1 866.520111 278.408373
1 820.367570 318.818264
1 829.097847 285.173884
1 826.692363 330.746128
1 820.990963 325.238980
1 796.695488 304.788081
1 757.973981 256.495514
1 820.935489 285.864006
1 825.302045 284.229949
1 785.807494 263.999391
1 851.487990 307.201556
1 824.203516 291.258477
1 804.150722 293.149846
1 867.278752 246.163656
1 868.765885 258.792587
1 857.372733 252.561392
1 815.859909 291.745556
1 852.405101 272.645656
1 830.827341 312.596409
1 827.013619 305.614434
1 847.450389 269.220271
1 830.540672 301.318222
1 824.243948 291.547665
1 828.931469 306.378133
1 851.241595 265.626083
1 759.382838 324.181857
1 788.131023 300.879938
1 821.628451 281.983425
1 842.213711 273.584852
1 829.099613 307.672643
1 782.924310 298.687227
1 865.941085 295.187621
1 748.524359 329.938371
1 767.053391 274.771367
1 831.296246 250.133882
1 782.448186 278.137240
1 780.440918 284.097563
1 860.751573 303.733354
1 784.571255 233.935469
1 873.840035 249.395567
1 842.153427 324.307706
1 783.841153 232.729398
1 834.002598 328.919377
1 870.567824 271.448906
1 779.736510 280.892394
1 839.146045 261.781234
1 825.996863 247.916434
1 823.991044 268.902809
1 834.142921 299.510783
1 775.229714 285.193846
1 845.106526 266.226688
1 856.646688 245.462194
1 830.725390 276.096939
1 860.792741 273.424563
1 809.477569 332.664725
1 793.364933 329.079562
1 837.091490 295.499146
1 878.242040 289.339887
1 803.415862 270.384279
1 806.492251 328.391759
1 790.106010 299.770737
1 792.792254 249.325732
1 793.449584 310.525692
1 908.909802 253.642589
1 824.113433 243.742401
1 923.267921 275.011795
1 781.078446 331.094866
1 864.834607 307.969315
1 869.461296 278.241245
1 738.499475 249.303243
1 836.832756 311.950885
1 839.650278 297.589098
1 808.297309 310.426317
1 888.851537 282.945295
1 808.626635 242.353955
1 845.044227 310.934932
1 849.160326 272.597124
1 792.671824 297.342786
1 847.193454 326.689868
1 780.698056 256.447216
1 845.384927 256.591790
1 817.243579 332.578182
1 772.139398 323.555188
1 812.774049 288.974780
1 779.346094 258.028165
1 925.416297 250.387619
2 840.676232 608.621616
2 852.475574 633.410839
2 851.954105 627.968782
2 854.026035 648.220403
2 853.077069 632.163393
2 838.369887 634.561641
2 841.955730 613.519406
2 866.584727 624.813974
2 828.963805 622.449259
2 852.416090 642.763955
2 837.016986 614.694498
2 840.738615 643.357703
2 838.721206 644.038280
2 863.400528 639.149061
2 859.753973 642.335668
2 837.233535 635.162835
2 853.881323 619.546542
2 850.632442 625.157595
2 853.359522 611.015333
2 850.418268 615.658842
2 857.351504 643.163369
2 850.318600 639.521488
2 835.521914 631.914579
2 831.556330 614.604932
2 850.077215 631.957816
2 856.027421 643.177058
2 852.373098 634.690302
2 836.293860 616.051164
2 853.265255 626.674026
2 850.192135 635.737483
2 854.054095 633.278565
2 849.995893 630.763458
2 846.559716 642.299393
2 855.763583 644.513919
2 852.717873 632.804110
2 841.498960 633.550477
2 831.691895 631.432495
1 842.391104 338.460690
1 792.932409 338.251796
1 812.296780 344.744195
1 864.400014 364.835494
1 855.061998 373.801559
1 805.074733 336.975085
1 788.972393 340.617786
1 736.801837 346.649702
1 838.321591 345.826269
1 843.350649 366.565583
1 853.506021 352.535396
1 810.843615 347.303346
1 857.778896 354.344629
1 784.898729 373.997844
1 823.295049 349.169211
1 847.534481 333.808412
1 786.606737 370.165042
1 810.671620 392.736045
2 893.759944 624.818272
1 787.433256 358.539110
1 793.811554 352.642598
1 683.768720 737.128768
