1 199.269705 173.437265
1 210.114308 186.948301
1 205.196307 190.114481
1 201.889364 166.244283
1 200.028815 178.904122
1 188.380839 167.329228
1 212.483211 172.490510
1 195.050289 171.076614
1 179.145205 192.423152
1 203.705688 176.662764
1 220.372450 167.082820
1 208.432975 176.476157
1 190.286978 163.249754
1 191.860712 185.192797
1 199.578806 182.418145
1 186.174945 200.079040
1 180.475691 186.882647
1 204.553109 188.063940
1 220.977149 175.115079
1 199.999612 180.015226
1 193.785615 175.874331
1 201.650211 166.035300
1 198.891638 173.225857
1 180.544847 186.930235
1 186.504118 179.103378
1 180.106523 173.681083
1 212.387992 187.255458
1 212.946587 178.048028
1 209.544623 167.571960
1 205.334414 178.161422
1 212.620355 185.058393
1 188.913952 189.585743
1 204.101071 172.079548
1 179.717881 187.837870
1 207.066242 193.777773
1 214.856571 170.711981
1 202.955266 172.699582
1 184.536981 177.049929
1 184.258736 186.863044
1 194.252804 187.623283
1 221.555916 184.444234
1 204.039642 182.773306
1 198.418725 169.288476
2 293.914801 136.273860
2 171.706898 110.554810
2 245.197685 60.614106
2 247.747488 300.629079
2 123.511157 300.565481
2 304.332227 62.381701
2 318.756259 57.705115
2 240.868928 171.431778
2 158.408097 123.982872
2 238.095347 173.144910
2 6.988644 146.061295
2 317.447416 179.969107
2 89.577762 289.336909
2 225.903249 289.597707
2 18.138077 109.929903
2 3.136457 219.714821
2 129.998060 280.385958
2 198.110545 10.437739
2 246.814734 268.601933
2 31.140934 115.490686
2 265.037625 240.178044
2 114.672760 10.294318
2 140.521718 239.398896
2 24.569977 251.627972
2 87.105782 18.602916
2 203.383335 10.801702
2 255.812103 145.144687
1 195.237190 201.383821
2 275.105762 72.251832
1 197.948741 156.833166
1 187.105968 171.074720
1 211.638425 192.293634
1 219.305712 147.213095
1 162.728107 191.098024
2 129.816055 128.329272
1 137.666588 188.444806
1 182.609290 181.898551
2 194.536104 24.610498
1 188.939986 192.452631
1 194.746914 119.300253
1 163.961973 149.603567
2 61.399533 258.967658
1 154.332806 142.748242
1 180.653378 157.773655
1 205.650601 185.560379
1 252.453727 159.242992
1 115.567809 154.690820
1 285.925933 200.638143
1 110.121234 177.487020
2 217.864363 286.516252
1 224.104723 192.173558
2 9.095057 96.089830
1 225.492127 211.173319
1 109.559017 157.816318
1 191.149618 183.556549
2 150.587829 114.931663
1 153.982448 156.535501
1 210.576046 164.975628
1 94.582211 177.773745
1 158.168998 198.501469
1 230.743603 163.451025
1 226.007291 128.326863
2 182.874950 33.097796
1 207.158185 211.937430
2 67.680466 277.951195
1 214.227757 183.029102
1 125.941421 111.279469
1 195.724191 213.006227
1 216.591697 219.150072
1 189.418311 175.373832
1 199.188411 174.543978
1 178.764860 170.889359
2 118.305442 125.798937
1 206.436496 188.881943
1 171.619897 177.929845
2 288.914475 167.792233
1 191.896938 196.753446
1 207.434784 131.836108
1 153.081261 195.180232
1 211.528416 196.347010
1 225.023691 185.621865
1 105.217658 166.676747
1 202.072684 173.147715
1 225.667536 184.915007
2 106.255259 296.968131
1 224.448114 154.669389
1 193.055771 145.068440
1 241.378999 202.414635
2 165.970263 140.911626
1 199.934590 199.580297
1 184.061736 182.939367
1 236.545741 169.768751
2 245.371820 3.074883
1 235.318627 158.122310
1 68.186053 176.834794
1 153.575020 180.296211
1 198.450120 168.763082
1 216.671309 125.827326
1 207.436740 226.375013
1 147.534243 210.067836
1 223.641551 211.871150
1 169.299522 144.821236
2 156.154243 130.147435
1 200.640945 204.682340
2 266.815696 134.038247
1 163.852946 167.617436
1 130.329145 194.925366
1 234.702628 154.407566
1 263.433958 168.180332
2 84.209382 277.567275
2 286.994061 188.264113
2 312.824080 78.456620
1 197.559965 154.286519
1 194.268161 212.720673
1 177.464522 191.846006
1 313.714270 191.389586
1 165.963362 146.992131
1 153.730407 214.509787
1 67.197106 128.352650
1 227.229488 116.671926
1 184.335609 160.213237
2 224.682588 303.512401
1 214.434325 166.969058
1 137.247678 198.968118
1 217.162764 121.122908
1 196.004872 167.753941
1 199.572928 223.641212
2 127.194595 138.675372
1 181.164908 165.486579
1 214.318771 170.507474
1 234.996531 171.661063
1 265.424585 213.816565
2 20.994490 632.140718
2 66.088670 339.827348
2 153.389716 641.988353
2 215.846863 380.439899
2 197.668517 576.454287
2 176.469311 624.306723
2 142.015951 484.013842
2 162.585077 510.800457
2 28.754951 434.886062
2 28.433730 395.907137
2 285.577834 399.682199
2 206.003233 444.655875
2 119.399959 429.388510
2 99.191083 646.504344
2 207.408084 475.388057
2 175.878546 664.310229
2 176.212364 486.275759
2 237.342545 535.406725
2 91.936110 641.404284
2 103.520950 666.061581
2 291.261333 436.790019
2 177.562475 570.500313
2 22.059475 365.153092
2 14.740352 369.484725
2 156.125162 546.598354
2 285.817762 641.365539
2 163.858009 599.721769
2 253.419794 662.989220
2 250.922749 656.212464
2 145.662255 632.432780
2 127.229941 602.038304
1 145.030728 772.537774
1 157.487720 793.321122
1 126.746203 786.033927
1 143.108860 781.374177
1 154.390032 786.035741
1 152.529190 780.121808
1 145.163527 789.729331
1 142.908453 785.024548
1 147.016255 764.763246
1 140.785421 784.378476
1 149.145823 789.074265
1 164.059055 789.500816
1 129.883861 767.236260
1 162.035259 791.309183
1 148.994945 781.462857
1 139.319658 769.947154
1 150.635253 800.337475
1 139.604911 775.162807
1 148.445724 798.992661
1 161.454364 774.691989
1 147.551750 782.847987
1 130.097206 782.724603
1 146.637271 794.320656
1 144.572743 765.796607
1 165.210033 792.478869
1 145.398130 795.977175
1 138.434013 794.852440
1 137.038868 779.913534
1 148.886593 775.785309
1 154.683136 787.143884
1 151.684056 759.675614
1 141.519321 797.625571
1 172.323697 786.749599
1 143.634279 768.792677
1 171.706840 790.920699
1 150.302771 764.452877
1 154.831874 780.177508
1 165.169143 762.646692
1 139.070384 777.583477
1 131.403224 778.324781
1 147.781349 780.633312
1 142.264031 791.512781
1 156.685346 781.153872
1 144.954823 801.106475
1 168.558070 768.279076
2 45.445622 846.788738
2 314.745031 695.223919
2 278.842459 682.923933
2 144.085517 872.816056
2 179.601668 815.345060
2 235.255087 804.442660
2 25.964187 815.865713
2 226.630879 780.766078
2 168.179667 893.592700
2 155.089063 886.894080
2 206.757819 820.565459
2 95.990597 827.499648
2 251.927141 815.949635
2 97.995087 682.932946
2 109.632884 844.386862
2 186.317673 845.551338
2 132.847880 719.890740
2 251.392151 680.540094
2 92.891069 894.358573
2 78.445487 880.182434
2 292.569065 875.351900
2 94.099022 678.473273
1 121.194565 798.575644
1 161.520332 776.532411
2 171.523307 808.746576
1 122.165500 795.956611
2 105.074659 858.958836
1 136.613377 761.510107
1 165.340347 787.667105
1 175.835529 761.330395
1 182.715173 769.777635
1 159.283034 792.598988
1 134.422143 760.958863
2 121.209565 773.689497
1 122.349983 764.422176
1 159.677765 798.272216
1 187.744108 759.665267
1 177.220307 793.779700
1 98.516716 793.871129
1 223.627680 751.042051
2 104.920070 871.654465
2 187.132105 688.925921
1 134.812510 780.464942
2 150.951493 904.469931
1 153.468881 748.929193
1 114.371860 785.080270
1 179.851333 761.205518
2 102.605660 893.921024
1 185.822089 790.032403
1 142.336454 778.669897
2 262.065662 686.982195
2 281.721842 698.271476
1 189.774341 749.036617
1 146.766223 784.051882
1 171.785412 787.110767
1 108.227992 769.779739
1 139.433305 780.355591
1 130.569226 788.958928
1 141.456602 792.291955
1 161.684187 754.114770
2 153.592456 815.127044
1 129.876274 758.150907
1 141.111445 832.826028
1 127.132396 795.077651
1 78.715253 803.084111
1 124.962747 777.939693
2 145.310959 821.500392
2 325.077037 684.027958
2 326.521949 702.712529
1 137.616124 787.561109
1 208.516999 790.691948
1 136.676237 807.713686
2 330.010372 681.624862
2 239.115005 777.773250
1 113.053671 809.227519
1 102.597220 807.522322
1 200.594480 727.685785
2 191.069559 806.049072
2 204.259425 853.570495
2 175.329848 791.343353
1 109.302962 728.264446
1 168.128035 777.608020
1 132.939147 794.172446
1 169.735864 755.897310
2 168.736354 865.177895
2 233.503618 670.088695
1 195.387474 822.371013
1 151.162467 774.987985
1 221.047019 799.253021
1 135.667414 759.258644
1 179.788841 754.711585
2 147.629624 850.508879
1 109.539235 764.412552
1 171.359042 750.444546
1 207.078571 808.473961
1 191.799368 768.841759
2 112.125214 819.357330
1 177.452163 822.649727
1 200.456794 777.034980
1 121.247044 803.438906
1 198.034625 803.044112
1 159.513695 834.553983
1 152.000237 761.237442
1 150.965156 794.754630
1 157.705557 811.040083
1 95.316016 827.479143
1 96.177473 753.188934
1 122.220471 782.219339
2 4.811240 826.732408
2 177.540570 817.501924
1 162.490693 809.098634
1 140.598032 692.354302
1 110.656090 785.496429
2 64.751877 809.465476
1 132.337539 746.896120
1 123.760120 759.570308
1 138.449233 832.016192
2 93.113337 677.345208
2 120.804092 848.409685
2 208.494949 764.727204
1 138.229907 783.634560
1 111.972465 747.302083
1 254.065079 716.395271
1 155.824059 814.126722
1 205.021357 771.204780
2 139.787736 819.954961
1 130.983241 788.472368
1 171.762209 799.161814
2 286.331345 726.405802
2 189.737787 903.397191
1 119.867098 779.970538
2 105.664384 790.729892
2 302.052561 685.128799
1 149.285359 741.147942
1 164.353443 776.247102
1 193.786256 781.207132
2 115.348517 876.522149
2 59.910808 711.961328
1 199.738342 785.829679
1 162.002818 827.368695
1 100.954291 739.767170
1 206.671110 787.778951
1 125.912554 772.803063
2 311.975568 672.959897
1 112.521326 759.411269
1 156.617799 834.918772
1 61.666550 805.157238
1 145.268242 753.767015
1 160.821639 805.957120
1 127.689536 784.612259
2 293.805586 685.487232
2 227.302060 788.679557
1 200.740054 760.095290
1 164.911105 788.504893
1 194.843009 738.847519
1 139.428997 839.611847
2 300.457422 695.548641
1 129.377363 771.294436
1 168.477356 785.549852
1 127.481883 735.035753
2 262.484152 979.701525
1 123.007654 811.464386
1 102.832978 701.211587
2 245.424613 680.642304
2 194.205300 918.734157
2 159.723705 793.563728
2 158.069917 834.225785
1 228.068944 851.732566
2 142.797462 765.789877
2 42.691088 720.939497
1 171.192038 807.488430
1 112.861518 790.872513
2 164.657041 791.160632
1 155.662469 816.718323
2 156.025771 867.172810
1 171.977710 799.893562
2 156.669054 891.062365
2 291.868859 692.344106
2 114.484299 706.493214
1 169.434053 773.208198
2 151.894956 759.132084
1 130.182507 745.043737
2 202.876947 681.744864
1 152.682279 753.861689
2 349.778605 9.205542
2 605.066590 47.788371
2 581.120796 112.089809
2 665.653347 275.935088
2 647.042743 256.695106
2 527.996854 292.824059
2 429.921659 60.700783
2 442.269964 137.611678
2 578.546029 74.844074
2 463.885595 159.578450
2 340.834231 314.390766
2 608.180601 176.614387
2 581.659812 104.667085
2 584.759719 8.514276
2 406.604858 243.912258
2 393.617551 91.206526
2 530.761359 200.478255
2 390.672135 228.799509
2 623.500289 78.874461
2 371.782737 51.913341
2 402.867411 243.143525
2 334.950622 271.238755
2 444.498006 305.325461
2 571.288115 214.680961
2 459.060437 293.612571
1 382.260213 656.654334
1 405.111228 654.743552
1 414.979481 651.653271
1 403.504982 652.571265
1 390.688447 647.845610
1 405.143784 645.741016
1 397.298582 643.386521
1 399.545928 650.646476
1 407.056579 652.214464
1 387.102474 631.882672
1 385.087245 644.224714
1 412.893603 637.657770
1 405.531501 633.996536
1 408.893194 651.784645
1 398.156383 646.538719
1 400.441090 649.314884
1 397.339133 647.323642
1 399.327124 649.262928
1 400.506485 650.383943
1 398.053061 653.189044
1 394.188539 646.559336
1 398.752565 649.912308
1 397.250624 649.699913
1 406.456430 640.285232
1 380.873523 652.353149
1 397.868197 650.876934
1 400.504314 653.885126
1 421.667448 648.733453
1 422.983944 640.758248
1 380.384746 651.717041
1 392.518443 649.812297
1 411.925322 644.440037
1 408.039858 649.382839
1 394.418308 649.889421
1 406.652711 633.066539
1 394.377634 647.022654
1 394.835188 662.032331
1 395.472651 631.200161
1 402.283887 655.352194
1 414.147286 642.437744
1 412.439738 656.811921
1 394.118353 663.469716
1 402.351592 650.678890
1 393.106662 639.004447
1 411.733015 641.469493
1 401.110278 649.500800
2 455.653924 403.258451
2 363.487086 575.203866
2 554.207542 524.403726
2 407.654692 539.267475
2 422.263068 585.874800
2 545.309700 599.809725
2 569.053141 516.305782
2 472.503920 468.156992
2 638.136057 382.283967
2 337.238754 627.361551
2 514.384405 514.909617
2 421.769390 657.734760
2 567.767176 623.068481
2 346.897906 350.992522
2 515.624875 369.475080
2 379.458646 395.931238
2 603.739266 638.164720
2 501.170248 578.989438
2 493.003781 406.135317
2 439.302773 543.991638
2 622.657885 589.764738
2 624.977644 549.091301
2 418.523773 349.099599
2 651.343269 665.120359
2 400.695022 591.662895
2 356.809001 521.837604
1 382.680751 644.281473
2 412.092356 604.519877
1 390.999858 620.901405
1 443.551828 650.594173
1 408.404391 646.506889
1 376.425199 656.513987
1 460.266214 605.539796
2 637.382854 389.050327
1 401.039449 634.808417
1 372.939879 634.604483
1 412.633589 635.362574
1 378.733001 606.355070
1 397.079685 663.475832
2 452.462223 658.077419
1 403.611846 657.492743
1 384.913182 663.325175
2 460.127417 666.452962
2 547.216076 604.965544
1 410.119670 636.162522
1 404.558508 646.489376
2 504.047107 418.043821
2 458.190694 582.129812
2 376.618955 614.440802
1 388.490061 597.850793
1 379.287433 614.918046
1 366.188124 655.163573
1 399.301567 648.579574
1 402.877074 638.298948
1 403.448062 656.317690
1 394.875755 622.706735
1 399.630738 636.998255
1 377.829951 650.792221
1 407.487349 621.907450
1 343.182355 630.545355
1 404.029939 645.628665
1 385.341314 618.502581
1 416.016115 625.251209
1 387.261170 640.045668
1 343.093081 650.930046
1 428.913686 639.445912
1 398.434362 621.826797
1 349.393100 639.678206
1 376.659235 665.933161
2 378.024454 629.199366
1 415.363284 635.442425
1 410.045107 660.180928
2 446.685050 645.057064
2 420.069829 653.781946
1 388.448501 658.515613
1 393.946460 653.183129
1 422.415929 639.042777
2 437.400079 506.513453
1 437.773750 663.348421
1 352.597861 576.889327
1 455.170871 641.008007
1 421.718066 661.945917
1 358.383889 642.655643
1 496.987674 641.891347
1 337.193538 608.300739
1 477.518388 639.951893
1 388.260209 648.180901
1 401.805083 638.551630
1 380.226889 648.241529
2 504.654935 663.929743
1 386.630054 651.062640
2 510.947973 635.226467
1 432.335001 631.032213
2 368.495528 556.622836
1 421.681399 662.372283
1 432.970149 611.563175
1 362.805410 659.900677
1 420.836147 648.608737
1 396.128939 660.649324
2 459.530521 657.959536
1 409.032825 620.364881
1 387.232038 634.158847
1 404.898866 646.725805
2 400.097857 607.230928
1 385.733217 658.722315
1 428.864226 633.906020
1 368.560419 645.330409
1 430.552488 632.615663
1 426.046836 620.855999
1 350.797852 633.956440
1 429.159279 631.613862
1 442.090261 609.440626
2 335.075179 655.788502
1 427.242639 632.767399
1 411.668134 668.368042
1 591.487549 810.596792
1 569.833038 799.846903
1 572.212885 807.626350
1 562.838830 823.133327
1 581.619194 791.499844
1 562.109298 801.404777
1 569.393378 799.362321
1 575.479506 794.895237
1 550.314057 812.352350
1 585.959880 788.115219
1 569.629502 802.786922
1 577.599504 805.651019
1 574.622168 791.722488
1 549.161840 788.600295
1 576.378288 808.759825
1 569.200985 800.474026
1 576.727973 810.336564
1 553.858209 800.021254
1 559.810518 804.961297
1 548.627846 793.185977
1 562.278597 797.613960
1 571.998115 799.433039
1 566.964520 801.578735
1 574.470780 783.193272
1 572.089694 783.789241
1 570.978102 799.174940
1 576.423917 815.735739
1 592.906930 809.881322
1 592.085861 806.001343
1 575.887485 815.058752
1 574.647485 814.706093
1 562.839817 799.521881
1 565.419632 797.485520
1 555.859829 792.941726
1 582.643007 781.605743
1 586.486928 795.935543
1 571.754810 812.072489
1 569.199946 795.767835
1 580.683493 819.967901
1 571.582199 797.383136
1 590.387599 797.733528
1 577.335586 808.401524
1 580.041311 806.092403
1 567.753650 797.303679
1 561.438024 797.509067
1 570.353356 805.491408
2 577.914558 714.854242
2 436.675419 920.930438
2 601.527925 716.441812
2 443.770658 934.503837
2 373.322691 854.021838
2 574.700117 858.400583
2 610.104511 840.210379
2 642.694306 910.732831
2 659.645040 947.878012
2 526.803464 864.987154
2 486.398273 802.952947
2 349.544459 746.803773
2 381.538185 894.107693
2 339.589366 723.918474
2 382.367949 691.752045
2 448.318685 952.522040
2 503.259611 871.763370
2 408.423329 772.895511
2 650.792042 795.792364
2 520.087113 997.883590
2 496.779949 667.697406
2 447.291469 719.800295
2 646.125732 813.346760
2 473.722511 702.352219
2 648.836860 787.895538
2 572.124382 759.782192
2 542.324607 680.102779
2 622.243191 962.189270
2 524.971951 840.720524
2 430.984447 864.594218
2 583.814646 844.751735
2 616.138961 886.174952
1 558.338527 812.638872
1 587.722229 796.113784
2 403.358113 855.832841
1 407.646142 669.577611
2 440.930086 720.940213
1 541.426564 784.905977
2 662.225785 843.856942
2 438.320263 705.583461
1 381.031059 682.028437
2 481.091405 913.777446
1 542.488947 832.961568
1 546.599232 777.556556
1 592.732304 823.668895
2 568.455772 840.745697
1 577.116448 765.685074
1 580.705294 821.146450
1 376.601737 694.797774
1 580.905476 778.964348
2 372.258393 845.941875
1 433.693023 667.450798
1 581.309574 805.165461
1 571.646638 819.999897
1 604.547028 749.886064
1 502.845251 786.241101
1 599.663082 813.521027
1 381.117669 677.534101
1 553.916036 783.038324
1 569.713727 785.964594
1 411.250385 683.822358
1 557.075190 815.694909
1 534.955211 812.830669
1 548.162710 780.662725
2 401.795636 911.811237
1 538.291877 810.666670
1 548.823971 769.843678
1 439.783466 678.426064
2 556.907674 833.038522
2 548.757782 727.022725
1 569.170527 802.983304
1 424.394681 688.826609
1 586.900334 814.645119
1 435.001537 708.219876
2 566.982976 832.680967
1 623.620525 764.592226
1 559.128069 756.460593
1 582.752744 752.427392
1 535.935916 849.152914
1 552.846815 823.170527
1 562.930658 807.043989
1 582.019410 785.903819
1 540.536975 792.179592
1 578.220082 792.259930
2 369.851388 794.210922
1 531.004090 830.084414
2 412.248796 841.667131
1 620.924573 790.940006
1 400.288304 679.057533
1 554.623592 820.291220
1 605.486701 834.913134
1 468.342957 714.377535
1 520.491252 832.746711
1 392.638509 670.715083
1 586.483364 762.819053
1 593.201186 772.450343
1 592.546829 803.435937
2 381.054015 698.798954
1 419.770955 719.139754
2 606.646932 822.919315
1 527.264073 771.413052
2 558.374403 745.502652
1 578.596642 802.520398
1 574.411512 842.273665
1 592.487364 796.663180
1 520.912214 821.746559
2 495.027040 776.770204
1 613.452451 802.185321
1 557.132634 797.617651
1 578.434514 851.884602
2 413.715921 848.899176
1 553.483141 789.014254
2 493.767763 773.535739
2 571.713575 741.766970
1 600.619351 810.617133
1 377.633027 693.298350
2 606.492751 801.758718
2 591.422101 880.094168
1 579.429030 773.734380
1 575.644454 848.577810
1 420.611253 687.163879
1 557.276527 821.777961
2 484.343822 808.226975
2 341.063679 726.664665
1 545.595498 834.598460
2 413.331324 737.429822
2 542.505583 772.637422
1 547.059151 756.446045
2 440.856170 685.200335
1 439.463596 667.264721
1 560.622394 753.031974
1 543.696238 826.953434
1 569.171817 825.418102
2 478.765898 736.770370
2 431.169503 688.255774
1 612.018334 796.526846
2 581.683232 750.244695
1 561.761105 826.165259
1 552.114933 861.663904
1 476.595016 671.230548
1 549.788327 788.233671
1 590.867601 763.700178
1 379.005615 679.389314
2 360.157293 722.563489
1 367.476304 691.317714
1 525.481826 806.646185
1 559.409039 811.535404
1 513.730668 786.764863
2 430.553469 801.048842
1 558.118293 804.036765
1 587.852631 801.415400
1 414.213833 677.684823
2 573.856465 758.866469
1 572.345830 801.936627
1 557.107622 841.893355
1 565.393860 837.239007
1 551.898732 766.582868
1 533.398323 780.275279
1 401.868323 696.260687
1 547.686094 799.903521
2 581.065517 911.723852
1 565.036306 831.212510
1 443.390351 701.510393
2 566.997090 806.912064
1 433.403926 687.625983
2 589.957006 824.606726
1 569.989021 812.673117
2 493.220554 747.111250
1 548.827394 822.340726
2 442.031558 692.976486
1 595.877066 813.886298
1 563.865862 795.348504
1 579.366114 849.256402
2 366.057801 726.700275
1 573.684887 787.085548
1 607.394066 785.438571
2 418.803897 800.245509
1 609.202699 812.852385
2 582.199942 738.328017
1 620.115314 807.384586
2 434.011297 674.258018
1 439.313804 676.365317
1 556.328783 800.118057
1 398.905774 708.031255
2 560.180412 882.761830
1 555.530590 720.295195
1 507.985516 856.106451
1 563.114137 853.303448
1 579.617890 791.072619
2 384.592485 817.561843
2 394.676328 801.435305
2 479.013948 677.919474
1 569.244715 807.395139
1 582.682816 825.702607
1 588.780950 798.504786
2 525.865357 909.237002
2 486.038727 705.073088
1 584.085733 767.185565
1 589.065051 740.815783
2 580.508802 706.453837
1 400.022641 677.217990
1 566.737556 749.406051
1 584.705771 800.345745
2 359.519636 970.853247
1 536.609768 796.074576
1 405.205665 676.647232
1 391.060944 669.043863
1 393.003042 667.839133
1 539.005338 786.783591
1 561.365365 786.667369
2 539.840084 728.703676
1 577.577416 763.119668
2 538.836700 688.745263
1 615.349107 830.212231
2 574.959233 808.549337
2 570.655428 710.991077
1 534.453521 852.605788
1 596.986126 800.820887
2 523.801864 670.838494
1 579.858012 856.505732
1 548.344243 846.748571
1 417.180822 685.657951
1 406.341948 676.501265
1 539.395904 793.795067
2 412.950483 790.904835
1 564.057333 806.495172
1 591.654025 835.960110
1 556.378369 736.722093
2 536.789556 725.073486
1 631.837172 758.699468
2 466.033646 787.610431
1 562.383196 798.687309
2 460.936020 672.718100
2 401.729157 857.012621
2 445.148540 746.246362
1 544.626762 859.124365
2 611.621098 845.150350
2 594.963962 795.702280
1 608.605166 817.216541
1 825.323420 313.131564
1 817.333145 301.770809
1 830.429414 297.607845
1 824.995430 303.209579
1 814.043604 287.613507
1 833.030645 316.684872
1 831.667684 295.476292
1 834.044190 283.999700
1 819.691371 300.488439
1 820.776003 303.481807
1 835.591285 300.783414
1 807.626186 302.934711
1 820.155986 304.158386
1 822.841290 275.549347
1 826.779512 299.570688
1 802.061386 300.942897
1 818.328382 301.953430
1 821.461269 298.275657
1 837.939457 290.559085
1 809.734327 290.916042
1 799.208382 306.913418
1 827.960425 295.295719
1 822.190965 301.146311
1 828.619228 297.276916
1 824.871657 302.618242
1 818.187449 299.010597
1 822.031434 305.360813
1 822.383471 302.747937
1 820.658663 284.509079
1 809.235061 314.367895
1 817.915434 307.558264
1 838.150705 307.822859
1 817.894563 302.926957
1 820.400217 300.308929
1 833.266366 306.872088
1 825.397005 287.726416
1 824.072163 310.451970
1 820.862003 300.408726
1 818.762404 303.936763
1 812.497967 279.106009
1 832.419664 315.356267
1 820.978513 300.690964
1 797.302606 305.825083
1 843.686914 295.652230
1 836.313379 292.914827
2 666.798979 177.648918
2 722.194114 196.170142
2 799.967573 112.965367
2 893.464066 245.978228
2 755.215109 262.818065
2 847.526756 47.555112
2 896.554048 172.220755
2 882.950573 98.002196
2 919.808063 177.226763
2 777.515608 169.121337
2 763.118143 314.693327
2 995.768737 265.352777
2 801.264136 178.192910
2 675.563414 185.947463
2 900.574006 251.836751
2 844.330495 166.834008
2 792.672124 105.940476
2 786.455709 275.805450
2 909.989381 231.012482
2 721.232896 113.150164
2 955.189126 119.127902
2 923.431828 272.093459
2 809.899771 309.508034
2 700.217118 149.705557
2 923.879637 114.424918
2 799.230402 268.265659
2 725.838965 321.164163
2 826.266588 220.737925
2 746.763665 98.818846
2 942.296089 88.085685
2 992.212422 18.595498
2 961.750529 170.609145
2 747.794707 283.159653
2 743.638688 290.934731
1 835.125533 327.447292
1 800.966422 275.080505
2 775.172538 318.230512
1 852.139095 298.161642
1 841.404451 290.095555
1 783.198195 299.962703
2 810.431493 229.320988
2 976.627018 256.692612
1 746.480084 290.239560
1 788.618515 322.234520
2 771.040583 275.391443
1 841.581801 262.256255
2 918.091990 289.103019
1 836.518134 274.081020
2 763.432865 293.749759
1 782.884838 296.394411
2 739.784442 325.408468
2 848.895363 234.711708
1 799.595416 290.178502
1 838.244951 313.269656
1 817.644560 312.226904
2 757.097109 322.551746
2 719.605217 261.319733
1 800.654312 292.174744
1 833.259234 270.854131
1 860.423646 321.142734
1 874.675195 293.680762
1 792.809054 270.261313
1 832.353051 252.125520
2 746.169010 328.078649
2 761.853688 223.643248
1 823.514356 319.831054
1 855.415776 299.452389
1 832.041149 268.876100
2 838.817695 196.923819
1 797.026526 312.779176
1 791.731098 321.742348
1 878.561038 298.899261
1 815.376040 287.229821
1 777.690377 304.693918
2 929.066560 259.093473
1 842.215368 286.483571
1 832.863688 315.534293
1 844.116321 272.885084
2 770.295899 288.708512
1 869.303051 318.086454
1 788.489366 320.109563
1 868.024222 328.884535
1 791.248366 269.273626
1 847.184969 260.763956
1 799.042331 282.758075
2 819.623806 277.258552
1 818.421511 328.872451
1 807.797893 313.874898
2 816.385580 315.466510
1 759.467141 278.218333
1 828.950408 294.395801
2 731.452873 249.346896
1 816.231683 299.916326
1 761.950510 305.014089
1 859.492327 296.242440
1 788.141549 321.004588
2 778.114375 286.640057
1 807.333361 275.925820
1 738.732265 302.064511
1 802.504635 318.023241
1 835.887863 311.205608
1 781.521849 297.859402
2 763.833255 318.308494
1 809.093577 269.253469
1 833.689265 304.393250
1 854.237410 326.833451
1 792.664037 280.813989
2 854.296724 134.694306
1 902.671305 327.127168
2 845.165750 125.949985
1 866.851662 309.810024
1 785.924593 286.166519
1 766.079200 297.077680
1 883.314377 327.443288
1 855.069400 280.019251
1 798.679857 285.838246
1 814.034310 312.333643
1 820.054777 323.922327
1 771.649797 302.798475
1 806.227928 288.659716
1 843.973326 296.400633
2 924.822934 360.146150
2 853.461554 617.476469
2 898.600168 540.882315
2 677.775509 342.930127
2 750.100477 352.702020
2 867.559483 627.575568
2 910.013623 458.782088
2 968.121624 355.378469
2 857.254788 594.139169
2 977.632657 440.842494
2 720.361765 580.513346
2 772.892698 525.418582
2 958.985674 356.512416
2 952.169677 569.099599
2 813.839232 641.817628
2 864.808386 501.433124
2 922.861860 409.129112
2 757.961885 346.761935
2 921.044725 367.612915
2 710.275476 501.749901
2 923.699222 340.109950
2 857.317670 417.800218
2 989.658823 374.496085
1 830.897722 338.715345
2 904.249383 415.377070
2 819.087623 342.669855
2 949.742529 431.039168
2 910.009924 394.273220
2 850.486378 358.860907
2 965.414873 345.434047
2 896.748411 334.125556
1 812.964824 334.964370
2 921.427416 396.113154
2 855.080007 384.886590
2 867.932893 335.817477
2 869.227027 411.642918
2 850.952258 377.686316
2 777.461324 355.184068
1 840.384883 335.129244
2 900.625782 427.833969
2 792.136812 336.685461
1 871.519303 347.055521
2 730.879782 942.588539
2 728.193996 675.485181
2 737.304823 749.460525
2 676.107195 838.903866
2 836.032604 668.933878
2 977.535892 947.458170
2 922.795936 866.236940
2 906.207141 929.633314
2 970.266889 912.324051
2 841.109441 723.509132
2 975.466924 771.741003
2 981.902447 834.698518
2 960.869334 752.871921
2 761.362816 885.111847
2 666.953286 932.102326
2 741.835712 871.078402
2 806.801612 766.132397
2 986.392856 729.531749
2 994.353225 833.510397
2 730.843717 689.461107
2 667.713964 969.751764
2 993.613059 866.867827
2 685.760085 764.223133
2 993.405335 807.565434
2 737.159251 887.710316
2 716.794561 781.889514
2 987.015514 774.773878
