1 202.078525 179.315206
1 186.819888 180.064576
1 214.176846 164.074055
1 182.952212 174.534474
1 206.669392 164.939290
1 196.768541 177.505941
1 204.328503 189.087506
1 210.958168 179.125455
1 211.836927 174.842533
1 189.331589 163.877402
1 203.527437 163.832954
1 193.067098 161.343859
1 199.534577 179.521387
1 201.970054 177.160632
1 203.531713 193.973627
1 193.107182 173.501593
1 196.032144 186.401373
1 198.853969 176.148251
1 192.250519 197.907028
1 199.799649 178.648621
1 181.725132 173.312320
1 190.123317 178.772194
1 211.479674 193.053529
1 178.902086 190.791062
1 199.439138 173.536568
1 185.497611 180.646397
1 194.792092 166.717099
1 186.702925 186.835629
1 203.281993 182.508794
1 215.404842 195.972708
1 209.131122 169.530986
1 205.148379 156.622375
1 203.190361 193.766879
1 201.587909 182.185522
1 210.067252 172.806962
1 143.643561 184.496133
1 146.390323 179.346114
1 176.552990 205.402262
1 177.469533 160.653107
1 198.104805 194.420553
1 213.555361 195.526927
1 191.316022 177.408900
1 148.118586 174.063077
1 168.526372 186.042172
1 194.878696 170.268415
1 205.102489 184.655436
1 180.162572 138.778006
1 181.620281 156.840770
1 250.322872 197.006761
1 194.692572 173.292748
1 186.026822 214.609706
1 217.103008 156.940989
1 198.188856 223.027470
1 179.617367 139.260151
1 220.818839 141.631539
1 168.498841 245.962830
1 228.389406 196.963884
1 191.243993 224.101623
1 229.410876 144.548369
1 195.795382 159.599495
1 208.537324 163.042411
1 129.701666 208.683440
1 238.790840 186.402736
1 226.503233 250.323149
1 192.369459 153.996982
1 206.369498 182.125803
1 135.802539 206.439877
1 163.548929 200.465977
1 143.297654 190.976920
1 212.103533 214.157674
1 227.090173 168.372117
1 195.133782 207.222971
1 204.456597 192.218089
1 192.882018 194.447509
1 230.956709 176.588912
1 223.210499 157.403583
1 241.481258 146.248429
1 199.093866 229.604391
1 231.480205 142.366423
1 169.716516 151.826802
1 175.773809 258.081554
1 194.074661 217.649054
1 191.367926 185.702692
1 236.736137 211.352538
1 240.798640 188.580204
1 190.195230 197.644682
1 189.355360 192.753295
1 156.301715 195.913204
2 59.664177 453.414726
2 58.482343 434.984402
2 51.425367 440.837784
2 75.720087 415.002922
2 58.804816 428.815023
2 63.347146 425.863559
2 72.406240 438.663397
2 68.614963 418.307461
2 78.024736 442.886722
2 67.604440 409.186050
2 50.591738 412.758446
2 64.626408 427.958435
2 74.532559 427.224107
2 45.398665 416.726962
2 56.673980 431.836704
2 64.811656 413.906890
2 54.629899 427.696813
2 39.445893 422.065107
2 59.602518 430.313672
2 64.184752 413.590620
2 80.182577 438.192942
2 70.931752 442.930283
2 61.246465 421.775181
2 60.792721 428.363508
2 61.668450 429.694248
2 53.810192 419.722364
2 56.705041 425.612133
2 56.175670 411.315359
2 63.494198 428.757342
2 56.345963 431.619136
2 62.089104 430.141319
2 43.408837 443.731623
2 62.548742 428.029501
2 65.727367 424.865274
2 71.831915 415.201987
2 61.552714 420.683760
2 54.176240 408.216230
2 54.332525 422.651007
2 65.391002 431.691994
2 45.589576 434.050779
2 63.955935 438.324871
2 40.333242 444.457525
2 47.776520 438.419990
2 83.859896 425.730642
2 87.262081 397.345417
2 9.612114 398.236615
2 34.154022 452.736448
2 100.783492 444.462280
2 86.690445 443.398066
2 44.871353 424.458142
1 154.195366 773.573497
1 148.767415 779.060031
1 148.218661 777.629893
1 139.421185 798.342218
1 138.908182 789.084680
1 146.418749 784.457072
1 160.131038 787.909778
1 150.308837 780.140365
1 157.117436 792.632554
1 146.027089 803.146904
1 157.586055 786.824144
1 151.165851 778.942263
1 154.737368 774.207855
1 153.580006 777.188003
1 164.555545 789.736037
1 150.928066 781.749938
1 161.261873 761.410870
1 149.508251 763.863873
1 144.243613 785.552113
1 163.909595 777.338638
1 146.093343 790.984559
1 140.338804 770.199865
1 135.578839 792.133503
1 135.556030 777.083723
1 150.762099 774.299002
1 150.481933 780.709372
1 130.425149 772.329319
1 147.324617 770.897743
1 165.789670 780.267917
1 170.979326 792.811980
1 143.297630 795.898551
1 154.225798 768.676333
1 156.864742 796.891839
1 128.360333 771.670554
1 157.033526 783.322430
1 154.356766 782.354495
1 171.076966 768.126136
1 155.137713 786.289303
1 165.961065 763.317471
1 160.573092 762.600482
1 146.898783 761.426538
1 156.273564 792.231165
1 83.239982 791.201215
1 126.492846 747.395304
1 125.916439 821.870396
1 106.575410 766.921131
1 155.188865 758.828849
1 112.479405 769.687541
1 186.898188 779.120739
1 122.432847 758.766828
1 166.600179 794.964263
1 73.994815 749.211338
1 142.621512 794.877203
1 136.916070 826.010677
1 167.687390 811.437096
1 174.273768 834.228702
1 87.617134 755.973387
1 148.131271 775.818262
1 174.459136 790.313003
1 164.824106 771.461582
1 166.107188 783.225307
1 102.490051 773.865839
1 119.688500 785.920174
1 95.629536 817.507974
1 131.156367 801.527594
1 184.581808 835.806772
1 153.492093 771.233982
1 182.330804 825.458282
1 99.943274 773.529504
1 159.767046 799.110792
1 116.916702 838.831439
1 312.645784 670.833702
1 112.189277 821.653234
1 152.701200 783.846765
1 186.840196 790.482218
1 157.578950 780.827044
1 140.463286 736.118383
1 140.686552 805.422405
1 125.828917 781.220049
1 156.473773 789.915052
1 149.806060 735.177831
1 116.105742 817.962983
1 186.170864 788.107993
1 332.195207 668.141135
1 309.443863 674.852688
1 151.633839 744.226386
1 91.013203 778.426608
1 205.446762 843.616595
1 158.409452 805.988908
1 142.594775 761.901720
1 108.124652 802.718648
1 135.466466 794.012355
1 304.974763 718.375829
1 155.111796 801.648431
1 143.571305 843.623819
1 153.171705 791.496758
1 97.499380 823.729346
1 169.475955 811.535479
1 180.497849 755.153201
2 499.585782 134.991032
2 484.248733 151.095240
2 487.072859 134.072046
2 483.869978 133.688808
2 506.632547 149.885286
2 492.965995 129.845313
2 500.372290 132.347817
2 487.886167 155.139001
2 500.592111 143.538737
2 509.219396 138.393067
2 509.805614 158.859363
2 494.685072 156.280964
2 493.952420 155.236588
2 512.198795 143.865391
2 498.891104 142.434045
2 503.031665 142.810787
2 482.063822 143.746553
2 496.084056 144.129262
2 491.287710 130.238975
2 493.997559 149.054409
2 505.718363 140.086895
2 516.354893 141.664266
2 492.726283 160.391446
2 487.985610 127.781588
2 480.665799 140.519273
2 491.863470 139.404843
2 484.169628 124.939385
2 500.296424 143.208910
2 488.163780 137.309645
2 507.653555 163.648638
2 490.172815 141.775291
2 497.665782 137.406016
2 504.235634 136.967520
2 507.121802 126.362128
2 504.037112 143.205893
2 519.923327 144.451390
2 507.237126 134.154348
2 495.384363 140.921447
2 497.827101 132.321328
2 520.065446 142.572758
2 485.296409 121.877189
2 495.878229 119.440463
2 499.532163 145.276059
2 486.023560 139.868389
2 483.944653 100.120622
2 494.527732 110.663829
1 414.159271 654.484542
1 396.965906 656.429721
1 409.232629 630.668999
1 407.023245 639.978443
1 399.197276 650.149638
1 405.431374 649.333913
1 399.486811 646.725757
1 399.088965 649.256337
1 395.487644 652.575963
1 399.326209 652.158784
1 411.968041 650.520766
1 398.848586 635.686138
1 391.609420 665.205160
1 408.133576 630.837110
1 399.173399 644.191207
1 409.607785 663.929181
1 389.841955 658.005263
1 399.641320 649.664334
1 396.371375 649.914623
1 381.955513 645.056636
1 398.298446 654.480653
1 405.424793 638.575822
1 381.367666 653.613494
1 410.397212 637.327155
1 398.660293 649.819049
1 390.971265 647.465206
1 394.385557 654.002274
1 393.340697 642.555826
1 401.664526 639.774492
1 408.226809 628.395687
1 395.338749 637.154486
1 403.421915 634.225238
1 415.984239 646.909203
1 399.215922 650.971434
1 423.036678 654.281203
2 556.654560 492.168320
2 566.327921 479.929622
2 559.645556 478.749257
2 542.108217 474.036524
2 559.685605 487.433473
2 563.369408 490.282628
2 573.381410 471.477110
2 559.161220 474.688788
2 557.486451 481.565274
2 556.840378 498.166857
2 563.704203 473.647680
2 558.252617 486.808067
2 558.899972 479.781194
2 548.343974 488.373185
2 559.745212 479.979779
2 569.635254 470.297255
2 547.504747 473.173566
2 568.280122 458.401332
2 552.993692 480.154732
2 536.452940 475.645585
2 545.797056 473.774194
2 567.445625 494.042759
2 562.460124 483.713340
2 543.069621 483.761617
2 558.284391 476.821103
2 547.655082 458.294657
2 561.074381 495.485274
2 563.167474 480.654356
2 557.684401 461.115869
2 552.590856 490.349685
2 560.512513 470.929234
2 563.243376 477.289553
2 542.971177 465.114985
2 544.830961 464.668945
2 553.586758 461.895545
2 564.947799 458.268381
2 567.193653 481.763242
2 564.631733 472.059136
2 580.142647 476.366680
2 557.992754 503.939145
2 580.160206 485.271098
2 564.291244 478.719299
2 548.831643 495.501298
2 544.664903 471.243575
2 545.146850 474.591171
2 568.669514 482.475636
1 400.058256 628.934063
1 469.559885 648.994650
1 438.444057 644.828318
1 403.945550 620.295382
1 426.631687 655.346108
1 368.620286 653.946669
1 372.992774 627.053286
1 368.950120 640.903728
1 414.928595 645.169389
1 377.385302 595.003043
1 368.198030 611.149197
2 560.042545 469.881400
1 481.485485 666.404367
1 396.368377 623.090619
1 338.652964 636.196811
1 334.839250 661.502700
1 432.215052 638.917232
1 418.057420 617.850238
1 372.817861 640.572016
1 379.425136 647.824069
1 405.635508 602.529784
2 553.880831 479.441979
1 426.999510 659.795049
1 400.696413 652.197439
1 450.703887 623.585099
1 393.009644 633.188993
1 403.625855 658.202652
1 402.065192 642.319977
1 382.124834 645.667035
1 434.776336 647.368077
1 422.296323 646.854719
1 382.885542 653.025542
1 358.830099 646.742806
1 421.845370 639.791012
1 392.076836 620.105013
1 393.742293 641.890785
1 356.555600 640.244285
2 533.646895 465.622081
1 442.874833 625.634803
1 381.977352 663.698533
1 426.680440 622.137369
1 452.160142 605.140844
1 404.819589 615.332919
1 369.778487 627.949930
1 414.285925 649.504576
1 401.254416 663.437672
1 406.834915 592.994567
1 418.159301 604.117353
1 405.098654 665.650730
1 416.631283 641.199435
1 333.819956 608.846998
1 487.698656 642.096091
1 358.032353 620.875081
1 421.425523 657.039423
1 455.810166 647.414790
1 399.905900 606.849933
1 398.449650 660.317202
1 383.567944 636.772495
1 376.702821 609.527148
1 371.217914 614.207417
1 400.565088 665.598543
1 401.447160 592.846715
1 392.114856 668.457714
1 394.954126 674.308099
1 410.850476 670.035768
1 395.577588 668.116983
1 575.661683 787.109299
1 554.016372 799.904415
1 581.751516 787.336215
1 566.340280 801.260464
1 570.123937 800.021367
1 591.474880 793.367133
1 567.376086 804.549630
1 560.549366 808.971070
1 587.251436 782.693528
1 583.242380 791.272099
1 572.751738 801.405733
1 552.745377 812.852118
1 566.634687 799.764181
1 569.401358 802.703440
1 581.768991 798.964816
1 572.759855 799.243772
1 577.898006 790.170492
1 583.571398 807.125762
1 584.509425 787.087501
1 572.145453 786.877142
1 555.463841 818.504065
1 589.863390 791.962140
1 560.629967 802.699365
1 568.084256 806.421477
1 556.173005 808.304817
1 572.362892 786.040284
1 559.722450 798.231480
1 565.268759 792.765162
1 553.812317 802.677720
1 558.457108 801.771453
1 553.909713 813.565870
1 551.165307 798.782531
1 564.321143 806.739449
1 563.309108 788.919077
1 569.494965 799.816144
1 577.269699 796.321275
2 389.538227 833.879714
2 402.161750 844.896420
2 378.960659 833.429814
2 411.442228 835.670410
2 409.237313 811.380150
2 399.890100 830.041025
2 387.390942 851.011779
2 400.025746 809.960347
2 405.207302 850.738799
2 397.114311 827.173351
2 397.580039 831.068220
2 401.636197 813.259206
2 401.312932 830.117661
2 387.290173 814.781166
2 399.712033 820.898581
2 397.509522 816.278095
2 411.152661 844.794265
2 395.711069 837.208026
2 390.150597 825.066402
2 399.501159 818.059710
2 398.257724 839.003859
2 376.583223 838.678080
2 416.083383 812.282884
2 385.918454 817.639902
2 412.266138 813.407596
2 399.456228 830.895849
2 413.065501 846.807698
2 415.642324 835.764118
2 408.008256 824.890422
2 390.094158 829.951194
2 398.878255 849.165779
2 401.366324 848.649844
2 401.175089 840.522349
2 399.819838 837.191383
2 405.832256 845.406995
2 398.449407 821.013905
2 402.179150 831.091748
2 405.133892 836.167852
2 418.329704 828.496631
2 400.384027 826.575821
2 391.501291 844.196585
2 402.664223 816.254259
2 404.526549 830.470441
2 402.357607 815.581699
2 393.088402 831.176945
2 397.917414 854.296024
2 388.306593 841.258806
2 382.629465 844.753000
1 395.814030 686.358507
1 395.428683 674.689454
2 443.554807 816.650274
1 579.366529 785.132042
2 394.664529 778.741359
1 563.234972 760.082626
1 563.014688 764.491327
2 363.528565 865.433560
1 363.191222 688.215672
2 408.411824 762.815985
1 579.434891 835.026170
1 595.547915 769.428149
1 405.917215 681.430779
1 587.697958 822.502345
1 604.549290 862.363207
2 412.546740 849.619104
1 410.382336 689.395330
1 594.160425 816.778185
2 401.448931 822.933319
1 381.411345 676.220290
2 374.945845 835.442462
2 339.461590 800.037113
2 411.581977 835.927429
1 600.123633 749.211697
1 551.105739 783.166914
2 417.438792 800.464603
1 560.571945 841.992253
1 632.979324 760.903729
2 377.408478 855.748970
1 594.831756 760.847748
2 413.239473 816.893392
2 394.666200 881.717317
1 548.535426 776.913522
1 384.957216 692.217595
1 377.669864 689.874034
2 400.765230 838.024996
1 390.532143 674.643486
2 436.054474 827.968818
1 590.616111 855.384318
2 412.884629 816.236382
1 599.598640 809.107362
2 386.094784 838.826797
2 371.290988 878.332055
1 354.503643 746.669477
1 637.774042 750.579887
1 602.018978 825.422314
2 430.329765 834.262349
2 371.978606 831.111009
1 577.848207 763.386282
2 383.320994 799.949773
2 423.933418 813.992013
1 562.596106 783.116517
1 556.536759 792.943243
2 420.071886 832.991214
1 594.981061 803.418205
1 347.793085 711.454429
1 580.428695 764.217601
2 347.497502 792.583583
1 562.292220 862.661234
2 388.156835 766.773759
2 418.741370 801.196678
2 360.042539 829.569980
1 394.341302 675.585443
1 602.234631 815.776454
1 361.480314 676.432479
1 593.047816 778.458460
1 380.090886 703.159632
1 358.920033 684.277774
1 547.264291 785.406237
2 388.105309 840.265945
1 541.908021 791.669324
1 443.130053 669.939937
1 615.405788 788.970997
1 606.520627 802.033395
2 379.964605 856.964184
2 385.240526 864.580424
2 389.466732 736.912425
1 631.832640 730.765836
1 379.349708 675.718336
2 355.640418 863.940238
1 577.499049 751.846096
1 607.873868 828.548621
1 604.600058 812.513980
1 567.022420 819.006361
1 429.575105 696.739470
1 583.961516 746.121936
1 612.429649 804.501368
1 570.890227 734.458197
2 407.105190 862.765556
1 577.115271 789.549523
1 570.568022 726.138336
2 407.839477 783.189944
2 421.372334 829.188773
2 402.374714 809.063959
2 422.610772 783.269004
1 518.059986 826.128815
1 558.760342 830.485727
1 570.681292 841.008312
1 601.681759 802.821914
1 367.151483 701.639882
2 400.701545 829.533211
1 583.505476 759.901739
2 428.105751 807.030893
2 406.825355 759.039400
1 617.708409 759.695123
2 401.222724 821.355139
2 439.425446 830.013745
1 606.302983 740.709657
1 568.283387 748.116814
1 408.315998 667.577103
2 418.481261 803.823031
1 555.188617 840.657348
1 398.576192 690.343998
1 550.720521 769.745802
1 566.913962 780.536594
1 394.863587 694.009009
1 346.505407 705.257342
1 822.570945 295.209373
1 796.388864 306.657840
1 821.036917 304.551643
1 827.008361 306.982318
1 819.703925 311.468283
1 819.562622 309.232983
1 802.629404 300.577595
1 839.125300 303.166866
1 819.550908 293.675277
1 816.029020 288.743721
1 818.087407 302.558102
1 815.426318 276.391480
1 818.450751 282.660983
1 820.312877 300.045297
1 804.173060 292.202385
1 820.927539 293.228590
1 828.970412 303.746897
1 815.418058 296.885520
1 819.024018 294.624643
1 818.992631 313.060734
1 819.454788 297.964086
1 839.922837 300.968418
1 814.089782 286.227806
1 825.252307 296.898763
1 803.852044 302.353583
1 823.426854 290.314283
1 837.694861 287.564907
1 831.735188 292.686087
1 805.251090 281.217554
1 834.640377 300.015460
1 822.409595 321.539671
1 803.484546 312.865743
1 821.588987 277.873229
1 817.297562 303.155753
1 814.325253 299.945888
1 826.184956 286.264424
1 808.597796 254.456043
1 803.136432 289.053924
1 810.346957 302.518797
1 823.787483 315.874149
1 829.028689 297.444672
1 847.758031 255.253092
1 819.193867 312.954148
1 856.390623 331.763576
1 827.883778 333.185556
1 827.888282 326.627901
1 814.053064 236.982193
1 803.885344 270.472206
1 835.890803 292.580614
1 865.359021 319.362247
1 823.931794 291.326835
1 838.338219 275.150216
1 826.529491 315.429691
1 805.472713 318.150765
1 827.057257 310.122320
1 829.271872 311.653442
1 861.272342 317.576211
1 804.655295 252.528461
1 832.856998 252.285938
1 814.710005 300.936170
1 823.617076 320.235960
1 819.843972 280.580754
1 787.223483 287.466222
1 808.335899 323.563922
1 797.973598 280.982515
2 840.676232 608.621616
2 852.475574 633.410839
2 851.954105 627.968782
2 854.026035 648.220403
2 839.991632 615.530566
2 853.077069 632.163393
2 838.369887 634.561641
2 841.955730 613.519406
2 866.584727 624.813974
2 828.963805 622.449259
2 852.416090 642.763955
2 837.016986 614.694498
2 840.738615 643.357703
2 843.478089 641.697435
2 838.721206 644.038280
2 863.400528 639.149061
2 837.233535 635.162835
2 853.881323 619.546542
2 850.632442 625.157595
2 853.359522 611.015333
2 850.418268 615.658842
2 858.067359 619.559308
2 857.351504 643.163369
2 835.521914 631.914579
2 831.556330 614.604932
2 850.077215 631.957816
2 856.027421 643.177058
2 852.373098 634.690302
2 836.293860 616.051164
2 837.884820 636.400251
2 853.265255 626.674026
2 848.812040 628.612968
2 850.192135 635.737483
2 854.054095 633.278565
2 849.995893 630.763458
2 846.559716 642.299393
2 834.979246 636.262926
2 855.763583 644.513919
2 846.730506 607.687930
2 856.436795 633.342058
2 852.717873 632.804110
2 842.090755 638.151091
2 850.444308 630.218780
2 850.868218 630.077384
2 841.498960 633.550477
2 831.691895 631.432495
1 865.296733 347.533018
1 805.116104 338.919560
1 809.788114 344.868834
1 815.342457 353.453617
1 786.667818 348.967481
