1 214.176846 164.074055
1 206.669392 164.939290
1 196.768541 177.505941
1 210.958168 179.125455
1 211.836927 174.842533
1 199.534577 179.521387
1 201.970054 177.160632
1 209.442568 186.467994
1 203.531713 193.973627
1 196.032144 186.401373
1 181.725132 173.312320
1 211.479674 193.053529
1 199.410362 165.275356
1 200.678000 184.928028
1 178.902086 190.791062
1 185.497611 180.646397
1 198.505473 182.127880
1 194.792092 166.717099
1 203.281993 182.508794
1 209.131122 169.530986
1 205.148379 156.622375
1 203.190361 193.766879
1 201.587909 182.185522
1 233.982406 194.300387
1 199.725802 162.970418
1 192.324549 171.897222
1 179.396819 211.399765
1 199.431900 160.279077
1 231.763295 167.581537
1 230.502815 167.112565
1 203.092485 223.914863
1 180.570947 138.372909
1 190.744733 99.909595
1 195.425707 140.286277
1 229.440021 134.262699
1 171.547831 178.421223
1 211.177063 171.255930
1 226.911577 185.731426
1 184.781910 221.649293
1 172.408491 159.601592
1 231.627963 179.524867
1 194.059938 202.310743
1 226.637942 173.034171
1 189.191035 230.189528
1 237.380381 216.735202
1 240.711574 116.766227
1 162.343187 230.584338
1 189.086460 186.769573
1 177.839201 114.517226
1 179.150911 158.396902
1 220.454800 193.860710
1 170.569914 130.963711
1 184.982383 181.563491
1 163.216530 96.426298
1 229.884699 173.856281
1 161.147012 115.289216
1 168.832959 157.278305
1 241.084620 126.645099
1 257.830858 178.682930
1 225.109357 129.121203
1 180.594101 128.500615
1 178.209534 206.943665
1 192.699693 187.708265
1 218.813883 167.870841
1 214.173708 150.706338
1 150.219647 230.906560
1 180.373236 151.113377
1 210.016468 112.356775
1 182.782372 170.482347
1 170.820576 257.943476
1 212.135202 194.711557
1 153.992182 170.408821
1 165.223681 98.244969
1 141.854895 164.364875
1 195.275596 175.849678
1 220.129320 201.470082
1 272.138315 219.673573
1 231.707320 189.956601
1 160.371434 159.795578
1 153.292062 132.883843
1 236.213091 85.850205
1 217.540768 175.898146
1 219.650956 162.728746
1 207.395751 202.654435
1 200.335273 201.188537
1 233.475949 214.897730
1 238.426081 228.304621
1 155.321717 152.340151
1 214.908607 159.948193
1 202.872798 202.810853
2 59.664177 453.414726
2 50.576305 436.787278
2 43.175214 434.119097
2 75.720087 415.002922
2 58.804816 428.815023
2 63.347146 425.863559
2 60.732494 408.726670
2 72.406240 438.663397
2 68.614963 418.307461
2 78.024736 442.886722
2 50.591738 412.758446
2 64.626408 427.958435
2 45.398665 416.726962
2 56.673980 431.836704
2 39.766784 432.656259
2 54.629899 427.696813
2 39.445893 422.065107
2 64.010856 425.553187
2 59.602518 430.313672
2 64.184752 413.590620
2 80.182577 438.192942
2 70.931752 442.930283
2 61.246465 421.775181
2 60.792721 428.363508
2 61.668450 429.694248
2 56.705041 425.612133
2 63.494198 428.757342
2 83.436392 431.710276
2 56.345963 431.619136
2 62.089104 430.141319
2 43.408837 443.731623
2 62.548742 428.029501
2 65.727367 424.865274
2 54.176240 408.216230
2 54.332525 422.651007
2 65.391002 431.691994
2 45.589576 434.050779
2 40.333242 444.457525
2 47.776520 438.419990
2 76.038178 402.791386
2 97.624338 401.266318
1 326.425572 573.037915
1 255.150135 662.990817
2 110.807826 448.925115
1 326.682306 625.876271
2 119.774794 400.070130
1 312.559382 595.701929
1 315.051644 583.101335
1 148.767415 779.060031
1 148.218661 777.629893
1 139.421185 798.342218
1 138.908182 789.084680
1 160.131038 787.909778
1 150.308837 780.140365
1 158.460107 771.246079
1 157.586055 786.824144
1 136.628337 785.524255
1 140.338804 770.199865
1 135.556030 777.083723
1 153.267474 780.133094
1 129.636304 786.653029
1 147.859911 793.014543
1 150.481933 780.709372
1 130.425149 772.329319
1 165.789670 780.267917
1 154.225798 768.676333
1 171.076966 768.126136
1 165.961065 763.317471
1 147.042135 722.954844
1 194.100654 780.240633
1 186.406278 840.819584
1 196.166021 760.638082
1 223.023824 783.086220
1 110.189503 833.835170
1 191.364873 783.671890
1 137.070600 758.457545
1 199.951652 835.507965
1 149.457845 818.426071
1 136.971858 762.047248
1 151.712413 754.314775
1 122.762929 740.244685
1 133.287656 794.357331
1 141.613701 794.618577
1 141.334048 799.315507
1 151.147473 799.188942
1 159.608660 771.299256
2 326.075056 805.580968
1 114.002129 793.542518
1 212.138174 863.103277
1 115.184670 743.486591
1 148.546991 746.466802
1 226.497239 809.958333
1 95.170406 791.917580
1 126.435001 787.862666
1 108.108403 814.383243
1 114.516138 804.909861
1 124.771017 731.298525
2 324.155929 805.490729
2 280.225412 846.629081
1 160.503440 802.154818
1 174.509311 749.192999
1 138.101463 748.570450
1 243.442758 806.195170
1 128.508750 811.759792
1 325.366248 716.392793
1 227.838270 782.066298
1 141.334048 799.315507
1 134.675227 741.958012
1 195.523797 790.522103
1 203.533962 803.816651
1 119.585602 783.985310
1 111.843397 770.121645
1 184.952997 775.870645
2 323.963458 778.462012
1 141.506379 831.047847
1 115.385621 821.067022
1 160.454526 754.364688
1 164.453227 752.825018
1 201.977140 805.164598
1 200.496347 817.718374
1 195.012752 782.479076
2 325.447023 888.268265
1 199.303280 746.718410
1 213.124557 785.093483
1 174.316368 817.828404
1 161.068243 759.960608
1 134.567233 807.839863
1 123.074833 745.744896
1 148.049495 840.423493
2 296.250062 871.162094
1 211.643857 774.191714
1 186.056386 762.529519
1 95.712119 754.910147
1 133.888338 864.557519
1 148.448769 804.076746
1 159.249909 801.107509
1 134.847376 758.859209
1 187.100939 784.545006
1 155.227284 807.307804
1 297.778184 730.388466
1 126.563118 751.032628
1 158.301341 765.952163
1 178.665398 805.230927
1 146.923479 878.736883
1 126.882588 753.868067
1 177.888719 807.575498
2 499.585782 134.991032
2 484.248733 151.095240
2 487.072859 134.072046
2 483.869978 133.688808
2 506.632547 149.885286
2 492.965995 129.845313
2 518.370217 137.655406
2 500.372290 132.347817
2 487.886167 155.139001
2 493.720714 134.765195
2 500.592111 143.538737
2 509.219396 138.393067
2 509.805614 158.859363
2 516.707945 155.811111
2 493.952420 155.236588
2 512.198795 143.865391
2 482.063822 143.746553
2 496.084056 144.129262
2 491.287710 130.238975
2 493.997559 149.054409
2 516.354893 141.664266
2 492.726283 160.391446
2 497.273132 140.416961
2 487.985610 127.781588
2 480.665799 140.519273
2 500.296424 143.208910
2 502.431803 130.208756
2 507.653555 163.648638
2 490.172815 141.775291
2 497.665782 137.406016
2 504.235634 136.967520
2 507.121802 126.362128
2 504.037112 143.205893
2 507.237126 134.154348
2 520.065446 142.572758
2 485.296409 121.877189
2 499.532163 145.276059
2 486.023560 139.868389
2 492.169856 168.010161
1 396.965906 656.429721
1 409.232629 630.668999
1 407.023245 639.978443
1 399.088965 649.256337
1 395.487644 652.575963
1 399.326209 652.158784
1 411.968041 650.520766
1 398.848586 635.686138
1 399.173399 644.191207
1 400.774781 650.308213
1 396.906714 642.965381
1 398.298446 654.480653
1 405.424793 638.575822
1 381.367666 653.613494
1 401.354440 647.757411
1 390.971265 647.465206
1 405.861198 641.062399
1 398.602001 647.378318
1 394.385557 654.002274
1 411.539163 654.654595
2 556.654560 492.168320
2 566.327921 479.929622
2 559.645556 478.749257
2 542.108217 474.036524
2 559.685605 487.433473
2 563.369408 490.282628
2 573.381410 471.477110
2 557.486451 481.565274
2 556.840378 498.166857
2 563.704203 473.647680
2 558.899972 479.781194
2 548.343974 488.373185
2 559.745212 479.979779
2 569.635254 470.297255
2 547.504747 473.173566
2 568.280122 458.401332
2 552.993692 480.154732
2 545.797056 473.774194
2 567.445625 494.042759
2 562.460124 483.713340
2 543.069621 483.761617
2 558.284391 476.821103
2 547.655082 458.294657
2 561.074381 495.485274
2 566.168079 497.857587
2 557.684401 461.115869
2 552.590856 490.349685
2 563.243376 477.289553
2 542.971177 465.114985
2 553.586758 461.895545
2 564.947799 458.268381
2 567.193653 481.763242
2 564.631733 472.059136
2 559.099342 479.038836
2 565.634408 455.665149
2 557.992754 503.939145
2 564.291244 478.719299
2 548.831643 495.501298
2 544.664903 471.243575
2 545.146850 474.591171
2 568.669514 482.475636
1 372.644601 657.039808
1 434.681633 664.833421
1 398.322643 615.576627
1 380.901634 653.415613
1 361.127530 605.873621
1 416.686926 634.515287
2 550.851955 455.215432
1 390.870752 621.387085
1 381.392317 652.563731
1 414.340364 636.416420
1 416.417469 631.758792
1 450.634038 635.771610
1 393.452835 629.912860
1 343.301568 647.401484
1 375.608379 640.522469
1 484.598744 643.508408
1 430.237032 664.839351
1 407.355683 648.806409
1 396.155687 622.935617
1 410.637620 637.381070
1 388.043794 636.367608
2 561.868470 479.409487
1 381.424450 600.812476
1 389.412512 636.097622
1 373.490016 598.554376
1 418.471798 591.025896
1 400.288489 657.025054
1 394.417859 665.297751
1 392.839771 622.818693
1 419.512002 658.825428
1 428.282559 638.155061
1 416.458513 662.294734
1 439.122319 590.329214
2 568.687402 491.766182
1 421.716096 598.923224
1 429.696654 648.490874
1 357.814736 618.355725
1 408.852029 609.240659
1 373.327330 583.203079
1 460.554730 616.056057
1 418.831903 661.414705
1 407.477001 658.796535
1 408.534820 662.734021
1 405.023524 643.120403
1 342.331274 571.519582
1 354.589958 624.980520
1 453.048515 618.619777
1 487.139433 650.768230
1 358.670190 642.054319
1 392.007199 642.853854
1 451.114248 652.272618
1 404.351059 639.462811
1 452.075162 600.106402
1 416.167318 616.775966
2 537.262503 500.157947
1 361.304068 646.092312
2 528.372103 508.045622
1 391.306783 639.911772
1 366.814315 644.247440
1 392.540329 619.731641
1 384.557774 663.191950
2 551.585759 464.888891
1 400.578659 661.091697
1 392.323611 656.740399
1 349.987007 639.841997
1 400.089058 631.891477
1 393.546472 658.181752
2 577.268266 489.295258
1 370.903342 525.017284
1 444.595169 648.120680
1 354.162502 642.981419
1 420.948575 606.706458
1 363.682267 645.976048
1 388.229427 589.055375
1 420.085867 655.810133
1 353.373016 635.434320
1 367.341270 651.030053
1 436.718296 632.703668
1 363.784697 626.124653
2 582.584490 460.005336
1 418.519737 625.619281
1 417.585305 636.690408
1 384.823204 647.548689
1 427.896262 627.321693
1 341.811211 585.345129
1 489.140182 611.430791
1 367.425609 638.290156
1 398.364908 651.207701
1 441.023000 649.285624
1 391.623927 609.839453
1 361.050178 635.297546
2 529.263671 509.590718
1 410.900535 645.126997
1 433.645361 626.405386
1 406.487963 623.662129
1 427.365003 647.403166
1 392.426508 652.331403
1 439.923286 595.912701
1 382.837045 658.798140
2 585.224218 477.733488
1 334.669312 607.140819
1 429.684355 608.052054
1 414.240707 663.219761
1 554.016372 799.904415
1 566.340280 801.260464
1 570.123937 800.021367
1 591.474880 793.367133
1 587.747347 813.579480
1 583.242380 791.272099
1 552.745377 812.852118
1 564.153244 803.367135
1 577.898006 790.170492
1 574.622078 798.789140
1 573.053080 813.579015
1 584.509425 787.087501
1 574.188549 798.183811
1 555.463841 818.504065
1 568.084256 806.421477
1 556.173005 808.304817
1 559.722450 798.231480
1 570.431892 804.553449
1 553.812317 802.677720
1 566.122417 793.535738
1 556.450136 801.912863
1 553.909713 813.565870
1 551.165307 798.782531
1 588.384833 811.338194
1 564.321143 806.739449
1 563.309108 788.919077
1 578.038975 812.878854
2 389.538227 833.879714
2 378.960659 833.429814
2 411.442228 835.670410
2 409.237313 811.380150
2 399.890100 830.041025
2 405.207302 850.738799
2 397.580039 831.068220
2 401.636197 813.259206
2 401.312932 830.117661
2 387.290173 814.781166
2 399.712033 820.898581
2 402.382769 830.642689
2 397.509522 816.278095
2 411.152661 844.794265
2 395.711069 837.208026
2 390.150597 825.066402
2 399.501159 818.059710
2 382.307555 837.874612
2 416.083383 812.282884
2 385.918454 817.639902
2 412.266138 813.407596
2 399.456228 830.895849
2 415.642324 835.764118
2 390.094158 829.951194
2 398.878255 849.165779
2 401.366324 848.649844
2 401.175089 840.522349
2 405.832256 845.406995
2 398.449407 821.013905
2 402.179150 831.091748
2 418.329704 828.496631
2 402.664223 816.254259
2 404.526549 830.470441
2 402.357607 815.581699
2 393.088402 831.176945
2 397.917414 854.296024
2 388.306593 841.258806
2 412.314509 856.470017
1 416.350053 669.440736
1 572.767463 810.950475
2 391.059547 809.224330
1 377.706124 668.611132
1 588.249096 811.112383
1 612.968520 811.946048
1 363.777213 678.939258
2 356.398337 819.517871
2 401.605566 877.848228
2 402.932363 890.252004
1 580.652682 815.557046
2 410.874000 817.006669
2 393.952166 854.276039
1 371.186233 671.219558
1 372.827121 680.044023
1 560.511782 785.953262
2 416.936755 862.197867
2 382.113664 798.823589
1 556.363801 753.917035
1 568.955628 754.535972
1 559.627547 788.416111
2 425.476066 837.311396
2 365.113696 818.060795
2 383.766693 889.204221
2 347.064277 808.452969
2 415.999660 813.643926
1 569.568623 797.291340
2 358.531718 801.945274
1 422.952741 681.367832
2 416.215650 816.170011
1 602.658475 761.938800
2 422.255688 822.433402
1 558.805195 815.813988
2 376.334372 847.954568
1 594.798683 764.748541
2 407.310820 889.970373
2 404.259519 793.041769
2 395.583928 885.524054
1 628.050397 777.214185
1 390.320361 674.866218
1 395.028537 671.332362
1 436.185126 709.714909
1 588.316611 757.378305
2 363.678935 811.006362
2 401.368793 863.065691
1 594.659345 779.639381
2 417.330066 793.212454
1 577.166989 771.227755
1 573.726783 791.485671
1 587.792140 723.089345
1 535.851195 795.713147
1 455.733110 669.167210
2 431.859185 808.378428
1 543.622418 693.796051
1 605.767274 773.265676
2 432.657540 833.787028
1 591.412828 770.506350
1 499.904306 807.914987
2 423.463578 822.872081
1 537.371087 791.081031
1 380.571814 675.045311
1 615.093594 847.783319
1 560.085276 808.377090
2 403.273196 816.188376
1 543.042978 810.443542
1 440.492752 709.359937
1 574.120480 841.438033
2 412.560589 828.625964
1 335.189818 715.286139
1 531.294648 817.244689
1 453.827387 734.467250
1 607.681363 835.915929
2 372.894926 854.008194
1 476.480072 670.923436
2 425.207914 789.324122
1 583.324871 815.961727
2 494.231436 835.529587
2 426.699490 762.099772
1 399.619283 673.987232
2 433.305089 792.449456
1 589.153158 768.225638
2 412.490015 779.193754
2 425.522206 744.312725
2 391.627537 814.528385
2 397.687868 814.070841
2 382.722089 837.714163
1 358.893115 729.557941
1 355.095506 676.729182
1 389.363658 675.641856
1 451.789188 688.800973
2 393.777847 844.671185
2 447.669455 780.587962
2 345.619703 793.568078
1 421.715565 705.093535
1 616.737427 767.344122
2 394.017805 812.307044
2 424.629294 819.743746
2 400.423956 806.571164
2 447.036421 766.331199
2 451.651385 791.839530
1 612.221669 787.422506
1 581.776901 777.132366
1 403.432226 676.070895
2 401.104124 852.005846
2 379.600530 854.052029
2 402.203257 799.565283
2 417.419960 800.592716
2 398.513994 808.951311
2 409.600323 844.979642
1 435.646141 681.805904
1 602.022935 751.362985
1 488.875904 815.126592
1 389.588545 689.892282
1 643.324424 748.090518
2 441.255202 841.525748
1 494.145290 814.996006
2 417.846047 811.554990
2 402.463373 805.638719
1 397.045664 668.424809
2 380.412103 818.599965
1 489.726925 830.127440
2 399.589582 788.701447
2 427.495243 773.714569
1 600.358432 778.671653
2 417.077282 831.826594
2 442.633869 806.950671
2 392.525115 848.165414
1 556.023889 847.913475
1 476.566300 768.682153
1 598.667285 765.623047
1 614.705074 788.429797
2 423.088676 836.847164
1 410.966995 676.618451
2 432.902732 792.986017
1 582.965830 751.417254
2 418.289969 835.983574
1 412.344040 673.852463
1 357.908409 668.033894
2 430.266262 805.556253
1 435.289533 720.016321
2 363.742101 796.364867
2 361.113814 821.107981
2 376.762360 881.410595
2 386.286498 826.045497
2 366.096095 812.666231
1 605.060857 780.040422
2 418.674695 845.713258
2 406.519096 847.429557
1 530.213218 840.260262
2 455.499362 758.003372
2 421.569638 865.495380
2 371.418014 808.183316
1 642.494048 768.587045
1 575.233099 806.834711
2 444.090232 813.942205
2 413.649496 827.052045
2 405.913428 843.372363
2 422.277501 795.379409
1 402.197556 691.535681
1 591.011900 800.118174
1 576.681131 782.077875
2 398.344326 838.870099
1 333.422697 690.559114
1 519.746962 790.018460
2 406.869997 864.809556
2 436.414971 738.820058
1 360.740121 686.711507
2 449.625894 792.210437
2 448.938245 771.422330
1 410.479384 700.440578
1 576.522167 780.721933
2 408.069243 781.212633
1 559.160595 796.685541
2 406.971957 900.616635
1 366.876183 676.624626
1 358.903489 697.199862
1 578.239331 785.869361
2 427.155253 842.117687
2 391.463282 834.092363
1 633.761648 761.572363
1 602.926370 768.828049
1 456.790735 709.301522
2 438.472983 836.937509
2 420.153804 878.053642
2 429.187396 846.626718
2 391.300699 787.534489
2 415.486751 758.054639
2 425.615030 838.683525
1 376.255857 679.040959
1 596.578021 807.532007
1 603.291415 777.183816
2 416.074359 785.700751
1 537.242870 819.645555
2 366.576103 843.291719
2 408.710315 854.066731
2 380.603919 834.621203
2 351.817228 825.342280
2 475.832199 777.491921
2 449.407248 832.355684
2 378.163765 819.358333
2 453.712026 847.478314
2 379.380233 792.316076
1 582.953252 776.765777
1 561.231687 814.078277
1 591.929210 837.859991
1 583.088683 775.298328
1 374.820059 667.395324
2 429.960967 770.353065
1 552.894439 794.928551
1 659.801280 791.486914
1 622.986095 768.584005
1 562.232700 801.415333
1 589.913544 760.880094
1 365.815455 686.607481
1 611.427014 786.558675
1 393.599950 674.150519
2 465.355678 840.949590
1 385.468795 677.260962
1 355.888594 675.689111
2 448.349574 859.153160
1 373.262959 703.122838
2 445.892585 776.547461
1 584.202801 819.940853
1 587.899895 748.960492
2 456.034686 842.908301
1 550.469629 806.162774
1 622.453501 762.778900
2 431.768456 870.809954
1 556.516356 846.623589
2 383.606584 816.239184
1 462.711694 713.310510
2 375.613172 799.769339
1 822.570945 295.209373
1 821.918281 286.535242
1 819.703925 311.468283
1 839.125300 303.166866
1 823.128751 297.453261
1 821.751465 291.149601
1 820.312877 300.045297
1 804.173060 292.202385
1 815.418058 296.885520
1 819.024018 294.624643
1 819.454788 297.964086
1 839.922837 300.968418
1 814.089782 286.227806
1 814.952164 321.010370
1 809.983797 301.390875
1 823.426854 290.314283
1 837.694861 287.564907
1 805.251090 281.217554
1 819.206725 279.764840
1 821.588987 277.873229
1 824.950933 312.161066
1 855.261551 287.503265
1 785.491575 305.904270
1 842.810628 284.537215
1 915.359948 322.095152
1 852.940734 248.154332
1 875.102277 302.362626
1 823.446127 288.221142
1 766.629654 270.435672
1 817.081886 301.947839
1 833.828606 309.660709
1 855.489099 321.424722
1 788.943114 296.497276
1 830.244602 293.224808
1 858.683407 314.753774
1 812.992213 308.420348
1 811.490656 283.201187
1 819.832676 322.624346
1 832.311694 312.835859
1 782.676171 254.075453
1 822.171048 313.826525
1 818.693361 263.312836
1 861.313635 311.251565
1 855.827919 269.900778
1 849.671921 258.092658
1 881.857778 279.258142
1 831.840041 267.040388
1 902.444230 300.357761
1 797.426389 326.737595
1 842.713048 295.539985
1 784.330277 277.204574
1 927.567584 332.582523
1 825.716605 297.209344
1 815.551266 323.637731
1 828.510693 293.439101
1 830.845620 297.921111
1 797.578806 294.197500
1 863.166047 324.893355
1 823.783441 283.759912
1 784.638866 305.961910
1 781.809304 254.903651
1 784.620857 294.466477
1 868.953065 319.884774
1 792.902086 307.527301
1 807.887054 248.349979
1 795.627536 300.272914
1 774.714459 313.441598
1 809.466329 241.353893
1 797.882504 300.085814
1 778.512840 287.892555
1 821.986749 313.378805
1 780.656255 328.713847
1 888.647126 292.180198
1 822.099318 265.333807
1 806.140500 268.784192
1 812.217506 305.959949
1 832.613137 316.835296
1 772.891802 284.137054
1 784.441871 317.736998
1 817.417884 317.881327
1 843.362584 279.271396
1 853.753266 197.165063
2 840.676232 608.621616
2 851.954105 627.968782
2 854.026035 648.220403
2 839.991632 615.530566
2 853.077069 632.163393
2 838.369887 634.561641
2 841.955730 613.519406
2 866.584727 624.813974
2 828.963805 622.449259
2 852.416090 642.763955
2 840.738615 643.357703
2 843.478089 641.697435
2 838.721206 644.038280
2 863.400528 639.149061
2 853.881323 619.546542
2 853.359522 611.015333
2 850.418268 615.658842
2 858.067359 619.559308
2 857.351504 643.163369
2 850.318600 639.521488
2 835.521914 631.914579
2 831.556330 614.604932
2 850.077215 631.957816
2 856.027421 643.177058
2 852.373098 634.690302
2 836.293860 616.051164
2 837.884820 636.400251
2 853.265255 626.674026
2 848.812040 628.612968
2 850.192135 635.737483
2 854.054095 633.278565
2 846.559716 642.299393
2 855.763583 644.513919
2 846.730506 607.687930
2 856.436795 633.342058
2 852.717873 632.804110
2 842.090755 638.151091
2 850.444308 630.218780
2 850.868218 630.077384
2 841.498960 633.550477
2 831.691895 631.432495
1 827.148504 346.316038
1 853.941763 333.650405
1 823.210545 337.124355
1 818.161846 366.708769
1 791.739020 341.041971
1 760.822761 387.428748
1 807.819212 353.814098
1 672.337492 776.576543
2 833.856931 679.518943
