1 186.819888 180.064576
1 214.176846 164.074055
1 206.669392 164.939290
1 196.768541 177.505941
1 210.958168 179.125455
1 211.836927 174.842533
1 189.331589 163.877402
1 199.534577 179.521387
1 201.970054 177.160632
1 209.442568 186.467994
1 203.531713 193.973627
1 193.107182 173.501593
1 196.032144 186.401373
1 216.060535 192.472274
1 194.037276 181.435106
1 181.725132 173.312320
1 183.153069 197.091140
1 188.637822 183.889312
1 189.229870 181.374885
1 190.123317 178.772194
1 211.479674 193.053529
1 199.410362 165.275356
1 200.678000 184.928028
1 178.902086 190.791062
1 210.518514 165.218820
1 201.121318 185.842062
1 185.497611 180.646397
1 198.505473 182.127880
1 182.344040 172.955946
1 194.792092 166.717099
1 186.702925 186.835629
1 203.281993 182.508794
1 215.404842 195.972708
1 209.131122 169.530986
1 205.148379 156.622375
1 203.190361 193.766879
1 201.587909 182.185522
1 210.067252 172.806962
1 201.145551 163.041602
1 233.982406 194.300387
1 199.725802 162.970418
1 184.229003 152.739268
1 192.324549 171.897222
1 183.805629 154.041091
1 194.303955 169.949846
1 179.396819 211.399765
1 165.417525 192.576367
1 255.469942 155.475007
1 199.431900 160.279077
1 231.763295 167.581537
1 230.502815 167.112565
1 210.936762 125.950400
1 203.092485 223.914863
1 180.570947 138.372909
1 236.460130 211.627740
1 190.744733 99.909595
1 260.591711 236.040900
1 235.847326 124.029173
1 183.577641 135.152260
1 220.449173 160.810882
1 195.425707 140.286277
1 229.440021 134.262699
1 187.102516 179.261004
1 171.547831 178.421223
1 211.177063 171.255930
1 195.961996 210.577790
1 169.687429 146.836051
1 226.911577 185.731426
1 184.781910 221.649293
1 251.121876 205.051019
1 172.408491 159.601592
1 231.627963 179.524867
1 217.901639 187.807998
1 194.059938 202.310743
1 183.613158 127.012374
1 189.154522 191.280983
1 181.396504 175.473216
1 226.637942 173.034171
1 189.191035 230.189528
1 178.819615 143.511611
1 237.380381 216.735202
1 240.711574 116.766227
1 250.012382 185.672243
1 162.343187 230.584338
1 189.086460 186.769573
1 177.839201 114.517226
1 179.150911 158.396902
1 220.454800 193.860710
1 170.569914 130.963711
1 225.610194 179.001840
1 184.982383 181.563491
1 163.216530 96.426298
1 239.798569 173.528832
1 182.336210 161.498605
1 205.211405 212.617429
1 229.884699 173.856281
1 161.147012 115.289216
1 168.832959 157.278305
1 156.264538 187.693815
1 241.084620 126.645099
1 257.830858 178.682930
1 225.109357 129.121203
1 180.594101 128.500615
1 219.109524 187.911264
1 178.209534 206.943665
1 263.824027 198.770657
1 192.699693 187.708265
1 218.813883 167.870841
1 214.173708 150.706338
2 59.664177 453.414726
2 50.576305 436.787278
2 58.482343 434.984402
2 51.425367 440.837784
2 43.175214 434.119097
2 75.720087 415.002922
2 58.804816 428.815023
2 63.347146 425.863559
2 60.732494 408.726670
2 72.406240 438.663397
2 68.614963 418.307461
2 78.024736 442.886722
2 50.591738 412.758446
2 64.626408 427.958435
2 74.532559 427.224107
2 45.398665 416.726962
2 56.673980 431.836704
2 39.766784 432.656259
2 54.629899 427.696813
2 39.445893 422.065107
2 64.010856 425.553187
2 59.602518 430.313672
2 64.184752 413.590620
2 80.182577 438.192942
2 70.931752 442.930283
2 61.246465 421.775181
2 60.792721 428.363508
2 61.668450 429.694248
2 56.705041 425.612133
2 63.494198 428.757342
2 83.436392 431.710276
2 56.345963 431.619136
2 62.089104 430.141319
2 43.408837 443.731623
2 62.548742 428.029501
2 65.727367 424.865274
2 71.831915 415.201987
2 54.176240 408.216230
2 54.332525 422.651007
2 65.391002 431.691994
2 45.589576 434.050779
2 40.333242 444.457525
2 47.776520 438.419990
2 83.859896 425.730642
2 76.038178 402.791386
2 31.990942 404.704415
1 324.643960 606.402441
1 313.724386 619.326292
2 97.624338 401.266318
1 326.425572 573.037915
2 79.377995 408.641588
1 309.132613 659.282726
1 255.150135 662.990817
2 110.807826 448.925115
1 148.767415 779.060031
1 148.218661 777.629893
1 139.421185 798.342218
1 138.908182 789.084680
1 160.131038 787.909778
1 150.308837 780.140365
1 157.117436 792.632554
1 158.460107 771.246079
1 157.586055 786.824144
1 151.165851 778.942263
1 153.580006 777.188003
1 164.555545 789.736037
1 161.261873 761.410870
1 149.508251 763.863873
1 144.243613 785.552113
1 136.628337 785.524255
1 140.338804 770.199865
1 135.556030 777.083723
1 153.267474 780.133094
1 150.762099 774.299002
1 129.636304 786.653029
1 147.859911 793.014543
1 150.481933 780.709372
1 130.425149 772.329319
1 147.324617 770.897743
1 165.789670 780.267917
1 154.225798 768.676333
1 156.864742 796.891839
1 128.360333 771.670554
1 171.076966 768.126136
1 149.792901 793.426537
1 155.137713 786.289303
1 165.961065 763.317471
1 160.573092 762.600482
1 241.844824 780.783642
1 119.628122 751.753543
1 147.042135 722.954844
1 184.485849 799.866089
1 116.141656 735.278443
1 169.418485 796.399197
1 194.100654 780.240633
1 186.406278 840.819584
1 196.166021 760.638082
1 223.023824 783.086220
1 96.761769 748.064604
1 110.189503 833.835170
1 114.836420 767.843146
1 141.268455 837.371694
1 105.830620 762.211356
1 191.364873 783.671890
1 157.103980 841.448181
1 137.070600 758.457545
1 199.951652 835.507965
1 149.457845 818.426071
1 128.258270 802.033898
1 136.971858 762.047248
1 151.712413 754.314775
1 122.762929 740.244685
1 133.287656 794.357331
1 141.613701 794.618577
1 141.334048 799.315507
1 151.147473 799.188942
1 212.260377 839.086982
1 159.608660 771.299256
1 82.598606 742.563740
2 326.075056 805.580968
1 102.590935 739.396779
1 174.300941 791.697005
1 114.002129 793.542518
1 212.138174 863.103277
1 115.184670 743.486591
1 162.539906 776.184768
1 127.378529 794.861759
1 148.546991 746.466802
1 160.556070 732.047254
1 226.497239 809.958333
1 95.170406 791.917580
1 126.435001 787.862666
1 205.148161 863.279946
1 108.108403 814.383243
1 144.522385 809.141143
1 114.516138 804.909861
1 182.459009 782.971718
1 126.306366 791.236731
1 124.771017 731.298525
2 324.155929 805.490729
2 280.225412 846.629081
1 289.051239 683.052675
1 160.503440 802.154818
1 174.509311 749.192999
1 133.089152 765.048437
1 138.101463 748.570450
1 243.442758 806.195170
1 128.508750 811.759792
1 135.493295 778.753576
1 325.366248 716.392793
1 187.981171 856.376823
1 227.838270 782.066298
1 141.334048 799.315507
1 134.675227 741.958012
1 195.523797 790.522103
1 329.514354 682.591687
1 203.533962 803.816651
1 119.585602 783.985310
1 203.984333 870.954156
1 111.843397 770.121645
1 184.952997 775.870645
2 323.963458 778.462012
1 114.339799 794.756891
1 181.150616 804.726093
1 141.506379 831.047847
1 115.385621 821.067022
1 160.454526 754.364688
1 164.453227 752.825018
1 201.977140 805.164598
1 200.496347 817.718374
1 195.012752 782.479076
2 325.447023 888.268265
2 499.585782 134.991032
2 484.248733 151.095240
2 487.072859 134.072046
2 483.869978 133.688808
2 506.632547 149.885286
2 492.965995 129.845313
2 518.370217 137.655406
2 500.372290 132.347817
2 487.886167 155.139001
2 493.720714 134.765195
2 500.592111 143.538737
2 509.219396 138.393067
2 509.805614 158.859363
2 516.707945 155.811111
2 493.952420 155.236588
2 512.198795 143.865391
2 498.891104 142.434045
2 503.031665 142.810787
2 503.838197 164.691625
2 482.063822 143.746553
2 496.084056 144.129262
2 491.287710 130.238975
2 493.997559 149.054409
2 505.718363 140.086895
2 516.354893 141.664266
2 492.726283 160.391446
2 497.273132 140.416961
2 487.985610 127.781588
2 480.665799 140.519273
2 491.863470 139.404843
2 500.296424 143.208910
2 502.431803 130.208756
2 507.653555 163.648638
2 490.172815 141.775291
2 497.665782 137.406016
2 504.235634 136.967520
2 507.121802 126.362128
2 504.037112 143.205893
2 519.923327 144.451390
2 507.237126 134.154348
2 495.384363 140.921447
2 520.065446 142.572758
2 485.296409 121.877189
2 499.532163 145.276059
2 486.023560 139.868389
1 396.965906 656.429721
1 409.232629 630.668999
1 407.023245 639.978443
1 405.431374 649.333913
1 391.300101 656.779568
1 399.486811 646.725757
1 400.259023 649.944374
1 399.088965 649.256337
1 395.487644 652.575963
1 399.326209 652.158784
1 411.968041 650.520766
1 398.848586 635.686138
1 399.173399 644.191207
1 389.841955 658.005263
1 400.774781 650.308213
1 399.641320 649.664334
1 396.906714 642.965381
1 398.298446 654.480653
1 405.424793 638.575822
1 381.367666 653.613494
1 401.354440 647.757411
1 390.971265 647.465206
1 405.861198 641.062399
1 398.602001 647.378318
1 394.385557 654.002274
1 411.539163 654.654595
1 401.664526 639.774492
1 415.984239 646.909203
1 423.036678 654.281203
2 556.654560 492.168320
2 566.327921 479.929622
2 559.645556 478.749257
2 542.108217 474.036524
2 559.685605 487.433473
2 563.369408 490.282628
2 573.381410 471.477110
2 557.486451 481.565274
2 556.840378 498.166857
2 563.704203 473.647680
2 558.899972 479.781194
2 548.343974 488.373185
2 559.745212 479.979779
2 569.635254 470.297255
2 547.504747 473.173566
2 568.280122 458.401332
2 552.993692 480.154732
2 536.452940 475.645585
2 545.797056 473.774194
2 567.445625 494.042759
2 562.460124 483.713340
2 543.069621 483.761617
2 558.284391 476.821103
2 547.655082 458.294657
2 561.074381 495.485274
2 563.167474 480.654356
2 566.168079 497.857587
2 557.684401 461.115869
2 552.590856 490.349685
2 560.512513 470.929234
2 563.243376 477.289553
2 542.971177 465.114985
2 553.586758 461.895545
2 564.947799 458.268381
2 567.193653 481.763242
2 564.631733 472.059136
2 559.099342 479.038836
2 580.142647 476.366680
2 565.634408 455.665149
2 557.992754 503.939145
2 580.160206 485.271098
2 564.291244 478.719299
2 548.831643 495.501298
2 544.664903 471.243575
2 545.146850 474.591171
2 568.669514 482.475636
1 372.644601 657.039808
1 434.681633 664.833421
1 398.322643 615.576627
1 442.848964 645.894165
1 426.313719 643.850127
1 458.021560 636.524429
1 380.901634 653.415613
1 361.127530 605.873621
1 416.686926 634.515287
1 411.231052 601.202981
2 550.851955 455.215432
1 390.870752 621.387085
1 381.392317 652.563731
1 414.340364 636.416420
1 406.839043 663.489240
1 389.782669 649.941805
1 416.417469 631.758792
1 450.634038 635.771610
2 563.081273 490.290404
1 424.032871 631.868182
1 393.452835 629.912860
1 343.301568 647.401484
1 375.608379 640.522469
1 414.773314 614.452927
1 484.598744 643.508408
1 430.237032 664.839351
1 407.355683 648.806409
1 396.155687 622.935617
1 410.637620 637.381070
1 388.043794 636.367608
1 391.477410 598.436391
2 561.868470 479.409487
1 381.424450 600.812476
1 389.412512 636.097622
1 373.490016 598.554376
1 363.365530 618.202255
1 418.471798 591.025896
1 400.288489 657.025054
1 394.417859 665.297751
1 438.974904 549.783134
1 392.839771 622.818693
1 412.516299 658.813566
1 358.841223 665.819484
1 434.228459 659.855245
1 404.895307 657.946981
1 419.512002 658.825428
1 383.852803 643.547069
1 428.282559 638.155061
1 406.679503 639.646439
1 433.341471 636.186069
1 416.458513 662.294734
1 439.122319 590.329214
2 568.687402 491.766182
1 421.716096 598.923224
1 429.696654 648.490874
1 389.350219 643.558477
1 405.677899 664.518658
1 357.814736 618.355725
1 408.852029 609.240659
1 413.811695 658.465114
1 373.327330 583.203079
1 437.286831 665.559939
1 356.670038 653.317579
1 460.554730 616.056057
1 418.831903 661.414705
1 407.902001 654.726332
1 407.477001 658.796535
1 408.534820 662.734021
1 413.584573 614.941372
1 363.209321 623.622336
1 385.876839 643.726598
1 405.023524 643.120403
1 342.331274 571.519582
1 432.627160 660.179340
1 354.589958 624.980520
1 453.048515 618.619777
1 487.139433 650.768230
1 355.539561 628.373450
1 358.670190 642.054319
1 389.497683 625.908602
1 392.007199 642.853854
1 451.114248 652.272618
1 404.351059 639.462811
1 440.083074 658.239104
1 410.850476 670.035768
1 554.016372 799.904415
1 581.751516 787.336215
1 566.340280 801.260464
1 570.123937 800.021367
1 591.474880 793.367133
1 587.747347 813.579480
1 583.242380 791.272099
1 552.745377 812.852118
1 564.153244 803.367135
1 566.634687 799.764181
1 581.768991 798.964816
1 572.759855 799.243772
1 577.898006 790.170492
1 574.622078 798.789140
1 573.053080 813.579015
1 584.509425 787.087501
1 574.188549 798.183811
1 555.463841 818.504065
1 568.084256 806.421477
1 556.173005 808.304817
1 559.722450 798.231480
1 565.268759 792.765162
1 570.431892 804.553449
1 553.812317 802.677720
1 566.122417 793.535738
1 556.450136 801.912863
1 553.909713 813.565870
1 551.165307 798.782531
1 588.384833 811.338194
1 564.321143 806.739449
1 563.309108 788.919077
1 578.038975 812.878854
1 569.494965 799.816144
1 577.269699 796.321275
2 389.538227 833.879714
2 402.161750 844.896420
2 378.960659 833.429814
2 411.442228 835.670410
2 409.237313 811.380150
2 399.890100 830.041025
2 405.207302 850.738799
2 397.580039 831.068220
2 401.636197 813.259206
2 401.312932 830.117661
2 387.290173 814.781166
2 399.712033 820.898581
2 402.382769 830.642689
2 397.509522 816.278095
2 411.152661 844.794265
2 395.711069 837.208026
2 390.150597 825.066402
2 399.501159 818.059710
2 382.307555 837.874612
2 416.083383 812.282884
2 385.918454 817.639902
2 412.266138 813.407596
2 399.456228 830.895849
2 415.642324 835.764118
2 408.008256 824.890422
2 390.094158 829.951194
2 398.878255 849.165779
2 401.366324 848.649844
2 401.175089 840.522349
2 399.819838 837.191383
2 405.832256 845.406995
2 398.449407 821.013905
2 402.179150 831.091748
2 418.329704 828.496631
2 402.664223 816.254259
2 404.526549 830.470441
2 402.357607 815.581699
2 393.088402 831.176945
2 397.917414 854.296024
2 388.306593 841.258806
2 412.314509 856.470017
1 416.350053 669.440736
1 572.767463 810.950475
1 419.860692 673.288928
2 391.059547 809.224330
1 377.706124 668.611132
1 588.249096 811.112383
1 612.968520 811.946048
1 363.777213 678.939258
2 356.398337 819.517871
2 401.605566 877.848228
2 402.932363 890.252004
1 580.652682 815.557046
2 410.874000 817.006669
1 539.546298 786.981639
2 393.952166 854.276039
1 371.186233 671.219558
1 372.827121 680.044023
1 560.511782 785.953262
2 416.936755 862.197867
2 382.113664 798.823589
1 556.363801 753.917035
1 568.955628 754.535972
1 559.627547 788.416111
2 425.476066 837.311396
1 539.727658 776.639661
1 561.172746 706.399240
2 365.113696 818.060795
2 383.766693 889.204221
1 543.541946 773.531421
1 544.837987 755.293681
2 347.064277 808.452969
1 422.283672 676.617720
2 415.999660 813.643926
1 569.568623 797.291340
1 574.460915 826.021387
2 358.531718 801.945274
1 422.952741 681.367832
2 416.215650 816.170011
1 602.658475 761.938800
2 422.343426 847.964220
1 397.744337 668.879666
2 422.255688 822.433402
1 558.805195 815.813988
2 376.334372 847.954568
1 594.798683 764.748541
2 407.310820 889.970373
2 404.259519 793.041769
2 427.057815 855.338703
2 395.583928 885.524054
1 628.050397 777.214185
1 562.974577 786.749874
1 390.320361 674.866218
1 395.028537 671.332362
1 436.185126 709.714909
1 588.316611 757.378305
1 566.328683 841.601921
2 363.678935 811.006362
1 515.793454 806.591118
2 401.368793 863.065691
1 530.431817 838.019529
1 382.683055 732.823661
1 594.659345 779.639381
2 417.330066 793.212454
1 412.091192 711.128266
1 577.166989 771.227755
2 396.820763 849.438378
1 391.014113 674.795359
1 573.726783 791.485671
1 647.104796 779.071153
1 539.455435 787.504395
1 587.792140 723.089345
1 411.725854 668.932001
1 535.851195 795.713147
1 522.534447 797.972968
1 455.733110 669.167210
2 431.859185 808.378428
1 543.622418 693.796051
1 605.767274 773.265676
2 432.657540 833.787028
1 468.519442 685.410220
1 591.412828 770.506350
1 499.904306 807.914987
1 555.115301 754.982942
1 593.744111 738.155443
1 590.174869 746.228968
1 590.089334 785.234895
1 526.848627 746.806558
1 574.923098 846.471366
2 423.463578 822.872081
1 537.371087 791.081031
1 380.571814 675.045311
1 418.079609 672.520351
1 615.093594 847.783319
1 560.085276 808.377090
2 403.273196 816.188376
2 379.407282 813.515640
1 543.042978 810.443542
1 432.347876 696.191690
1 379.624038 673.418420
1 440.492752 709.359937
1 392.964601 695.754036
1 574.120480 841.438033
1 570.732915 768.691505
2 412.560589 828.625964
1 335.189818 715.286139
2 407.022583 826.025378
1 531.294648 817.244689
2 385.285742 844.314487
1 453.827387 734.467250
1 607.681363 835.915929
2 372.894926 854.008194
1 476.480072 670.923436
1 396.733029 666.829682
2 425.207914 789.324122
1 583.324871 815.961727
2 494.231436 835.529587
2 426.699490 762.099772
1 399.619283 673.987232
1 578.664253 774.731022
1 601.623722 864.689932
1 417.278436 706.550206
2 433.305089 792.449456
1 589.153158 768.225638
2 402.709903 867.488687
2 412.490015 779.193754
2 425.522206 744.312725
2 391.627537 814.528385
2 397.687868 814.070841
2 382.722089 837.714163
1 358.893115 729.557941
2 413.101653 813.147168
1 598.487234 814.423083
1 355.095506 676.729182
1 389.363658 675.641856
1 451.789188 688.800973
2 393.777847 844.671185
2 447.669455 780.587962
2 345.619703 793.568078
1 421.715565 705.093535
1 616.737427 767.344122
2 394.017805 812.307044
2 424.629294 819.743746
2 400.423956 806.571164
1 379.683962 682.197189
2 447.036421 766.331199
1 560.992347 843.022307
1 565.653206 805.155284
2 451.651385 791.839530
1 612.221669 787.422506
1 581.776901 777.132366
1 403.432226 676.070895
2 401.104124 852.005846
2 379.600530 854.052029
2 402.203257 799.565283
2 417.419960 800.592716
2 398.513994 808.951311
2 409.600323 844.979642
1 519.930087 756.334258
1 435.646141 681.805904
1 602.022935 751.362985
1 488.875904 815.126592
1 389.588545 689.892282
1 588.796559 758.105660
1 602.312288 767.721072
1 643.324424 748.090518
2 441.255202 841.525748
1 494.145290 814.996006
1 607.924359 827.113412
2 417.846047 811.554990
1 586.686324 775.297476
1 385.595940 689.891338
2 402.463373 805.638719
1 397.045664 668.424809
2 380.412103 818.599965
1 489.726925 830.127440
2 399.589582 788.701447
2 427.495243 773.714569
1 600.358432 778.671653
2 417.077282 831.826594
2 442.633869 806.950671
1 459.261943 819.608059
2 392.525115 848.165414
1 544.641995 843.795509
1 556.023889 847.913475
1 349.822420 670.663521
1 476.566300 768.682153
1 598.667285 765.623047
1 526.544713 835.383039
1 614.705074 788.429797
2 423.088676 836.847164
1 410.966995 676.618451
1 571.633441 827.161911
1 624.559666 747.006242
1 822.570945 295.209373
1 829.830806 294.046739
1 821.918281 286.535242
1 819.703925 311.468283
1 839.125300 303.166866
1 819.550908 293.675277
1 823.128751 297.453261
1 816.029020 288.743721
1 821.751465 291.149601
1 815.426318 276.391480
1 820.312877 300.045297
1 819.187439 300.062221
1 804.173060 292.202385
1 820.927539 293.228590
1 822.934482 292.983958
1 820.841994 316.170513
1 815.418058 296.885520
1 819.024018 294.624643
1 819.454788 297.964086
1 839.922837 300.968418
1 814.089782 286.227806
1 814.952164 321.010370
1 825.252307 296.898763
1 809.983797 301.390875
1 823.426854 290.314283
1 837.694861 287.564907
1 805.251090 281.217554
1 834.640377 300.015460
1 819.206725 279.764840
1 821.588987 277.873229
1 826.184956 286.264424
1 784.638613 308.218965
1 819.456302 276.764874
1 838.165222 302.341214
1 824.950933 312.161066
1 813.674781 294.689184
1 850.768807 288.309418
1 855.261551 287.503265
1 785.491575 305.904270
1 771.946890 265.547750
1 842.810628 284.537215
1 866.246589 319.164710
1 915.359948 322.095152
1 863.076237 313.280228
1 805.052052 283.559435
1 852.940734 248.154332
1 818.812270 246.192856
1 875.102277 302.362626
1 793.352045 272.800213
1 823.446127 288.221142
1 766.629654 270.435672
1 869.460235 279.480215
1 817.081886 301.947839
1 833.828606 309.660709
1 855.489099 321.424722
1 788.943114 296.497276
1 830.244602 293.224808
1 858.683407 314.753774
1 812.992213 308.420348
1 811.490656 283.201187
1 819.832676 322.624346
1 832.311694 312.835859
1 782.676171 254.075453
1 822.171048 313.826525
1 818.693361 263.312836
1 817.053526 316.449211
1 861.313635 311.251565
1 855.827919 269.900778
1 849.671921 258.092658
1 815.727779 274.885700
1 881.857778 279.258142
1 831.840041 267.040388
1 901.625955 315.193667
1 902.444230 300.357761
1 797.426389 326.737595
1 842.713048 295.539985
1 766.501919 265.254429
1 831.833158 292.200927
1 784.330277 277.204574
1 797.264242 305.554073
1 927.567584 332.582523
1 825.716605 297.209344
1 815.551266 323.637731
1 828.510693 293.439101
1 830.845620 297.921111
1 797.578806 294.197500
1 873.818957 315.028622
1 863.166047 324.893355
1 823.783441 283.759912
1 788.193040 252.673921
2 840.676232 608.621616
2 851.954105 627.968782
2 854.026035 648.220403
2 839.991632 615.530566
2 853.077069 632.163393
2 838.369887 634.561641
2 841.955730 613.519406
2 866.584727 624.813974
2 828.963805 622.449259
2 852.416090 642.763955
2 837.016986 614.694498
2 840.738615 643.357703
2 843.478089 641.697435
2 838.721206 644.038280
2 863.400528 639.149061
2 837.233535 635.162835
2 853.881323 619.546542
2 850.632442 625.157595
2 853.359522 611.015333
2 850.418268 615.658842
2 858.067359 619.559308
2 857.351504 643.163369
2 850.318600 639.521488
2 835.521914 631.914579
2 831.556330 614.604932
2 850.077215 631.957816
2 856.027421 643.177058
2 852.373098 634.690302
2 836.293860 616.051164
2 837.884820 636.400251
2 853.265255 626.674026
2 848.812040 628.612968
2 850.192135 635.737483
2 854.054095 633.278565
2 849.995893 630.763458
2 846.559716 642.299393
2 834.979246 636.262926
2 855.763583 644.513919
2 846.730506 607.687930
2 856.436795 633.342058
2 852.717873 632.804110
2 842.090755 638.151091
2 850.444308 630.218780
2 850.868218 630.077384
2 841.498960 633.550477
2 831.691895 631.432495
1 827.148504 346.316038
1 853.941763 333.650405
1 787.402022 334.879671
1 813.467219 346.429311
1 894.888855 382.362766
1 799.215731 334.442813
1 823.210545 337.124355
1 818.161846 366.708769
1 874.446409 334.819450
1 817.401586 350.951130
1 789.215367 341.085603
1 886.421735 336.913041
1 918.145456 346.519549
1 791.739020 341.041971
