1 199.269705 173.437265
1 210.114308 186.948301
1 201.889364 166.244283
1 188.380839 167.329228
1 212.278736 161.253949
1 212.483211 172.490510
1 195.050289 171.076614
1 179.145205 192.423152
1 203.705688 176.662764
1 220.372450 167.082820
1 208.432975 176.476157
1 199.578806 182.418145
1 186.174945 200.079040
1 204.553109 188.063940
1 220.977149 175.115079
1 196.939850 198.505773
1 199.999612 180.015226
1 201.650211 166.035300
1 182.203108 183.478241
1 180.544847 186.930235
1 180.106523 173.681083
1 212.387992 187.255458
1 209.544623 167.571960
1 181.902077 174.280506
1 212.620355 185.058393
1 188.913952 189.585743
1 207.066242 193.777773
1 214.856571 170.711981
1 202.955266 172.699582
1 184.258736 186.863044
1 194.252804 187.623283
1 201.516642 175.161366
1 221.555916 184.444234
1 204.039642 182.773306
1 209.057956 178.535843
2 147.719864 139.178096
2 293.914801 136.273860
2 171.706898 110.554810
2 245.197685 60.614106
2 294.372177 189.389279
2 247.747488 300.629079
2 123.511157 300.565481
2 304.332227 62.381701
2 318.756259 57.705115
2 240.868928 171.431778
2 158.408097 123.982872
2 238.095347 173.144910
2 6.988644 146.061295
2 317.447416 179.969107
2 89.577762 289.336909
2 18.138077 109.929903
2 129.998060 280.385958
2 198.110545 10.437739
2 265.037625 240.178044
2 114.672760 10.294318
2 24.569977 251.627972
2 87.105782 18.602916
2 203.383335 10.801702
2 90.731278 36.836615
1 174.394297 224.225844
1 184.336763 194.527937
1 197.709832 185.918579
1 212.360597 164.036642
1 229.032550 161.555549
2 57.010437 275.304687
1 244.976237 187.038848
1 211.656350 124.752197
1 140.313360 213.226229
1 160.964950 179.626029
1 195.320089 180.538552
1 255.587651 204.365833
1 197.226091 200.350109
1 204.338624 189.992924
1 213.884682 209.833784
2 75.036744 316.261623
1 194.803952 188.563970
2 160.480838 103.384076
2 84.660744 308.871651
1 215.841026 176.701879
2 133.104031 310.305282
1 223.042010 136.552007
1 212.394677 203.512447
2 271.316519 162.820932
1 210.642641 146.370329
1 194.627884 171.302991
2 264.015712 179.794896
2 147.913909 279.572831
1 178.838199 207.899741
1 152.134804 141.602171
2 295.814603 231.015472
2 257.866993 314.367764
1 194.913691 173.819069
1 226.554201 192.024176
2 289.272712 169.287824
1 193.632278 169.980360
1 247.067123 138.335699
1 120.549052 235.674618
2 195.709743 5.716414
1 150.484777 188.556910
1 254.186282 166.959679
2 151.153701 108.471028
2 178.753260 125.860780
2 159.209754 121.990552
1 237.549723 161.797995
2 221.299184 9.988575
1 171.155316 216.869676
1 260.270004 137.229558
1 248.143002 160.091805
1 124.357524 223.114124
2 107.793121 160.324399
1 182.680706 219.544023
1 152.915780 197.579532
2 94.636417 8.150180
1 206.494509 215.474081
1 243.141087 204.062598
1 181.256226 160.747862
2 246.987556 238.264407
1 249.608253 172.285998
1 159.995080 223.512608
1 193.461098 206.108312
2 183.204773 173.499728
1 135.007724 280.464834
2 154.286429 328.056296
1 197.375222 233.607511
1 179.402731 242.012012
1 231.154716 138.447029
2 171.244360 543.570455
2 20.994490 632.140718
2 66.088670 339.827348
2 153.389716 641.988353
2 215.846863 380.439899
2 197.668517 576.454287
2 176.469311 624.306723
2 28.754951 434.886062
2 258.849622 571.780342
2 28.433730 395.907137
2 206.003233 444.655875
2 119.399959 429.388510
2 134.954239 645.637362
2 99.191083 646.504344
2 175.878546 664.310229
2 327.649021 632.835837
2 115.423434 650.112909
2 223.660293 378.334427
1 158.448877 655.134665
1 324.313213 631.598893
1 326.971296 651.321241
2 95.469155 338.107072
2 277.592954 577.689895
2 152.379217 541.177236
1 157.487720 793.321122
1 126.746203 786.033927
1 143.108860 781.374177
1 154.390032 786.035741
1 152.529190 780.121808
1 145.163527 789.729331
1 142.908453 785.024548
1 147.016255 764.763246
1 140.785421 784.378476
1 149.145823 789.074265
1 164.059055 789.500816
1 162.035259 791.309183
1 143.341848 761.361544
1 157.305392 776.514772
1 148.994945 781.462857
1 139.319658 769.947154
1 150.635253 800.337475
1 139.604911 775.162807
1 148.445724 798.992661
1 161.454364 774.691989
1 145.115120 801.068668
1 147.551750 782.847987
1 146.637271 794.320656
1 144.572743 765.796607
1 165.210033 792.478869
1 145.398130 795.977175
1 138.434013 794.852440
1 137.038868 779.913534
1 148.886593 775.785309
1 154.683136 787.143884
1 151.684056 759.675614
1 141.519321 797.625571
1 172.323697 786.749599
1 143.634279 768.792677
1 171.706840 790.920699
1 154.831874 780.177508
1 165.169143 762.646692
1 139.070384 777.583477
1 164.121171 782.791520
1 131.403224 778.324781
1 147.781349 780.633312
1 142.264031 791.512781
1 156.685346 781.153872
1 144.954823 801.106475
1 168.558070 768.279076
2 45.445622 846.788738
2 314.745031 695.223919
2 144.085517 872.816056
2 179.601668 815.345060
2 235.255087 804.442660
2 25.964187 815.865713
2 66.431093 926.363874
2 304.534268 779.614386
2 226.630879 780.766078
2 168.179667 893.592700
2 155.089063 886.894080
2 95.990597 827.499648
2 100.781039 780.964956
2 251.927141 815.949635
2 109.632884 844.386862
2 132.847880 719.890740
2 251.392151 680.540094
2 92.891069 894.358573
2 78.445487 880.182434
2 292.569065 875.351900
1 127.870956 746.648920
1 116.594271 812.721576
1 123.080814 734.706792
1 147.205963 748.975400
1 142.290902 739.818102
1 173.651956 810.848697
2 123.512460 813.965189
1 148.107359 768.170384
2 84.962340 785.626891
1 156.301051 821.428156
1 147.671443 765.301276
2 103.455511 792.157816
1 130.466176 772.690712
1 115.164874 767.974508
2 153.445205 875.410519
1 176.257566 773.117734
1 127.239259 772.237675
1 145.911218 741.339829
1 169.961267 782.894614
1 162.103212 761.473907
1 97.490513 743.635503
1 133.931410 722.143705
1 144.658516 796.447343
1 188.528691 798.056492
1 116.946691 790.213859
1 169.163134 798.465718
2 297.458659 781.350137
1 163.855473 807.673595
1 187.317647 724.580544
2 240.003734 823.459949
2 255.798004 804.207484
1 92.210214 763.086127
2 139.139065 824.871287
2 104.278721 787.380384
1 153.348030 811.929163
1 147.933657 743.476912
2 208.241965 776.133244
1 147.606511 789.859178
2 220.419457 770.745559
2 165.503538 769.906839
1 153.878824 798.781255
1 159.703459 742.820941
1 153.777208 766.471218
1 149.833291 771.226676
1 153.163025 811.362616
1 147.233350 736.177042
2 98.795528 759.644791
1 147.544663 697.597835
1 161.979727 799.166771
1 169.895503 835.199896
1 169.815535 800.452214
2 160.533736 792.495296
1 142.425347 767.680098
1 187.322251 769.275198
1 165.076220 757.897352
1 172.054965 751.132402
2 72.667124 789.173938
2 119.852550 823.855757
1 183.019149 771.770952
1 201.631965 791.650834
1 174.480094 786.338845
1 189.043533 781.371992
1 123.668844 740.210542
1 150.911258 780.628318
1 167.028934 756.062448
1 151.721487 816.179508
2 26.717812 682.733714
2 154.697749 904.167922
1 117.961040 766.018143
1 154.033224 801.570950
1 162.162319 767.504858
2 206.934964 842.163397
2 106.460397 866.974763
1 173.094509 755.079465
1 213.017187 800.322015
2 252.990521 838.175006
1 181.905165 785.560730
1 109.614649 761.252777
1 176.279015 756.725697
1 83.048017 772.627629
1 175.486615 728.044167
1 118.484879 784.235949
1 189.884178 807.255106
2 145.400809 842.402009
1 155.827280 722.801410
2 209.225626 786.095686
1 140.687993 813.974500
1 168.783483 780.591771
1 187.015772 806.692496
1 165.146670 780.779736
2 122.652098 712.318786
1 146.445633 783.084105
2 225.770348 813.441394
1 157.767599 764.948010
2 91.871879 870.965132
1 82.492304 810.317255
1 162.213850 808.231992
1 139.462304 758.761604
1 163.284774 755.809431
2 181.680582 795.295007
1 189.290526 823.544650
2 165.468466 894.341822
1 114.048884 749.270812
1 126.765489 673.610929
1 165.782634 769.026585
2 247.470118 827.874219
1 109.817793 710.288587
2 201.286715 732.907514
1 142.384925 772.899318
1 117.214639 781.541134
2 259.597641 873.420812
2 48.448609 747.394599
2 150.739495 717.936494
1 130.651264 810.766329
1 171.872363 770.658927
2 284.308540 898.119059
1 164.683611 783.163743
1 177.587920 741.946818
1 159.447118 774.347052
1 196.846120 818.088695
2 239.157931 771.395146
1 165.118111 807.343799
1 136.090921 809.988426
1 203.736206 782.171827
1 175.622828 759.317082
1 184.282515 774.610132
1 161.899655 812.434486
1 132.208523 792.870651
1 177.919604 708.981320
2 174.066424 816.863805
2 99.026713 825.449509
1 147.218789 843.983824
1 149.779658 820.315073
1 168.986550 700.960388
1 113.823938 731.624869
1 176.798143 788.375632
1 126.061591 870.066458
1 178.759923 756.233866
1 132.660847 782.045658
2 111.879878 736.697129
2 257.979040 806.025219
2 162.038507 709.362628
1 134.595104 770.917841
1 106.523131 748.598833
1 176.671960 812.884944
2 201.867504 798.767595
1 184.061483 800.151421
1 154.992387 780.217215
2 18.160436 768.864017
2 256.731691 887.577912
1 170.118796 789.041062
1 194.252013 848.649488
1 165.488003 796.599956
1 134.406192 772.080247
1 129.232015 813.485386
1 172.430533 774.432504
2 79.447589 904.794467
1 175.874592 768.331254
1 165.660909 787.394692
1 197.583004 757.344988
1 112.769357 768.569950
2 145.267294 902.832808
1 158.943931 784.415763
1 93.032563 835.842063
1 149.469547 816.824031
1 183.443353 779.582820
1 198.221006 788.663149
1 158.879347 771.502978
2 114.622701 805.037747
2 276.421592 715.524256
1 175.107538 782.491391
2 76.027570 799.351035
1 148.770174 725.103646
1 195.891070 807.531766
2 42.638575 759.390391
1 118.877096 774.252763
2 198.473330 770.971281
1 221.890379 808.623401
1 172.152586 798.989134
1 164.491558 747.612784
2 105.832125 722.909752
1 173.287720 770.964144
2 290.370495 823.607279
1 143.495829 770.146424
2 73.135038 813.636365
1 181.374074 792.227277
2 71.735698 767.090450
1 163.756137 736.362312
2 247.808315 779.640825
2 253.718047 804.682344
1 173.709590 752.792856
2 71.236691 781.088169
2 163.025245 931.492198
1 182.493223 789.575465
1 129.413083 860.340400
1 182.720973 847.014168
1 144.569810 781.444870
2 166.880881 784.899253
1 138.457263 842.224466
1 177.731013 769.639891
2 117.980625 760.926235
1 132.215048 767.862315
1 162.338262 814.671409
1 183.221361 745.993936
1 151.200897 711.030257
2 283.477342 792.778581
1 137.321897 805.724175
1 184.263361 764.843858
1 186.910359 777.195137
2 179.703261 918.926553
1 151.513515 746.810222
2 199.970702 785.134145
1 130.559650 709.035952
1 157.827715 790.893921
2 290.366393 753.649427
2 222.197995 831.187042
1 91.614937 781.338714
1 156.260837 699.816722
1 109.198304 801.162257
2 32.055769 730.766329
1 147.263062 771.434747
1 131.955432 803.842543
1 170.009110 773.523098
2 65.675391 778.094471
1 124.639591 830.277907
1 197.757537 765.046530
2 130.444483 811.440443
1 146.658386 843.217724
2 277.175499 788.718653
2 201.036783 722.475506
2 242.750099 821.836857
1 131.559227 729.288468
2 199.032380 701.723943
1 165.527950 764.025454
1 196.017461 795.581226
1 238.269468 782.924899
1 158.216207 862.812758
1 179.956067 818.922234
1 135.703318 781.319654
1 158.864775 770.007093
2 151.428109 888.619735
2 214.848556 836.976123
1 173.443442 759.907430
2 46.191300 907.068090
1 169.175911 753.185254
2 140.826073 683.367287
2 56.787226 776.742930
1 136.373328 756.638770
1 189.405354 815.095247
1 170.072601 788.961023
1 155.493738 791.475326
1 152.843234 847.803420
1 116.594673 740.444210
2 168.806525 906.514350
1 159.124728 732.581397
1 121.720939 780.497888
1 171.090207 806.413765
1 143.674972 728.443721
1 186.858848 807.144744
1 94.157989 803.931313
1 168.788874 797.884331
2 202.038368 855.101813
1 149.592153 812.744815
1 135.093926 823.204147
1 204.414157 775.915888
1 194.712921 682.011902
1 106.111151 727.375662
1 177.167667 832.494432
2 164.175673 933.072270
1 175.257793 740.452351
1 138.410355 734.942568
2 80.224568 774.205853
2 291.241911 858.504922
1 149.025501 749.656943
1 188.519987 846.334217
2 329.985016 738.424185
1 151.723327 750.558812
1 139.364398 790.866592
1 165.906695 799.419636
2 277.658330 859.807530
2 148.283830 932.271700
1 151.153686 761.255164
1 158.886697 731.169921
1 134.827124 772.638614
1 146.899946 796.026488
1 201.291363 759.819621
1 166.927093 742.234473
1 198.914210 747.648056
1 189.201469 785.428063
1 135.367352 815.389074
1 167.349933 784.790361
1 165.198887 770.130306
1 58.726289 789.702372
2 144.837065 706.298136
1 128.356039 786.268082
1 200.970591 774.126823
1 163.522371 761.179079
2 42.462946 757.150461
1 179.610695 770.740466
1 77.914997 723.796268
1 248.876666 769.090113
1 194.911534 785.203409
1 168.761224 808.244888
1 220.498345 757.780024
1 169.702004 796.155196
1 152.561911 773.239371
1 173.723661 768.132917
2 114.007239 736.468518
2 35.596496 711.666496
2 349.778605 9.205542
2 605.066590 47.788371
2 581.120796 112.089809
2 665.653347 275.935088
2 363.834378 164.526498
2 647.042743 256.695106
2 666.366008 82.483431
2 649.420891 250.178670
2 442.269964 137.611678
2 463.885595 159.578450
2 340.834231 314.390766
2 608.180601 176.614387
2 581.659812 104.667085
2 584.759719 8.514276
2 393.617551 91.206526
2 530.761359 200.478255
2 390.672135 228.799509
2 623.500289 78.874461
2 371.782737 51.913341
2 402.867411 243.143525
2 571.288115 214.680961
2 459.060437 293.612571
2 631.329710 166.217219
2 647.807594 275.993566
2 661.382040 288.426717
2 350.038112 78.850038
2 647.692471 233.198904
2 378.582947 47.059712
1 382.260213 656.654334
1 405.111228 654.743552
1 403.504982 652.571265
1 390.688447 647.845610
1 405.143784 645.741016
1 399.545928 650.646476
1 408.363581 655.378863
1 407.056579 652.214464
1 387.102474 631.882672
1 385.087245 644.224714
1 412.893603 637.657770
1 405.531501 633.996536
1 408.893194 651.784645
1 398.156383 646.538719
1 400.441090 649.314884
1 397.339133 647.323642
1 399.327124 649.262928
1 400.506485 650.383943
1 395.364842 649.921690
1 398.053061 653.189044
1 394.188539 646.559336
1 398.752565 649.912308
1 406.456430 640.285232
1 380.873523 652.353149
1 397.868197 650.876934
1 400.504314 653.885126
1 421.667448 648.733453
1 422.983944 640.758248
1 392.518443 649.812297
1 411.925322 644.440037
1 394.418308 649.889421
1 406.652711 633.066539
1 394.377634 647.022654
1 394.835188 662.032331
1 395.472651 631.200161
1 394.118353 663.469716
1 402.351592 650.678890
1 411.733015 641.469493
2 363.487086 575.203866
2 554.207542 524.403726
2 407.654692 539.267475
2 422.263068 585.874800
2 545.309700 599.809725
2 569.053141 516.305782
2 472.503920 468.156992
2 638.136057 382.283967
2 337.238754 627.361551
2 514.384405 514.909617
2 421.769390 657.734760
2 567.767176 623.068481
2 531.947152 538.399774
2 346.897906 350.992522
2 515.624875 369.475080
2 379.458646 395.931238
2 603.739266 638.164720
2 501.170248 578.989438
2 493.003781 406.135317
2 439.302773 543.991638
2 622.657885 589.764738
2 651.343269 665.120359
2 356.809001 521.837604
2 544.675191 649.452886
2 418.099726 532.841955
2 409.799073 444.639433
2 389.050620 559.195141
1 378.299264 652.114371
1 393.633473 631.073364
2 359.919925 595.432344
1 438.429139 660.347907
2 439.975864 666.106981
1 373.906561 638.543235
1 398.861146 627.417453
1 390.373400 644.290643
1 389.012490 654.847988
1 404.767387 631.768955
2 343.624088 584.732795
1 380.779390 656.170075
1 375.196807 649.711925
2 462.871677 656.438358
1 396.865084 649.479523
2 431.028140 433.144079
1 373.219676 647.348502
1 393.115891 614.183074
1 398.777847 657.855020
2 517.586078 652.141858
1 358.487273 656.386635
1 406.688073 592.401050
1 361.204834 659.692768
1 393.741971 624.701935
1 410.132619 621.065074
1 398.013718 587.917880
1 424.824623 656.818889
1 363.248326 622.753863
1 407.787770 630.919366
1 426.594309 594.536372
2 477.376244 655.660108
2 497.993509 657.177301
1 395.460679 653.634593
1 438.966035 606.760114
1 444.020082 658.697592
1 378.953556 588.486037
1 396.906080 646.180813
1 427.268979 636.902234
1 373.010099 655.277259
1 415.610683 602.109345
1 410.102542 648.768941
2 391.630417 608.039805
2 438.052443 659.437234
1 399.891945 666.550926
2 444.014076 661.745456
1 410.558155 640.805973
1 399.958760 629.068086
2 462.512832 662.787105
1 459.983629 636.214777
1 372.300315 636.370948
2 396.867201 661.385527
2 341.100117 631.891372
1 404.187371 600.607007
1 395.419260 644.224755
2 364.099408 611.564123
2 408.910162 625.160617
1 366.347308 664.118365
1 407.557184 641.352931
2 445.359108 665.844964
1 417.655213 650.068891
2 475.210681 642.574001
2 451.167465 623.441905
2 442.384856 651.119166
2 358.332149 633.361954
1 397.478168 643.559444
2 420.238857 638.434116
1 414.009579 661.879652
1 411.239014 621.392105
2 597.491751 656.726447
2 518.721137 649.994685
2 548.395513 661.335633
2 520.448380 570.177638
1 427.117910 621.299772
2 554.666510 657.596566
1 439.003973 624.867013
1 394.962706 645.453205
1 406.134526 655.490164
1 380.834138 626.631495
2 446.769441 651.744323
2 546.322528 537.644238
2 563.278743 644.558642
2 436.013146 623.151274
1 438.363011 619.292838
2 408.366487 642.083298
2 474.574353 495.292941
1 394.909463 658.924285
2 433.622706 493.358939
2 484.716008 642.155838
2 567.970259 609.392296
1 384.224135 661.484017
2 484.225654 593.602767
1 436.920275 649.766958
1 427.883069 656.359889
1 336.778322 599.533341
2 460.338603 613.186218
1 382.710437 571.790656
2 410.291064 638.596784
2 467.965253 646.338949
2 598.042774 613.886224
2 369.112949 622.259222
2 512.294333 649.442392
1 394.326207 655.435026
2 480.199960 653.762349
1 386.462669 644.410126
1 372.614164 582.434560
1 420.772063 648.582270
2 444.804935 661.086758
1 424.749024 642.364096
2 556.507875 646.061176
1 406.179234 630.222091
2 463.177613 666.102779
2 535.661631 627.451117
2 466.857935 640.578506
2 452.633335 661.747442
1 374.829943 628.410824
2 446.234915 644.160054
2 521.760086 640.534057
2 427.476966 647.187368
2 352.357533 640.251968
2 427.861859 622.729434
2 353.778018 517.992750
2 354.598388 637.072585
1 416.188053 577.891830
2 459.681928 629.199642
2 428.488650 657.706694
2 454.205612 664.425833
1 399.105946 612.117591
2 350.799986 581.941480
2 433.466288 650.473030
2 532.173133 624.643419
2 379.160175 650.627701
1 387.057342 655.236213
1 415.867949 567.509069
2 401.463550 656.554141
2 473.680333 647.215972
1 430.220423 640.052440
1 356.707887 658.985022
2 338.247263 664.636405
2 567.645535 646.680843
2 520.084357 646.471488
2 464.015332 610.979069
2 413.078907 644.142757
1 357.424829 645.002430
1 385.320715 574.064627
1 362.264525 661.166749
2 384.816241 619.565004
1 429.925613 627.681656
1 392.303948 622.439158
2 492.306438 616.472469
1 569.833038 799.846903
1 572.212885 807.626350
1 562.838830 823.133327
1 581.619194 791.499844
1 562.109298 801.404777
1 569.393378 799.362321
1 575.479506 794.895237
1 550.314057 812.352350
1 564.241788 810.020203
1 569.629502 802.786922
1 577.599504 805.651019
1 574.622168 791.722488
1 564.053403 790.297419
1 549.161840 788.600295
1 553.858209 800.021254
1 548.627846 793.185977
1 571.998115 799.433039
1 566.964520 801.578735
1 572.089694 783.789241
1 570.978102 799.174940
1 576.423917 815.735739
1 592.906930 809.881322
1 592.085861 806.001343
1 575.887485 815.058752
1 574.647485 814.706093
1 562.839817 799.521881
1 565.419632 797.485520
1 582.643007 781.605743
1 586.486928 795.935543
1 571.754810 812.072489
1 569.199946 795.767835
1 571.582199 797.383136
1 590.387599 797.733528
1 577.335586 808.401524
1 580.041311 806.092403
1 567.753650 797.303679
1 561.438024 797.509067
2 577.914558 714.854242
2 436.675419 920.930438
2 601.527925 716.441812
2 443.770658 934.503837
2 574.700117 858.400583
2 486.398273 802.952947
2 349.544459 746.803773
2 412.598899 810.795338
2 382.367949 691.752045
2 448.318685 952.522040
2 408.423329 772.895511
2 650.792042 795.792364
2 496.779949 667.697406
2 473.722511 702.352219
2 648.836860 787.895538
2 572.124382 759.782192
2 542.324607 680.102779
2 622.243191 962.189270
2 524.971951 840.720524
2 583.814646 844.751735
1 399.975020 686.075607
1 567.224789 790.642590
2 486.206604 683.676675
2 506.329858 853.199329
1 603.827054 817.997137
1 514.867553 746.009258
1 572.657049 787.734955
2 591.928027 728.822846
1 612.251523 811.356759
1 405.605422 672.638521
2 469.940482 693.543364
1 564.290118 843.453533
1 534.740029 715.416495
1 526.985221 781.994926
1 549.814172 828.463640
1 578.105602 788.522232
2 501.935138 850.642481
1 565.415678 793.938187
1 570.075748 814.258433
1 388.042014 680.775176
2 486.438963 841.913352
2 404.117346 875.641694
1 470.183755 765.438093
2 500.733641 825.513327
2 410.096868 684.472226
2 538.491897 700.641824
2 473.155270 852.492287
1 369.242277 676.341802
1 550.326360 829.816804
1 570.585787 784.677866
1 527.908446 782.888068
2 429.490157 696.480576
1 591.632416 788.057934
1 560.292951 753.352491
1 571.642222 783.969363
1 478.118938 670.461697
2 513.658758 808.249013
2 638.866090 930.511018
2 461.244766 667.033447
1 581.958461 783.216111
2 383.338506 852.396699
1 541.029045 756.169509
2 579.514693 797.999422
2 434.775743 727.205854
1 560.832653 735.254672
2 400.571850 681.000957
1 554.045111 804.846315
1 562.766485 740.300759
2 613.204049 791.283910
2 396.282142 877.143803
2 361.501824 885.701906
1 549.474768 783.844421
1 577.410578 833.614294
1 555.312184 797.228765
1 523.591892 765.234985
1 422.906099 722.734460
1 598.686945 742.372044
1 555.631880 795.200450
1 547.482069 757.453471
1 570.756593 816.492947
1 571.327762 773.298506
1 515.989626 813.663661
1 582.294133 763.296005
2 515.779690 678.039613
2 512.135869 829.179354
1 565.508811 827.272288
1 395.294907 676.973416
1 604.079517 799.647009
1 580.223804 837.529055
1 548.466121 761.890337
2 588.652021 826.695873
1 587.220975 764.183336
1 558.215269 723.489185
1 529.652866 796.970360
1 578.762971 837.250483
1 569.891707 808.542636
1 550.974530 781.692327
1 537.490617 769.418446
1 605.473097 786.011820
2 603.392164 846.780383
2 480.903439 806.176346
2 414.802430 766.582310
1 532.159658 852.603958
1 559.437416 820.356144
1 536.910386 827.420376
1 549.174342 778.817666
1 572.346437 779.718366
2 490.528365 866.277845
1 473.995486 735.693062
1 539.103972 825.471113
2 543.519131 703.288418
2 391.377170 700.882866
1 573.074830 766.411340
2 603.863940 878.157754
2 394.345865 703.254933
2 605.648326 719.325810
1 371.027327 670.777568
2 482.539642 800.372239
1 446.351549 675.701286
1 590.417690 871.560939
1 553.144057 749.979123
1 578.206939 769.060335
1 590.822142 775.729020
2 429.762455 782.400509
1 575.678832 791.759718
1 543.375446 804.945694
1 573.867861 818.132238
2 490.364163 708.556200
1 566.686687 794.824569
1 620.568005 806.156353
1 590.355480 763.612415
2 523.813680 717.655669
1 538.525209 730.768359
2 550.414872 735.753328
2 590.131116 864.239887
1 533.101072 813.097770
2 426.347141 668.040062
1 575.776994 795.012113
2 604.318961 862.666024
1 404.079170 703.030559
1 531.178316 792.897452
1 562.477655 801.050427
1 397.518795 680.373181
1 361.529883 672.378139
2 565.191396 689.874491
1 427.555784 669.235278
1 557.531601 728.609877
1 651.688306 783.705912
1 524.498467 816.688008
2 549.776903 801.170125
1 557.611323 845.108113
1 531.682640 817.084680
1 578.120980 853.970220
2 507.894398 728.690776
2 449.974604 775.922019
1 541.812329 755.839699
1 545.952622 787.299275
2 589.434690 752.742220
1 541.123824 835.579836
2 473.266691 794.672325
1 529.478531 833.208782
2 605.238593 840.829306
2 532.488914 718.273649
1 495.640509 755.181327
2 538.317084 741.100516
2 599.819914 711.683456
1 538.013664 870.136245
1 589.814051 792.196164
1 564.615391 835.291381
1 487.628172 796.157222
2 465.123106 876.614969
1 618.666598 772.159186
2 521.218226 703.622855
2 401.516235 667.679666
1 632.375156 740.692544
1 574.119383 844.726562
1 377.145057 692.350034
2 629.040035 862.957440
1 510.476824 761.501586
1 564.022164 674.648278
2 443.206213 809.486856
1 608.665567 788.509153
2 504.410505 672.925587
2 517.386949 685.397829
1 614.576637 816.412066
2 520.719972 761.977468
2 542.971464 868.739684
2 563.205861 855.098129
1 588.968225 770.739741
1 564.649076 857.751296
2 533.462055 879.425818
1 578.197686 725.429670
1 574.814598 777.621654
1 588.473223 822.948494
1 597.325450 787.040886
2 446.651460 879.708306
1 581.284466 822.695628
1 568.521607 833.446266
1 600.485472 822.005139
2 539.446749 855.898125
1 627.922834 751.532530
2 589.714357 689.442111
2 530.966025 739.203989
2 652.019641 804.941081
1 556.887154 815.779573
2 372.397254 724.129096
2 422.100101 721.372074
1 351.614905 673.156498
2 570.820476 748.025413
1 410.340997 691.028462
1 571.121575 759.739273
1 572.400147 783.936388
1 573.928317 816.332991
2 515.773768 718.014372
1 591.957302 779.092660
1 521.977213 870.893852
1 559.219248 744.764206
1 461.968001 782.308413
1 598.719030 773.405698
2 637.382353 779.560729
2 469.554659 729.568325
2 499.465072 800.832353
1 419.591768 682.920125
2 543.136944 745.276277
2 545.011584 698.907802
1 571.223572 812.009085
1 560.037350 846.306888
2 657.129894 777.316485
1 590.327762 770.805024
2 426.437759 850.816266
2 596.570010 867.333078
2 586.350157 843.827559
1 587.231847 826.818060
2 391.665549 698.097607
1 510.048248 816.893327
1 417.660192 675.297072
1 366.247283 691.583460
2 422.603676 856.771020
1 579.293932 823.235437
1 371.027327 670.777568
1 537.515032 775.636550
1 363.483230 764.263965
1 591.769967 788.858382
2 488.812763 737.545979
2 442.286008 790.646470
2 514.269783 824.787577
2 507.494584 882.851554
1 509.550900 790.145715
2 576.883905 695.088052
2 510.952046 881.290682
2 612.203189 804.818547
1 609.960260 800.446885
2 527.000059 732.657711
1 564.007153 790.437486
1 564.751289 832.376285
1 559.391031 806.084103
1 518.454219 753.457205
1 609.297148 831.642679
1 561.528405 839.526463
2 470.403386 822.828641
2 456.894266 786.758474
1 603.606771 767.178803
1 601.820338 875.416705
1 544.699996 761.241829
1 538.348397 765.798253
2 452.090681 807.871668
2 561.357929 734.140073
1 592.967631 816.235179
1 553.795162 807.143984
2 588.345612 830.919325
1 583.348134 863.043679
1 516.525666 806.409219
1 557.877419 807.199747
1 532.344965 764.256295
2 580.902647 817.149050
2 455.157276 782.199861
1 546.862994 764.500478
2 612.013597 722.749259
1 603.581441 827.289511
1 562.239071 801.986339
1 557.992346 778.555888
1 549.463361 788.622313
2 418.372803 671.618004
2 660.045592 800.936165
2 590.789439 766.101624
2 555.463266 726.770541
1 561.490056 840.390661
1 596.349775 850.886246
2 533.551715 698.081491
2 540.635166 675.214324
2 621.626436 695.442564
1 542.717076 797.685628
1 542.863702 778.852224
1 538.626847 794.180334
1 590.432890 777.815746
2 398.276058 687.721335
1 563.444838 827.005481
1 623.225063 820.028196
1 551.780509 749.776337
2 442.041152 844.302968
1 542.134215 729.692088
2 505.418265 892.563998
1 613.715147 818.370690
2 546.189191 716.790680
2 524.589407 747.064759
1 550.496746 819.793038
1 550.944143 809.944062
1 557.387034 731.608900
2 543.135682 793.488721
1 531.907167 754.882393
2 596.492245 909.405211
1 649.947932 859.395397
2 463.242164 807.868210
2 627.694066 784.728385
2 607.608803 740.715248
1 505.259750 803.554174
2 497.726817 719.292431
1 545.946001 738.356558
1 386.847242 667.657461
2 461.376189 673.282459
1 538.611141 737.680538
1 562.099933 842.892828
1 628.178013 790.422889
1 578.318951 833.415120
2 362.344066 723.876141
2 462.346707 778.805994
1 545.090122 742.503315
2 644.802493 802.076005
2 665.492559 810.887730
1 601.270575 839.552622
1 505.749894 806.382260
2 570.081451 849.344634
1 557.622672 816.101432
2 617.104381 757.331678
1 611.507205 792.550847
1 596.414650 823.984648
1 598.556190 812.837654
1 550.559314 801.707264
1 489.415950 757.670317
1 589.183491 784.328145
1 400.174741 699.797857
1 539.432582 795.600939
1 545.148929 817.257329
1 566.382231 784.547584
2 555.995240 795.187888
2 555.709927 697.462347
1 503.087901 754.845229
1 522.006622 719.996061
1 488.982535 788.447924
1 565.607444 885.219399
1 624.888058 723.617483
1 574.888950 779.182090
2 570.203278 774.572372
1 587.854595 810.931481
1 588.655500 758.644873
1 514.437920 723.158410
1 362.823497 668.885616
2 596.709057 904.085170
2 432.451258 984.438921
1 493.998278 811.923314
1 614.180964 785.732725
1 581.624942 777.603507
1 492.881827 742.904049
1 519.239127 820.866110
2 545.518483 889.062724
2 500.700048 897.861405
1 589.406732 726.150572
1 599.991503 802.335400
1 572.875499 770.462759
2 350.573407 705.497248
1 604.673829 763.792881
1 531.182616 844.644752
1 540.427916 804.362467
1 584.019214 799.802219
1 602.030579 835.091562
1 399.457030 671.807367
1 452.207868 729.600555
1 373.632767 717.263212
2 585.623947 800.782663
2 384.896902 678.533449
1 512.613613 772.732961
1 614.710603 787.404234
2 498.869306 741.299116
2 631.225028 878.419930
1 479.269848 703.747981
2 448.923073 783.620372
2 518.685063 870.458748
2 502.632668 715.409407
1 513.933356 831.558544
1 549.170347 666.921351
1 570.515599 838.891580
1 487.218294 816.897336
1 529.057455 810.902067
1 367.851261 667.545283
1 586.169192 786.258613
1 526.133469 853.391707
1 582.766855 793.441446
2 383.053510 709.011833
2 360.408234 695.237726
1 553.294051 828.563401
1 577.330699 731.742920
2 643.503908 839.301791
1 579.403488 852.365924
2 649.480516 803.878134
1 515.471068 854.085855
2 535.659769 689.287239
2 575.892807 735.290459
2 656.070933 797.149639
2 393.260276 669.956650
1 434.680226 729.059449
2 410.156299 693.195430
1 543.024743 800.409831
1 388.816941 680.671470
1 589.159484 793.313327
1 568.060456 801.623379
2 596.157348 817.345543
1 563.392590 780.057238
1 567.276887 815.850066
1 638.582969 823.021648
1 563.579556 826.213250
1 561.851478 841.119091
2 475.087364 674.472341
2 377.880372 730.715818
1 599.067153 837.359771
2 597.902520 928.150175
1 573.969696 821.236087
2 554.461374 788.101702
1 568.680156 880.915750
1 622.755839 751.193596
1 558.315889 756.407346
1 552.914293 700.396823
1 627.295495 761.856402
1 539.887566 852.555277
1 628.140154 783.933802
1 394.329750 722.161400
1 518.699026 805.694403
2 386.684646 692.407885
2 590.167625 743.713440
1 557.464482 828.913106
1 530.333998 771.557073
1 573.976477 729.433336
1 541.209894 775.844483
2 521.972391 731.999651
1 557.518607 728.149300
2 583.375676 720.731941
2 536.426237 793.918939
1 380.895294 686.172340
2 527.420384 770.034204
1 552.298839 839.337814
1 377.153548 687.568283
1 507.118364 804.011963
1 566.373304 743.514944
2 503.384852 869.008500
2 453.966929 673.026742
2 470.631652 675.015047
1 517.036200 751.571875
1 578.658439 790.621015
1 817.333145 301.770809
1 812.226200 290.236725
1 830.429414 297.607845
1 824.995430 303.209579
1 814.043604 287.613507
1 833.030645 316.684872
1 834.044190 283.999700
1 827.473053 308.571495
1 820.776003 303.481807
1 835.591285 300.783414
1 807.626186 302.934711
1 820.155986 304.158386
1 822.841290 275.549347
1 826.779512 299.570688
1 802.061386 300.942897
1 818.328382 301.953430
1 830.789986 321.305360
1 821.461269 298.275657
1 837.939457 290.559085
1 799.208382 306.913418
1 827.960425 295.295719
1 828.619228 297.276916
1 824.871657 302.618242
1 822.031434 305.360813
1 822.383471 302.747937
1 809.235061 314.367895
1 817.915434 307.558264
1 838.150705 307.822859
1 820.400217 300.308929
1 833.266366 306.872088
1 824.072163 310.451970
1 820.862003 300.408726
1 812.497967 279.106009
1 829.669497 290.198884
1 797.302606 305.825083
1 836.313379 292.914827
2 666.798979 177.648918
2 722.194114 196.170142
2 893.464066 245.978228
2 755.215109 262.818065
2 967.740334 176.295514
2 847.526756 47.555112
2 882.950573 98.002196
2 919.808063 177.226763
2 777.515608 169.121337
2 763.118143 314.693327
2 830.285743 135.188482
2 995.768737 265.352777
2 801.264136 178.192910
2 675.563414 185.947463
2 792.672124 105.940476
2 909.989381 231.012482
2 721.232896 113.150164
2 850.339335 302.945682
2 955.189126 119.127902
2 923.431828 272.093459
2 921.373790 74.377634
2 809.899771 309.508034
2 700.217118 149.705557
2 923.879637 114.424918
2 725.838965 321.164163
2 746.763665 98.818846
2 942.296089 88.085685
2 998.183651 278.084384
2 992.212422 18.595498
2 961.750529 170.609145
2 747.794707 283.159653
2 743.638688 290.934731
1 858.248592 282.416461
1 793.348065 291.007159
1 856.288622 318.517213
2 811.678506 119.742660
2 927.494637 292.648625
1 819.253555 316.788397
2 883.628535 185.807746
2 740.786686 275.709336
2 923.078463 139.746451
1 833.923703 313.821308
2 760.717757 279.087285
1 855.997174 272.197076
1 803.597401 308.252787
1 839.586144 310.243340
1 800.130368 296.392846
2 771.326835 265.148186
2 683.335523 250.646882
1 758.941628 221.136820
2 800.760266 310.472226
1 803.847821 300.466657
2 841.311539 306.932137
2 798.671796 275.221382
1 828.754126 318.489957
2 714.966468 278.818599
1 830.900768 278.539482
1 838.282966 319.567898
1 803.685310 249.109446
1 814.035945 243.104435
1 781.502335 325.187830
2 882.543168 57.921419
2 749.763800 293.526709
1 826.984282 294.024371
1 730.754263 239.909079
2 684.029180 278.629358
2 819.822840 123.457333
1 742.813711 295.175363
2 885.185463 237.194051
1 864.470180 281.874292
1 873.923063 276.072071
2 797.027599 294.770067
1 824.010345 279.874174
2 934.441072 305.383756
2 758.250004 278.293602
2 954.586892 326.678414
1 828.204866 249.040596
2 731.770756 241.946300
1 782.711652 304.916151
1 808.204820 231.306538
1 865.032058 308.983930
2 729.842330 254.995488
1 804.698232 288.065834
2 726.601751 283.239448
2 839.967948 313.598163
1 781.235400 299.733155
2 700.211036 165.374125
1 862.263043 316.330788
1 861.077517 294.166006
1 811.841301 303.170139
2 716.340184 305.525301
1 889.481179 273.480847
2 719.565314 126.188058
1 803.258546 286.739794
2 807.032342 279.829486
1 792.569393 174.886950
1 842.539724 309.162228
1 814.857316 310.707610
1 804.194721 280.488159
2 711.907758 251.475229
2 924.405327 264.299026
2 723.707738 305.312296
2 883.743226 129.535080
1 837.532052 250.478308
2 744.342457 281.647517
1 828.692032 140.922919
2 817.501402 100.606237
2 774.073723 109.268356
1 767.929407 247.654463
1 806.591629 288.397479
2 733.759595 280.082219
1 867.832861 317.056900
1 803.691912 257.710621
1 868.079071 295.026669
2 718.888372 269.434912
2 816.805899 303.310902
1 786.868340 299.145613
1 802.590323 286.338941
2 843.543048 206.084917
2 962.550776 313.057073
1 823.171939 255.509015
1 771.345767 300.485889
1 811.375734 325.916879
1 810.200587 304.761615
2 873.339867 9.816584
2 824.011445 293.930319
2 878.670140 218.749748
2 752.951928 268.533030
1 808.699627 297.354319
2 801.099470 291.292038
2 769.753740 326.102168
2 753.785087 284.553500
2 815.012601 307.994127
1 882.669025 309.690547
1 834.282017 290.500461
1 882.185873 280.385813
2 709.529879 282.019659
2 743.239748 259.398276
2 790.694292 319.881213
1 793.404534 294.164386
2 804.716863 275.620044
2 874.993424 290.633374
1 842.813403 268.410345
2 710.582487 273.736696
2 882.120465 328.229840
1 776.201197 305.824617
2 813.039413 142.096539
2 796.587359 293.855678
1 821.460400 316.283829
1 744.127604 309.981030
2 736.423298 262.268865
2 705.973392 301.189112
1 782.343785 166.081476
1 800.446688 244.442318
2 745.972584 286.669505
2 772.254927 282.269949
1 826.833631 269.847625
2 789.613556 158.951816
1 844.972383 287.786648
2 675.572143 184.591875
2 757.906492 266.539656
1 794.923265 232.750068
2 958.093176 284.000592
2 907.496160 135.435184
2 924.822934 360.146150
2 853.461554 617.476469
2 898.600168 540.882315
2 677.775509 342.930127
2 750.100477 352.702020
2 867.559483 627.575568
2 910.013623 458.782088
2 968.121624 355.378469
2 909.437058 404.824141
2 921.326964 580.380160
2 857.254788 594.139169
2 977.632657 440.842494
2 772.892698 525.418582
2 958.985674 356.512416
2 813.839232 641.817628
2 864.808386 501.433124
2 922.861860 409.129112
2 757.961885 346.761935
2 921.044725 367.612915
2 710.275476 501.749901
2 923.699222 340.109950
2 857.317670 417.800218
2 735.700220 375.915229
1 889.690838 349.450591
2 914.490281 434.693914
2 815.972150 510.878587
1 823.729862 353.213762
2 840.914730 450.150732
1 822.342833 335.867757
2 868.015171 396.504311
2 761.517656 352.700116
2 758.950291 341.909433
2 886.814646 554.942907
2 887.248730 472.851124
2 907.471784 419.908136
2 913.672227 491.419530
2 875.979054 382.882970
2 824.972786 353.470721
1 844.968916 333.475630
1 798.772959 359.013784
1 834.976019 348.449452
1 815.737275 369.793475
1 776.378802 379.849872
2 779.970344 341.670163
2 817.317326 740.240759
2 728.193996 675.485181
2 737.304823 749.460525
2 836.032604 668.933878
2 977.535892 947.458170
2 906.207141 929.633314
2 970.266889 912.324051
2 975.466924 771.741003
2 864.426634 915.553717
2 960.869334 752.871921
2 761.362816 885.111847
2 693.274694 781.004788
2 666.953286 932.102326
2 741.835712 871.078402
2 780.253001 708.401185
2 806.801612 766.132397
2 681.042461 811.995438
2 701.254610 805.516948
2 744.150936 880.148092
2 973.392756 835.880619
2 681.294226 821.009610
2 677.810625 832.656177
2 678.114448 829.963826
2 840.517881 775.259109
2 666.686721 854.345560
