1 199.269705 173.437265
1 210.114308 186.948301
1 205.196307 190.114481
1 200.028815 178.904122
1 212.278736 161.253949
1 195.050289 171.076614
1 179.145205 192.423152
1 203.705688 176.662764
1 220.372450 167.082820
1 208.432975 176.476157
1 190.286978 163.249754
1 191.860712 185.192797
1 186.174945 200.079040
1 196.939850 198.505773
1 199.999612 180.015226
1 201.650211 166.035300
1 182.203108 183.478241
1 198.891638 173.225857
1 180.106523 173.681083
1 212.387992 187.255458
1 209.544623 167.571960
1 212.620355 185.058393
1 204.101071 172.079548
1 179.717881 187.837870
1 207.066242 193.777773
1 214.856571 170.711981
1 184.258736 186.863044
1 201.516642 175.161366
1 221.555916 184.444234
1 209.057956 178.535843
2 147.719864 139.178096
2 171.706898 110.554810
2 245.197685 60.614106
2 294.372177 189.389279
2 123.511157 300.565481
2 318.756259 57.705115
2 158.408097 123.982872
2 238.095347 173.144910
2 317.447416 179.969107
2 89.577762 289.336909
2 225.903249 289.597707
2 18.138077 109.929903
2 3.136457 219.714821
2 198.110545 10.437739
2 246.814734 268.601933
2 114.672760 10.294318
2 140.521718 239.398896
2 24.569977 251.627972
1 212.257284 131.531777
1 164.813506 190.731459
1 154.608110 127.361865
1 173.372292 204.393415
1 213.474800 154.971371
1 175.360098 203.523135
1 211.965997 202.557884
1 183.231477 162.929579
1 171.007109 192.292979
2 295.795978 183.807885
1 236.263887 158.117860
2 105.455890 294.543873
1 183.144275 166.132849
1 251.736121 232.267295
2 214.190316 215.005596
2 4.045701 196.845199
1 175.453676 192.812947
1 170.192712 195.441580
1 176.293367 174.648244
1 141.170200 180.020947
1 237.448476 127.230116
1 209.525638 190.111059
1 202.614105 132.656745
1 187.568159 153.603098
1 165.397021 155.548227
1 157.393423 195.849028
1 156.526280 168.611074
1 209.527294 205.387097
1 182.956810 182.014403
2 112.563665 316.192594
1 186.503128 189.133506
1 208.297378 173.206217
1 189.582010 203.549319
2 319.734837 314.193195
1 183.271003 139.345654
2 32.894912 107.962332
2 328.370952 152.121738
1 162.146874 187.477718
1 244.125876 93.752941
1 139.617836 164.131509
1 171.237959 160.213517
1 205.525755 188.296526
1 219.408651 221.621237
1 199.633550 129.631221
1 239.281136 196.193793
2 212.251765 158.922427
1 237.161242 174.404104
2 313.143733 264.075978
1 221.749239 164.399286
2 283.976265 239.325828
1 202.655346 140.199114
1 183.039216 179.730144
1 159.318556 215.459651
1 226.022865 161.633606
1 211.412658 184.909114
1 211.467194 141.731376
2 236.882384 167.482577
1 171.603059 186.726006
1 273.929581 223.414915
1 183.761664 199.403081
2 260.974213 188.796865
1 155.566620 260.365435
2 237.276996 273.964677
2 87.381364 278.249666
2 197.211759 294.059897
2 310.040818 284.188281
1 199.893706 226.335799
1 151.762969 160.784214
1 198.281659 191.347939
1 208.297378 173.206217
2 176.903985 254.955651
2 258.595155 246.931757
2 210.159146 164.601254
1 161.856456 223.831708
1 216.461399 228.762434
1 221.193929 171.337242
1 214.636710 193.937855
1 183.819340 188.222226
2 221.734514 155.925746
1 140.101021 166.370331
1 176.460671 194.528198
1 191.231717 175.021632
1 161.310913 164.922538
1 223.659223 157.063239
2 262.488878 236.781394
1 169.078003 207.873145
2 190.918597 232.565613
2 173.888910 305.180075
1 240.708840 167.426535
1 205.608219 196.042159
1 182.052414 214.122524
1 127.425376 178.215896
1 170.185287 223.243794
1 156.256986 181.589758
1 177.428123 188.396665
1 151.280906 130.873225
1 145.933562 176.884620
1 210.750889 135.301882
1 226.677227 149.927688
1 211.101675 275.225136
1 127.793358 199.818272
1 162.501730 183.347876
1 142.781978 200.771549
2 187.972350 287.846426
1 219.144489 230.728312
1 231.014709 166.314466
1 186.101838 209.047134
1 260.002020 148.625922
2 171.244360 543.570455
2 66.088670 339.827348
2 215.846863 380.439899
2 197.668517 576.454287
2 142.015951 484.013842
2 28.754951 434.886062
2 258.849622 571.780342
2 28.433730 395.907137
2 285.577834 399.682199
2 243.642724 359.433039
2 119.399959 429.388510
2 73.254313 598.941207
2 134.954239 645.637362
2 162.822039 630.521069
2 106.298030 613.344666
2 185.345142 626.118888
2 159.289511 629.666623
2 164.422493 624.250106
2 270.396035 600.820114
2 127.945248 612.383377
2 184.973922 664.643611
2 146.895041 626.433817
2 241.954664 611.204193
2 110.796886 641.855034
2 114.235405 640.230753
2 201.578765 656.234835
1 126.746203 786.033927
1 143.108860 781.374177
1 154.390032 786.035741
1 152.529190 780.121808
1 145.163527 789.729331
1 149.145823 789.074265
1 148.994945 781.462857
1 150.635253 800.337475
1 139.669431 765.674780
1 148.445724 798.992661
1 161.454364 774.691989
1 145.115120 801.068668
1 130.097206 782.724603
1 165.210033 792.478869
1 145.398130 795.977175
1 148.886593 775.785309
1 154.683136 787.143884
1 141.519321 797.625571
1 172.323697 786.749599
1 143.634279 768.792677
1 165.169143 762.646692
1 147.781349 780.633312
1 168.558070 768.279076
2 45.445622 846.788738
2 278.842459 682.923933
2 179.601668 815.345060
2 235.255087 804.442660
2 25.964187 815.865713
2 66.431093 926.363874
2 304.534268 779.614386
2 226.630879 780.766078
2 206.757819 820.565459
2 251.927141 815.949635
2 97.995087 682.932946
2 186.317673 845.551338
2 132.847880 719.890740
2 251.392151 680.540094
2 92.891069 894.358573
2 78.445487 880.182434
1 170.329228 816.536689
2 94.213799 833.790811
1 212.873897 801.295551
2 168.319285 879.202972
2 102.211016 764.253687
1 326.926527 684.053168
1 141.511628 743.173734
1 119.360757 828.787876
1 141.573529 781.561043
1 161.139160 785.721999
1 140.009115 776.104774
2 89.988208 759.256327
1 142.336695 817.749623
1 173.767091 794.253213
1 136.560937 780.898173
2 149.950915 704.009656
2 196.401190 831.736041
1 124.696329 810.277418
1 158.570303 746.077256
1 117.854446 806.207627
1 168.157997 802.721800
1 118.181545 794.946754
2 114.105795 833.631440
1 163.542774 841.487930
1 85.266811 771.624451
1 113.454094 819.269249
1 149.528153 773.748240
2 124.779797 777.464506
2 38.023482 703.522484
1 87.361530 768.516475
1 190.453344 798.036312
2 149.573407 799.620824
1 157.605985 780.003084
1 159.826621 751.141756
1 117.720110 776.609739
2 174.124369 849.753749
2 174.054963 924.866178
2 154.354396 791.848284
2 163.168014 850.725037
1 118.318149 770.638415
1 136.376150 795.247580
2 129.505148 843.786788
1 141.618824 787.390601
2 97.169990 810.992321
2 196.465220 839.322993
1 173.172865 841.905051
1 124.550262 806.805097
2 72.812519 844.514752
1 89.312161 788.988800
2 126.130982 816.789414
2 67.176643 832.636898
1 175.696533 806.692901
2 85.226793 818.433226
2 92.208800 672.599941
1 137.883779 828.755834
2 117.006888 806.548674
1 104.659889 759.083243
2 135.421880 889.931975
2 242.083907 829.673420
1 207.715461 783.468851
1 165.123141 808.553687
2 125.022890 806.648352
2 159.743504 721.514377
1 307.815150 712.600971
2 45.157301 819.129721
2 118.873068 809.019624
1 134.681541 813.637478
2 153.384680 730.797638
1 171.078059 803.645559
2 92.506359 746.911379
2 130.669296 845.971560
2 210.580725 831.740231
2 115.177006 868.962363
1 226.522986 843.391258
1 154.879931 805.159332
1 127.569228 768.335911
2 46.598625 808.785487
2 228.058258 768.973473
1 143.735532 792.501617
1 142.654470 823.058966
2 76.442409 834.105840
2 203.682723 787.087333
1 147.082663 839.330058
1 328.717321 673.249526
2 349.778605 9.205542
2 665.653347 275.935088
2 647.042743 256.695106
2 527.996854 292.824059
2 666.366008 82.483431
2 649.420891 250.178670
2 429.921659 60.700783
2 442.269964 137.611678
2 578.546029 74.844074
2 463.885595 159.578450
2 340.834231 314.390766
2 581.659812 104.667085
2 406.604858 243.912258
2 393.617551 91.206526
2 530.761359 200.478255
2 623.500289 78.874461
2 334.950622 271.238755
2 571.288115 214.680961
2 459.060437 293.612571
2 341.817499 177.241129
2 538.570455 103.941087
2 362.273170 193.668253
2 645.070017 281.960992
2 335.041202 239.054257
2 335.491600 220.663440
2 647.605141 191.501019
1 382.260213 656.654334
1 400.060358 664.114563
1 405.111228 654.743552
1 414.979481 651.653271
1 403.504982 652.571265
1 390.688447 647.845610
1 405.143784 645.741016
1 399.545928 650.646476
1 405.531501 633.996536
1 408.893194 651.784645
1 398.156383 646.538719
1 399.327124 649.262928
1 400.506485 650.383943
1 395.364842 649.921690
1 380.873523 652.353149
1 397.868197 650.876934
1 400.504314 653.885126
1 421.667448 648.733453
1 422.983944 640.758248
1 392.518443 649.812297
1 394.418308 649.889421
1 406.652711 633.066539
1 395.472651 631.200161
1 402.283887 655.352194
1 414.147286 642.437744
1 412.439738 656.811921
1 394.118353 663.469716
1 411.733015 641.469493
2 455.653924 403.258451
2 363.487086 575.203866
2 554.207542 524.403726
2 407.654692 539.267475
2 422.263068 585.874800
2 409.899350 583.813836
2 569.053141 516.305782
2 472.503920 468.156992
2 414.301767 487.742486
2 346.897906 350.992522
2 379.458646 395.931238
2 603.739266 638.164720
2 493.003781 406.135317
2 622.657885 589.764738
2 624.977644 549.091301
2 418.523773 349.099599
2 651.343269 665.120359
2 400.695022 591.662895
2 356.809001 521.837604
1 352.942548 634.294418
2 416.940147 613.800596
1 449.736443 661.224246
1 402.405747 663.411865
1 428.772401 624.938807
2 432.387387 564.036675
1 400.379891 641.346665
2 434.051941 508.863584
1 357.497506 648.356978
2 448.533060 645.872947
2 525.988114 629.610344
1 432.093538 643.390320
1 431.097832 638.493982
2 455.244171 574.611662
1 373.923822 638.809140
2 452.864957 576.062342
2 379.490906 605.524421
1 478.786038 659.238634
1 436.020503 641.816945
1 399.953264 624.742652
1 385.158087 658.108922
2 445.739371 548.296538
1 385.524902 663.675255
2 583.436189 638.476956
1 375.025035 638.637817
2 443.750223 608.686551
1 359.037902 558.300034
1 505.185778 631.625216
1 365.909604 651.417654
2 382.777833 613.532640
1 361.803202 639.540068
1 425.692796 631.794633
1 384.969471 660.031881
1 436.414375 656.096202
1 439.196637 635.844485
1 380.166096 648.012367
1 355.615078 627.464383
1 370.975663 654.015965
2 509.200210 526.086701
2 424.876446 623.210744
2 372.653373 603.316959
1 383.150882 638.170387
1 373.324374 663.942121
2 347.181967 642.889375
2 464.498317 656.207314
2 364.085289 545.943034
1 388.597317 545.891277
1 431.714989 640.043497
1 394.668965 658.824842
2 636.028450 606.982351
1 481.522694 625.077480
1 363.843172 632.709609
1 389.711793 645.519366
1 395.991553 632.948328
1 422.083360 637.322142
2 457.402507 588.597273
2 425.746599 567.520412
2 454.288285 542.019407
1 407.273531 656.916374
2 440.293368 590.222622
1 360.475996 606.483467
2 434.632177 588.514496
2 428.629481 535.176226
2 608.755598 638.644814
1 487.753849 652.477855
2 482.524729 627.905312
1 357.410612 620.547920
1 385.687700 654.514704
2 347.599411 619.009968
1 353.871683 622.832383
2 383.716182 575.873757
2 532.616058 618.401106
1 380.099551 665.218734
2 488.612353 661.866272
1 366.823401 624.621124
1 437.476644 619.442248
2 594.750071 643.534061
1 366.742241 652.955324
2 624.984061 653.579845
1 416.906562 644.470923
1 427.219653 656.884171
1 409.699617 635.191051
2 344.649737 617.353666
1 364.937709 618.104191
1 376.772757 631.588554
1 402.514167 661.179337
1 380.246029 627.420938
1 375.730509 660.880252
2 450.290833 554.394567
1 375.672353 662.000878
2 356.179463 593.781262
1 407.884066 623.233251
1 364.336056 654.513182
1 338.251065 660.980804
1 435.008214 655.992486
1 361.545767 624.234255
2 443.360356 666.081467
1 400.612634 634.756910
1 390.175094 618.149220
1 422.465020 636.676749
2 453.309127 621.768541
1 373.774054 644.282202
2 488.340697 611.742572
1 409.304870 652.784160
2 430.681633 592.283026
1 421.000447 632.194168
2 489.632685 634.997958
1 407.073673 652.866241
2 363.656197 593.274008
2 464.402475 666.178017
1 426.638946 635.922798
1 349.977033 648.794849
2 373.830670 602.741493
1 399.508489 628.544048
2 427.395739 609.415970
1 417.049858 633.605114
1 368.100676 653.714189
1 478.457892 660.177351
1 338.792215 655.180361
2 398.981648 605.969881
1 380.033858 637.625878
1 592.269184 788.914880
1 562.838830 823.133327
1 550.314057 812.352350
1 585.959880 788.115219
1 564.053403 790.297419
1 553.192257 793.616418
1 549.161840 788.600295
1 569.200985 800.474026
1 571.998115 799.433039
1 566.964520 801.578735
1 570.978102 799.174940
1 576.423917 815.735739
1 592.906930 809.881322
1 592.085861 806.001343
1 574.647485 814.706093
1 565.419632 797.485520
1 555.859829 792.941726
1 571.754810 812.072489
1 580.683493 819.967901
1 577.335586 808.401524
1 580.041311 806.092403
1 567.753650 797.303679
1 561.438024 797.509067
1 570.353356 805.491408
2 577.914558 714.854242
2 601.527925 716.441812
2 443.770658 934.503837
2 610.104511 840.210379
2 642.694306 910.732831
2 659.645040 947.878012
2 349.544459 746.803773
2 381.538185 894.107693
2 412.598899 810.795338
2 448.318685 952.522040
2 503.259611 871.763370
2 408.423329 772.895511
2 650.792042 795.792364
2 520.087113 997.883590
2 496.779949 667.697406
2 447.291469 719.800295
2 648.836860 787.895538
2 572.124382 759.782192
2 542.324607 680.102779
2 524.971951 840.720524
2 583.814646 844.751735
2 616.138961 886.174952
1 547.927119 812.706933
1 382.056584 691.583119
1 400.299965 670.641000
2 598.617706 676.316676
1 524.890287 761.921810
1 565.977550 801.513053
1 380.840601 667.721897
1 361.135584 680.689250
1 568.957261 732.096035
2 434.005858 950.756209
1 575.269778 812.584101
2 626.550587 910.136230
1 541.335843 800.620767
1 606.227006 803.261107
1 392.251883 688.339103
1 572.674223 804.235954
2 433.851606 946.552044
1 550.692315 776.407926
2 485.604666 715.409192
2 508.485476 684.365427
1 535.277993 822.155551
1 610.500104 810.166200
2 486.872475 705.406692
1 613.316756 806.441032
1 589.790247 825.933610
1 528.068044 774.261884
1 426.881250 680.172161
1 379.673062 667.480413
2 398.434106 849.254324
1 500.135650 776.833335
2 563.969633 852.447453
2 592.147520 997.899152
1 458.089499 686.281101
1 575.687217 801.027777
1 502.877910 813.984104
2 429.991929 831.549223
1 458.446636 681.364510
1 575.994117 789.801480
1 610.327292 836.341032
1 390.664837 667.870383
1 434.066915 670.373680
1 593.918093 767.307012
2 481.527301 693.534605
1 551.973450 780.241489
1 386.107934 673.662184
1 533.400392 682.229500
1 497.261319 813.488543
2 463.154443 667.672046
1 410.402139 669.988112
1 585.413511 788.414398
1 536.935753 797.807976
1 577.329765 816.949575
1 576.522722 802.089995
1 552.365247 784.339562
2 396.688459 711.405183
2 630.687493 810.735518
1 622.274595 774.069998
1 556.225749 774.854119
1 581.260173 777.829734
1 581.429310 805.102168
2 361.361618 728.756981
2 399.721946 859.124147
1 380.043379 680.599289
1 371.612167 695.838488
1 569.748440 768.759511
2 547.103830 691.254019
1 573.994149 828.672651
1 566.637685 813.356756
2 627.849724 883.524948
2 481.305474 696.805291
1 421.376285 693.155087
1 404.679300 698.559048
2 617.549189 824.444615
1 595.430346 831.350824
2 631.345876 913.604339
1 598.150751 754.978005
1 571.388305 768.402304
2 526.235745 855.265913
2 527.558569 876.552802
2 599.674033 897.186140
1 550.367759 804.082138
2 488.747537 712.701528
1 594.311719 782.234825
2 494.969369 710.785437
1 385.668030 672.653104
1 386.050828 686.183321
1 400.969993 674.106280
2 597.024927 937.299524
1 521.371175 774.576353
1 625.909471 790.915732
2 417.497041 676.730794
1 611.748571 825.607527
1 572.195987 821.404270
1 571.966379 825.390502
2 528.065033 848.613599
1 561.483193 787.610339
1 554.506743 792.120365
1 419.243487 683.171070
2 387.054376 839.423063
1 567.032121 786.574243
1 635.857632 833.733355
1 416.438632 712.411254
1 346.614747 671.285352
1 574.776162 746.782309
2 389.301324 869.440619
1 361.105889 688.422329
2 542.223744 747.175887
1 429.999419 677.815900
1 589.439298 749.171010
2 543.957401 905.317480
2 566.167422 738.618131
1 587.805949 785.030824
2 366.512644 684.855659
2 463.382548 688.345138
2 435.888429 669.622823
2 426.835739 842.908016
1 544.473116 722.129632
1 379.941143 673.831705
1 394.438268 672.460612
1 580.280890 727.037659
2 532.052768 843.979630
1 519.866089 793.784587
1 581.829240 786.703511
1 404.438513 673.909132
1 620.882820 761.580795
2 356.515835 747.564158
1 569.910206 814.664847
2 539.407360 829.959982
1 409.600210 681.507062
1 594.918041 729.324455
1 385.338154 688.359821
2 361.619542 848.384600
1 404.599804 692.051384
1 548.504082 746.900201
1 566.954722 856.520262
1 375.465339 677.094500
1 582.255523 787.658670
1 523.506632 805.926276
1 581.976136 864.545083
2 452.148491 951.973189
1 580.230719 780.962051
1 430.205699 722.625036
1 566.234094 748.997483
1 549.921164 745.278970
2 510.651703 698.350589
1 508.694912 799.267010
2 459.842110 689.063521
1 573.563199 741.119976
1 533.179439 795.263199
2 489.433700 804.968594
1 550.425439 840.142934
1 546.252231 705.117741
1 388.303302 680.612754
1 383.743216 686.825870
2 655.238014 863.107268
2 501.866034 683.308915
2 449.262149 726.657312
1 584.495612 810.620479
1 400.739383 697.747101
1 564.918378 764.175845
1 438.258017 686.130169
1 409.253457 686.924530
1 564.475715 811.339755
1 401.787531 684.648188
1 596.635993 739.430586
2 483.513202 762.434807
1 540.692080 813.449333
1 582.343005 829.374850
2 457.685943 843.551863
2 658.386901 763.196014
1 533.903509 727.633204
1 445.883257 698.546804
1 335.938699 693.040243
1 589.290595 750.063557
1 825.323420 313.131564
1 812.226200 290.236725
1 814.043604 287.613507
1 833.030645 316.684872
1 814.058431 301.075981
1 827.473053 308.571495
1 819.691371 300.488439
1 820.155986 304.158386
1 821.461269 298.275657
1 837.939457 290.559085
1 799.208382 306.913418
1 822.190965 301.146311
1 828.619228 297.276916
1 824.871657 302.618242
1 818.187449 299.010597
1 822.383471 302.747937
1 820.658663 284.509079
1 809.235061 314.367895
1 817.894563 302.926957
1 820.400217 300.308929
1 825.397005 287.726416
1 824.072163 310.451970
1 820.862003 300.408726
1 818.762404 303.936763
1 812.497967 279.106009
2 666.798979 177.648918
2 799.967573 112.965367
2 893.464066 245.978228
2 755.215109 262.818065
2 847.526756 47.555112
2 896.554048 172.220755
2 919.808063 177.226763
2 777.515608 169.121337
2 763.118143 314.693327
2 830.285743 135.188482
2 995.768737 265.352777
2 801.264136 178.192910
2 675.563414 185.947463
2 900.574006 251.836751
2 792.672124 105.940476
2 786.455709 275.805450
2 909.989381 231.012482
2 721.232896 113.150164
2 850.339335 302.945682
2 955.189126 119.127902
2 921.373790 74.377634
2 809.899771 309.508034
2 700.217118 149.705557
2 923.879637 114.424918
2 799.230402 268.265659
2 725.838965 321.164163
2 746.763665 98.818846
2 998.183651 278.084384
2 992.212422 18.595498
2 747.794707 283.159653
2 743.638688 290.934731
1 856.018979 257.837641
2 737.094260 299.295197
1 849.887836 286.389764
1 784.827356 286.996458
1 839.064166 287.618969
2 829.331906 108.051405
1 800.798413 307.144800
1 837.412967 289.404086
1 842.596507 251.785768
1 827.487059 278.380651
1 828.806847 314.672076
1 798.459353 263.358271
1 862.666000 317.461776
2 853.754864 216.930880
1 858.565954 331.865873
1 739.938989 297.728151
1 819.747326 304.053683
1 792.891907 285.036141
1 818.441412 233.543560
1 818.729940 286.738413
1 830.502861 269.181450
1 848.707882 275.938785
1 873.115352 262.521470
1 808.664250 266.295749
1 862.727725 302.591360
1 752.979180 274.206442
2 721.633643 310.738026
1 878.525861 284.774662
2 811.215673 298.921914
1 756.328050 296.744532
1 851.245989 273.174284
1 835.858824 280.377573
1 846.727884 286.522194
2 879.528478 265.342033
1 834.045413 253.254826
1 815.279656 268.002185
1 851.664856 228.631935
1 862.849932 255.578995
1 825.612042 254.851858
2 753.345753 127.044952
1 825.358965 312.938308
1 787.976003 307.309365
2 744.416979 313.778087
1 844.298829 331.804119
2 723.181434 316.584830
2 855.787273 140.799960
1 841.017223 300.937775
1 812.360222 248.783742
2 883.517024 285.233976
1 804.954837 309.875297
2 875.078962 151.115238
1 821.242592 296.627917
1 808.047772 332.092474
2 920.985126 272.383614
2 953.075962 263.370082
1 802.877514 304.871003
2 800.381181 270.253623
1 865.361437 249.802393
1 843.669012 240.982705
1 784.401446 222.945372
1 804.131552 327.246465
1 811.940498 266.312584
2 957.503936 260.476188
2 952.894576 47.098915
1 804.112573 316.420200
1 786.196621 297.920009
2 848.728810 267.583981
2 785.676280 278.466100
2 741.860817 304.623503
2 866.421102 163.785369
2 694.397032 284.012952
1 845.341024 283.123597
2 728.298620 312.824619
2 744.474065 274.746187
1 848.596500 292.990110
2 758.351884 251.275579
2 862.373471 201.618600
2 762.011504 278.080532
2 826.843315 292.768767
2 838.501972 249.146356
1 784.655938 315.761015
1 882.455792 251.108479
2 933.505302 147.064085
2 888.646694 203.222241
2 897.408889 253.391705
2 773.559927 326.962143
1 786.844224 257.493455
1 892.893936 330.157425
1 852.998112 269.224573
2 862.352423 202.512388
1 834.737362 296.360369
2 925.114615 243.691193
1 796.798294 327.756408
2 741.826474 298.080095
1 815.174144 316.160799
2 758.041490 302.859033
1 760.048575 281.841141
1 849.293538 196.219183
1 881.740985 248.060743
2 810.782249 320.443829
1 791.559653 318.954176
2 697.490390 256.556728
2 810.572267 275.761761
1 778.303794 264.039226
2 821.313443 117.261966
1 829.104696 290.266673
1 817.616836 312.856225
2 727.207312 301.232253
1 833.654443 212.332660
1 819.314902 256.216878
1 855.890529 299.055404
2 924.822934 360.146150
2 898.600168 540.882315
2 677.775509 342.930127
2 750.100477 352.702020
2 867.559483 627.575568
2 910.013623 458.782088
2 921.326964 580.380160
2 857.254788 594.139169
2 720.361765 580.513346
2 772.892698 525.418582
2 958.985674 356.512416
2 922.861860 409.129112
2 757.961885 346.761935
2 921.044725 367.612915
2 710.275476 501.749901
2 923.699222 340.109950
2 857.317670 417.800218
2 727.250463 342.547406
1 777.489677 355.978865
2 722.076807 362.467319
1 819.524427 349.729837
2 891.886389 389.095764
1 745.615710 351.247188
2 929.113541 389.280965
2 938.918344 359.284036
1 882.261062 380.896268
2 936.984753 347.443333
1 832.458339 351.492887
2 906.180448 384.501726
1 840.055938 339.223043
2 853.751930 449.897856
1 822.361968 336.149535
1 758.512095 337.438559
2 901.127583 345.104848
2 921.612874 418.610665
1 805.628873 356.761227
2 756.609412 359.612083
2 730.879782 942.588539
2 817.317326 740.240759
2 728.193996 675.485181
2 737.304823 749.460525
2 676.107195 838.903866
2 836.032604 668.933878
2 922.795936 866.236940
2 906.207141 929.633314
2 970.266889 912.324051
2 975.466924 771.741003
2 981.902447 834.698518
2 864.426634 915.553717
2 960.869334 752.871921
2 761.362816 885.111847
2 693.274694 781.004788
2 666.953286 932.102326
2 741.835712 871.078402
2 806.801612 766.132397
2 667.238010 800.871715
2 678.311063 791.123433
2 994.029923 852.599628
2 765.396713 892.060396
