1 202.078525 179.315206
1 186.819888 180.064576
1 214.176846 164.074055
1 182.952212 174.534474
1 196.768541 177.505941
1 204.328503 189.087506
1 210.958168 179.125455
1 211.836927 174.842533
1 189.331589 163.877402
1 193.067098 161.343859
1 209.442568 186.467994
1 180.724814 194.967207
1 203.531713 193.973627
1 193.107182 173.501593
1 196.032144 186.401373
1 216.060535 192.472274
1 198.853969 176.148251
1 192.250519 197.907028
1 194.037276 181.435106
1 181.725132 173.312320
1 183.153069 197.091140
1 188.637822 183.889312
1 189.229870 181.374885
1 190.123317 178.772194
1 211.479674 193.053529
1 201.737982 180.358956
1 200.678000 184.928028
1 178.902086 190.791062
1 199.439138 173.536568
1 210.518514 165.218820
1 201.121318 185.842062
1 185.497611 180.646397
1 198.505473 182.127880
1 182.344040 172.955946
1 194.792092 166.717099
1 186.702925 186.835629
1 203.281993 182.508794
1 209.131122 169.530986
1 203.190361 193.766879
1 210.067252 172.806962
1 231.388028 165.542653
1 199.407753 153.007902
1 176.057587 186.782984
1 185.816668 205.588191
1 193.544653 181.284484
1 220.551725 202.839623
1 217.512905 198.342219
1 209.608213 201.710073
1 185.843287 221.529002
1 179.716373 153.532008
1 161.905866 230.933991
1 207.330396 208.505454
1 194.764122 192.376717
1 209.893908 127.185167
1 212.022914 139.877236
1 160.302827 214.242414
1 222.421000 133.114032
1 203.938971 169.782831
1 172.120018 162.139555
1 192.839188 201.249218
1 194.239364 249.268964
1 146.875206 188.623700
1 167.104308 171.065438
1 167.533540 188.190437
1 163.074706 209.220164
1 211.445839 184.679274
1 187.197394 194.351635
1 182.895115 110.873600
1 155.875466 193.074892
1 174.872982 136.326127
1 211.948486 173.131629
1 206.045121 186.952440
1 196.637585 172.036004
1 194.353506 208.302663
1 220.564756 167.485765
1 252.873600 160.815220
1 205.171660 163.498322
1 187.446798 161.453332
1 190.421463 138.303787
1 193.866138 109.006758
1 206.318103 163.124342
1 233.375066 126.002646
1 214.196271 157.771166
1 232.860178 251.495905
1 159.572191 215.575033
1 258.067380 87.930484
1 168.832532 172.559485
1 185.170236 213.848138
1 219.518558 202.101579
1 194.743135 157.091133
1 146.497339 199.298523
1 245.797286 189.135623
1 216.367109 188.037086
1 180.554788 119.700335
1 171.304369 214.738978
1 202.563324 161.522702
1 190.360102 168.963745
1 194.685111 138.815348
1 226.814939 188.233356
1 238.709164 203.487752
1 183.585327 170.281735
1 180.005742 209.553682
1 212.321481 210.417390
1 194.740324 201.531907
1 212.974284 173.303972
1 199.785313 187.072005
1 191.635609 219.011351
1 197.206020 150.669480
1 209.441879 143.012830
1 232.696340 173.685548
1 252.316417 147.670979
1 224.465747 231.002408
1 194.932974 170.671080
1 254.887173 246.295344
1 197.642776 190.993119
1 188.444679 200.673484
1 200.622568 186.622386
1 226.740999 185.458759
1 248.691619 151.182932
1 201.879242 143.428719
1 159.961196 215.002042
1 218.544967 170.375420
1 193.681336 150.907997
1 210.288806 203.509567
1 170.672217 170.036270
1 187.191502 222.826235
1 254.727218 112.128057
1 187.365606 146.673777
1 229.484331 188.132250
1 199.246112 190.664507
1 232.129541 252.828523
2 59.664177 453.414726
2 58.482343 434.984402
2 51.425367 440.837784
2 43.175214 434.119097
2 75.720087 415.002922
2 58.804816 428.815023
2 63.347146 425.863559
2 60.732494 408.726670
2 68.614963 418.307461
2 78.024736 442.886722
2 67.604440 409.186050
2 50.591738 412.758446
2 64.626408 427.958435
2 45.398665 416.726962
2 56.673980 431.836704
2 64.811656 413.906890
2 39.766784 432.656259
2 54.629899 427.696813
2 39.445893 422.065107
2 64.010856 425.553187
2 59.602518 430.313672
2 64.184752 413.590620
2 80.182577 438.192942
2 61.246465 421.775181
2 60.792721 428.363508
2 61.668450 429.694248
2 56.175670 411.315359
2 63.494198 428.757342
2 83.436392 431.710276
2 56.345963 431.619136
2 62.089104 430.141319
2 62.548742 428.029501
2 65.727367 424.865274
2 61.552714 420.683760
2 54.176240 408.216230
2 54.332525 422.651007
2 65.391002 431.691994
2 45.589576 434.050779
2 63.955935 438.324871
2 40.333242 444.457525
2 83.859896 425.730642
1 321.230989 640.798696
2 63.610499 437.797150
2 63.004315 420.600847
1 317.154327 584.201260
2 72.007495 407.085037
2 94.984806 416.686888
2 78.902898 404.993772
1 137.580917 790.113407
1 154.195366 773.573497
1 148.218661 777.629893
1 139.421185 798.342218
1 146.418749 784.457072
1 150.308837 780.140365
1 158.460107 771.246079
1 146.027089 803.146904
1 157.586055 786.824144
1 164.555545 789.736037
1 161.261873 761.410870
1 149.508251 763.863873
1 144.243613 785.552113
1 163.909595 777.338638
1 146.093343 790.984559
1 136.628337 785.524255
1 135.578839 792.133503
1 135.556030 777.083723
1 153.267474 780.133094
1 150.762099 774.299002
1 129.636304 786.653029
1 150.481933 780.709372
1 130.425149 772.329319
1 147.324617 770.897743
1 165.789670 780.267917
1 170.979326 792.811980
1 143.297630 795.898551
1 154.225798 768.676333
1 146.283493 780.222102
1 157.033526 783.322430
1 154.356766 782.354495
1 171.076966 768.126136
1 149.792901 793.426537
1 155.137713 786.289303
1 144.477388 777.595097
1 165.961065 763.317471
1 160.573092 762.600482
1 141.125301 740.581953
1 156.929306 798.461438
1 157.002850 730.935208
1 308.404806 694.405891
1 151.483343 767.537047
1 98.793467 770.026895
1 176.085331 827.714724
1 159.981445 779.334171
1 154.562198 763.076792
1 114.081977 733.099807
1 113.626280 781.305243
1 173.915949 774.370519
1 134.180345 809.862978
1 161.626540 770.371559
1 187.667094 812.544123
1 141.665420 728.617310
1 176.547975 763.175676
1 138.768999 814.166460
1 149.160084 777.344437
1 158.366008 794.539425
1 230.163465 781.516308
1 182.348957 801.814557
1 177.355022 838.902854
1 159.771649 797.272408
1 184.338049 806.062825
1 177.963443 804.192556
1 199.827950 812.849866
1 185.979586 758.195633
1 172.241807 742.462390
1 201.642079 790.141945
1 180.141471 809.582679
1 139.932784 771.744088
1 163.364496 782.812892
1 177.855610 781.616140
1 170.188862 764.287023
1 205.149231 758.770176
1 167.217527 817.250883
1 150.730734 827.639252
1 149.915237 785.045402
1 191.771158 791.344152
1 234.998646 794.645434
1 193.115500 826.475737
1 138.569447 779.360584
1 167.756994 795.277406
1 128.697070 740.608036
1 117.209409 811.252468
1 138.327609 807.346334
1 190.908355 801.883938
1 152.554282 792.918955
1 190.106137 782.396484
1 189.655404 793.942237
1 140.047470 760.987090
1 196.160926 827.647748
1 120.069449 823.750250
1 177.661221 834.342173
1 143.103490 775.611558
1 156.572556 772.625908
1 183.381000 819.979796
1 130.752678 830.777220
1 125.812561 826.251847
1 107.197446 801.452071
1 124.637948 754.990837
1 187.765964 811.889303
1 279.136535 680.254392
1 127.481531 740.188028
1 138.709525 786.669153
1 236.435348 790.723421
1 170.487477 783.024102
1 170.923782 760.613633
1 194.993612 802.953569
1 137.088304 844.718964
1 141.066276 838.509226
1 144.700127 792.505271
1 195.533304 767.518944
1 247.885442 821.329593
1 130.777236 772.949040
1 146.268466 808.977925
1 201.525815 742.002299
1 177.897986 768.522800
1 145.015515 801.036224
1 182.825407 788.800376
1 165.330922 845.261092
1 274.496002 735.665851
1 160.609223 797.137279
1 166.648814 808.413197
2 484.248733 151.095240
2 483.869978 133.688808
2 506.632547 149.885286
2 518.370217 137.655406
2 493.720714 134.765195
2 500.592111 143.538737
2 509.219396 138.393067
2 509.805614 158.859363
2 494.685072 156.280964
2 516.707945 155.811111
2 493.952420 155.236588
2 512.198795 143.865391
2 498.891104 142.434045
2 503.031665 142.810787
2 503.838197 164.691625
2 482.063822 143.746553
2 496.084056 144.129262
2 491.287710 130.238975
2 493.997559 149.054409
2 516.354893 141.664266
2 492.726283 160.391446
2 497.273132 140.416961
2 487.985610 127.781588
2 480.665799 140.519273
2 491.863470 139.404843
2 500.296424 143.208910
2 488.163780 137.309645
2 507.653555 163.648638
2 490.172815 141.775291
2 497.665782 137.406016
2 507.121802 126.362128
2 504.037112 143.205893
2 507.237126 134.154348
2 495.384363 140.921447
2 497.827101 132.321328
2 520.065446 142.572758
2 485.296409 121.877189
2 495.878229 119.440463
2 499.532163 145.276059
2 486.023560 139.868389
1 414.159271 654.484542
1 396.965906 656.429721
1 409.232629 630.668999
1 407.023245 639.978443
1 393.944144 650.141133
1 399.197276 650.149638
1 405.431374 649.333913
1 391.300101 656.779568
1 400.259023 649.944374
1 399.088965 649.256337
1 395.487644 652.575963
1 399.326209 652.158784
1 411.968041 650.520766
1 398.848586 635.686138
1 391.609420 665.205160
1 408.133576 630.837110
1 399.173399 644.191207
1 409.607785 663.929181
1 389.841955 658.005263
1 400.774781 650.308213
1 399.641320 649.664334
1 400.950645 653.944074
1 396.906714 642.965381
1 396.371375 649.914623
1 398.298446 654.480653
1 405.424793 638.575822
1 381.367666 653.613494
1 410.397212 637.327155
1 398.660293 649.819049
1 401.354440 647.757411
1 390.971265 647.465206
1 398.602001 647.378318
1 393.340697 642.555826
1 411.539163 654.654595
1 401.664526 639.774492
1 408.226809 628.395687
1 395.338749 637.154486
1 403.421915 634.225238
1 415.984239 646.909203
1 423.036678 654.281203
2 556.654560 492.168320
2 566.327921 479.929622
2 559.645556 478.749257
2 542.108217 474.036524
2 559.685605 487.433473
2 563.369408 490.282628
2 573.381410 471.477110
2 559.161220 474.688788
2 557.486451 481.565274
2 556.840378 498.166857
2 563.704203 473.647680
2 558.252617 486.808067
2 558.899972 479.781194
2 548.343974 488.373185
2 559.745212 479.979779
2 569.635254 470.297255
2 565.753896 479.453980
2 568.280122 458.401332
2 552.993692 480.154732
2 536.452940 475.645585
2 545.797056 473.774194
2 567.445625 494.042759
2 562.460124 483.713340
2 543.069621 483.761617
2 547.655082 458.294657
2 563.167474 480.654356
2 566.168079 497.857587
2 557.684401 461.115869
2 552.590856 490.349685
2 560.512513 470.929234
2 563.243376 477.289553
2 542.971177 465.114985
2 544.830961 464.668945
2 553.586758 461.895545
2 564.947799 458.268381
2 567.193653 481.763242
2 559.099342 479.038836
2 580.142647 476.366680
2 565.634408 455.665149
2 557.992754 503.939145
2 580.160206 485.271098
2 564.291244 478.719299
2 548.831643 495.501298
2 544.664903 471.243575
2 545.146850 474.591171
1 452.933318 647.386346
1 343.177208 621.950357
1 391.926002 631.990208
1 428.642085 638.806582
1 408.558545 637.784858
1 354.385675 642.627939
1 446.296782 658.615515
1 379.406882 647.439920
1 439.601029 646.566855
1 473.954017 647.756254
1 364.674959 589.526125
1 411.158811 659.702663
1 375.297179 662.929710
1 417.727097 663.318270
1 379.099079 633.061442
1 354.420060 621.245632
1 386.573106 651.782166
1 390.282771 615.652659
1 423.058728 616.113087
1 423.758462 634.398605
1 389.467240 543.583755
1 407.289155 647.392179
1 400.771688 645.778586
1 406.547640 651.961192
1 422.106390 645.845782
1 405.804297 599.373817
1 395.606479 656.228620
1 402.464522 649.342519
1 384.808855 634.135796
1 369.758670 648.516525
1 374.782424 618.090743
1 379.371791 642.063824
1 437.871991 639.830961
1 379.704247 646.078275
1 417.617439 634.499025
1 436.035519 656.326781
1 369.006481 631.424892
1 467.010912 624.677644
1 385.225542 636.844744
1 380.363704 642.686146
1 377.511948 644.107990
1 365.963110 618.371725
1 373.894230 622.119256
1 425.854831 632.073680
1 363.281965 605.466838
1 412.671119 641.816443
1 418.513191 657.673507
1 405.718289 582.175502
1 458.790266 613.920234
1 375.663282 661.171046
1 436.650892 635.787549
1 398.869860 609.070429
1 446.767702 664.990441
1 374.544634 650.568289
1 413.246352 607.665921
1 468.202770 656.071752
1 413.632101 641.454013
1 434.641660 660.655970
1 399.506204 665.411423
1 382.738241 645.427059
1 410.063044 626.004017
1 421.972232 615.989035
1 397.615484 632.606276
2 601.967015 462.731280
1 441.333844 641.984964
1 354.364598 625.990771
1 392.114856 668.457714
1 394.954126 674.308099
1 410.850476 670.035768
1 395.577588 668.116983
1 394.221399 669.527537
1 575.661683 787.109299
1 581.751516 787.336215
1 566.340280 801.260464
1 570.123937 800.021367
1 591.474880 793.367133
1 567.376086 804.549630
1 560.549366 808.971070
1 587.251436 782.693528
1 587.747347 813.579480
1 583.242380 791.272099
1 572.751738 801.405733
1 552.745377 812.852118
1 564.153244 803.367135
1 566.634687 799.764181
1 581.768991 798.964816
1 572.759855 799.243772
1 577.898006 790.170492
1 574.622078 798.789140
1 583.571398 807.125762
1 573.053080 813.579015
1 584.509425 787.087501
1 574.188549 798.183811
1 555.463841 818.504065
1 589.863390 791.962140
1 560.629967 802.699365
1 556.173005 808.304817
1 572.362892 786.040284
1 569.348468 803.664456
1 559.722450 798.231480
1 554.189676 788.492689
1 565.268759 792.765162
1 570.431892 804.553449
1 553.812317 802.677720
1 566.122417 793.535738
1 556.450136 801.912863
1 558.457108 801.771453
1 551.165307 798.782531
1 588.384833 811.338194
1 563.309108 788.919077
1 546.552111 799.804377
1 578.038975 812.878854
1 570.841369 788.925269
1 569.494965 799.816144
1 577.269699 796.321275
2 389.538227 833.879714
2 402.161750 844.896420
2 378.960659 833.429814
2 411.442228 835.670410
2 399.890100 830.041025
2 387.390942 851.011779
2 400.025746 809.960347
2 405.207302 850.738799
2 397.114311 827.173351
2 397.580039 831.068220
2 401.636197 813.259206
2 401.312932 830.117661
2 387.290173 814.781166
2 399.712033 820.898581
2 402.382769 830.642689
2 397.509522 816.278095
2 411.152661 844.794265
2 395.711069 837.208026
2 390.150597 825.066402
2 399.501159 818.059710
2 398.257724 839.003859
2 376.583223 838.678080
2 382.307555 837.874612
2 416.083383 812.282884
2 385.918454 817.639902
2 412.266138 813.407596
2 399.456228 830.895849
2 413.065501 846.807698
2 415.642324 835.764118
2 408.008256 824.890422
2 390.094158 829.951194
2 398.878255 849.165779
2 401.366324 848.649844
2 401.175089 840.522349
2 405.832256 845.406995
2 398.449407 821.013905
2 402.179150 831.091748
2 405.133892 836.167852
2 418.329704 828.496631
2 391.501291 844.196585
2 402.664223 816.254259
2 404.526549 830.470441
2 402.357607 815.581699
2 393.088402 831.176945
2 397.917414 854.296024
2 388.306593 841.258806
2 382.629465 844.753000
1 543.983360 802.485825
1 587.684359 804.609237
1 563.135818 839.885662
1 593.083870 830.985850
2 377.630240 807.932562
1 551.247013 808.770778
1 553.861585 801.591954
1 546.897882 750.893814
1 589.346777 798.823154
1 395.424718 671.521166
1 365.938177 675.202015
1 572.887834 851.614866
2 357.969307 780.413346
2 378.993406 837.103190
1 531.959517 795.449533
2 388.825520 794.981608
1 408.654676 673.922344
2 460.223942 838.666512
1 583.169336 735.097917
1 609.185925 828.218425
2 397.756736 824.178494
1 578.964514 838.761106
1 581.431742 778.992921
2 386.954557 819.548326
1 535.547405 788.258893
1 422.697230 668.879023
1 601.832097 833.310974
2 410.833803 884.045906
2 376.793443 821.163383
1 554.590429 767.398632
1 567.703207 792.994489
1 596.493903 882.461397
1 597.168765 820.461145
1 430.774206 674.276915
1 596.136406 777.079814
1 565.907109 851.323839
2 373.335103 786.957131
1 550.912767 802.580113
2 381.861598 789.094892
2 416.464213 904.823007
1 558.214816 801.586958
2 378.024707 846.636789
2 423.563983 857.596333
2 362.308591 766.390462
1 556.594628 763.405792
2 367.098587 764.718848
1 586.735876 793.236696
2 369.353331 804.415351
1 489.938204 691.982421
2 440.388165 810.001720
1 556.498711 768.963199
1 608.305686 814.289093
1 568.157869 757.938073
2 347.467047 856.187256
1 614.818811 837.112458
2 396.168078 849.049774
1 610.450256 824.002141
1 559.220292 799.108983
1 382.439618 694.606286
1 616.448527 730.168794
1 541.060624 775.390517
2 369.456155 807.855655
2 415.178120 797.938269
2 398.406631 769.895034
1 573.341470 784.168799
1 575.055190 829.499788
2 448.589435 796.926816
1 558.754746 796.923149
1 550.138381 782.698443
2 432.489653 907.535600
1 516.783317 791.822615
1 553.595070 870.698299
1 419.971283 671.450983
1 550.285598 770.103178
1 576.406602 806.698068
2 394.654365 824.515707
1 383.085560 720.293103
2 342.739999 779.467997
1 605.068696 864.151218
1 572.994943 824.938460
1 573.673185 778.857753
2 359.282603 835.572854
1 571.579344 794.694824
2 426.846601 815.088686
2 411.495201 832.147106
1 560.849417 757.003988
1 362.042378 668.881534
1 574.517864 818.192856
1 590.471322 840.645451
1 568.421984 787.786187
1 542.313066 787.170510
2 421.018120 886.222353
1 575.400961 780.589225
1 591.015195 810.722436
2 453.750350 868.110038
2 384.683339 869.885290
1 607.056731 851.544300
2 419.904383 737.470802
2 406.327243 827.661619
1 581.658594 782.414738
1 599.802971 834.289838
1 451.281612 711.266568
2 438.061242 854.823611
2 429.133397 803.172653
2 471.771274 871.856409
1 616.560784 836.250846
1 552.086200 818.399489
2 407.247925 762.924166
1 593.756530 803.609801
1 553.669880 785.083905
1 605.433381 855.066939
2 346.429601 851.774087
1 537.782414 791.290507
2 406.172652 787.927318
1 572.038905 775.491784
2 437.084558 770.653226
1 606.703619 843.190783
2 460.594236 908.531157
1 570.001201 845.581046
2 427.837339 827.911400
1 548.355444 789.543811
1 586.765146 749.173589
1 571.720527 752.266442
2 350.585950 722.584547
1 561.981383 814.033157
1 590.017854 813.705690
2 387.132859 843.101402
1 405.497258 696.508885
1 516.390936 811.545480
2 398.270720 811.302044
2 439.355679 818.683154
1 571.254980 750.080608
1 644.235284 820.035479
2 386.923864 799.367260
2 372.128999 770.623246
1 555.945104 764.503130
1 597.165086 841.370396
1 553.634613 742.230773
1 373.106180 713.814235
2 423.053587 772.211189
2 420.299381 836.766267
1 600.489079 781.246688
1 608.487447 798.996547
2 424.510813 795.285145
1 595.648278 780.831400
2 399.520689 716.255562
1 433.870618 673.958347
2 407.145213 869.039712
2 361.305273 770.031149
2 466.362991 823.820146
2 438.051748 787.228415
1 822.570945 295.209373
1 796.388864 306.657840
1 821.036917 304.551643
1 827.008361 306.982318
1 819.703925 311.468283
1 819.562622 309.232983
1 802.629404 300.577595
1 839.125300 303.166866
1 819.550908 293.675277
1 823.128751 297.453261
1 816.029020 288.743721
1 823.478148 298.508401
1 821.751465 291.149601
1 818.087407 302.558102
1 815.426318 276.391480
1 818.450751 282.660983
1 820.312877 300.045297
1 804.173060 292.202385
1 820.927539 293.228590
1 822.934482 292.983958
1 828.970412 303.746897
1 820.841994 316.170513
1 815.418058 296.885520
1 831.099042 306.238499
1 818.992631 313.060734
1 819.454788 297.964086
1 839.922837 300.968418
1 814.089782 286.227806
1 814.952164 321.010370
1 825.252307 296.898763
1 803.852044 302.353583
1 809.983797 301.390875
1 823.426854 290.314283
1 799.510615 313.051670
1 837.694861 287.564907
1 805.251090 281.217554
1 834.640377 300.015460
1 819.206725 279.764840
1 822.409595 321.539671
1 803.484546 312.865743
1 821.588987 277.873229
1 817.297562 303.155753
1 814.325253 299.945888
1 826.184956 286.264424
1 840.037974 280.245968
1 788.732158 326.639143
1 843.728982 297.203413
1 804.645911 276.454395
1 856.424596 332.278234
1 819.844819 294.696458
1 803.492296 301.430499
1 821.280946 295.916680
1 810.462007 269.332855
1 794.706443 299.376391
1 791.726441 284.918275
1 824.013342 280.039319
1 821.689489 300.465798
1 885.067570 282.154660
1 756.024290 320.655320
1 838.280578 323.339867
1 807.405854 264.125706
1 776.028157 295.935252
1 815.308070 264.991733
1 815.865036 297.325868
1 807.140156 290.001173
1 781.871039 227.734621
1 844.625977 289.897549
1 838.637076 240.885975
1 824.107502 268.691292
1 811.957496 287.323777
1 836.364944 325.192560
1 847.330053 243.938308
1 821.729150 263.444672
1 824.912258 310.935183
1 801.809988 253.906511
1 863.152982 237.828772
1 793.980386 292.698837
1 807.073545 236.713623
1 763.505738 290.084372
1 791.573803 266.108538
1 789.677870 241.732114
1 830.770849 279.978441
1 812.124083 285.538378
1 811.980118 319.910612
1 813.179126 291.593051
1 875.669741 214.487397
1 800.840544 329.172286
1 854.678389 161.470929
1 788.913480 281.268527
1 785.203821 258.209494
1 802.028795 310.313324
1 833.372987 327.380913
1 850.979036 270.703213
1 771.282576 319.444103
1 804.045229 210.105155
1 864.461174 261.710292
1 852.985444 292.465833
1 803.823819 268.507881
1 801.315703 286.861242
1 854.785517 322.589167
1 812.578113 251.837448
1 786.438716 269.708987
1 828.787784 316.600676
1 830.242447 241.772367
1 816.414039 326.564052
1 822.787256 281.706729
1 834.290408 271.234618
1 846.727351 231.586067
1 852.840044 292.760182
1 820.217865 322.095715
1 873.312522 270.520390
1 840.978030 304.871017
1 791.129033 266.905648
1 821.997458 206.868739
1 835.302770 282.937949
1 809.926623 261.980719
1 787.463514 266.665155
1 826.329674 299.546345
1 882.301194 278.666336
2 840.676232 608.621616
2 852.475574 633.410839
2 846.066883 625.840064
2 851.954105 627.968782
2 854.026035 648.220403
2 853.077069 632.163393
2 838.369887 634.561641
2 841.955730 613.519406
2 866.584727 624.813974
2 852.416090 642.763955
2 837.016986 614.694498
2 840.738615 643.357703
2 838.721206 644.038280
2 863.400528 639.149061
2 859.753973 642.335668
2 837.233535 635.162835
2 853.881323 619.546542
2 850.632442 625.157595
2 850.418268 615.658842
2 858.067359 619.559308
2 857.351504 643.163369
2 835.521914 631.914579
2 831.556330 614.604932
2 850.077215 631.957816
2 856.027421 643.177058
2 852.373098 634.690302
2 851.245743 630.290808
2 836.293860 616.051164
2 837.884820 636.400251
2 853.265255 626.674026
2 848.812040 628.612968
2 850.192135 635.737483
2 849.995893 630.763458
2 846.559716 642.299393
2 855.763583 644.513919
2 846.730506 607.687930
2 856.436795 633.342058
2 852.717873 632.804110
2 850.444308 630.218780
2 841.498960 633.550477
2 831.691895 631.432495
1 848.690784 337.217225
1 832.580112 346.022066
1 832.961204 342.935915
1 744.548561 351.410862
1 825.280683 360.288512
1 815.532675 344.580453
1 834.341207 348.008158
1 809.816773 376.710595
1 825.548032 358.190377
1 841.516564 341.522907
