1 202.078525 179.315206
1 186.819888 180.064576
1 214.176846 164.074055
1 182.952212 174.534474
1 206.669392 164.939290
1 196.768541 177.505941
1 204.328503 189.087506
1 210.958168 179.125455
1 211.836927 174.842533
1 189.331589 163.877402
1 203.527437 163.832954
1 193.067098 161.343859
1 199.534577 179.521387
1 201.970054 177.160632
1 209.442568 186.467994
1 180.724814 194.967207
1 203.531713 193.973627
1 193.107182 173.501593
1 196.032144 186.401373
1 216.060535 192.472274
1 198.853969 176.148251
1 192.250519 197.907028
1 194.037276 181.435106
1 199.799649 178.648621
1 181.725132 173.312320
1 183.153069 197.091140
1 188.637822 183.889312
1 199.026631 174.339036
1 190.123317 178.772194
1 211.479674 193.053529
1 201.737982 180.358956
1 199.410362 165.275356
1 200.678000 184.928028
1 178.902086 190.791062
1 199.439138 173.536568
1 210.518514 165.218820
1 201.121318 185.842062
1 185.497611 180.646397
1 198.505473 182.127880
1 182.344040 172.955946
1 194.792092 166.717099
1 186.702925 186.835629
1 203.281993 182.508794
1 215.404842 195.972708
1 205.148379 156.622375
1 203.190361 193.766879
1 201.587909 182.185522
1 210.067252 172.806962
1 221.841916 150.944407
1 202.627931 167.026854
1 194.628873 164.623925
1 191.644711 184.738883
1 176.259471 191.535463
1 180.871677 184.225379
1 222.153062 187.530546
1 207.816183 212.328505
1 186.730246 199.979123
1 195.036242 121.377048
1 195.760975 180.876601
1 222.938032 231.675829
1 179.898303 193.935287
1 201.374826 150.175815
1 151.512379 155.876639
1 182.182642 220.583162
1 107.708246 190.459770
1 209.505593 176.005842
1 142.840035 213.422785
1 206.104757 245.318483
1 165.033340 233.010212
1 215.832344 152.687943
1 122.972329 145.335708
1 123.494815 159.329748
1 244.407458 190.048834
1 211.274426 152.802332
1 206.093928 180.027066
1 164.024383 191.081869
1 233.116051 191.420940
1 188.602623 171.600604
1 162.748563 151.871077
1 206.346016 166.431218
1 192.306116 179.408852
1 197.545211 145.551007
1 191.471093 169.838705
1 205.663041 144.302703
1 214.078652 198.363745
1 160.455465 137.864221
1 123.339222 109.692187
1 228.349382 181.390395
1 178.113121 214.184655
1 162.216481 193.154072
1 150.048920 184.678063
1 222.973945 179.133830
1 186.028373 119.807562
1 218.373835 125.716124
1 186.002953 121.187903
1 231.217666 260.905802
1 200.512464 177.031813
1 225.490219 160.949544
1 123.095709 158.144830
1 145.716370 175.761123
1 191.630559 137.706225
2 59.664177 453.414726
2 50.576305 436.787278
2 58.482343 434.984402
2 51.425367 440.837784
2 43.175214 434.119097
2 58.804816 428.815023
2 63.347146 425.863559
2 60.732494 408.726670
2 72.406240 438.663397
2 68.614963 418.307461
2 78.024736 442.886722
2 67.604440 409.186050
2 50.591738 412.758446
2 64.626408 427.958435
2 74.532559 427.224107
2 45.398665 416.726962
2 56.673980 431.836704
2 64.811656 413.906890
2 39.766784 432.656259
2 54.629899 427.696813
2 39.445893 422.065107
2 64.010856 425.553187
2 59.602518 430.313672
2 64.184752 413.590620
2 70.931752 442.930283
2 61.246465 421.775181
2 60.792721 428.363508
2 61.668450 429.694248
2 53.810192 419.722364
2 56.705041 425.612133
2 56.175670 411.315359
2 63.494198 428.757342
2 56.345963 431.619136
2 62.089104 430.141319
2 43.408837 443.731623
2 62.548742 428.029501
2 65.727367 424.865274
2 71.831915 415.201987
2 61.552714 420.683760
2 54.176240 408.216230
2 54.332525 422.651007
2 65.391002 431.691994
2 45.589576 434.050779
2 63.955935 438.324871
2 40.333242 444.457525
2 47.776520 438.419990
2 35.798000 392.327036
2 15.090974 443.470996
2 89.887169 405.059337
2 57.053732 446.781738
2 69.245057 430.333966
2 81.556919 396.056120
1 137.580917 790.113407
1 154.195366 773.573497
1 148.767415 779.060031
1 148.218661 777.629893
1 139.421185 798.342218
1 138.908182 789.084680
1 146.418749 784.457072
1 160.131038 787.909778
1 150.308837 780.140365
1 157.117436 792.632554
1 158.460107 771.246079
1 146.027089 803.146904
1 157.586055 786.824144
1 151.165851 778.942263
1 154.737368 774.207855
1 164.555545 789.736037
1 150.928066 781.749938
1 161.261873 761.410870
1 149.508251 763.863873
1 144.243613 785.552113
1 163.909595 777.338638
1 146.093343 790.984559
1 136.628337 785.524255
1 140.338804 770.199865
1 135.578839 792.133503
1 135.556030 777.083723
1 153.267474 780.133094
1 150.762099 774.299002
1 129.636304 786.653029
1 147.859911 793.014543
1 150.481933 780.709372
1 130.425149 772.329319
1 147.324617 770.897743
1 165.789670 780.267917
1 170.979326 792.811980
1 143.297630 795.898551
1 154.225798 768.676333
1 146.283493 780.222102
1 156.864742 796.891839
1 161.861036 758.807051
1 128.360333 771.670554
1 157.033526 783.322430
1 154.356766 782.354495
1 171.076966 768.126136
1 149.792901 793.426537
1 144.477388 777.595097
1 165.961065 763.317471
1 160.573092 762.600482
1 181.891678 797.343217
1 147.945979 734.982267
1 134.561214 753.062227
1 149.970211 807.551734
1 184.757114 758.248806
1 194.108445 776.625327
1 120.072277 801.530252
1 114.887274 774.438926
1 144.285830 815.562469
1 177.006340 809.572735
1 165.939159 811.427855
1 142.342866 822.525437
1 129.636536 760.120521
1 158.688136 777.066990
1 186.195828 802.632567
1 254.297420 833.763007
1 133.980143 760.905131
1 213.343437 777.257396
1 184.896729 788.858778
1 176.868084 832.995810
1 138.086358 719.937887
1 185.810627 785.992919
1 163.272591 775.430220
1 143.998314 794.807757
1 170.668778 817.350177
1 132.871190 818.634946
1 208.824609 773.641134
1 202.801213 809.719552
1 176.705872 763.500526
1 186.359322 763.885212
1 98.880580 770.120167
1 96.300122 814.158729
1 143.809716 796.026590
1 214.921111 788.580540
1 121.124186 803.848178
1 152.068195 821.383295
1 118.649242 799.679705
1 135.407619 730.886126
1 119.975507 745.176735
1 146.229522 801.434644
1 160.290648 766.703916
1 188.789292 793.860359
1 156.597471 791.849072
1 125.211730 809.549226
2 327.839630 830.686658
1 180.328901 779.459349
1 164.615451 798.734296
1 105.951040 750.721704
1 140.801939 785.357252
2 499.585782 134.991032
2 487.072859 134.072046
2 506.632547 149.885286
2 492.965995 129.845313
2 518.370217 137.655406
2 500.372290 132.347817
2 487.886167 155.139001
2 493.720714 134.765195
2 500.592111 143.538737
2 509.219396 138.393067
2 509.805614 158.859363
2 494.685072 156.280964
2 516.707945 155.811111
2 493.952420 155.236588
2 512.198795 143.865391
2 503.031665 142.810787
2 503.838197 164.691625
2 482.063822 143.746553
2 496.084056 144.129262
2 491.287710 130.238975
2 493.997559 149.054409
2 505.718363 140.086895
2 516.354893 141.664266
2 492.726283 160.391446
2 497.273132 140.416961
2 487.985610 127.781588
2 480.665799 140.519273
2 491.863470 139.404843
2 484.169628 124.939385
2 500.296424 143.208910
2 502.431803 130.208756
2 488.163780 137.309645
2 507.653555 163.648638
2 497.665782 137.406016
2 504.235634 136.967520
2 507.121802 126.362128
2 504.037112 143.205893
2 519.923327 144.451390
2 507.237126 134.154348
2 495.384363 140.921447
2 497.827101 132.321328
2 520.065446 142.572758
2 485.296409 121.877189
2 495.878229 119.440463
2 499.532163 145.276059
2 486.023560 139.868389
1 414.159271 654.484542
1 396.965906 656.429721
1 409.232629 630.668999
1 407.023245 639.978443
1 393.944144 650.141133
1 399.197276 650.149638
1 405.431374 649.333913
1 391.300101 656.779568
1 399.486811 646.725757
1 400.259023 649.944374
1 399.088965 649.256337
1 395.487644 652.575963
1 399.326209 652.158784
1 411.968041 650.520766
1 398.848586 635.686138
1 391.609420 665.205160
1 408.133576 630.837110
1 399.173399 644.191207
1 409.607785 663.929181
1 389.841955 658.005263
1 400.774781 650.308213
1 399.641320 649.664334
1 396.371375 649.914623
1 381.955513 645.056636
1 398.298446 654.480653
1 405.424793 638.575822
1 381.367666 653.613494
1 410.397212 637.327155
1 398.660293 649.819049
1 401.354440 647.757411
1 390.971265 647.465206
1 405.861198 641.062399
1 398.602001 647.378318
1 394.385557 654.002274
1 411.539163 654.654595
1 401.664526 639.774492
1 408.226809 628.395687
1 395.338749 637.154486
1 403.421915 634.225238
1 415.984239 646.909203
1 399.215922 650.971434
1 423.036678 654.281203
2 556.654560 492.168320
2 566.327921 479.929622
2 559.645556 478.749257
2 542.108217 474.036524
2 559.685605 487.433473
2 563.369408 490.282628
2 573.381410 471.477110
2 559.161220 474.688788
2 557.486451 481.565274
2 556.840378 498.166857
2 563.704203 473.647680
2 558.252617 486.808067
2 558.899972 479.781194
2 548.343974 488.373185
2 559.745212 479.979779
2 569.635254 470.297255
2 565.753896 479.453980
2 568.280122 458.401332
2 552.993692 480.154732
2 536.452940 475.645585
2 545.797056 473.774194
2 567.445625 494.042759
2 562.460124 483.713340
2 543.069621 483.761617
2 558.284391 476.821103
2 547.655082 458.294657
2 561.074381 495.485274
2 563.167474 480.654356
2 566.168079 497.857587
2 557.684401 461.115869
2 552.590856 490.349685
2 560.512513 470.929234
2 563.243376 477.289553
2 542.971177 465.114985
2 544.830961 464.668945
2 553.586758 461.895545
2 564.947799 458.268381
2 567.193653 481.763242
2 564.631733 472.059136
2 559.099342 479.038836
2 580.142647 476.366680
2 565.634408 455.665149
2 557.992754 503.939145
2 580.160206 485.271098
2 564.291244 478.719299
2 548.831643 495.501298
2 544.664903 471.243575
2 545.146850 474.591171
2 568.669514 482.475636
1 369.456114 662.581702
1 416.665301 661.479470
1 418.274478 662.906266
2 547.955024 503.788756
1 422.585093 625.825545
2 548.306753 516.859972
2 582.322339 490.026707
1 406.882977 635.615013
2 576.888284 520.742808
1 436.121666 637.717955
1 424.729084 617.308133
1 399.386043 626.420350
1 361.285675 650.601320
1 369.003843 606.986593
1 363.670375 663.247453
1 405.167245 646.746311
1 481.810229 649.247335
1 420.557639 611.476924
1 372.479321 661.517044
1 380.653440 626.707657
2 565.235869 512.493916
1 392.632269 641.150951
1 374.111236 617.812480
1 395.553242 645.869876
1 376.379098 654.416428
1 383.694144 664.242534
1 421.438519 659.225386
1 411.810867 634.214233
1 379.999026 654.536655
1 427.020606 665.425717
1 393.906142 616.034306
2 557.260558 464.983717
1 392.695340 661.608414
2 530.010650 471.128329
1 350.641910 626.160169
1 381.718281 655.532435
1 432.046119 651.435361
1 370.317201 660.360477
1 387.155206 665.632309
1 397.972294 624.920083
1 387.017692 655.144473
1 392.114856 668.457714
1 394.954126 674.308099
1 410.850476 670.035768
1 395.577588 668.116983
1 394.221399 669.527537
1 575.661683 787.109299
1 554.016372 799.904415
1 581.751516 787.336215
1 566.340280 801.260464
1 570.123937 800.021367
1 591.474880 793.367133
1 567.376086 804.549630
1 560.549366 808.971070
1 587.251436 782.693528
1 587.747347 813.579480
1 583.242380 791.272099
1 572.751738 801.405733
1 552.745377 812.852118
1 564.153244 803.367135
1 566.634687 799.764181
1 569.401358 802.703440
1 581.768991 798.964816
1 577.898006 790.170492
1 574.622078 798.789140
1 583.571398 807.125762
1 573.053080 813.579015
1 584.509425 787.087501
1 572.145453 786.877142
1 574.188549 798.183811
1 589.863390 791.962140
1 560.629967 802.699365
1 568.084256 806.421477
1 572.362892 786.040284
1 569.348468 803.664456
1 559.722450 798.231480
1 554.189676 788.492689
1 565.268759 792.765162
1 570.431892 804.553449
1 553.812317 802.677720
1 566.122417 793.535738
1 556.450136 801.912863
1 558.457108 801.771453
1 553.909713 813.565870
1 551.165307 798.782531
1 588.384833 811.338194
1 564.321143 806.739449
1 563.309108 788.919077
1 578.038975 812.878854
1 570.841369 788.925269
1 569.494965 799.816144
1 577.269699 796.321275
2 389.538227 833.879714
2 402.161750 844.896420
2 378.960659 833.429814
2 411.442228 835.670410
2 409.237313 811.380150
2 399.890100 830.041025
2 387.390942 851.011779
2 400.025746 809.960347
2 405.207302 850.738799
2 397.114311 827.173351
2 397.580039 831.068220
2 401.636197 813.259206
2 401.312932 830.117661
2 387.290173 814.781166
2 399.712033 820.898581
2 402.382769 830.642689
2 397.509522 816.278095
2 411.152661 844.794265
2 395.711069 837.208026
2 390.150597 825.066402
2 399.501159 818.059710
2 398.257724 839.003859
2 376.583223 838.678080
2 382.307555 837.874612
2 385.918454 817.639902
2 412.266138 813.407596
2 413.065501 846.807698
2 415.642324 835.764118
2 408.008256 824.890422
2 390.094158 829.951194
2 398.878255 849.165779
2 401.366324 848.649844
2 401.175089 840.522349
2 399.819838 837.191383
2 405.832256 845.406995
2 398.449407 821.013905
2 402.179150 831.091748
2 405.133892 836.167852
2 418.329704 828.496631
2 400.384027 826.575821
2 391.501291 844.196585
2 402.664223 816.254259
2 404.526549 830.470441
2 402.357607 815.581699
2 393.088402 831.176945
2 397.917414 854.296024
2 388.306593 841.258806
2 382.629465 844.753000
1 501.722505 782.973962
2 403.899484 850.216901
1 385.944868 670.128880
1 540.292239 804.328262
2 418.611407 821.683103
2 432.304530 803.158933
2 378.172616 820.988489
1 447.371531 778.937905
2 393.730719 849.808622
1 563.327464 821.017706
1 546.118642 756.248288
1 541.210820 809.234214
1 590.103466 794.084544
1 526.005010 814.217720
2 394.928436 849.159159
1 433.138703 670.390429
1 535.614879 827.188136
2 370.230599 806.207709
1 588.925078 766.251991
2 449.453576 805.013084
1 596.309472 810.669166
1 565.141670 819.640111
2 378.393398 790.990215
2 459.917957 792.948151
1 572.218248 785.556239
1 601.234475 781.095265
1 585.058805 781.016876
2 366.734537 798.476417
2 343.153321 823.299514
1 395.494718 686.703138
2 391.739635 853.273896
1 591.256317 791.882899
1 417.580925 778.925732
1 400.699267 683.472347
1 389.396090 668.986377
1 545.828891 786.755827
1 374.538534 707.657498
1 572.020722 829.696384
1 572.172973 806.816931
1 401.689948 684.411579
2 368.072629 837.853727
1 451.207135 677.275308
1 585.121023 764.480445
1 563.583219 803.683164
1 576.925264 809.325804
1 537.674830 810.568716
1 579.294388 786.028006
2 411.662175 812.657827
2 352.350382 784.936408
1 575.043466 821.305753
2 385.059227 816.589264
2 383.871686 835.409605
2 339.472746 814.216365
1 389.669880 678.036087
1 563.692385 818.170002
1 374.800966 718.936688
2 440.044109 787.232878
1 621.129930 851.258657
1 558.591031 814.081786
1 574.085953 803.884538
1 424.101666 676.382693
1 447.329407 689.043668
1 557.031160 809.503579
2 364.659869 832.096811
1 399.394804 704.645225
1 577.570638 787.398472
1 596.742198 778.850015
1 577.066493 803.745468
2 346.724498 843.986712
1 418.000979 692.899364
1 544.498725 826.993955
2 424.722199 830.224429
1 420.859226 694.192897
2 420.430034 815.591833
1 373.909296 670.973086
2 447.261414 799.791404
1 580.116354 800.308047
2 398.771633 820.386589
1 587.909475 787.377888
1 545.450980 779.553381
1 382.105667 681.641028
1 414.195815 669.358869
1 559.817186 784.228061
1 556.782204 793.661013
1 439.415590 687.473062
1 557.085077 761.554405
1 388.268072 674.430150
1 453.893540 674.292759
2 364.976183 827.009805
1 591.867095 785.189139
2 381.015191 826.621173
2 455.554432 792.789469
2 381.692952 875.125766
2 430.422375 802.207496
1 600.264494 772.883289
1 562.561535 826.005117
1 535.789309 841.254654
1 599.520068 767.509976
1 402.940042 669.469206
1 524.266173 814.362602
2 455.353603 776.272874
2 451.994286 780.012753
1 558.397458 803.021015
2 348.392881 829.596009
2 455.261461 812.462278
1 388.928199 668.078574
1 604.921092 827.205379
1 555.001084 771.563509
2 397.925132 808.401419
1 570.255160 750.572553
1 551.461012 814.175765
1 557.948553 796.962175
1 581.783517 833.286455
1 558.786197 828.053112
1 546.501570 847.174725
2 388.512618 814.812747
1 412.771993 713.727573
1 365.229642 678.839989
2 382.190604 834.722715
1 549.985601 799.538514
2 361.966764 789.059153
2 437.437155 822.672809
1 380.913595 742.448979
1 601.954466 788.294874
1 482.725851 811.420220
2 383.310904 805.887317
2 362.821916 827.513030
1 567.373914 820.326889
2 417.019430 846.913793
2 423.650153 779.820112
1 567.466885 785.820874
1 544.519978 802.576329
2 401.174801 801.618173
1 573.333763 774.954266
1 554.078300 741.890891
1 579.521059 793.928944
2 365.285544 833.793034
1 582.650782 812.939109
1 822.570945 295.209373
1 796.388864 306.657840
1 821.036917 304.551643
1 829.830806 294.046739
1 821.918281 286.535242
1 827.008361 306.982318
1 819.703925 311.468283
1 819.562622 309.232983
1 802.629404 300.577595
1 839.125300 303.166866
1 819.550908 293.675277
1 823.128751 297.453261
1 816.029020 288.743721
1 823.478148 298.508401
1 821.751465 291.149601
1 818.087407 302.558102
1 815.426318 276.391480
1 825.283169 296.602609
1 818.450751 282.660983
1 820.312877 300.045297
1 819.187439 300.062221
1 804.173060 292.202385
1 820.927539 293.228590
1 822.934482 292.983958
1 828.970412 303.746897
1 820.841994 316.170513
1 815.418058 296.885520
1 819.024018 294.624643
1 831.099042 306.238499
1 818.992631 313.060734
1 819.454788 297.964086
1 839.922837 300.968418
1 814.089782 286.227806
1 814.952164 321.010370
1 825.252307 296.898763
1 803.852044 302.353583
1 809.983797 301.390875
1 823.426854 290.314283
1 799.510615 313.051670
1 837.694861 287.564907
1 831.735188 292.686087
1 805.251090 281.217554
1 834.640377 300.015460
1 819.206725 279.764840
1 822.409595 321.539671
1 803.484546 312.865743
1 821.588987 277.873229
1 817.297562 303.155753
1 814.325253 299.945888
1 826.184956 286.264424
1 806.319430 303.468286
1 829.464259 296.143586
1 819.670190 296.137065
1 820.301849 329.795691
1 800.672355 278.135655
1 808.941276 315.982283
1 845.204271 308.162565
1 782.492049 282.544735
1 805.433588 272.320656
1 775.141245 249.314450
1 773.298270 303.104473
1 811.337223 298.957194
1 797.408747 292.773355
1 807.563284 265.376450
1 798.328917 272.732382
1 791.581711 284.848450
1 812.504705 268.554003
1 816.846824 301.282761
1 826.644135 303.433254
1 770.133067 263.031811
1 834.059827 269.366174
1 809.834875 329.095311
1 819.855380 315.105980
1 856.199019 281.963836
1 819.578915 309.588745
1 777.839638 290.125366
1 822.440071 304.753771
1 783.545872 297.101463
1 813.085110 253.898615
1 833.021446 286.734177
1 786.569045 279.211011
1 813.217379 294.600418
1 835.362084 298.196430
1 827.355080 243.188618
1 767.618178 283.028186
1 797.351604 288.731160
1 819.198962 310.051788
1 769.428152 301.966252
1 836.665634 307.457701
1 848.024266 286.206288
1 832.543008 302.192289
1 802.785828 282.979024
1 835.999806 328.155148
1 812.954449 313.062670
1 779.676175 285.136771
1 796.061738 321.651127
1 816.493472 255.123432
1 839.719992 297.063524
1 802.030996 301.679045
1 755.544475 328.827529
1 770.085423 305.834187
2 840.676232 608.621616
2 852.475574 633.410839
2 846.066883 625.840064
2 851.954105 627.968782
2 854.026035 648.220403
2 839.991632 615.530566
2 853.077069 632.163393
2 838.369887 634.561641
2 841.955730 613.519406
2 866.584727 624.813974
2 828.963805 622.449259
2 852.416090 642.763955
2 837.016986 614.694498
2 840.738615 643.357703
2 843.478089 641.697435
2 838.721206 644.038280
2 863.400528 639.149061
2 859.753973 642.335668
2 837.233535 635.162835
2 853.881323 619.546542
2 853.359522 611.015333
2 850.418268 615.658842
2 858.067359 619.559308
2 857.351504 643.163369
2 850.318600 639.521488
2 835.521914 631.914579
2 831.556330 614.604932
2 850.077215 631.957816
2 856.027421 643.177058
2 852.373098 634.690302
2 851.245743 630.290808
2 836.293860 616.051164
2 837.884820 636.400251
2 853.265255 626.674026
2 848.812040 628.612968
2 850.192135 635.737483
2 854.054095 633.278565
2 849.995893 630.763458
2 846.559716 642.299393
2 834.979246 636.262926
2 855.763583 644.513919
2 846.730506 607.687930
2 856.436795 633.342058
2 852.717873 632.804110
2 842.090755 638.151091
2 850.444308 630.218780
2 850.868218 630.077384
2 841.498960 633.550477
2 831.691895 631.432495
1 815.318176 335.832211
1 792.475710 346.656613
1 829.954727 335.228062
1 786.893593 345.894915
