1 202.078525 179.315206
1 186.819888 180.064576
1 182.952212 174.534474
1 206.669392 164.939290
1 196.768541 177.505941
1 204.328503 189.087506
1 210.958168 179.125455
1 189.331589 163.877402
1 203.527437 163.832954
1 193.067098 161.343859
1 199.534577 179.521387
1 201.970054 177.160632
1 209.442568 186.467994
1 180.724814 194.967207
1 203.531713 193.973627
1 196.032144 186.401373
1 216.060535 192.472274
1 198.853969 176.148251
1 192.250519 197.907028
1 194.037276 181.435106
1 199.799649 178.648621
1 183.153069 197.091140
1 188.637822 183.889312
1 199.026631 174.339036
1 190.123317 178.772194
1 201.737982 180.358956
1 200.678000 184.928028
1 178.902086 190.791062
1 210.518514 165.218820
1 201.121318 185.842062
1 185.497611 180.646397
1 182.344040 172.955946
1 194.792092 166.717099
1 186.702925 186.835629
1 203.281993 182.508794
1 209.131122 169.530986
1 205.148379 156.622375
1 201.587909 182.185522
1 221.317688 195.302409
1 236.683902 191.778061
1 178.522681 183.169010
1 226.573192 172.746263
1 182.908257 207.705852
1 216.055343 181.425109
1 241.418816 210.684478
1 235.233512 249.045300
1 211.311736 223.104949
1 217.371694 163.240862
1 208.186954 153.116047
1 275.004887 278.991646
1 151.663981 166.618412
1 219.288735 216.868162
1 212.195011 175.136601
1 194.158986 178.299312
1 179.072754 167.421931
1 180.653908 230.281219
1 220.121067 143.565875
1 190.654091 211.483856
1 181.586887 130.163161
1 199.989849 171.762817
1 217.948009 186.713560
1 199.696150 180.420867
1 198.433128 152.026423
1 237.833906 199.091247
1 196.071508 108.569725
1 196.336475 180.813558
1 187.321924 164.219342
1 203.929802 241.465446
1 188.034957 213.235691
1 215.607098 151.250386
1 148.856298 196.440597
1 221.271021 185.361549
1 172.051685 180.110405
1 239.497632 203.136061
1 166.666946 190.618881
1 195.830124 176.727353
1 173.303433 161.806693
1 179.635841 168.227682
1 198.919727 186.598925
1 206.866940 220.340326
1 224.390977 196.842664
1 199.279336 154.829779
1 143.410063 191.171861
1 166.786150 215.521728
1 220.077746 203.819875
1 221.588358 227.907721
1 207.843256 223.897235
1 178.977953 175.410440
1 244.562220 175.599018
1 173.100011 170.895765
1 211.143798 253.156369
1 227.005244 157.218791
1 203.024648 231.545077
1 198.276135 129.927970
1 209.691324 147.083579
1 235.799292 189.601225
1 186.722034 164.670773
1 139.501177 177.656019
1 158.724193 159.280609
1 217.663887 224.513281
1 208.661380 135.615937
1 234.530740 224.417986
1 269.092738 179.213499
1 210.592628 204.222248
1 204.971452 212.550009
1 200.882769 211.438372
1 178.940389 182.261475
1 166.282968 158.436807
1 181.269802 163.794429
1 206.146667 176.778767
1 225.578084 165.810564
1 267.794455 273.408103
1 192.128522 196.090011
1 132.507247 229.669430
1 178.235522 154.292113
1 187.573439 137.097371
1 185.792752 194.269847
1 196.574138 201.809599
1 148.562939 195.484912
1 190.321852 190.992674
1 180.181965 166.104436
1 155.755068 185.919852
1 186.140203 157.091027
1 196.163251 153.817398
1 156.035768 208.077139
1 189.597054 166.289328
1 165.188090 205.099023
1 220.077746 203.819875
1 152.748198 177.796221
1 221.749149 204.546275
1 195.057036 265.811068
1 186.635937 206.818059
1 191.604283 148.358801
1 221.729694 182.910394
1 202.198302 269.389397
1 186.638200 203.650406
1 242.073495 178.729138
1 224.969670 203.637759
1 159.925382 181.821544
1 168.848010 222.230897
1 236.139672 185.401040
1 161.039741 170.633317
1 239.793036 169.168776
1 154.044413 182.545316
1 191.347876 261.427322
1 206.060942 188.711113
1 162.963172 177.565305
1 219.081068 138.594590
1 224.638690 138.947216
1 195.273074 103.285797
1 215.744231 140.353281
1 140.320285 232.504039
1 265.337483 254.225807
1 230.699618 267.426448
1 268.041096 206.866062
1 161.727278 219.769007
1 204.253537 183.557004
1 180.529283 163.901525
1 250.778239 150.794814
1 140.778336 211.443485
1 173.724254 199.236269
1 235.616067 246.191173
1 214.371326 169.111694
1 179.599042 208.248412
1 266.010093 173.642894
1 232.199338 244.147686
1 209.855098 215.811806
1 174.038192 164.696573
1 224.079301 167.845610
1 202.860759 197.581967
1 242.094091 216.291578
1 221.218704 169.933623
1 168.094695 172.637435
1 155.910447 222.855991
1 168.060090 185.950399
1 210.565100 278.295503
1 187.153013 201.653747
1 246.079260 191.532882
1 228.046612 241.684917
1 206.272666 208.615516
1 176.349634 213.933121
1 194.003971 173.503876
1 206.447012 188.399317
1 167.165931 168.851689
1 144.723359 159.841250
2 50.576305 436.787278
2 58.482343 434.984402
2 51.425367 440.837784
2 43.175214 434.119097
2 75.720087 415.002922
2 63.347146 425.863559
2 60.732494 408.726670
2 72.406240 438.663397
2 68.614963 418.307461
2 78.024736 442.886722
2 67.604440 409.186050
2 50.591738 412.758446
2 64.626408 427.958435
2 45.398665 416.726962
2 64.811656 413.906890
2 39.766784 432.656259
2 64.010856 425.553187
2 59.602518 430.313672
2 64.184752 413.590620
2 80.182577 438.192942
2 70.931752 442.930283
2 61.246465 421.775181
2 60.792721 428.363508
2 61.668450 429.694248
2 53.810192 419.722364
2 56.705041 425.612133
2 56.175670 411.315359
2 63.494198 428.757342
2 83.436392 431.710276
2 56.345963 431.619136
2 43.408837 443.731623
2 65.727367 424.865274
2 71.831915 415.201987
2 54.176240 408.216230
2 54.332525 422.651007
2 40.333242 444.457525
2 47.776520 438.419990
2 83.859896 425.730642
2 71.850489 430.845540
2 112.230441 404.823411
2 80.586524 447.046004
2 75.371692 438.302464
2 37.766284 398.531808
2 6.787194 432.691941
1 306.304248 621.116666
1 137.580917 790.113407
1 154.195366 773.573497
1 139.421185 798.342218
1 138.908182 789.084680
1 160.131038 787.909778
1 157.117436 792.632554
1 158.460107 771.246079
1 157.586055 786.824144
1 151.165851 778.942263
1 154.737368 774.207855
1 153.580006 777.188003
1 150.928066 781.749938
1 149.508251 763.863873
1 144.243613 785.552113
1 163.909595 777.338638
1 146.093343 790.984559
1 153.267474 780.133094
1 150.762099 774.299002
1 129.636304 786.653029
1 147.859911 793.014543
1 150.481933 780.709372
1 130.425149 772.329319
1 147.324617 770.897743
1 165.789670 780.267917
1 154.225798 768.676333
1 156.864742 796.891839
1 128.360333 771.670554
1 157.033526 783.322430
1 154.356766 782.354495
1 171.076966 768.126136
1 149.792901 793.426537
1 155.137713 786.289303
1 144.477388 777.595097
1 165.961065 763.317471
1 160.573092 762.600482
1 165.719704 781.722620
1 148.064839 785.955159
1 142.507517 761.650439
1 132.332851 778.049084
1 129.836332 784.058791
1 149.447417 798.887367
1 166.752556 726.894324
1 165.260809 762.417058
1 148.161445 801.617797
1 157.383031 725.710725
1 170.534241 812.040170
1 184.153109 796.605141
1 158.619158 812.173059
1 132.527524 776.355290
1 143.043240 757.811804
1 121.351105 830.364087
1 88.909086 754.466087
1 154.565630 838.402369
1 128.632330 809.229171
1 136.886679 809.362913
1 145.716020 831.715129
1 170.311275 709.071486
1 130.336350 743.363382
1 94.500552 783.560404
1 166.680735 765.444090
1 136.207521 759.353663
1 165.640588 792.234816
1 179.128253 732.527756
1 139.021014 761.915931
1 135.956571 748.042142
1 116.085527 795.197243
1 135.613901 800.185501
1 171.424134 798.053668
1 183.754493 774.461573
1 111.204640 781.796636
1 113.639389 811.925278
1 223.417391 811.958958
1 131.835499 767.130497
2 323.375787 847.613780
1 141.657858 749.378827
1 133.472265 812.814587
1 149.868581 790.474211
1 176.478951 800.881136
1 163.357589 791.471072
1 88.020654 769.092738
1 160.614723 801.254439
1 170.380919 721.755845
1 149.040651 811.158332
1 132.574433 814.809037
1 188.121193 723.636996
1 319.415335 666.809059
1 94.075722 759.898600
1 136.958028 754.516430
1 133.187507 816.166258
1 150.550198 753.426528
1 113.016302 778.296233
1 180.501154 777.504843
1 310.879910 673.774193
1 159.531335 728.369988
1 117.718072 768.408486
1 179.321460 770.683671
1 171.651381 764.736375
1 136.813585 746.844040
1 188.521702 764.518181
1 167.121963 823.125936
1 65.203980 776.039666
1 70.593461 779.252850
1 129.697040 772.810868
1 102.766965 763.745733
1 134.171195 763.175383
1 123.827576 779.889374
1 272.928041 688.535112
1 144.639464 780.130229
1 140.433644 749.051559
1 164.800866 764.782850
1 107.817777 814.066395
1 174.250902 769.004702
1 143.260046 819.351190
1 140.072564 772.096823
1 118.995947 787.525324
1 147.582432 756.887101
1 208.494410 795.555138
1 204.643888 807.562862
1 125.385484 767.532206
1 171.446608 777.065758
1 144.701932 853.116400
1 189.988564 768.496012
1 131.689337 793.373108
1 211.167426 803.513666
1 112.170566 776.627260
1 161.930589 748.988020
1 193.313399 788.046280
1 95.696132 808.741396
1 191.374599 717.867247
1 167.240307 758.490894
1 121.163403 713.975458
1 232.787919 789.229738
1 177.702158 790.026708
1 108.453009 905.222465
1 153.762635 787.460510
1 159.572787 839.010102
1 135.528314 820.512013
1 140.667196 769.754369
1 183.876054 755.948899
1 179.748000 796.922772
1 113.635795 753.672383
1 128.356920 714.759716
1 166.336433 791.880171
1 145.116251 811.100723
1 111.146619 781.786890
1 144.437529 739.115524
1 174.086160 777.536729
1 115.963805 776.240397
1 101.313505 760.097301
1 133.652978 835.144249
1 332.125675 700.719968
1 220.936536 735.050656
1 215.991091 778.581843
1 172.384062 782.778612
1 181.999522 779.464780
1 176.243955 727.969999
1 181.057605 801.873337
1 190.145052 760.492222
1 159.610869 747.628261
1 95.218471 729.007797
1 161.293606 830.700883
1 89.337291 804.618414
1 148.407691 701.546995
1 154.834003 775.238722
1 181.387181 805.451619
1 191.209250 768.926187
1 170.918756 781.835013
1 307.230831 706.250125
1 120.871410 836.118289
1 158.473137 706.790822
1 135.459023 788.880511
1 126.858856 784.242586
1 200.393397 712.817221
1 139.445353 771.545164
1 196.018376 702.995466
1 141.571810 731.155654
2 484.248733 151.095240
2 487.072859 134.072046
2 506.632547 149.885286
2 492.965995 129.845313
2 518.370217 137.655406
2 500.372290 132.347817
2 487.886167 155.139001
2 493.720714 134.765195
2 500.592111 143.538737
2 509.219396 138.393067
2 509.805614 158.859363
2 516.707945 155.811111
2 493.952420 155.236588
2 498.891104 142.434045
2 503.838197 164.691625
2 496.084056 144.129262
2 491.287710 130.238975
2 493.997559 149.054409
2 505.718363 140.086895
2 516.354893 141.664266
2 492.726283 160.391446
2 487.985610 127.781588
2 480.665799 140.519273
2 491.863470 139.404843
2 484.169628 124.939385
2 500.296424 143.208910
2 497.665782 137.406016
2 504.235634 136.967520
2 507.121802 126.362128
2 519.923327 144.451390
2 507.237126 134.154348
2 520.065446 142.572758
2 495.878229 119.440463
2 499.532163 145.276059
2 486.023560 139.868389
2 502.223974 120.961475
1 414.159271 654.484542
1 409.232629 630.668999
1 407.023245 639.978443
1 393.944144 650.141133
1 399.197276 650.149638
1 405.431374 649.333913
1 391.300101 656.779568
1 399.486811 646.725757
1 399.088965 649.256337
1 395.487644 652.575963
1 399.326209 652.158784
1 411.968041 650.520766
1 398.848586 635.686138
1 391.609420 665.205160
1 408.133576 630.837110
1 399.173399 644.191207
1 389.841955 658.005263
1 400.774781 650.308213
1 399.641320 649.664334
1 396.906714 642.965381
1 396.371375 649.914623
1 381.955513 645.056636
1 398.298446 654.480653
1 381.367666 653.613494
1 410.397212 637.327155
1 398.660293 649.819049
1 401.354440 647.757411
1 405.861198 641.062399
1 398.602001 647.378318
1 394.385557 654.002274
1 393.340697 642.555826
1 401.664526 639.774492
1 408.226809 628.395687
1 395.338749 637.154486
1 415.984239 646.909203
1 399.215922 650.971434
2 566.327921 479.929622
2 542.108217 474.036524
2 559.685605 487.433473
2 563.369408 490.282628
2 573.381410 471.477110
2 557.486451 481.565274
2 556.840378 498.166857
2 563.704203 473.647680
2 558.899972 479.781194
2 559.745212 479.979779
2 565.753896 479.453980
2 547.504747 473.173566
2 568.280122 458.401332
2 552.993692 480.154732
2 536.452940 475.645585
2 545.797056 473.774194
2 567.445625 494.042759
2 562.460124 483.713340
2 543.069621 483.761617
2 558.284391 476.821103
2 547.655082 458.294657
2 561.074381 495.485274
2 557.684401 461.115869
2 552.590856 490.349685
2 560.512513 470.929234
2 563.243376 477.289553
2 542.971177 465.114985
2 544.830961 464.668945
2 564.947799 458.268381
2 567.193653 481.763242
2 564.631733 472.059136
2 559.099342 479.038836
2 565.634408 455.665149
2 557.992754 503.939145
2 580.160206 485.271098
2 548.831643 495.501298
2 544.664903 471.243575
2 545.146850 474.591171
1 383.406674 617.999612
2 566.879501 447.728197
1 425.746135 653.947427
1 377.332911 644.587626
1 418.987875 630.761546
1 387.194698 586.544519
1 366.548755 634.254580
1 446.572806 648.117398
1 388.612058 651.165676
1 346.217310 632.828857
1 459.652596 650.272078
2 543.181065 477.995623
1 439.683156 637.832847
1 366.994043 616.972861
1 421.959116 629.727003
1 358.906824 638.256946
1 434.882575 653.329054
2 578.056812 444.286291
1 443.054867 660.313785
1 381.000423 657.033539
1 415.712080 629.398577
1 398.053777 635.789650
1 411.246671 649.056779
1 398.820967 641.566515
1 378.772426 606.396866
1 384.238375 601.340815
1 374.828104 639.208883
1 365.455739 665.105330
1 437.690441 633.398251
1 424.514976 654.171125
1 373.085933 610.737806
1 412.102888 664.209535
1 409.259877 647.643755
1 408.172177 648.108615
1 478.285372 617.570429
1 409.480370 635.056621
1 408.955023 628.779706
1 463.756777 656.210428
1 385.557529 656.997040
1 449.793281 635.316030
1 394.165000 624.366315
1 425.138650 642.453976
1 406.483623 626.098142
1 356.001043 618.400373
1 447.526589 627.468420
1 396.752217 588.075976
1 404.370425 642.764626
1 435.564923 650.313170
1 432.161287 659.238166
1 385.178120 621.595997
1 401.165551 640.775030
2 580.646295 485.709055
1 358.022186 621.332384
1 395.812946 658.135081
1 381.627602 643.511694
1 350.427720 586.215241
1 484.501007 651.875121
1 448.021524 660.655320
1 362.891381 659.355073
1 424.637973 644.789435
1 362.712646 643.809417
1 410.946708 628.290680
1 433.177034 648.746577
1 434.385223 642.410467
1 355.060640 652.461551
1 445.216264 632.387315
1 424.333324 630.048813
1 416.254082 622.679473
1 426.735720 658.324955
1 446.233330 644.239883
1 439.922132 628.702583
1 406.827177 647.466441
1 398.321623 631.214659
1 423.781833 634.123924
1 458.247492 629.001310
1 388.721072 648.874334
1 398.464621 653.917406
1 446.999045 650.084984
1 360.157343 638.580728
1 442.716695 608.950319
1 416.448835 640.270753
2 523.557686 460.082082
1 403.288139 661.453353
1 378.918030 655.030573
2 568.626384 452.510706
1 416.008520 645.421985
1 434.814152 660.346027
1 379.688158 655.450421
1 425.612991 624.341469
1 415.467830 654.196627
1 406.132255 658.797859
1 393.146385 625.285548
1 446.246224 662.048094
1 366.408064 589.342986
1 424.096282 595.307465
1 404.635653 598.791093
1 425.855971 646.517625
1 396.947617 657.313531
1 424.494466 646.583348
1 341.946817 604.010362
1 424.967812 629.781377
1 487.658688 623.673057
1 391.234864 656.260443
1 409.197306 591.602841
1 369.103730 666.010639
1 384.163818 662.618702
1 410.998805 606.327245
1 464.889739 595.761691
1 447.042952 629.647950
1 411.039663 634.816608
1 371.842158 623.626389
1 389.015885 651.731877
1 418.528128 617.481954
1 445.656665 626.746673
1 386.548231 631.784269
1 395.167197 636.991667
1 406.713135 648.995442
1 438.349295 661.267838
1 404.889952 645.480502
1 379.203762 653.041232
1 408.367022 615.650593
1 374.507733 633.316741
1 397.366835 638.352286
1 346.514526 620.204248
1 410.850476 670.035768
1 395.577588 668.116983
1 394.221399 669.527537
1 575.661683 787.109299
1 554.016372 799.904415
1 581.751516 787.336215
1 566.340280 801.260464
1 570.123937 800.021367
1 591.474880 793.367133
1 587.251436 782.693528
1 587.747347 813.579480
1 583.242380 791.272099
1 572.751738 801.405733
1 552.745377 812.852118
1 564.153244 803.367135
1 577.898006 790.170492
1 574.622078 798.789140
1 583.571398 807.125762
1 584.509425 787.087501
1 572.145453 786.877142
1 574.188549 798.183811
1 555.463841 818.504065
1 589.863390 791.962140
1 560.629967 802.699365
1 568.084256 806.421477
1 556.173005 808.304817
1 572.362892 786.040284
1 569.348468 803.664456
1 559.722450 798.231480
1 554.189676 788.492689
1 565.268759 792.765162
1 553.812317 802.677720
1 566.122417 793.535738
1 556.450136 801.912863
1 558.457108 801.771453
1 553.909713 813.565870
1 551.165307 798.782531
1 588.384833 811.338194
1 564.321143 806.739449
1 563.309108 788.919077
1 570.841369 788.925269
1 569.494965 799.816144
1 577.269699 796.321275
2 389.538227 833.879714
2 378.960659 833.429814
2 411.442228 835.670410
2 399.890100 830.041025
2 400.025746 809.960347
2 405.207302 850.738799
2 397.580039 831.068220
2 401.636197 813.259206
2 401.312932 830.117661
2 387.290173 814.781166
2 402.382769 830.642689
2 411.152661 844.794265
2 390.150597 825.066402
2 399.501159 818.059710
2 398.257724 839.003859
2 382.307555 837.874612
2 416.083383 812.282884
2 385.918454 817.639902
2 412.266138 813.407596
2 399.456228 830.895849
2 413.065501 846.807698
2 415.642324 835.764118
2 408.008256 824.890422
2 390.094158 829.951194
2 398.878255 849.165779
2 401.366324 848.649844
2 401.175089 840.522349
2 405.832256 845.406995
2 398.449407 821.013905
2 402.179150 831.091748
2 405.133892 836.167852
2 418.329704 828.496631
2 391.501291 844.196585
2 402.664223 816.254259
2 404.526549 830.470441
2 402.357607 815.581699
2 397.917414 854.296024
1 546.708675 749.650330
1 577.529416 806.904076
2 401.913545 850.520672
1 605.250402 766.542773
1 416.071384 678.974890
2 410.221726 800.947415
2 397.191915 823.109832
1 441.052152 673.032008
1 632.254944 756.166564
1 567.815690 811.185972
2 378.536489 865.918504
2 402.563852 804.903770
2 404.440578 835.309873
1 394.647984 689.660737
2 422.435606 817.220954
2 357.972274 858.201291
1 561.807343 742.129301
1 530.838578 746.761752
1 583.747783 828.404643
2 390.961974 820.893157
1 563.608359 849.631791
1 565.182605 837.812720
2 432.701531 840.441913
1 495.838615 774.407535
1 577.804574 798.312725
1 566.831956 792.700307
1 448.182376 692.504813
1 553.440128 763.896584
2 366.675973 855.348124
1 471.856993 677.735756
2 409.105469 804.053829
2 390.932192 831.125324
2 369.165420 798.357506
1 566.585806 813.736980
2 359.528377 816.547961
1 373.434122 703.361194
1 547.589726 803.965964
2 373.794201 828.846802
1 610.619521 803.773642
1 559.005006 810.206820
1 538.682774 782.312731
1 577.112767 815.824239
1 556.370977 817.032131
1 548.582952 754.321486
1 584.893125 849.114832
1 543.223076 762.911039
1 561.683292 795.208536
2 416.267927 846.891392
1 409.179390 727.639615
1 382.238461 690.978912
2 377.885144 793.218619
1 553.883302 760.747933
2 383.818355 854.447474
1 541.389062 820.947039
1 496.113236 744.510725
1 388.137010 673.174390
2 422.056390 834.661003
2 397.493922 861.320082
1 590.329611 803.813913
1 531.185007 805.057369
1 529.608119 794.713608
1 370.627147 694.672799
2 392.665941 848.468998
2 411.006437 818.399906
2 372.215913 797.139712
2 367.345396 801.587897
2 378.642260 843.690792
1 578.994686 842.911476
2 374.775933 827.457051
1 618.417329 848.224164
1 609.390131 801.391853
1 496.431972 777.667314
1 396.961870 694.315230
1 532.763047 780.747543
2 379.708943 807.891013
2 431.018391 825.193554
1 638.250775 782.409829
1 557.586414 807.193622
1 503.408025 776.044543
1 537.673845 763.412408
2 416.161401 863.028512
1 408.117287 685.352355
1 565.233748 815.564216
1 335.244356 708.190334
2 439.795549 852.883268
1 347.744536 734.897567
1 562.547755 778.246599
1 606.336678 818.624860
1 478.470718 673.172122
1 580.885724 796.450189
2 335.731970 855.306815
1 571.852032 819.084670
2 421.218863 818.311561
1 497.560795 765.205778
1 564.640364 761.983261
1 532.097569 846.861093
1 609.878122 798.988193
1 498.393485 782.701492
1 563.007110 771.736085
1 583.384165 842.723209
2 372.186558 822.752981
1 569.742497 719.842622
1 600.535094 798.763017
1 398.291466 677.935749
2 401.613572 898.953871
1 571.726833 766.597199
2 389.865612 809.026685
2 440.911128 771.146201
2 425.251713 804.603048
1 459.278696 672.318061
2 475.871633 849.074052
1 450.587677 727.996730
1 526.853863 777.020642
1 589.002547 770.616056
1 531.331504 801.209057
1 376.426210 678.540542
1 619.576667 845.149718
1 640.443279 768.960364
1 502.757204 773.522589
1 468.818864 757.072907
1 532.573495 797.177793
1 534.453797 819.749526
1 377.428821 725.786610
1 557.652813 753.530845
1 516.936949 722.900688
2 447.118806 806.628341
1 623.845514 771.203682
1 567.638313 810.575596
1 399.226841 676.330105
1 634.792672 799.237381
1 470.611757 767.884619
2 450.460526 808.687722
1 539.275393 800.918673
1 543.161946 817.800900
1 517.630361 778.958751
1 593.834372 813.873471
1 624.774985 844.460872
1 573.774675 788.312480
1 537.516974 840.938961
2 424.952751 768.141349
1 500.543555 759.112735
1 569.497244 828.092433
2 408.248728 785.889227
1 578.823126 727.116112
2 389.443814 815.218746
2 364.153889 803.258470
1 422.181658 760.777658
1 565.292771 765.512562
1 591.153478 883.521896
2 365.369121 829.642566
1 443.597969 679.186365
1 410.066838 682.331104
1 424.158628 699.989728
1 549.575628 784.875399
1 570.805365 888.072358
1 573.882360 742.965804
1 614.003148 801.583696
1 413.200754 674.888887
1 543.427803 804.853485
1 560.138612 804.205450
2 425.213404 867.003644
2 425.981540 798.286495
1 528.478058 749.798400
2 371.856793 794.934464
2 427.454577 843.610844
1 426.679210 696.285493
1 584.528562 826.661962
1 467.501031 691.531865
2 435.940569 889.611023
1 585.793109 775.791710
2 365.400586 812.572585
1 390.969726 690.156636
1 611.149501 786.545975
1 535.688527 738.712873
1 592.165064 775.727528
1 607.705997 783.895226
2 391.415886 889.286888
1 619.331005 788.002908
1 382.554302 673.720226
1 513.485255 759.369927
2 451.766534 835.173642
1 586.796095 792.650357
2 446.903794 809.079281
1 540.523803 855.272749
1 611.526951 757.620721
2 377.819434 788.702506
1 589.549029 783.601671
2 402.190400 789.172962
2 475.872995 791.323889
2 432.414583 822.424654
1 402.207190 670.486838
1 594.701690 809.210930
1 436.389559 721.566880
2 395.723361 861.043363
2 443.029649 827.469486
2 405.860138 822.934122
1 342.911863 700.737001
1 522.173501 766.000221
1 505.162499 773.524804
1 362.933615 676.778378
1 401.319445 680.038813
1 503.388943 797.040491
1 545.634554 799.589058
1 603.788011 779.118668
2 452.270034 813.381788
2 356.960260 811.337262
1 558.374209 743.502322
2 389.508753 792.191396
2 417.270470 846.255561
1 407.576590 675.009372
2 425.059910 827.438290
2 426.002855 809.852451
1 546.432723 798.373383
1 537.498892 853.661302
1 822.570945 295.209373
1 796.388864 306.657840
1 829.830806 294.046739
1 821.918281 286.535242
1 827.008361 306.982318
1 819.703925 311.468283
1 819.562622 309.232983
1 802.629404 300.577595
1 819.550908 293.675277
1 823.128751 297.453261
1 816.029020 288.743721
1 823.478148 298.508401
1 821.751465 291.149601
1 818.087407 302.558102
1 815.426318 276.391480
1 825.283169 296.602609
1 820.312877 300.045297
1 819.187439 300.062221
1 804.173060 292.202385
1 820.927539 293.228590
1 822.934482 292.983958
1 828.970412 303.746897
1 820.841994 316.170513
1 815.418058 296.885520
1 819.024018 294.624643
1 831.099042 306.238499
1 818.992631 313.060734
1 839.922837 300.968418
1 814.952164 321.010370
1 825.252307 296.898763
1 803.852044 302.353583
1 809.983797 301.390875
1 823.426854 290.314283
1 837.694861 287.564907
1 821.588987 277.873229
1 817.297562 303.155753
1 826.184956 286.264424
1 768.468780 251.926963
1 789.462034 302.382619
1 821.082124 286.725752
1 825.349001 256.451565
1 827.926930 292.089175
1 870.276847 315.564795
1 824.014983 327.620576
1 827.967068 298.212387
1 869.664302 282.054630
1 835.216632 291.874564
1 807.672230 300.563643
1 843.739960 249.605130
1 836.280438 298.062931
1 847.517570 263.966769
1 785.418572 287.746038
1 816.000951 299.369935
1 779.237545 292.269936
1 783.644722 301.259788
1 761.846844 326.818864
1 763.603706 303.169451
1 788.226323 299.312209
1 815.450424 294.722308
1 869.527677 317.114071
1 831.867015 274.638779
1 878.191002 324.073537
1 794.470715 330.516786
1 742.703458 325.386427
1 813.002309 243.717537
1 796.887304 308.215296
1 836.929181 313.191784
1 874.172639 269.917411
1 817.196016 259.936417
1 827.971480 315.477073
1 855.386117 315.242776
1 761.091873 278.987114
1 852.431762 296.263355
1 824.043529 271.845045
1 822.378144 303.081656
1 790.500522 276.773443
1 794.373066 306.241768
1 771.028592 287.126385
1 820.767994 249.647081
1 818.300550 250.350622
1 781.924627 286.359678
1 805.002411 266.471724
1 885.917510 269.774131
1 828.248753 304.035636
1 802.245606 308.907554
1 827.998242 302.581852
1 826.230365 238.435164
1 824.160256 315.029619
1 797.421967 332.006755
1 841.598533 235.185751
1 829.634530 305.565742
1 845.222148 306.292076
1 801.859389 277.666704
1 798.021505 297.828093
1 819.069174 295.077956
1 814.950934 233.114838
1 849.539936 300.775380
1 827.464432 267.824503
1 805.016870 313.597182
1 829.456529 254.816290
1 817.553142 306.787231
1 839.472819 250.615804
1 767.493652 297.484970
1 889.121370 309.294258
1 848.228124 216.417927
1 794.956832 314.904852
1 799.353672 209.183313
1 891.166815 323.590067
1 804.632332 294.781579
1 827.339855 317.547158
1 791.700015 265.544694
1 747.738404 267.976187
1 854.521370 201.346400
1 741.640609 292.163881
1 766.121565 270.368720
1 824.854586 312.953692
1 837.816951 242.187414
1 776.779241 304.154232
1 827.423710 307.919318
1 764.689368 260.225985
1 903.600923 319.111197
1 845.512348 202.090430
1 855.204161 304.439848
1 869.232612 320.644130
1 806.329989 287.628355
1 804.923551 309.048581
1 769.701080 249.112821
1 872.277514 295.645952
1 808.232055 304.482401
1 818.378020 188.160354
1 809.871331 310.181773
1 832.370101 274.549825
1 829.416051 223.779989
1 770.357584 330.385085
1 797.796509 284.318295
1 785.613882 323.629262
1 907.812347 305.592211
1 811.415424 308.100978
1 826.997908 316.830702
1 831.861029 277.690860
1 819.509483 260.419521
1 901.589538 305.858254
1 883.805158 281.245717
1 761.180534 306.118695
1 844.693931 315.986579
1 868.090412 253.745743
1 910.048155 330.322946
1 763.038208 259.810244
1 821.199508 270.007444
1 804.318062 299.681405
1 796.359589 243.747454
1 783.488756 287.279264
1 812.363927 284.853340
1 823.029126 256.206394
1 870.488825 304.267932
1 795.337623 302.794586
1 877.331960 253.810714
1 876.754317 237.532460
1 775.658104 304.503771
1 880.373510 278.538243
1 777.424557 276.520651
1 804.600910 307.065762
1 873.546743 324.962260
1 895.791335 257.787652
1 867.976374 287.700474
1 841.250707 272.917280
1 813.289660 292.520186
1 851.178456 285.068985
1 804.490174 297.198825
1 747.074890 321.530421
1 824.292930 270.779356
1 831.624733 260.640427
1 742.549279 325.997768
1 829.345467 310.133691
1 811.525475 302.642520
1 786.581567 276.649286
1 830.268973 314.926107
1 777.939160 244.114904
1 882.805038 274.879475
1 852.203928 274.673479
1 856.420239 331.009741
1 854.067582 292.171542
1 841.687872 282.426364
1 871.504970 266.601923
1 854.627190 219.481863
1 856.747936 333.137932
1 924.309974 311.154162
1 872.541515 314.868712
1 805.673216 292.738811
1 755.962136 303.289342
1 766.808765 317.013678
1 847.435394 219.155776
1 815.061359 306.303747
1 840.866011 309.453441
1 782.803134 219.487877
2 840.676232 608.621616
2 852.475574 633.410839
2 846.066883 625.840064
2 838.369887 634.561641
2 841.955730 613.519406
2 866.584727 624.813974
2 828.963805 622.449259
2 837.016986 614.694498
2 840.738615 643.357703
2 843.478089 641.697435
2 838.721206 644.038280
2 837.233535 635.162835
2 853.881323 619.546542
2 850.632442 625.157595
2 850.418268 615.658842
2 858.067359 619.559308
2 850.318600 639.521488
2 835.521914 631.914579
2 831.556330 614.604932
2 856.027421 643.177058
2 852.373098 634.690302
2 837.884820 636.400251
2 853.265255 626.674026
2 848.812040 628.612968
2 849.995893 630.763458
2 834.979246 636.262926
2 855.763583 644.513919
2 846.730506 607.687930
2 842.090755 638.151091
2 850.444308 630.218780
2 841.498960 633.550477
1 855.419644 335.289968
1 838.586194 337.166696
1 806.811400 353.543284
1 775.903352 335.720795
1 787.907538 351.357188
1 835.077217 349.537801
1 794.452999 335.378552
1 796.201720 347.134222
1 831.274849 353.312150
1 869.615542 354.012073
1 825.584995 366.936805
1 839.914021 341.618006
1 835.509091 412.264794
1 722.209496 335.734493
1 849.474183 354.215905
1 812.956875 378.811431
1 787.528169 351.084996
1 821.051252 334.841102
1 893.754030 374.386109
1 773.543744 334.292460
1 761.549358 390.136455
1 843.892584 341.925805
1 813.023792 344.919500
1 755.647696 336.690278
1 830.969306 386.935025
1 767.509896 343.051347
1 778.673161 335.500818
1 826.989544 372.327037
1 800.391089 385.533503
1 801.477973 379.044266
1 841.118150 338.758951
1 853.859481 340.428771
1 831.512858 333.621881
1 804.465533 334.086045
1 670.605994 739.106127
