1 202.078525 179.315206
1 214.176846 164.074055
1 182.952212 174.534474
1 206.669392 164.939290
1 204.328503 189.087506
1 210.958168 179.125455
1 211.836927 174.842533
1 189.331589 163.877402
1 203.527437 163.832954
1 193.067098 161.343859
1 199.534577 179.521387
1 201.970054 177.160632
1 209.442568 186.467994
1 180.724814 194.967207
1 203.531713 193.973627
1 193.107182 173.501593
1 196.032144 186.401373
1 198.853969 176.148251
1 194.037276 181.435106
1 199.799649 178.648621
1 181.725132 173.312320
1 183.153069 197.091140
1 188.637822 183.889312
1 189.229870 181.374885
1 199.026631 174.339036
1 190.123317 178.772194
1 201.737982 180.358956
1 199.410362 165.275356
1 178.902086 190.791062
1 201.121318 185.842062
1 185.497611 180.646397
1 198.505473 182.127880
1 182.344040 172.955946
1 194.792092 166.717099
1 203.281993 182.508794
1 215.404842 195.972708
1 209.131122 169.530986
1 205.148379 156.622375
1 203.190361 193.766879
1 201.587909 182.185522
1 172.546119 135.915027
1 197.719220 195.164669
1 215.369009 178.650437
1 225.292611 185.340784
1 186.427042 186.896388
1 177.657031 185.290298
1 194.786000 179.518816
1 215.632146 207.870103
1 214.874560 216.133871
1 224.638440 232.631865
1 262.043008 195.294316
1 231.075356 207.372497
1 259.703187 228.983389
1 231.418079 164.024807
1 252.355142 217.396982
1 202.999619 178.699144
1 214.778341 192.936950
1 196.485768 169.306603
1 177.617594 167.558484
1 178.595893 185.748963
1 212.231337 158.241536
1 243.033673 177.396379
1 244.491809 171.358296
1 165.747409 140.568897
1 298.426278 248.814392
1 203.770396 184.038099
1 178.518690 228.547934
1 164.786529 144.036291
1 260.195259 218.859775
1 190.200161 191.356579
1 192.742327 223.387886
1 173.868175 186.108727
1 243.504546 199.537650
1 170.502364 160.338343
1 159.473074 201.830566
1 199.922514 181.312092
1 169.770704 204.498658
1 183.004170 188.787878
1 161.816768 151.675522
1 284.898553 247.287492
1 165.614018 160.908351
1 263.997423 216.226118
1 229.344022 150.608173
1 179.177772 216.546043
1 164.772208 183.817526
1 182.197127 171.936402
1 194.682147 147.701127
1 194.121674 204.756860
1 248.574811 185.298738
1 139.107034 122.339703
1 241.093009 135.125340
1 209.322025 227.387439
1 213.699762 199.187493
1 199.623447 140.272266
1 292.106822 212.284567
1 184.304349 192.082849
1 268.067113 170.439176
1 171.124368 226.035873
2 59.664177 453.414726
2 51.425367 440.837784
2 43.175214 434.119097
2 58.804816 428.815023
2 63.347146 425.863559
2 60.732494 408.726670
2 72.406240 438.663397
2 68.614963 418.307461
2 78.024736 442.886722
2 67.604440 409.186050
2 50.591738 412.758446
2 64.626408 427.958435
2 74.532559 427.224107
2 45.398665 416.726962
2 56.673980 431.836704
2 64.811656 413.906890
2 39.766784 432.656259
2 54.629899 427.696813
2 39.445893 422.065107
2 64.010856 425.553187
2 59.602518 430.313672
2 64.184752 413.590620
2 80.182577 438.192942
2 70.931752 442.930283
2 61.246465 421.775181
2 60.792721 428.363508
2 61.668450 429.694248
2 53.810192 419.722364
2 56.705041 425.612133
2 56.175670 411.315359
2 63.494198 428.757342
2 83.436392 431.710276
2 56.345963 431.619136
2 62.089104 430.141319
2 43.408837 443.731623
2 62.548742 428.029501
2 65.727367 424.865274
2 71.831915 415.201987
2 61.552714 420.683760
2 54.176240 408.216230
2 54.332525 422.651007
2 65.391002 431.691994
2 45.589576 434.050779
2 63.955935 438.324871
2 40.333242 444.457525
2 47.776520 438.419990
2 83.859896 425.730642
2 60.727795 400.903864
2 56.596335 468.684074
2 17.913701 449.583836
1 137.580917 790.113407
1 154.195366 773.573497
1 148.767415 779.060031
1 148.218661 777.629893
1 139.421185 798.342218
1 138.908182 789.084680
1 160.131038 787.909778
1 150.308837 780.140365
1 157.117436 792.632554
1 158.460107 771.246079
1 151.165851 778.942263
1 154.737368 774.207855
1 153.580006 777.188003
1 164.555545 789.736037
1 161.261873 761.410870
1 149.508251 763.863873
1 163.909595 777.338638
1 136.628337 785.524255
1 135.578839 792.133503
1 135.556030 777.083723
1 150.762099 774.299002
1 129.636304 786.653029
1 147.859911 793.014543
1 150.481933 780.709372
1 130.425149 772.329319
1 147.324617 770.897743
1 165.789670 780.267917
1 143.297630 795.898551
1 154.225798 768.676333
1 156.864742 796.891839
1 161.861036 758.807051
1 128.360333 771.670554
1 157.033526 783.322430
1 154.356766 782.354495
1 171.076966 768.126136
1 149.792901 793.426537
1 155.137713 786.289303
1 165.961065 763.317471
1 160.573092 762.600482
1 159.491502 771.923662
1 148.113692 792.388344
1 200.018355 757.964279
1 86.147246 789.904942
1 164.984601 820.175631
1 138.105894 758.793093
1 125.739109 792.699746
1 99.083037 777.335073
1 182.076514 752.187922
1 152.015727 822.621391
1 149.154910 828.884738
1 93.732910 783.244159
1 139.363884 756.127612
1 145.186586 813.416546
1 124.172969 765.046778
1 139.091413 765.618060
1 135.621893 811.900042
1 156.231595 757.089212
1 120.639738 757.120785
1 124.527735 803.329856
1 173.507495 755.991618
1 130.474328 709.881401
1 153.026195 751.961717
1 155.199050 743.595628
1 140.484928 808.835487
1 123.260310 774.107410
1 159.246949 790.990258
1 141.837445 760.553252
1 126.067965 777.146684
1 98.916861 750.484241
1 189.928882 760.392501
1 134.523793 780.402142
2 326.270590 798.955567
1 139.561334 742.340321
1 104.411710 803.554031
1 167.121108 851.473774
1 167.942206 797.530333
1 146.828162 781.684138
1 141.813525 792.491680
1 176.539574 820.738734
1 56.803822 782.850394
1 148.026516 840.093530
1 159.720638 811.062251
1 191.843551 758.407536
1 120.316718 761.483779
1 126.761801 787.451872
1 174.864081 845.458277
1 139.191902 797.987426
1 156.841573 773.029438
1 185.403617 806.727928
1 85.451809 766.803049
1 122.850914 863.909084
1 143.825759 763.828632
1 178.546036 763.236295
1 179.200902 722.150770
1 110.911852 770.887584
1 57.456580 778.472308
1 139.380670 805.642229
1 111.480606 756.430709
1 221.374072 784.960061
1 185.094334 767.224489
1 153.514797 775.980058
1 153.815270 773.452318
1 156.564687 813.217955
1 146.424513 748.543876
1 162.265286 768.413306
1 115.879876 802.724395
1 168.874572 740.848215
1 141.266325 812.498669
1 49.651444 775.106512
1 196.367503 835.045717
1 159.033361 747.254003
1 139.375417 771.357130
1 174.561991 702.801082
1 145.064349 763.441782
1 146.341149 756.713581
1 173.177681 772.002000
1 168.867951 700.014619
1 192.593186 748.690740
1 115.924191 868.953430
1 76.641870 753.193389
1 116.602735 808.511473
1 115.793740 817.236696
1 158.251021 814.585995
1 42.854396 796.338479
2 499.585782 134.991032
2 484.248733 151.095240
2 487.072859 134.072046
2 483.869978 133.688808
2 506.632547 149.885286
2 492.965995 129.845313
2 518.370217 137.655406
2 500.372290 132.347817
2 487.886167 155.139001
2 493.720714 134.765195
2 500.592111 143.538737
2 509.219396 138.393067
2 494.685072 156.280964
2 516.707945 155.811111
2 493.952420 155.236588
2 512.198795 143.865391
2 498.891104 142.434045
2 503.031665 142.810787
2 503.838197 164.691625
2 482.063822 143.746553
2 496.084056 144.129262
2 491.287710 130.238975
2 505.718363 140.086895
2 516.354893 141.664266
2 492.726283 160.391446
2 497.273132 140.416961
2 487.985610 127.781588
2 480.665799 140.519273
2 491.863470 139.404843
2 500.296424 143.208910
2 502.431803 130.208756
2 488.163780 137.309645
2 507.653555 163.648638
2 490.172815 141.775291
2 497.665782 137.406016
2 504.235634 136.967520
2 507.121802 126.362128
2 504.037112 143.205893
2 519.923327 144.451390
2 507.237126 134.154348
2 495.384363 140.921447
2 497.827101 132.321328
2 520.065446 142.572758
2 485.296409 121.877189
2 495.878229 119.440463
2 499.532163 145.276059
2 486.023560 139.868389
1 414.159271 654.484542
1 409.232629 630.668999
1 407.023245 639.978443
1 399.197276 650.149638
1 405.431374 649.333913
1 391.300101 656.779568
1 399.486811 646.725757
1 400.259023 649.944374
1 399.088965 649.256337
1 395.487644 652.575963
1 399.326209 652.158784
1 411.968041 650.520766
1 398.848586 635.686138
1 408.133576 630.837110
1 399.173399 644.191207
1 409.607785 663.929181
1 389.841955 658.005263
1 400.774781 650.308213
1 399.641320 649.664334
1 400.950645 653.944074
1 396.371375 649.914623
1 381.955513 645.056636
1 398.298446 654.480653
1 405.424793 638.575822
1 381.367666 653.613494
1 410.397212 637.327155
1 398.660293 649.819049
1 401.354440 647.757411
1 390.971265 647.465206
1 405.861198 641.062399
1 398.602001 647.378318
1 394.385557 654.002274
1 393.340697 642.555826
1 411.539163 654.654595
1 401.664526 639.774492
1 408.226809 628.395687
1 395.338749 637.154486
1 415.984239 646.909203
1 399.215922 650.971434
1 423.036678 654.281203
2 556.654560 492.168320
2 566.327921 479.929622
2 542.108217 474.036524
2 559.685605 487.433473
2 563.369408 490.282628
2 573.381410 471.477110
2 559.161220 474.688788
2 557.486451 481.565274
2 556.840378 498.166857
2 563.704203 473.647680
2 558.252617 486.808067
2 558.899972 479.781194
2 548.343974 488.373185
2 559.745212 479.979779
2 569.635254 470.297255
2 565.753896 479.453980
2 547.504747 473.173566
2 568.280122 458.401332
2 545.797056 473.774194
2 567.445625 494.042759
2 562.460124 483.713340
2 543.069621 483.761617
2 558.284391 476.821103
2 547.655082 458.294657
2 561.074381 495.485274
2 563.167474 480.654356
2 566.168079 497.857587
2 557.684401 461.115869
2 552.590856 490.349685
2 560.512513 470.929234
2 563.243376 477.289553
2 542.971177 465.114985
2 544.830961 464.668945
2 553.586758 461.895545
2 564.947799 458.268381
2 567.193653 481.763242
2 564.631733 472.059136
2 559.099342 479.038836
2 580.142647 476.366680
2 565.634408 455.665149
2 557.992754 503.939145
2 548.831643 495.501298
2 544.664903 471.243575
2 545.146850 474.591171
1 400.542751 609.057331
1 405.953074 646.206206
1 447.257211 630.496063
1 372.972264 612.757586
1 383.446130 653.189360
1 356.458805 599.884708
1 377.694328 647.918571
1 407.740511 638.698206
1 417.138379 634.662942
1 402.806476 638.264224
1 424.219710 666.592548
1 495.440303 629.099100
1 384.280684 614.525171
1 404.498716 609.621460
1 412.088571 653.710133
1 469.281129 613.740064
1 380.273155 583.664083
2 568.500076 484.469501
1 371.032940 659.826563
1 451.075011 632.387265
1 422.112411 649.814711
1 392.807579 649.641853
1 389.974810 618.826376
2 587.986633 452.694197
1 415.884565 640.584380
1 355.441939 610.281609
1 408.636212 657.394832
1 374.452402 621.478178
1 420.582893 661.123466
1 410.513426 641.223588
1 400.369643 623.028250
1 365.938318 648.802498
1 390.868238 625.961956
1 421.916478 662.235814
1 416.762986 633.754404
1 465.949858 654.263589
1 356.446503 627.155607
1 402.443067 656.002734
1 428.946395 654.679367
1 350.633959 620.474025
1 374.501606 603.529325
1 421.658075 637.850995
1 403.459954 607.183135
1 428.905828 636.484399
1 431.765226 601.254451
1 429.392626 640.069386
1 357.382689 571.960622
1 376.927426 613.389135
1 409.414356 613.061024
1 368.202361 609.883598
1 357.244995 621.755739
1 380.429645 567.566849
1 400.631487 596.223689
1 368.744734 600.935026
1 426.883174 646.324521
1 388.678578 661.564159
1 408.349143 634.848848
1 459.990423 647.641996
1 361.115898 653.293780
1 413.284879 617.715289
2 546.548719 438.962201
1 438.320676 626.058226
1 388.922289 660.659146
1 363.975778 614.877533
1 431.164006 628.102859
1 410.850476 670.035768
1 395.577588 668.116983
1 394.221399 669.527537
1 575.661683 787.109299
1 554.016372 799.904415
1 581.751516 787.336215
1 566.340280 801.260464
1 570.123937 800.021367
1 591.474880 793.367133
1 567.376086 804.549630
1 560.549366 808.971070
1 587.251436 782.693528
1 587.747347 813.579480
1 572.751738 801.405733
1 552.745377 812.852118
1 564.153244 803.367135
1 566.634687 799.764181
1 569.401358 802.703440
1 581.768991 798.964816
1 572.759855 799.243772
1 577.898006 790.170492
1 574.622078 798.789140
1 583.571398 807.125762
1 584.509425 787.087501
1 572.145453 786.877142
1 555.463841 818.504065
1 589.863390 791.962140
1 560.629967 802.699365
1 568.084256 806.421477
1 572.362892 786.040284
1 569.348468 803.664456
1 565.268759 792.765162
1 570.431892 804.553449
1 553.812317 802.677720
1 566.122417 793.535738
1 556.450136 801.912863
1 558.457108 801.771453
1 553.909713 813.565870
1 551.165307 798.782531
1 588.384833 811.338194
1 564.321143 806.739449
1 563.309108 788.919077
1 578.038975 812.878854
1 570.841369 788.925269
1 569.494965 799.816144
2 389.538227 833.879714
2 402.161750 844.896420
2 378.960659 833.429814
2 411.442228 835.670410
2 409.237313 811.380150
2 399.890100 830.041025
2 387.390942 851.011779
2 400.025746 809.960347
2 405.207302 850.738799
2 397.114311 827.173351
2 397.580039 831.068220
2 401.636197 813.259206
2 401.312932 830.117661
2 387.290173 814.781166
2 399.712033 820.898581
2 402.382769 830.642689
2 397.509522 816.278095
2 411.152661 844.794265
2 395.711069 837.208026
2 390.150597 825.066402
2 399.501159 818.059710
2 398.257724 839.003859
2 376.583223 838.678080
2 382.307555 837.874612
2 416.083383 812.282884
2 412.266138 813.407596
2 399.456228 830.895849
2 413.065501 846.807698
2 415.642324 835.764118
2 408.008256 824.890422
2 390.094158 829.951194
2 398.878255 849.165779
2 401.366324 848.649844
2 401.175089 840.522349
2 399.819838 837.191383
2 405.832256 845.406995
2 398.449407 821.013905
2 402.179150 831.091748
2 405.133892 836.167852
2 418.329704 828.496631
2 400.384027 826.575821
2 391.501291 844.196585
2 402.664223 816.254259
2 404.526549 830.470441
2 402.357607 815.581699
2 397.917414 854.296024
2 388.306593 841.258806
2 382.629465 844.753000
1 608.440412 803.682179
2 384.233699 856.600666
1 578.405360 824.671810
2 414.248046 845.137115
2 391.745901 814.152047
1 556.848487 839.557939
1 526.835754 817.848737
1 537.710947 804.142021
2 376.159028 804.455448
1 563.123104 812.780010
2 399.571013 766.498375
1 415.329113 673.164645
1 390.273310 677.895405
2 412.846788 872.239500
2 371.581138 844.027894
1 577.564156 763.882083
1 612.791050 783.166429
1 399.413065 670.736349
2 412.728512 819.474909
1 590.308232 748.507133
1 552.701730 818.454500
1 421.334079 691.739812
1 357.365573 687.484796
2 394.376538 834.852686
2 358.353860 804.373690
1 581.278355 826.365230
1 557.029622 799.897598
2 422.066278 850.750959
2 382.456068 825.391986
1 384.510588 703.529097
2 417.769945 854.780231
1 423.816240 691.686891
1 424.482034 684.074824
2 433.901436 843.688264
1 595.377817 806.149687
2 364.212029 830.833709
2 400.724014 812.198277
1 563.630380 793.998126
1 547.825578 832.731390
2 419.984578 779.528919
1 541.026701 833.027985
2 402.085751 842.514204
1 369.287568 707.393444
1 551.958341 831.613007
1 599.805766 786.298403
2 375.350692 882.002449
2 365.173500 834.478503
1 398.439165 670.388872
1 589.047526 816.874451
2 445.152261 847.316521
1 605.851977 840.707588
2 394.027770 810.110723
1 568.821656 855.807422
2 400.965604 829.069765
1 596.033949 746.633064
1 404.525689 715.219758
1 505.326603 830.877128
2 399.602962 781.968762
1 557.081072 881.267882
2 404.218642 848.335886
2 419.067141 838.839338
2 429.361960 766.713944
1 585.049704 728.800776
2 379.327990 855.307396
1 519.881269 809.320323
1 587.997604 816.768231
1 386.040528 686.542426
1 535.084955 784.571500
1 596.202715 776.606209
1 565.544177 821.961533
1 534.620347 837.168824
1 622.825677 737.398282
1 532.161824 785.588157
2 361.639280 843.690023
1 389.521229 717.584948
2 415.389725 843.550717
2 345.837119 834.749176
1 618.620172 803.912328
1 650.475861 719.363851
1 410.100951 736.279517
1 552.653141 867.028635
2 402.228331 819.534856
2 388.204281 855.212520
1 525.889368 843.806382
2 448.069522 838.757167
1 439.570713 670.530350
2 351.005391 811.540871
1 519.625495 824.616274
2 396.883732 794.283668
2 465.528929 845.787924
2 405.452976 845.352985
2 424.182260 844.579877
2 385.872542 876.915737
2 356.979924 854.296777
1 532.265893 775.190410
1 563.674694 800.029070
1 508.851376 785.338009
2 433.979338 844.751312
1 542.137537 832.799151
1 527.430661 749.123854
1 366.304144 675.700760
1 574.092690 788.756913
1 534.489838 798.507264
2 354.947686 819.945741
1 609.404737 713.813410
2 405.522300 874.073070
1 613.501998 757.971802
2 442.611454 853.805824
2 414.547782 779.330578
1 540.054963 762.064250
1 592.740931 784.251897
2 395.528644 806.656716
1 569.196903 783.383385
1 528.962590 857.232382
2 439.945743 738.536821
1 544.093813 813.707668
1 565.991419 811.917496
2 441.622105 870.755264
2 403.670172 863.289928
2 490.833195 897.706863
1 565.259908 799.232314
1 550.069270 821.610049
1 377.951242 731.729617
1 604.899176 873.449317
2 407.516318 860.389707
2 406.181431 843.972238
1 612.848194 753.176519
2 401.757326 851.466557
2 392.416328 782.524654
2 419.174219 792.954995
1 521.241967 776.456879
2 455.728630 792.592429
1 597.136105 833.224092
1 348.118563 696.233722
1 394.335410 704.681174
1 573.081636 818.180954
1 580.987000 752.539552
2 421.633383 694.803319
2 415.258738 830.742351
2 360.241938 850.796186
1 422.272650 693.384268
2 402.173902 813.111150
2 514.186421 907.585193
2 371.468729 874.294916
2 357.151477 806.065882
1 353.025082 763.055274
2 371.138111 792.792208
1 355.973210 753.359071
2 407.288322 672.844435
1 429.531835 702.705286
2 352.533041 862.045825
1 559.371747 851.518889
1 363.191838 688.572529
1 821.036917 304.551643
1 821.918281 286.535242
1 827.008361 306.982318
1 819.703925 311.468283
1 802.629404 300.577595
1 819.550908 293.675277
1 823.128751 297.453261
1 816.029020 288.743721
1 823.478148 298.508401
1 818.087407 302.558102
1 825.283169 296.602609
1 818.450751 282.660983
1 820.312877 300.045297
1 819.187439 300.062221
1 804.173060 292.202385
1 820.927539 293.228590
1 822.934482 292.983958
1 828.970412 303.746897
1 820.841994 316.170513
1 815.418058 296.885520
1 819.024018 294.624643
1 831.099042 306.238499
1 818.992631 313.060734
1 819.454788 297.964086
1 839.922837 300.968418
1 825.252307 296.898763
1 803.852044 302.353583
1 823.426854 290.314283
1 805.251090 281.217554
1 834.640377 300.015460
1 819.206725 279.764840
1 803.484546 312.865743
1 821.588987 277.873229
1 817.297562 303.155753
1 814.325253 299.945888
1 826.184956 286.264424
1 776.398191 315.660943
1 837.256845 278.245146
1 813.385739 291.223476
1 796.220761 301.616644
1 787.240025 304.530283
1 852.670421 311.466077
1 817.051243 302.400985
1 829.500075 299.562049
1 812.459410 297.325941
1 783.610345 307.732049
1 775.800506 316.406402
1 804.362442 323.613942
1 772.238832 285.118336
1 825.069376 249.447646
1 783.692051 272.809545
1 871.842345 316.081161
1 757.488145 272.672900
1 818.613995 281.523527
1 823.371764 332.677800
1 859.922376 324.401611
1 779.510890 296.654798
1 839.480585 289.592110
1 819.855879 322.781576
1 745.224910 278.622516
1 814.403100 296.851995
1 824.996317 249.048340
1 790.118191 235.376664
1 836.624943 313.150340
1 783.976641 290.921632
1 872.327968 282.419189
1 821.827080 304.944206
1 782.954461 329.256585
1 807.147518 312.369038
1 802.289860 185.080073
1 786.961479 301.045978
1 742.668157 294.267633
1 802.946767 255.552929
1 830.178546 306.498122
1 819.740048 246.593794
1 784.437595 182.036585
1 832.776647 269.390704
1 846.579560 280.362229
1 837.894391 214.433532
1 830.336682 257.012246
1 814.082424 298.603780
1 800.172764 287.070899
1 778.155655 302.380268
1 839.562936 301.665262
1 774.027051 300.377706
1 804.126527 316.634410
1 828.143610 283.155389
1 841.617014 295.746597
1 818.019208 325.608109
1 831.581471 287.897947
1 739.413979 247.950290
1 808.794717 252.892395
1 809.570284 329.595054
1 835.033207 234.969115
1 880.771120 322.332417
1 792.988977 307.424484
1 837.003399 304.894455
1 804.639413 272.869938
2 840.676232 608.621616
2 852.475574 633.410839
2 846.066883 625.840064
2 851.954105 627.968782
2 839.991632 615.530566
2 853.077069 632.163393
2 838.369887 634.561641
2 841.955730 613.519406
2 866.584727 624.813974
2 828.963805 622.449259
2 852.416090 642.763955
2 837.016986 614.694498
2 840.738615 643.357703
2 843.478089 641.697435
2 838.721206 644.038280
2 863.400528 639.149061
2 859.753973 642.335668
2 837.233535 635.162835
2 853.881323 619.546542
2 850.632442 625.157595
2 853.359522 611.015333
2 850.418268 615.658842
2 858.067359 619.559308
2 857.351504 643.163369
2 850.318600 639.521488
2 831.556330 614.604932
2 850.077215 631.957816
2 852.373098 634.690302
2 851.245743 630.290808
2 836.293860 616.051164
2 837.884820 636.400251
2 853.265255 626.674026
2 850.192135 635.737483
2 854.054095 633.278565
2 849.995893 630.763458
2 846.559716 642.299393
2 855.763583 644.513919
2 846.730506 607.687930
2 856.436795 633.342058
2 852.717873 632.804110
2 842.090755 638.151091
2 850.444308 630.218780
2 850.868218 630.077384
2 841.498960 633.550477
2 831.691895 631.432495
1 800.343989 333.955187
1 858.445468 337.612573
1 779.500468 345.043849
1 830.808536 341.197424
