1 199.269705 173.437265
1 205.196307 190.114481
1 201.889364 166.244283
1 200.028815 178.904122
1 212.483211 172.490510
1 195.050289 171.076614
1 179.145205 192.423152
1 203.705688 176.662764
1 208.432975 176.476157
1 190.286978 163.249754
1 191.860712 185.192797
1 199.578806 182.418145
1 186.174945 200.079040
1 180.475691 186.882647
1 204.553109 188.063940
1 220.977149 175.115079
1 196.939850 198.505773
1 199.999612 180.015226
1 196.346362 175.409721
1 193.785615 175.874331
1 201.650211 166.035300
1 182.203108 183.478241
1 198.891638 173.225857
1 180.544847 186.930235
1 186.504118 179.103378
1 180.106523 173.681083
1 212.387992 187.255458
1 212.946587 178.048028
1 205.334414 178.161422
1 212.620355 185.058393
1 204.101071 172.079548
1 202.955266 172.699582
1 184.536981 177.049929
1 184.258736 186.863044
1 194.252804 187.623283
1 201.516642 175.161366
1 221.555916 184.444234
1 204.039642 182.773306
1 209.057956 178.535843
1 198.418725 169.288476
2 147.719864 139.178096
2 293.914801 136.273860
2 171.706898 110.554810
2 245.197685 60.614106
2 294.372177 189.389279
2 247.747488 300.629079
2 123.511157 300.565481
2 304.332227 62.381701
2 318.756259 57.705115
2 240.868928 171.431778
2 158.408097 123.982872
2 6.988644 146.061295
2 317.447416 179.969107
2 18.138077 109.929903
2 3.136457 219.714821
2 198.110545 10.437739
2 246.814734 268.601933
2 31.140934 115.490686
2 114.672760 10.294318
2 140.521718 239.398896
2 24.569977 251.627972
2 87.105782 18.602916
1 206.196819 217.545120
1 202.111357 182.229960
1 225.220437 177.454768
1 184.594492 170.446279
1 175.097795 155.885514
2 300.486292 55.820254
1 234.604709 158.133522
1 205.289132 206.232360
1 201.415076 131.661460
1 225.879232 172.366672
1 184.633883 173.094496
1 242.707075 128.221111
1 232.793241 175.517133
1 195.119534 160.608048
1 160.567086 197.223426
1 192.827307 183.463901
1 131.344890 129.045595
2 182.685767 1.768118
1 177.556412 169.136968
1 218.375594 161.538386
1 205.917133 193.373527
2 138.777573 185.254325
2 102.861008 234.311965
1 172.617952 147.965742
1 142.090064 167.176893
1 170.431549 192.960789
1 204.585092 169.953975
1 180.826171 145.871233
1 182.360940 201.652636
1 188.020968 194.271002
1 184.162483 122.808321
1 189.333322 111.544913
2 293.471041 152.730241
1 190.065970 133.086731
1 162.857611 195.757721
1 208.003122 101.973446
1 193.762416 167.635055
2 207.343968 165.496492
1 204.196474 165.436313
1 221.588027 146.093766
2 328.067057 170.508758
2 3.373488 257.263252
1 237.428031 174.653763
2 241.568841 183.003238
1 152.310703 202.394441
1 176.927676 213.314232
1 180.772811 194.731999
1 182.849621 199.823787
1 137.073266 119.031314
1 167.237654 203.758681
1 196.456546 123.275784
1 163.136204 200.411593
2 214.109949 31.917084
2 305.400387 324.824788
2 131.088106 203.705602
1 138.303717 170.293944
1 181.826819 194.172307
1 192.503338 149.837428
1 187.495621 149.618619
2 3.992398 242.006434
1 200.897678 211.460091
1 155.825347 166.896189
1 183.066083 182.723189
1 259.404571 149.952475
1 163.202503 182.050741
1 197.489615 212.514096
1 136.478543 151.001171
1 185.399725 170.162006
1 226.232940 128.917647
1 168.544607 226.962968
1 224.157941 206.281264
1 182.853640 203.439174
2 223.489710 233.874436
1 208.861788 142.056260
1 168.166496 145.339150
1 255.555136 177.478290
1 193.482996 137.016177
1 237.432680 119.207830
1 151.592090 195.510336
1 177.328950 180.505158
2 229.935493 285.020025
1 187.682521 181.352381
1 148.347186 136.616662
1 189.540748 187.271996
1 154.322187 158.275288
1 148.839566 155.802545
2 316.957917 101.582364
1 191.564596 137.248194
1 171.548013 195.854799
2 148.493338 184.764691
1 188.703122 173.468988
2 320.052308 171.121293
2 26.927386 235.176838
1 182.643778 130.727289
2 258.201601 159.596264
1 266.289562 162.112065
2 75.373710 34.261944
2 182.192462 203.659677
1 136.413790 207.279815
1 219.405851 186.290281
1 131.285267 227.506760
1 171.221503 132.047436
1 216.684711 135.040818
2 318.497366 166.655376
1 160.606622 168.008420
1 208.489428 169.485782
1 208.114120 170.455990
1 186.318499 153.101256
1 132.952647 145.646717
2 193.760098 236.136482
1 228.873713 176.154508
1 124.672698 158.876880
1 161.553594 183.898000
1 192.419628 213.713158
1 197.748928 121.768479
1 206.707803 192.934574
2 171.244360 543.570455
2 20.994490 632.140718
2 66.088670 339.827348
2 153.389716 641.988353
2 215.846863 380.439899
2 197.668517 576.454287
2 28.754951 434.886062
2 28.433730 395.907137
2 285.577834 399.682199
2 243.642724 359.433039
2 206.003233 444.655875
2 119.399959 429.388510
2 134.954239 645.637362
2 207.408084 475.388057
2 175.878546 664.310229
2 56.757080 648.983011
2 73.619898 598.637837
2 241.075590 599.306021
2 57.684641 621.129341
2 237.416916 559.534167
2 256.806163 651.135850
2 208.011418 561.123869
2 180.031909 582.133882
2 212.713994 609.031165
2 194.556131 639.374419
2 328.471925 578.765744
2 294.733135 567.965534
2 120.188057 665.963958
2 299.324671 637.074037
2 263.137144 636.763360
2 180.028342 635.743791
2 265.984575 619.900632
2 224.119245 512.502759
1 175.117430 648.981787
2 318.096796 595.523260
2 238.022131 582.182663
2 328.756336 575.017739
2 320.529591 582.322745
1 145.030728 772.537774
1 126.746203 786.033927
1 143.108860 781.374177
1 154.390032 786.035741
1 152.529190 780.121808
1 142.908453 785.024548
1 147.016255 764.763246
1 140.785421 784.378476
1 149.145823 789.074265
1 129.883861 767.236260
1 162.035259 791.309183
1 143.341848 761.361544
1 150.635253 800.337475
1 139.669431 765.674780
1 148.445724 798.992661
1 161.454364 774.691989
1 145.115120 801.068668
1 147.551750 782.847987
1 130.097206 782.724603
1 144.572743 765.796607
1 145.398130 795.977175
1 138.434013 794.852440
1 137.038868 779.913534
1 148.886593 775.785309
1 154.683136 787.143884
1 151.684056 759.675614
1 141.519321 797.625571
1 143.634279 768.792677
1 171.706840 790.920699
1 154.831874 780.177508
1 165.169143 762.646692
1 168.558070 768.279076
2 45.445622 846.788738
2 314.745031 695.223919
2 278.842459 682.923933
2 144.085517 872.816056
2 179.601668 815.345060
2 235.255087 804.442660
2 25.964187 815.865713
2 66.431093 926.363874
2 304.534268 779.614386
2 226.630879 780.766078
2 168.179667 893.592700
2 95.990597 827.499648
2 100.781039 780.964956
2 251.927141 815.949635
2 97.995087 682.932946
2 109.632884 844.386862
2 186.317673 845.551338
2 132.847880 719.890740
2 92.891069 894.358573
2 292.569065 875.351900
2 111.070376 857.159732
1 152.542494 755.311392
1 143.257387 812.600905
1 140.575172 780.461952
2 138.287859 858.101415
1 105.098366 794.902062
1 172.166781 731.432835
1 152.654316 802.474434
2 111.947342 886.780378
1 155.873071 791.436609
1 202.748267 737.995498
1 94.152131 732.032612
1 129.446089 760.288854
1 156.579655 738.351019
1 171.199965 718.914232
1 105.411734 847.974675
1 161.745292 798.995164
2 80.861149 797.193120
1 162.473660 773.547303
1 116.831001 783.803374
1 186.248142 793.621956
2 173.998438 835.961211
1 118.114180 729.714058
2 163.560604 796.567647
1 153.481122 806.469135
2 179.373225 966.471390
2 234.752469 820.092427
2 267.026802 686.353398
1 162.316082 750.214614
1 130.917705 759.304606
1 122.311876 768.017434
1 142.604593 752.397743
2 235.884997 834.747016
1 128.367439 736.159191
2 137.486038 790.068621
2 127.939158 817.664976
2 118.025803 792.907502
2 208.532053 854.545184
2 167.762494 862.973339
1 187.131713 814.990255
1 159.524794 816.392310
1 176.099223 793.335510
1 164.341783 780.264045
1 138.186169 770.130920
1 182.214329 733.551473
1 118.570026 760.737979
2 29.625937 823.759797
1 146.579681 754.319830
1 205.825162 794.869111
2 122.316250 737.152041
2 72.704018 761.130619
1 185.939883 739.962741
2 240.086635 853.475952
1 176.738830 701.169141
1 101.572410 751.451532
1 125.704014 825.443065
2 103.280075 806.648519
1 81.116087 735.600774
1 116.867088 711.985920
1 190.527152 811.387845
2 102.591734 752.387281
1 98.500043 782.597029
1 174.572756 743.129748
1 139.423577 767.613826
1 87.097715 788.472066
1 157.171110 812.969030
1 112.758759 816.779952
2 136.805414 784.234322
1 178.702008 754.064036
1 169.422357 736.489705
1 140.006008 769.613024
1 130.190114 714.811182
1 111.323629 766.741183
1 141.970681 817.885230
2 106.713758 718.381112
2 180.715857 795.125389
1 128.332914 769.815535
1 134.716299 736.925335
1 171.966374 735.083206
1 166.369391 806.238217
1 135.584068 710.372124
2 283.769017 903.134345
1 145.837435 804.315778
2 234.577678 824.724133
1 107.700343 702.726648
1 148.613665 787.033490
1 162.160625 698.972887
1 175.346476 779.592227
1 139.261912 710.329652
1 177.437703 778.304783
1 168.131442 780.180011
2 117.169233 871.357004
1 99.448307 811.888559
1 136.399070 806.996322
2 118.114697 759.117623
2 187.521284 869.872434
2 305.377087 785.928524
1 133.539053 753.783614
1 133.686777 798.246523
2 193.022246 768.520290
2 69.105434 730.861993
2 171.257657 863.809786
1 151.020372 784.250265
2 121.320700 697.904116
2 322.251486 726.978671
1 192.211305 681.808383
1 130.340074 779.489119
2 166.067525 760.467414
1 128.603553 815.904798
1 146.761686 777.971262
1 158.339415 736.284181
2 213.894640 792.238360
1 120.467036 838.745288
2 144.146171 719.427419
1 166.589107 799.298115
2 56.909379 788.300247
1 175.272598 769.293924
2 187.824781 820.008261
1 92.350800 784.321519
1 204.871437 774.254074
1 83.025473 821.448644
1 70.175423 783.571054
1 96.624510 776.798413
1 103.333407 738.060449
1 161.825929 704.186323
1 173.720236 740.236760
1 107.362272 806.246639
1 170.130641 751.234462
1 216.128403 843.363531
2 188.261669 817.290247
2 124.642842 713.532504
1 138.374882 814.442133
2 199.467746 867.644269
1 146.592116 788.254689
1 139.810779 726.712110
2 176.062168 834.183744
2 326.725291 793.362649
2 160.375340 823.567035
1 157.773091 790.835595
1 175.161922 754.753916
2 130.285329 825.105235
2 9.211979 837.291469
1 151.034213 813.122125
1 167.484274 814.770927
2 160.300964 855.282904
1 171.188037 792.694563
2 303.146556 813.581083
1 237.548073 845.217825
1 203.958620 763.540467
2 179.709165 699.247551
1 207.277401 756.249136
2 229.552590 793.227617
2 105.101758 826.591776
2 119.620280 696.007819
2 139.379329 914.117099
2 117.131976 873.693409
1 137.840853 776.591953
2 183.501121 971.699380
1 152.232969 731.318875
1 209.007080 791.807020
1 105.760531 799.471762
2 289.978498 808.143564
2 178.276602 715.078562
2 197.471172 866.123374
1 117.950583 751.277939
1 177.328843 732.182413
2 89.156439 707.624151
1 221.288537 746.281879
2 295.270261 779.245969
2 178.482287 797.441461
1 179.170550 816.918320
2 187.464939 744.506150
2 127.435755 810.678086
1 113.302295 762.098864
1 159.998041 797.523224
2 200.850367 793.976893
1 153.844525 788.175436
1 88.452083 842.333343
2 114.572620 784.321327
1 148.842568 765.726887
2 328.424862 760.481069
2 218.229652 786.221493
1 134.976889 831.540605
2 255.971183 768.964158
1 133.531780 740.874513
1 138.555509 839.289003
1 121.377484 768.670743
1 188.876138 780.295145
1 196.481184 733.896411
2 192.362586 818.205293
1 161.154900 723.022055
1 129.851217 797.942127
1 201.272402 767.233556
1 183.592410 816.671014
2 207.618951 820.252698
1 118.906127 778.359932
1 191.720051 825.638902
2 244.638056 872.542761
1 130.214709 751.094997
1 178.336578 822.749965
1 133.707776 683.612522
1 191.281977 760.344624
2 284.350543 771.386259
1 119.213614 795.624150
1 167.040304 795.058196
1 91.757738 819.473421
2 159.923305 671.412278
1 106.507082 755.582702
1 114.846019 793.346736
1 133.509994 733.297905
1 130.779548 774.662616
1 147.755035 744.709592
1 113.255816 690.179696
1 112.819620 812.608962
1 117.446498 789.996753
1 165.462769 779.017454
1 134.214317 789.705860
1 182.926508 824.645317
2 143.799166 671.600164
2 67.881693 819.953531
2 231.798642 893.173282
2 146.305864 761.472117
2 192.318631 988.366896
2 349.778605 9.205542
2 605.066590 47.788371
2 589.443399 329.344407
2 581.120796 112.089809
2 665.653347 275.935088
2 363.834378 164.526498
2 647.042743 256.695106
2 527.996854 292.824059
2 666.366008 82.483431
2 649.420891 250.178670
2 340.834231 314.390766
2 608.180601 176.614387
2 581.659812 104.667085
2 584.759719 8.514276
2 406.604858 243.912258
2 393.617551 91.206526
2 530.761359 200.478255
2 623.500289 78.874461
2 444.498006 305.325461
2 571.288115 214.680961
2 351.801948 280.562268
2 476.457293 123.909240
2 362.254434 176.256662
2 514.541077 6.136002
1 382.260213 656.654334
1 405.111228 654.743552
1 414.979481 651.653271
1 403.504982 652.571265
1 405.143784 645.741016
1 397.298582 643.386521
1 408.363581 655.378863
1 407.056579 652.214464
1 387.102474 631.882672
1 385.087245 644.224714
1 408.893194 651.784645
1 398.156383 646.538719
1 400.441090 649.314884
1 397.339133 647.323642
1 399.327124 649.262928
1 400.506485 650.383943
1 394.188539 646.559336
1 398.752565 649.912308
1 397.250624 649.699913
1 406.456430 640.285232
1 380.873523 652.353149
1 397.868197 650.876934
1 421.667448 648.733453
1 422.983944 640.758248
1 392.518443 649.812297
1 411.925322 644.440037
1 408.039858 649.382839
1 394.418308 649.889421
1 406.652711 633.066539
1 394.377634 647.022654
1 394.835188 662.032331
1 395.472651 631.200161
1 402.283887 655.352194
1 414.147286 642.437744
1 411.733015 641.469493
1 401.110278 649.500800
2 455.653924 403.258451
2 363.487086 575.203866
2 554.207542 524.403726
2 407.654692 539.267475
2 422.263068 585.874800
2 545.309700 599.809725
2 409.899350 583.813836
2 569.053141 516.305782
2 472.503920 468.156992
2 638.136057 382.283967
2 514.384405 514.909617
2 421.769390 657.734760
2 567.767176 623.068481
2 531.947152 538.399774
2 414.301767 487.742486
2 346.897906 350.992522
2 515.624875 369.475080
2 379.458646 395.931238
2 501.170248 578.989438
2 493.003781 406.135317
2 439.302773 543.991638
2 622.657885 589.764738
2 624.977644 549.091301
2 418.523773 349.099599
2 651.343269 665.120359
2 400.695022 591.662895
2 356.809001 521.837604
1 389.212050 643.782546
1 432.523480 611.953074
1 412.652471 648.039234
1 390.793626 630.081016
1 340.807975 631.434593
1 415.993690 628.516078
2 568.495625 629.377322
1 449.178977 608.441237
1 420.404614 644.434309
2 522.034888 544.975426
1 401.696649 635.692771
1 424.636837 663.812270
2 514.167519 657.646183
1 376.865107 645.417152
1 416.557318 612.109295
1 401.026349 615.117968
1 410.406204 636.236858
1 409.755250 623.690154
1 393.650280 659.113450
1 439.880750 641.430643
1 386.868518 623.639224
1 420.832148 655.107691
2 574.243632 494.360832
2 483.180902 661.810282
1 407.647944 632.589224
1 463.733862 658.580092
1 405.022930 654.974804
1 425.115269 629.943142
1 376.916927 655.968570
1 430.261147 643.207846
1 400.867645 640.178835
1 389.985033 638.912500
1 409.157432 655.948395
1 377.797298 605.171834
1 440.137054 604.677821
2 464.021463 563.708962
1 391.089383 659.242543
1 403.462246 613.266745
1 412.733485 643.248821
2 472.580151 592.508332
2 533.969663 543.454234
2 510.127984 659.917251
1 419.963454 664.057681
1 415.815240 635.887897
2 380.618675 660.438498
1 447.114296 654.186575
1 370.456849 650.969265
1 423.159638 597.143539
2 536.669135 652.477571
1 396.435579 613.442393
1 396.001333 631.505375
1 399.559142 612.186305
1 406.297835 658.836128
1 388.052424 664.018910
2 478.032892 666.256093
2 528.473832 651.655639
1 407.598647 652.546278
1 399.191596 666.343079
2 348.789546 653.155798
1 474.073966 632.955590
1 432.757794 595.186251
1 405.602483 632.751289
1 377.558749 617.973044
1 399.521899 604.282833
1 361.938213 602.186311
2 498.822056 617.592396
1 416.237703 574.156884
2 585.838217 647.138619
1 400.134664 649.838393
2 478.225797 644.508483
1 405.490900 592.682149
1 385.708369 620.680633
1 394.594796 665.729983
1 410.005230 664.781341
2 579.066444 617.520483
1 450.743649 599.088234
1 412.822090 654.507748
1 381.271649 635.095346
2 513.180830 616.208947
2 429.233173 483.650869
1 409.904120 642.699577
1 381.821412 616.363420
1 422.525730 644.754688
1 390.496045 605.287303
2 338.786316 603.172933
2 466.631769 657.812270
1 440.026572 590.670917
1 417.334464 663.350659
1 406.510138 622.891464
1 390.812508 636.507049
2 433.638228 634.017704
1 376.982260 658.528317
1 395.746083 661.248923
1 384.048901 653.976896
1 418.108403 649.325037
1 403.627103 625.587399
1 387.876958 662.431726
1 410.084139 633.793193
1 370.776208 634.179855
2 409.608233 563.894415
1 378.945557 643.414893
1 384.801772 577.764930
2 448.854989 629.104409
2 482.518952 438.258387
1 369.557452 632.080523
1 389.405437 613.760685
1 402.879610 616.490045
2 410.418115 584.209729
1 409.616075 664.629227
1 377.198143 665.877105
2 492.809940 557.462310
1 411.668134 668.368042
1 592.269184 788.914880
1 591.487549 810.596792
1 569.833038 799.846903
1 572.212885 807.626350
1 562.838830 823.133327
1 581.619194 791.499844
1 569.393378 799.362321
1 550.314057 812.352350
1 585.959880 788.115219
1 564.241788 810.020203
1 569.629502 802.786922
1 577.599504 805.651019
1 564.053403 790.297419
1 553.192257 793.616418
1 576.378288 808.759825
1 559.810518 804.961297
1 548.627846 793.185977
1 571.998115 799.433039
1 566.964520 801.578735
1 574.470780 783.193272
1 572.089694 783.789241
1 576.423917 815.735739
1 575.887485 815.058752
1 574.647485 814.706093
1 562.839817 799.521881
1 565.419632 797.485520
1 555.859829 792.941726
1 582.643007 781.605743
1 586.486928 795.935543
1 569.199946 795.767835
1 577.335586 808.401524
1 567.753650 797.303679
1 561.438024 797.509067
1 570.353356 805.491408
2 577.914558 714.854242
2 436.675419 920.930438
2 373.322691 854.021838
2 574.700117 858.400583
2 610.104511 840.210379
2 642.694306 910.732831
2 659.645040 947.878012
2 526.803464 864.987154
2 486.398273 802.952947
2 349.544459 746.803773
2 412.598899 810.795338
2 382.367949 691.752045
2 503.259611 871.763370
2 408.423329 772.895511
2 650.792042 795.792364
2 520.087113 997.883590
2 447.291469 719.800295
2 646.125732 813.346760
2 473.722511 702.352219
2 648.836860 787.895538
2 572.124382 759.782192
2 542.324607 680.102779
2 524.971951 840.720524
2 616.138961 886.174952
1 413.675265 704.848040
2 568.299656 737.337435
2 515.227857 738.749225
2 515.446848 672.867410
2 479.617367 822.537356
2 526.532685 781.336369
1 551.279724 777.458032
1 562.534999 827.339949
2 546.343472 710.753515
1 555.843545 843.996977
2 524.744978 722.555612
1 534.138341 836.695591
2 355.640260 787.601765
1 594.209995 794.201049
1 581.090197 832.059027
1 540.351225 801.892302
1 563.632956 773.299186
1 584.112810 856.068768
1 597.539792 785.575633
2 491.199201 822.189652
1 609.236813 778.188881
2 576.920712 672.157753
1 544.940850 793.732051
1 537.714332 843.625667
2 602.838808 850.462059
1 424.841570 675.054014
2 348.135146 780.917921
2 492.155044 825.533696
1 407.493715 702.923619
2 419.242608 769.117549
2 388.716850 672.817550
1 541.151619 786.424255
1 579.078309 800.235655
1 509.652226 878.321144
2 514.890287 788.632249
1 557.198310 803.102723
1 586.981977 831.908910
1 582.057757 818.249713
1 572.293099 810.757055
1 611.797316 777.882448
1 381.367433 679.769745
1 338.708933 681.209661
1 596.485546 801.698593
1 553.472221 752.504169
1 583.832271 770.878717
2 629.172116 707.370047
1 412.283615 691.449311
2 471.749096 752.572707
2 425.379621 840.050293
1 447.072203 678.342306
1 607.520440 809.244391
2 524.956999 813.188964
2 555.315827 677.595451
1 592.215789 819.471254
2 513.137749 790.109114
1 579.603559 817.576071
1 562.770085 807.101518
1 596.265379 807.688826
1 580.399165 804.784471
2 514.230371 772.314567
2 357.393891 734.550176
1 585.274948 791.651515
1 573.887011 793.211850
2 511.572379 831.213644
1 377.334865 667.848119
1 618.136829 808.442926
1 448.647560 672.275359
2 649.823571 803.608601
2 463.982348 865.747574
1 595.861586 810.798261
2 529.126427 678.271626
2 338.071171 750.007612
1 625.572036 762.878989
1 551.557168 799.476297
1 420.063018 707.978239
1 513.044614 766.899591
1 503.134300 772.867736
2 577.218985 788.016876
1 387.528596 680.887303
2 633.629980 727.536115
1 407.020652 676.179812
1 401.375016 683.697035
2 636.467432 818.896655
2 510.108609 835.957275
1 433.820229 703.573621
1 583.182185 792.918514
1 545.280329 792.125627
2 470.947678 729.547634
2 546.692660 717.564087
2 464.487245 735.213057
1 528.662462 797.270519
1 595.302748 792.141444
2 599.415833 831.093515
1 594.520531 790.592633
1 604.820092 778.784435
1 398.801526 667.217112
1 492.207679 778.699232
2 627.616838 684.326866
2 626.939165 914.904046
2 445.679703 714.093545
2 426.611795 907.673047
2 547.514682 832.890784
2 455.729728 680.262156
2 575.006586 818.649792
2 532.397314 794.085075
1 392.108252 692.940270
1 600.570991 815.237559
1 624.658327 820.570007
1 551.155297 838.925554
1 598.057690 784.584618
2 460.916835 759.490835
1 566.662100 820.374365
1 567.894362 781.955185
2 336.334094 702.919065
2 648.684700 860.635871
1 586.637389 810.131444
1 454.981447 767.729105
1 567.240642 826.836921
2 508.782662 758.150193
1 386.116192 714.167994
1 539.229846 766.671172
1 576.531261 814.180045
1 600.402101 810.876623
2 656.299478 857.658754
2 510.484979 673.324979
2 543.594433 862.547537
1 564.731428 753.738080
2 379.598826 768.811264
1 562.792140 757.720135
1 599.951430 754.444034
1 603.879109 792.811825
1 439.346780 719.313493
1 403.182005 671.593294
2 414.687540 787.507893
1 570.063481 815.910198
2 476.549856 749.308774
2 569.283420 742.657478
1 580.494151 797.369373
2 666.036191 909.671868
2 522.416717 674.653170
2 522.801191 874.291104
2 544.834081 798.058615
2 581.668857 733.051994
1 427.764040 674.258745
1 603.584653 809.063767
2 542.567826 674.079941
2 592.425890 846.444706
2 486.441233 857.145035
2 600.715677 862.214266
1 488.185949 733.069798
1 509.086855 785.070339
2 485.353143 753.932137
1 608.430890 815.852881
2 449.517599 852.504721
1 549.999872 766.861545
1 437.272920 716.274622
1 354.072965 679.090998
2 483.582915 690.685812
2 517.495939 801.133064
2 658.515379 882.979366
1 483.197591 752.547666
2 650.597413 751.951618
2 539.202979 792.790776
2 587.575876 842.902150
2 349.131851 789.270187
1 549.718823 797.333793
2 504.733829 843.233286
1 531.319649 777.584433
1 634.526647 808.840740
2 500.327957 782.102908
1 581.209043 778.014237
2 513.091404 692.066498
1 590.585404 783.540429
2 464.447514 865.105755
2 460.509115 676.475632
2 492.929190 911.889182
1 582.350023 777.193351
2 581.022826 807.339474
2 338.808852 760.628645
1 618.350866 751.603787
2 397.879433 726.083708
1 608.631866 848.903002
1 574.366110 843.613396
2 495.522874 671.673518
1 400.256193 705.239165
1 410.456028 691.655715
2 487.224136 875.067962
2 423.664383 692.840068
1 560.769004 811.674277
1 598.162490 796.396431
2 655.642977 757.198397
2 452.704266 689.479110
1 578.978934 771.419105
2 496.961851 837.932704
2 496.604471 815.020492
2 520.789455 743.827794
2 520.836458 704.580317
2 396.116888 709.112630
1 572.214342 801.336659
2 607.999829 832.734171
1 583.644014 822.173440
1 597.791646 789.319057
1 383.301946 666.809661
1 557.586547 835.726951
2 400.504220 711.014610
1 629.138563 799.366724
1 348.221734 675.609276
1 590.921126 747.016519
1 582.806206 753.992761
1 405.338860 678.550509
2 586.165754 885.724198
1 561.038737 814.794497
2 429.095019 745.790567
2 493.574879 807.335042
1 527.352961 821.438194
1 581.794464 788.644868
1 592.566538 811.878215
1 553.161043 714.503208
1 606.919479 811.695432
2 475.790839 855.784464
2 477.916377 702.151207
1 570.364418 789.311661
1 575.857829 802.377887
2 552.561827 881.358228
1 545.822634 779.612101
1 481.263537 857.083281
1 423.745045 700.831666
1 560.224483 791.326016
1 369.572867 696.861315
1 600.004213 803.236453
1 432.911709 716.671031
1 427.422443 679.243611
2 414.983007 759.513506
2 569.622044 770.262259
1 382.588379 680.880616
1 590.997071 845.860177
2 432.073593 790.155700
1 611.226660 812.063043
1 434.317050 678.298782
2 466.811982 914.951523
1 555.850725 822.931055
1 580.274409 872.970060
1 416.396990 737.238159
2 604.584178 891.847123
1 376.564447 676.344100
1 537.294492 808.364451
1 825.323420 313.131564
1 817.333145 301.770809
1 830.429414 297.607845
1 824.995430 303.209579
1 814.043604 287.613507
1 833.030645 316.684872
1 831.667684 295.476292
1 814.058431 301.075981
1 834.044190 283.999700
1 827.473053 308.571495
1 819.691371 300.488439
1 820.776003 303.481807
1 835.591285 300.783414
1 807.626186 302.934711
1 820.155986 304.158386
1 822.841290 275.549347
1 826.779512 299.570688
1 802.061386 300.942897
1 821.461269 298.275657
1 837.939457 290.559085
1 799.208382 306.913418
1 828.619228 297.276916
1 824.871657 302.618242
1 818.187449 299.010597
1 822.031434 305.360813
1 822.383471 302.747937
1 820.658663 284.509079
1 817.915434 307.558264
1 817.894563 302.926957
1 820.400217 300.308929
1 833.266366 306.872088
1 825.397005 287.726416
1 824.072163 310.451970
1 820.862003 300.408726
1 818.762404 303.936763
1 820.978513 300.690964
1 843.686914 295.652230
1 836.313379 292.914827
2 722.194114 196.170142
2 799.967573 112.965367
2 893.464066 245.978228
2 882.950573 98.002196
2 919.808063 177.226763
2 777.515608 169.121337
2 763.118143 314.693327
2 830.285743 135.188482
2 995.768737 265.352777
2 801.264136 178.192910
2 675.563414 185.947463
2 900.574006 251.836751
2 844.330495 166.834008
2 792.672124 105.940476
2 721.232896 113.150164
2 850.339335 302.945682
2 923.431828 272.093459
2 921.373790 74.377634
2 809.899771 309.508034
2 700.217118 149.705557
2 923.879637 114.424918
2 725.838965 321.164163
2 826.266588 220.737925
2 746.763665 98.818846
2 942.296089 88.085685
2 998.183651 278.084384
2 961.750529 170.609145
2 747.794707 283.159653
2 743.638688 290.934731
2 932.934711 232.792991
2 736.348498 280.763963
1 826.691649 282.472580
2 767.438725 264.285929
2 760.258780 306.971082
1 821.837755 317.517325
1 784.369603 296.991671
1 822.534387 331.822939
2 954.120774 105.176309
2 826.277972 314.515864
1 792.315967 310.291196
2 687.128594 275.302898
2 975.566459 265.358176
1 819.830951 282.147200
1 859.096529 320.124988
1 817.658290 271.728248
1 838.684098 324.967378
1 838.255973 278.528222
1 838.243102 311.692006
1 851.250572 311.739918
1 827.522583 309.107010
2 874.984561 164.518311
1 855.527677 264.018511
1 837.125155 267.281489
1 786.389662 257.249342
1 871.641734 257.174527
1 845.353510 275.234448
1 783.179589 262.344201
1 795.531450 320.447430
1 816.122327 325.210603
1 765.139022 312.717691
1 830.804203 268.470729
1 832.187058 322.089040
2 902.541075 208.796426
2 735.621758 295.282331
2 768.209779 227.972773
1 856.933359 276.281778
1 862.491651 299.207688
1 887.512034 273.689893
2 671.401652 231.679382
1 802.536942 306.547865
2 746.662484 290.185684
2 821.978734 250.583366
1 838.567975 267.382567
2 790.950626 260.708291
2 691.193376 262.482144
2 797.594613 333.092525
1 831.610679 325.747482
2 976.575645 207.525488
1 796.194760 313.356435
1 830.475501 320.508022
1 765.976339 291.824692
1 793.135685 274.347684
2 739.727937 285.762518
2 965.981518 290.688034
1 850.332854 310.782355
1 757.136376 297.040070
1 820.557437 280.921947
2 801.861413 216.783013
1 803.034830 300.280456
1 763.949007 278.070220
1 789.956104 266.472953
1 822.415003 290.009688
1 823.127024 259.161165
2 978.509589 226.813541
1 838.891247 302.841158
1 763.888871 300.351380
1 737.101495 330.797982
1 868.869803 257.373967
1 728.033614 316.393217
2 939.840926 299.976039
1 870.552333 277.053950
1 809.379516 278.159111
2 773.518391 300.630615
1 826.825917 289.838475
1 740.860846 283.643302
2 989.638824 104.542055
1 834.291995 333.015045
1 876.390981 294.922334
1 802.185360 309.596722
1 871.903792 276.340081
2 971.897778 257.414134
1 830.892350 182.185671
2 788.645397 317.563821
1 847.029627 318.516064
2 812.650252 223.139181
2 765.690624 293.415483
2 797.987227 74.876847
2 762.523197 286.411473
1 781.359165 278.141864
2 734.476588 302.211079
1 789.816824 262.590116
1 866.990234 282.599349
2 801.612066 317.670623
1 839.597434 309.218241
1 822.971352 232.995034
2 761.680601 298.033335
2 751.897854 302.987140
2 823.406392 262.655670
2 826.707644 172.978073
2 778.426425 277.564429
2 674.216337 145.126815
1 904.733280 264.616858
1 802.087923 280.641517
2 779.829030 275.885074
1 837.800459 311.328407
1 839.334681 333.002519
2 786.019610 282.579290
2 859.351936 305.941716
1 802.794743 289.471073
1 864.131888 294.005374
2 954.275413 292.262850
2 853.461554 617.476469
2 750.100477 352.702020
2 968.121624 355.378469
2 909.437058 404.824141
2 921.326964 580.380160
2 977.632657 440.842494
2 772.892698 525.418582
2 952.169677 569.099599
2 813.839232 641.817628
2 864.808386 501.433124
2 922.861860 409.129112
2 757.961885 346.761935
2 921.044725 367.612915
2 710.275476 501.749901
2 821.702857 505.467745
2 923.699222 340.109950
2 857.317670 417.800218
1 794.920528 336.758859
2 693.410020 337.578686
2 793.952238 348.935468
1 810.764976 341.091593
1 871.600725 334.615028
1 829.539419 345.934609
1 836.225062 355.334696
2 977.309914 334.612984
1 766.428688 339.800576
2 767.120646 362.053723
2 801.764123 366.995236
2 767.254436 360.546026
1 840.823410 352.304967
2 777.751205 349.048623
2 813.890912 375.860663
2 799.529715 374.060591
2 984.763121 357.844672
1 821.279392 373.666267
1 843.517968 353.492882
1 820.125842 343.271383
1 860.812173 338.627171
2 750.841734 351.012676
2 916.340473 431.747582
2 979.775106 653.923443
2 784.821340 393.167841
1 719.668204 336.290549
1 814.925849 346.888547
2 922.126358 369.712606
1 857.476026 333.382864
1 863.428787 374.296916
1 836.367033 355.507015
1 871.441255 353.509500
1 820.931103 356.661593
1 831.159994 337.184190
1 807.452211 352.403831
1 797.214139 344.007242
1 882.248379 342.365886
2 925.437514 403.136389
2 730.879782 942.588539
2 817.317326 740.240759
2 728.193996 675.485181
2 836.032604 668.933878
2 922.795936 866.236940
2 906.207141 929.633314
2 970.266889 912.324051
2 975.466924 771.741003
2 864.426634 915.553717
2 960.869334 752.871921
2 761.362816 885.111847
2 693.274694 781.004788
2 666.953286 932.102326
2 741.835712 871.078402
2 780.253001 708.401185
2 806.801612 766.132397
2 679.511998 907.681723
2 950.051251 897.290482
2 734.144591 871.112007
2 684.763842 813.520664
2 844.035953 683.177205
2 763.416162 684.243587
2 936.964127 935.976600
2 684.734316 924.144003
2 694.459929 907.877041
2 680.941622 728.234295
