1 199.269705 173.437265
1 210.114308 186.948301
1 205.196307 190.114481
1 201.889364 166.244283
1 200.028815 178.904122
1 212.278736 161.253949
1 212.483211 172.490510
1 195.050289 171.076614
1 179.145205 192.423152
1 203.705688 176.662764
1 220.372450 167.082820
1 190.286978 163.249754
1 191.860712 185.192797
1 199.578806 182.418145
1 186.174945 200.079040
1 180.475691 186.882647
1 204.553109 188.063940
1 220.977149 175.115079
1 196.939850 198.505773
1 199.999612 180.015226
1 196.346362 175.409721
1 201.650211 166.035300
1 182.203108 183.478241
1 198.891638 173.225857
1 180.544847 186.930235
1 186.504118 179.103378
1 212.387992 187.255458
1 212.946587 178.048028
1 209.544623 167.571960
1 205.334414 178.161422
1 212.620355 185.058393
1 188.913952 189.585743
1 179.717881 187.837870
1 214.856571 170.711981
1 184.536981 177.049929
1 184.258736 186.863044
1 201.516642 175.161366
1 221.555916 184.444234
1 204.039642 182.773306
1 209.057956 178.535843
1 198.418725 169.288476
2 147.719864 139.178096
2 293.914801 136.273860
2 171.706898 110.554810
2 245.197685 60.614106
2 247.747488 300.629079
2 123.511157 300.565481
2 304.332227 62.381701
2 318.756259 57.705115
2 158.408097 123.982872
2 238.095347 173.144910
2 6.988644 146.061295
2 317.447416 179.969107
2 89.577762 289.336909
2 225.903249 289.597707
2 18.138077 109.929903
2 3.136457 219.714821
2 198.110545 10.437739
2 31.140934 115.490686
2 265.037625 240.178044
2 140.521718 239.398896
2 24.569977 251.627972
2 87.105782 18.602916
2 203.383335 10.801702
2 128.617513 296.258444
2 314.190465 130.706934
1 210.070354 143.604203
1 224.975012 161.688419
2 265.119783 170.611261
1 214.335457 151.007814
1 233.499933 142.623995
1 191.173003 194.531888
1 202.957742 140.666745
1 236.314054 184.246608
1 172.278126 128.357903
1 218.896040 193.137001
1 179.788958 160.654139
1 173.265085 179.068245
1 216.482861 180.578397
1 206.720469 166.686784
1 219.767975 176.187458
1 213.594476 215.900387
1 207.229074 202.412848
2 238.979055 41.895305
2 242.107814 225.904300
1 192.815660 156.279933
1 176.482042 194.941539
1 218.194360 151.318651
2 129.626070 304.759961
2 268.048899 78.523988
1 180.789165 192.765722
1 203.406361 172.302571
2 204.904709 160.853401
1 211.033907 204.062217
1 177.400628 134.015244
1 238.367794 216.174966
1 165.168666 183.295092
1 156.524129 191.094165
2 328.241793 212.606668
2 17.099161 258.686753
1 193.627078 171.226189
1 216.677659 220.442095
1 229.793186 213.000299
1 198.370097 135.781868
1 219.086680 166.194461
1 265.246978 204.455524
2 236.413443 193.742384
1 197.927424 219.393756
1 168.640464 178.679191
1 210.262986 168.126248
1 195.501395 195.433715
1 143.433845 161.760651
1 161.648086 171.545905
2 258.990096 149.635500
1 198.857265 202.818167
1 167.285545 151.327307
1 194.652695 206.130096
1 194.556578 193.888359
2 6.859541 148.453366
2 325.189618 173.802901
1 215.466377 152.720137
2 248.904936 260.797614
2 231.808759 39.505123
2 136.508772 133.998836
1 190.732643 147.886802
1 167.077773 169.464318
1 251.702964 165.821001
2 177.761860 155.440610
2 193.066171 21.111036
1 163.550753 164.639778
2 239.637727 4.277687
1 145.839391 153.859403
1 167.260365 178.104275
1 181.735395 156.096528
1 205.368608 184.181525
1 184.466014 157.298611
2 52.793183 304.790521
1 159.430186 168.936687
1 213.078480 176.478109
1 216.885120 206.143420
1 258.521853 168.089813
1 144.566960 163.160835
1 229.963443 149.938346
2 242.697909 167.750509
2 125.567878 290.319346
1 216.382557 203.566401
1 185.385415 138.037713
2 251.157778 215.312161
1 219.450690 183.331703
1 198.884365 189.706488
1 186.479260 183.774961
1 178.246701 208.109444
1 220.102077 222.016714
1 223.342364 160.866100
1 198.557266 122.134964
1 181.191424 218.330745
1 175.477523 159.084526
1 176.556778 190.522351
1 222.725059 219.221309
1 123.715184 177.813226
1 148.088027 163.261857
1 218.548956 136.935797
2 239.020144 171.269061
1 260.455331 206.393237
1 237.412889 254.906551
1 189.797049 151.190683
1 204.044855 160.826245
2 236.443965 210.120521
1 205.457832 135.076672
2 251.514630 214.903550
2 221.844484 245.571896
1 171.193097 159.102639
2 140.691553 288.992368
1 219.219130 186.784786
1 178.130148 164.838343
1 167.214791 161.779146
2 154.587108 237.878267
1 192.215900 162.712553
2 149.617940 298.619100
1 213.225654 212.227506
1 254.779233 176.286561
2 171.244360 543.570455
2 20.994490 632.140718
2 66.088670 339.827348
2 153.389716 641.988353
2 215.846863 380.439899
2 197.668517 576.454287
2 176.469311 624.306723
2 142.015951 484.013842
2 162.585077 510.800457
2 28.754951 434.886062
2 258.849622 571.780342
2 285.577834 399.682199
2 243.642724 359.433039
2 206.003233 444.655875
2 119.399959 429.388510
2 73.254313 598.941207
2 134.954239 645.637362
2 99.191083 646.504344
2 207.408084 475.388057
2 175.878546 664.310229
2 267.988575 655.137054
2 319.355797 603.512422
2 157.525911 651.699709
2 332.427131 592.584562
1 145.030728 772.537774
1 126.746203 786.033927
1 154.390032 786.035741
1 152.529190 780.121808
1 145.163527 789.729331
1 142.908453 785.024548
1 147.016255 764.763246
1 140.785421 784.378476
1 149.145823 789.074265
1 164.059055 789.500816
1 162.035259 791.309183
1 143.341848 761.361544
1 157.305392 776.514772
1 148.994945 781.462857
1 139.319658 769.947154
1 150.635253 800.337475
1 139.669431 765.674780
1 148.445724 798.992661
1 161.454364 774.691989
1 145.115120 801.068668
1 147.551750 782.847987
1 130.097206 782.724603
1 146.637271 794.320656
1 144.572743 765.796607
1 165.210033 792.478869
1 145.398130 795.977175
1 138.434013 794.852440
1 137.038868 779.913534
1 154.683136 787.143884
1 151.684056 759.675614
1 141.519321 797.625571
1 172.323697 786.749599
1 143.634279 768.792677
1 171.706840 790.920699
1 150.302771 764.452877
1 154.831874 780.177508
1 165.169143 762.646692
1 139.070384 777.583477
1 164.121171 782.791520
1 131.403224 778.324781
1 147.781349 780.633312
1 142.264031 791.512781
1 156.685346 781.153872
1 144.954823 801.106475
1 168.558070 768.279076
2 45.445622 846.788738
2 314.745031 695.223919
2 278.842459 682.923933
2 144.085517 872.816056
2 179.601668 815.345060
2 25.964187 815.865713
2 304.534268 779.614386
2 226.630879 780.766078
2 168.179667 893.592700
2 155.089063 886.894080
2 206.757819 820.565459
2 95.990597 827.499648
2 100.781039 780.964956
2 251.927141 815.949635
2 97.995087 682.932946
2 109.632884 844.386862
2 186.317673 845.551338
2 54.460575 712.218472
2 92.891069 894.358573
2 78.445487 880.182434
2 292.569065 875.351900
1 190.565047 785.896283
1 153.529559 725.191036
1 173.245266 799.669151
1 151.288941 752.866973
1 196.203159 750.357368
1 171.276588 779.540900
2 180.078941 882.511453
1 171.336570 779.744553
1 188.182915 758.870115
1 143.644548 789.387992
2 220.993309 807.154579
1 100.573072 823.864627
1 151.765326 719.193129
1 119.895231 795.754375
2 196.980364 878.542220
2 221.273237 788.697999
1 145.429688 758.311307
2 177.939683 818.705206
1 173.707375 747.111122
1 129.743692 748.354494
2 316.258502 719.470003
1 176.247715 776.545986
1 114.005021 749.457906
2 84.159085 850.514727
1 74.001555 802.848239
1 155.901119 757.330251
1 135.884887 814.426569
1 165.420007 693.696493
2 71.164534 758.581473
1 164.821104 798.452716
1 158.233685 789.650516
2 126.880861 705.022310
2 177.302862 919.352738
1 54.063881 768.608673
1 150.439002 780.337981
1 129.705253 796.179003
1 326.290430 710.246933
1 157.734678 821.032563
1 199.026187 700.869409
1 162.259878 776.145309
1 183.383988 744.931686
1 167.652621 761.238123
2 187.653833 786.070743
1 163.773609 728.627264
2 305.198862 775.336108
2 307.417253 678.118917
2 166.403394 833.594823
2 177.582492 823.019053
1 140.312512 722.552935
1 176.104965 774.104497
1 161.134012 763.115274
2 281.170438 813.979189
1 169.796932 788.628533
2 217.119760 880.879383
1 198.419020 749.334946
1 94.930547 710.076919
1 147.351955 814.915860
1 169.032057 775.452066
1 109.468426 819.261732
2 153.943694 698.405412
1 126.029687 788.886660
2 87.698258 749.769754
2 61.958820 891.988819
1 160.750794 779.331541
1 193.347317 821.041730
2 218.758995 803.727785
1 100.314732 852.234076
1 63.189410 818.950057
1 100.844983 800.432583
2 207.113304 667.451929
1 108.468744 841.447525
2 176.720362 752.624108
1 122.308242 724.712136
1 136.147769 802.910126
1 168.128965 746.048875
1 163.768874 776.269666
1 170.770122 779.510341
2 226.884120 764.044377
1 224.875682 784.229912
1 203.313997 804.786819
1 88.776194 765.212047
2 217.247251 841.850732
2 246.931749 790.921957
1 202.579854 750.360339
1 131.543097 789.222018
2 102.319977 702.373784
1 193.734065 690.215891
1 113.993290 773.373185
1 113.291721 742.798677
1 65.426831 758.224251
1 155.570584 808.375238
1 223.255947 714.597032
1 127.930464 802.944657
1 114.169259 756.675978
2 206.037549 837.168290
1 137.686484 707.666904
1 87.695361 824.942839
1 157.393717 799.080223
1 242.680049 718.997893
1 71.866307 827.624170
1 224.051289 815.615075
1 226.941378 720.101306
2 94.586324 808.315127
1 134.186916 832.280791
1 170.958808 743.591537
1 159.463759 758.197953
1 203.438145 768.049977
2 292.467471 703.051153
1 105.805219 798.655292
2 34.776823 785.664515
1 67.757686 790.703273
2 163.097018 775.098132
1 130.157807 797.227794
1 115.298693 782.375036
1 150.872397 756.674977
1 146.535988 775.925777
1 128.941636 791.746224
2 202.039174 706.382395
1 164.662226 753.226973
1 325.924789 679.891251
1 184.433320 784.810377
1 167.112798 804.136570
2 77.135266 867.113600
1 134.742540 837.229510
2 320.092681 833.123587
2 193.914459 759.511753
1 159.184826 783.863982
2 349.778605 9.205542
2 605.066590 47.788371
2 589.443399 329.344407
2 581.120796 112.089809
2 665.653347 275.935088
2 363.834378 164.526498
2 647.042743 256.695106
2 666.366008 82.483431
2 649.420891 250.178670
2 429.921659 60.700783
2 442.269964 137.611678
2 578.546029 74.844074
2 463.885595 159.578450
2 340.834231 314.390766
2 608.180601 176.614387
2 581.659812 104.667085
2 584.759719 8.514276
2 406.604858 243.912258
2 393.617551 91.206526
2 530.761359 200.478255
2 390.672135 228.799509
2 623.500289 78.874461
2 371.782737 51.913341
2 402.867411 243.143525
2 334.950622 271.238755
2 444.498006 305.325461
2 571.288115 214.680961
2 459.060437 293.612571
2 359.848684 111.345529
2 340.523175 138.561132
2 337.591517 254.876235
2 340.341802 258.530858
2 632.011893 173.615937
2 654.558455 278.633050
2 631.512886 204.997984
2 566.325095 40.448832
1 382.260213 656.654334
1 400.060358 664.114563
1 405.111228 654.743552
1 414.979481 651.653271
1 403.504982 652.571265
1 390.688447 647.845610
1 399.545928 650.646476
1 408.363581 655.378863
1 407.056579 652.214464
1 387.102474 631.882672
1 385.087245 644.224714
1 412.893603 637.657770
1 405.531501 633.996536
1 408.893194 651.784645
1 398.156383 646.538719
1 400.441090 649.314884
1 397.339133 647.323642
1 399.327124 649.262928
1 395.364842 649.921690
1 398.053061 653.189044
1 394.188539 646.559336
1 398.752565 649.912308
1 397.250624 649.699913
1 406.456430 640.285232
1 380.873523 652.353149
1 397.868197 650.876934
1 400.504314 653.885126
1 421.667448 648.733453
1 422.983944 640.758248
1 392.518443 649.812297
1 411.925322 644.440037
1 408.039858 649.382839
1 394.418308 649.889421
1 406.652711 633.066539
1 394.377634 647.022654
1 394.835188 662.032331
1 395.472651 631.200161
1 402.283887 655.352194
1 414.147286 642.437744
1 394.118353 663.469716
1 402.351592 650.678890
1 393.106662 639.004447
1 411.733015 641.469493
1 401.110278 649.500800
2 455.653924 403.258451
2 363.487086 575.203866
2 554.207542 524.403726
2 407.654692 539.267475
2 422.263068 585.874800
2 409.899350 583.813836
2 569.053141 516.305782
2 472.503920 468.156992
2 638.136057 382.283967
2 337.238754 627.361551
2 514.384405 514.909617
2 567.767176 623.068481
2 531.947152 538.399774
2 346.897906 350.992522
2 515.624875 369.475080
2 603.739266 638.164720
2 501.170248 578.989438
2 493.003781 406.135317
2 439.302773 543.991638
2 622.657885 589.764738
2 624.977644 549.091301
2 418.523773 349.099599
2 651.343269 665.120359
2 400.695022 591.662895
2 356.809001 521.837604
1 388.072186 629.429624
2 440.262473 552.012939
1 392.624499 660.309134
2 420.377218 508.488436
1 382.683676 644.133145
2 481.665008 414.746460
1 417.988056 639.827806
1 419.031401 650.331031
1 345.043998 632.597991
1 369.368086 636.681016
1 429.136962 634.024011
1 377.582380 599.446599
1 396.438624 662.858215
2 563.475208 589.973915
1 353.793916 655.499322
1 406.607115 641.034669
1 447.645066 620.826043
1 384.578388 630.480616
1 402.410339 645.928552
2 373.103247 486.332751
2 341.514906 627.658271
1 427.980027 630.567041
1 437.200229 623.584885
1 400.784628 649.040892
2 560.271875 629.918127
2 590.115922 660.638744
1 406.166866 637.269601
1 442.460502 641.456375
1 422.452844 583.240501
1 392.674930 660.166869
2 631.099787 564.595150
1 397.600022 635.037236
2 380.793149 509.956528
1 415.840760 637.202018
1 459.530843 619.898729
1 408.283366 662.717765
2 369.482593 556.321405
2 356.981172 509.091029
2 534.272233 591.387913
2 348.541396 642.190862
2 358.307046 665.705682
1 405.664611 637.683334
2 435.593818 590.019517
1 366.080139 638.174667
1 363.782408 653.026881
1 392.496017 664.151054
2 565.762490 597.546110
2 415.125625 572.092350
2 419.205172 522.329981
2 569.655767 528.594467
2 409.514101 580.847405
2 358.998648 613.600951
2 393.004524 561.696586
2 482.378977 640.171171
2 645.551692 593.564399
1 457.478215 621.692636
2 519.773935 583.540304
2 503.059908 589.377883
1 432.209320 658.049495
1 384.042520 647.733285
1 438.691974 655.111900
2 556.650148 571.667905
1 404.413731 650.556081
1 478.372553 620.812925
2 446.313647 531.790525
2 578.740678 650.017115
2 388.917214 545.334367
1 402.460770 645.786287
1 378.635890 652.588176
1 427.211118 626.495538
1 479.808829 618.006480
2 410.826830 547.241688
2 508.415059 632.149678
2 416.713590 542.800281
1 470.746698 598.878897
1 411.501635 623.126640
2 435.593818 590.019517
2 409.002613 505.700702
1 411.668134 668.368042
1 592.269184 788.914880
1 591.487549 810.596792
1 569.833038 799.846903
1 562.838830 823.133327
1 581.619194 791.499844
1 562.109298 801.404777
1 569.393378 799.362321
1 575.479506 794.895237
1 550.314057 812.352350
1 585.959880 788.115219
1 564.241788 810.020203
1 574.622168 791.722488
1 564.053403 790.297419
1 553.192257 793.616418
1 549.161840 788.600295
1 576.378288 808.759825
1 569.200985 800.474026
1 576.727973 810.336564
1 553.858209 800.021254
1 559.810518 804.961297
1 548.627846 793.185977
1 571.998115 799.433039
1 566.964520 801.578735
1 574.470780 783.193272
1 572.089694 783.789241
1 576.423917 815.735739
1 592.906930 809.881322
1 592.085861 806.001343
1 575.887485 815.058752
1 574.647485 814.706093
1 562.839817 799.521881
1 565.419632 797.485520
1 555.859829 792.941726
1 582.643007 781.605743
1 571.754810 812.072489
1 569.199946 795.767835
1 580.683493 819.967901
1 571.582199 797.383136
1 590.387599 797.733528
1 580.041311 806.092403
1 567.753650 797.303679
1 561.438024 797.509067
1 570.353356 805.491408
2 577.914558 714.854242
2 436.675419 920.930438
2 443.770658 934.503837
2 373.322691 854.021838
2 574.700117 858.400583
2 610.104511 840.210379
2 642.694306 910.732831
2 659.645040 947.878012
2 486.398273 802.952947
2 349.544459 746.803773
2 381.538185 894.107693
2 339.589366 723.918474
2 412.598899 810.795338
2 382.367949 691.752045
2 448.318685 952.522040
2 503.259611 871.763370
2 650.792042 795.792364
2 520.087113 997.883590
2 496.779949 667.697406
2 447.291469 719.800295
2 473.722511 702.352219
2 648.836860 787.895538
2 572.124382 759.782192
2 542.324607 680.102779
2 622.243191 962.189270
2 524.971951 840.720524
2 430.984447 864.594218
2 583.814646 844.751735
2 616.138961 886.174952
1 589.162693 794.003918
1 568.792206 843.268537
1 486.956752 762.958536
1 531.037364 792.663548
1 555.842384 769.322029
1 610.314123 751.516979
1 523.146297 740.935772
1 566.213670 774.795584
1 490.641273 791.187735
1 344.386341 706.888135
1 513.925800 763.719608
1 408.384175 678.656062
1 556.281575 750.561185
1 617.390668 812.408615
1 609.909928 832.867158
2 651.065186 952.610693
1 544.434095 795.709217
1 526.257578 756.581077
1 577.138392 802.183147
2 654.981009 796.256349
1 535.375951 784.933786
1 387.905719 668.250975
1 550.349146 816.926438
1 614.467007 780.706930
1 584.238938 833.563682
1 593.791394 812.533974
2 389.150268 789.351586
1 580.989495 786.287201
1 592.175475 806.351811
1 570.763755 780.699491
1 562.596990 796.227616
1 550.790799 801.739086
1 599.948514 829.257888
1 600.685416 793.718824
2 371.449357 777.028167
1 585.234336 816.112397
1 589.981660 818.246819
2 426.358972 711.412969
2 527.648875 670.786050
1 388.730923 692.879388
1 645.226569 842.226656
1 603.245181 836.875284
1 520.316878 774.762156
1 410.095453 673.560976
1 600.319743 784.391303
1 616.854540 840.187771
1 546.832552 821.884373
1 605.786342 834.158795
1 570.592086 798.424257
2 634.062241 765.785709
2 585.654282 763.726604
1 545.167221 831.307526
1 525.797122 771.079199
1 555.986969 786.885278
2 449.810514 690.330808
1 507.944149 774.653067
1 555.933149 824.461285
1 584.298815 768.442223
1 624.323050 776.214087
2 569.605574 802.233387
1 590.450629 757.242794
1 580.904708 835.575906
1 575.719233 782.891319
1 540.557264 786.735377
1 601.051188 824.393972
1 592.980660 825.920180
1 552.603810 754.079737
1 396.060747 671.173348
1 573.817568 821.347218
1 426.296752 670.056099
1 574.978292 773.778361
1 626.288623 829.152238
2 455.066236 946.031979
2 491.568504 834.787962
2 591.527499 731.937444
1 499.652059 814.375077
1 581.566602 845.851535
1 524.196578 718.125673
2 485.174322 720.746040
1 577.528260 818.874876
1 520.351436 819.681975
2 604.174776 793.418917
1 487.560139 757.931759
1 578.983905 817.053097
1 602.183223 795.766411
1 593.764217 813.489425
1 574.159740 807.576793
1 447.815652 684.228169
1 548.922637 723.072973
2 438.407835 698.636043
1 620.870341 799.749429
1 375.881650 712.151883
1 599.196900 818.664598
1 570.363797 820.746186
1 530.970456 733.174487
2 653.133646 794.659343
1 594.518543 822.361397
1 578.613216 827.464395
2 561.894674 742.870594
1 583.652635 812.423151
1 523.357243 821.171871
1 587.997089 825.835485
1 571.441541 752.905069
2 624.509996 899.593992
1 514.568979 783.631019
1 580.203725 761.971579
1 572.436549 808.324661
2 564.322340 888.141262
2 534.964842 841.651051
2 616.424247 903.397073
2 491.420811 870.784086
1 596.296777 813.661609
2 534.766711 814.760226
2 520.942953 807.963875
2 591.534920 814.936462
1 571.480251 840.934413
1 559.271575 783.052245
1 561.036644 745.358344
1 392.150688 671.962335
2 589.566725 853.565342
2 351.692383 707.395986
1 569.268926 874.133032
2 503.418423 908.579205
2 656.199178 799.335816
1 583.526833 765.107628
1 556.684625 752.111204
2 517.611644 696.323786
2 429.907113 967.363430
2 618.562717 734.004478
2 621.953878 951.742358
1 472.263594 729.511379
1 557.419295 765.983283
1 591.037520 781.033523
1 567.266123 753.616220
1 557.652288 756.874869
2 536.942621 792.036881
2 467.507255 705.647011
2 514.200875 853.128897
1 530.300980 833.715115
1 519.997666 781.255128
1 581.924094 823.613878
1 386.421169 680.949701
1 538.898559 801.979757
2 504.667458 866.687994
1 592.131835 786.459168
1 570.006779 810.432629
1 497.980664 790.992797
1 555.636956 759.264414
2 451.512510 738.642141
1 626.524081 852.435774
1 549.761221 705.147093
1 540.672266 839.188670
1 563.289348 763.993461
2 600.096762 833.056359
2 499.544863 700.477588
1 570.833348 820.458590
1 346.685271 699.304239
2 620.278963 766.789980
1 411.849343 677.922700
2 552.027669 701.583552
1 598.395308 825.872131
1 470.410413 814.068185
1 482.337030 764.833727
1 581.267246 823.834700
1 504.576972 821.078918
1 402.791199 667.147268
2 493.722419 842.723810
1 650.990426 856.820702
1 612.475671 791.706520
2 631.504619 850.640734
1 594.973740 772.454001
1 500.601160 829.206125
1 568.694708 799.214308
1 594.998806 775.260904
1 363.785170 671.533046
1 555.062906 830.870973
2 476.016502 704.901167
1 563.857889 789.037395
1 432.937055 691.240178
1 502.571670 738.964370
2 598.564212 888.116036
2 518.425126 832.526697
1 585.584680 846.550498
1 575.894163 800.182687
2 582.031147 839.271649
1 441.684759 753.099427
2 649.580197 964.745441
1 592.733809 831.239060
2 438.872246 688.952542
1 579.739464 865.666642
2 540.889348 942.420848
1 580.042535 750.150199
1 607.189300 821.045671
1 606.907732 811.834342
1 576.869877 844.963763
2 612.619668 834.712483
1 580.219664 808.400588
1 379.811148 671.607363
1 607.833135 764.499182
2 457.982667 944.195937
1 507.543242 766.336269
1 529.103383 770.787538
1 636.027735 859.057191
2 387.515036 740.593037
1 548.149958 768.400276
1 554.717577 773.290374
2 494.453863 882.726479
1 563.470691 849.210333
1 577.394817 707.453318
1 567.042973 839.910256
1 596.982351 784.263480
2 570.093185 834.932966
1 477.881545 787.144333
1 573.561802 808.346631
2 564.352008 765.892298
2 378.638066 865.270364
1 587.742350 845.217153
1 598.768462 705.958481
1 556.696656 815.774278
1 496.403234 746.363426
1 588.926309 825.085840
1 476.006764 780.503935
1 625.819864 840.271349
2 412.237257 862.289689
1 373.498378 707.534469
1 566.838111 746.155043
2 353.142468 842.620714
1 614.964304 782.737916
1 544.401036 787.686034
1 576.930603 857.781318
1 642.801614 874.106004
2 546.051255 719.527269
1 528.974174 764.727441
2 512.072600 747.965149
1 825.323420 313.131564
1 817.333145 301.770809
1 830.429414 297.607845
1 824.995430 303.209579
1 814.043604 287.613507
1 831.667684 295.476292
1 814.058431 301.075981
1 834.044190 283.999700
1 827.473053 308.571495
1 819.691371 300.488439
1 820.776003 303.481807
1 835.591285 300.783414
1 807.626186 302.934711
1 820.155986 304.158386
1 822.841290 275.549347
1 826.779512 299.570688
1 802.061386 300.942897
1 818.328382 301.953430
1 830.789986 321.305360
1 821.461269 298.275657
1 809.734327 290.916042
1 799.208382 306.913418
1 827.960425 295.295719
1 822.190965 301.146311
1 828.619228 297.276916
1 824.871657 302.618242
1 818.187449 299.010597
1 822.031434 305.360813
1 822.383471 302.747937
1 820.658663 284.509079
1 809.235061 314.367895
1 817.915434 307.558264
1 838.150705 307.822859
1 820.400217 300.308929
1 833.266366 306.872088
1 825.397005 287.726416
1 824.072163 310.451970
1 820.862003 300.408726
1 818.762404 303.936763
1 829.669497 290.198884
1 832.419664 315.356267
1 820.978513 300.690964
1 797.302606 305.825083
1 843.686914 295.652230
1 836.313379 292.914827
2 722.194114 196.170142
2 799.967573 112.965367
2 893.464066 245.978228
2 967.740334 176.295514
2 847.526756 47.555112
2 896.554048 172.220755
2 882.950573 98.002196
2 919.808063 177.226763
2 777.515608 169.121337
2 830.285743 135.188482
2 995.768737 265.352777
2 801.264136 178.192910
2 675.563414 185.947463
2 900.574006 251.836751
2 844.330495 166.834008
2 792.672124 105.940476
2 786.455709 275.805450
2 909.989381 231.012482
2 721.232896 113.150164
2 850.339335 302.945682
2 955.189126 119.127902
2 923.431828 272.093459
2 921.373790 74.377634
2 809.899771 309.508034
2 700.217118 149.705557
2 923.879637 114.424918
2 799.230402 268.265659
2 725.838965 321.164163
2 826.266588 220.737925
2 746.763665 98.818846
2 942.296089 88.085685
2 998.183651 278.084384
2 992.212422 18.595498
2 961.750529 170.609145
2 747.794707 283.159653
2 743.638688 290.934731
1 815.152512 290.758208
1 822.365627 285.180893
1 803.514534 296.891531
1 799.644438 290.386842
1 818.221568 277.424538
1 838.806715 286.002346
1 800.423174 287.106194
1 777.981172 278.255949
1 856.377006 250.494281
1 828.708052 332.477598
1 786.154721 300.578051
2 818.749428 174.409036
2 923.547618 246.870407
1 793.671557 276.828880
2 903.921082 240.617518
1 768.166255 275.458825
1 827.829644 261.057882
1 783.507004 257.881170
1 792.590511 311.273880
1 833.455996 328.855201
2 908.587741 244.651250
1 836.740930 253.082487
2 842.799773 183.694369
2 859.107446 324.731742
1 832.437232 301.442723
1 843.932229 329.891286
2 824.676482 331.653946
2 800.757699 120.935053
1 826.899874 303.674663
2 706.905638 255.296541
1 820.553250 312.585093
1 799.747031 260.997945
2 912.818822 312.885134
1 804.474956 274.729851
2 873.661549 276.601720
1 817.804561 277.093955
1 795.223375 260.359887
1 823.631651 288.743425
2 925.202846 324.882117
1 783.537491 283.688796
1 780.929821 287.847932
2 890.102638 277.423173
1 796.184386 285.627069
1 776.082004 323.448908
2 860.171833 286.792929
1 828.199861 276.941227
2 822.549623 281.498905
1 808.583950 308.458580
1 829.908636 280.532739
1 800.985220 315.527726
2 857.630505 191.530823
2 877.530884 318.548898
1 787.999507 269.381601
2 830.402513 214.580696
2 924.822934 360.146150
2 853.461554 617.476469
2 898.600168 540.882315
2 677.775509 342.930127
2 750.100477 352.702020
2 867.559483 627.575568
2 910.013623 458.782088
2 968.121624 355.378469
2 909.437058 404.824141
2 857.254788 594.139169
2 977.632657 440.842494
2 720.361765 580.513346
2 958.985674 356.512416
2 952.169677 569.099599
2 813.839232 641.817628
2 864.808386 501.433124
2 922.861860 409.129112
2 757.961885 346.761935
2 921.044725 367.612915
2 710.275476 501.749901
2 821.702857 505.467745
2 923.699222 340.109950
2 857.317670 417.800218
1 789.357007 340.303518
1 805.010382 335.391052
2 934.450205 340.434101
1 844.465407 340.097580
2 911.896143 414.710277
1 881.348272 366.437356
1 836.794431 345.059669
2 730.879782 942.588539
2 817.317326 740.240759
2 728.193996 675.485181
2 737.304823 749.460525
2 676.107195 838.903866
2 977.535892 947.458170
2 922.795936 866.236940
2 906.207141 929.633314
2 970.266889 912.324051
2 841.109441 723.509132
2 975.466924 771.741003
2 981.902447 834.698518
2 864.426634 915.553717
2 960.869334 752.871921
2 761.362816 885.111847
2 693.274694 781.004788
2 666.953286 932.102326
2 741.835712 871.078402
2 806.801612 766.132397
2 735.495370 946.759430
2 678.723205 748.827277
2 669.379934 763.566250
2 735.961203 760.067778
2 697.237968 773.791373
2 680.825493 840.843197
2 670.873759 857.581651
