1 202.078525 179.315206
1 186.819888 180.064576
1 214.176846 164.074055
1 206.669392 164.939290
1 210.958168 179.125455
1 211.836927 174.842533
1 189.331589 163.877402
1 193.067098 161.343859
1 199.534577 179.521387
1 193.107182 173.501593
1 216.060535 192.472274
1 198.853969 176.148251
1 192.250519 197.907028
1 194.037276 181.435106
1 199.799649 178.648621
1 181.725132 173.312320
1 183.153069 197.091140
1 188.637822 183.889312
1 189.229870 181.374885
1 211.479674 193.053529
1 201.737982 180.358956
1 199.410362 165.275356
1 178.902086 190.791062
1 210.518514 165.218820
1 201.121318 185.842062
1 185.497611 180.646397
1 198.505473 182.127880
1 182.344040 172.955946
1 194.792092 166.717099
1 186.702925 186.835629
1 215.404842 195.972708
1 209.131122 169.530986
1 203.190361 193.766879
1 201.587909 182.185522
1 210.067252 172.806962
1 163.913563 177.632860
1 146.348987 144.604782
1 239.886823 194.948977
1 217.181082 151.200737
1 195.209033 216.586771
1 162.119301 198.385598
1 152.393393 204.166724
1 193.421252 141.731490
1 211.966503 209.364823
1 251.083949 182.113627
1 161.966939 180.152819
1 176.404877 119.572527
1 180.507286 191.283415
1 217.699831 138.993154
1 177.583325 142.064571
1 170.527334 186.787557
1 203.470504 184.313815
1 228.665330 218.532564
1 193.389412 169.513901
1 192.437244 174.298057
1 205.221806 165.927042
1 211.162113 121.462145
1 155.212590 202.484672
1 172.714409 195.283556
1 214.352902 152.942134
1 198.002131 183.446070
1 185.777145 180.388677
1 155.837241 201.687402
1 213.208956 154.011619
1 240.323927 114.153592
1 166.293634 196.774555
1 195.003573 172.013318
1 254.094769 202.818746
1 145.951486 233.967640
1 202.231334 198.362874
1 226.911282 168.454319
1 227.338694 206.770259
1 183.910385 193.375967
1 169.489816 242.970238
1 256.107332 192.633114
1 176.020199 162.590477
1 235.837873 223.938259
1 212.262016 170.090004
1 244.307331 124.979802
1 175.905450 169.756011
1 185.595720 184.124149
1 181.098355 191.364648
1 203.664039 189.014575
1 194.801551 175.595681
1 240.709900 154.223707
1 183.040171 179.082249
1 146.436092 187.949079
1 143.265326 173.339116
1 221.492104 182.449817
2 59.664177 453.414726
2 50.576305 436.787278
2 58.482343 434.984402
2 51.425367 440.837784
2 43.175214 434.119097
2 75.720087 415.002922
2 58.804816 428.815023
2 63.347146 425.863559
2 60.732494 408.726670
2 72.406240 438.663397
2 68.614963 418.307461
2 78.024736 442.886722
2 67.604440 409.186050
2 50.591738 412.758446
2 64.626408 427.958435
2 45.398665 416.726962
2 56.673980 431.836704
2 64.811656 413.906890
2 39.766784 432.656259
2 54.629899 427.696813
2 39.445893 422.065107
2 64.010856 425.553187
2 59.602518 430.313672
2 64.184752 413.590620
2 80.182577 438.192942
2 70.931752 442.930283
2 61.246465 421.775181
2 61.668450 429.694248
2 53.810192 419.722364
2 56.705041 425.612133
2 56.175670 411.315359
2 63.494198 428.757342
2 83.436392 431.710276
2 56.345963 431.619136
2 62.089104 430.141319
2 43.408837 443.731623
2 62.548742 428.029501
2 65.727367 424.865274
2 61.552714 420.683760
2 54.176240 408.216230
2 54.332525 422.651007
2 65.391002 431.691994
2 45.589576 434.050779
2 63.955935 438.324871
2 40.333242 444.457525
2 47.776520 438.419990
2 83.859896 425.730642
1 137.580917 790.113407
1 154.195366 773.573497
1 148.767415 779.060031
1 148.218661 777.629893
1 138.908182 789.084680
1 146.418749 784.457072
1 160.131038 787.909778
1 157.117436 792.632554
1 146.027089 803.146904
1 157.586055 786.824144
1 151.165851 778.942263
1 153.580006 777.188003
1 164.555545 789.736037
1 150.928066 781.749938
1 149.508251 763.863873
1 144.243613 785.552113
1 146.093343 790.984559
1 140.338804 770.199865
1 153.267474 780.133094
1 147.859911 793.014543
1 150.481933 780.709372
1 165.789670 780.267917
1 170.979326 792.811980
1 143.297630 795.898551
1 154.225798 768.676333
1 146.283493 780.222102
1 156.864742 796.891839
1 161.861036 758.807051
1 128.360333 771.670554
1 157.033526 783.322430
1 171.076966 768.126136
1 149.792901 793.426537
1 165.961065 763.317471
1 197.340471 816.090496
1 174.375273 737.970817
1 131.645552 759.208469
1 199.901512 775.391719
1 136.629216 764.035056
1 133.686903 751.438630
1 137.802148 795.691762
1 139.362160 801.481541
1 145.313461 818.050889
1 130.628825 760.052788
1 177.838719 802.634184
1 186.044462 772.233910
1 170.365368 763.546767
1 180.388432 823.077934
1 155.104638 760.855998
1 147.901047 780.423307
1 134.897606 801.773284
1 186.441300 782.265444
1 125.262701 819.831337
1 136.792129 788.422104
1 162.961091 766.681060
1 158.834278 795.905603
1 209.287200 801.177880
1 158.767872 781.677574
1 152.907265 797.800115
1 148.062391 755.675851
1 170.756469 780.606053
1 168.018496 784.318341
1 131.696823 834.751678
1 117.953004 756.633159
1 158.129078 828.918487
1 141.634252 752.285539
1 175.559356 805.125917
1 124.213405 752.592742
1 135.044751 805.071926
1 174.620819 799.719861
1 159.135638 761.838316
1 90.907463 828.110685
1 74.047661 783.843894
1 166.373962 788.619029
1 180.473954 777.543735
1 241.081674 770.442953
1 128.626785 802.932770
1 170.581390 812.430151
1 178.994865 768.288304
1 166.766347 849.868216
1 218.625344 821.922524
1 118.971926 788.000768
1 190.435364 837.034121
1 154.282311 756.753440
1 135.191762 763.272890
1 139.689144 791.098155
1 213.904862 811.004347
1 92.789821 771.966346
1 151.953857 821.871721
1 295.885994 772.276525
1 159.998197 809.597161
1 141.179819 775.556685
1 119.101081 782.178540
1 114.321342 786.828752
1 149.719889 759.692922
1 146.414051 784.826521
1 102.092646 780.048554
1 140.795151 813.384826
1 156.820582 789.151878
1 145.519620 826.992831
1 148.047162 761.131426
1 141.705140 852.784713
1 91.183397 774.935113
1 181.190833 752.655947
1 114.397813 771.038150
1 145.958587 795.293145
1 112.135276 754.066873
1 132.542271 822.558201
1 122.042236 775.295965
1 197.797614 833.999800
1 138.912164 808.212574
1 196.118219 770.208990
1 127.945214 769.077884
2 499.585782 134.991032
2 484.248733 151.095240
2 487.072859 134.072046
2 483.869978 133.688808
2 492.965995 129.845313
2 487.886167 155.139001
2 493.720714 134.765195
2 500.592111 143.538737
2 509.219396 138.393067
2 509.805614 158.859363
2 494.685072 156.280964
2 516.707945 155.811111
2 493.952420 155.236588
2 512.198795 143.865391
2 498.891104 142.434045
2 503.031665 142.810787
2 503.838197 164.691625
2 482.063822 143.746553
2 496.084056 144.129262
2 491.287710 130.238975
2 493.997559 149.054409
2 505.718363 140.086895
2 516.354893 141.664266
2 492.726283 160.391446
2 497.273132 140.416961
2 487.985610 127.781588
2 491.863470 139.404843
2 484.169628 124.939385
2 500.296424 143.208910
2 502.431803 130.208756
2 507.653555 163.648638
2 490.172815 141.775291
2 497.665782 137.406016
2 504.235634 136.967520
2 507.121802 126.362128
2 504.037112 143.205893
2 519.923327 144.451390
2 507.237126 134.154348
2 495.384363 140.921447
2 497.827101 132.321328
2 520.065446 142.572758
2 485.296409 121.877189
2 495.878229 119.440463
2 486.023560 139.868389
2 498.981660 147.801570
1 409.232629 630.668999
1 407.023245 639.978443
1 393.944144 650.141133
1 399.197276 650.149638
1 405.431374 649.333913
1 391.300101 656.779568
1 399.486811 646.725757
1 400.259023 649.944374
1 399.088965 649.256337
1 395.487644 652.575963
1 399.326209 652.158784
1 411.968041 650.520766
1 398.848586 635.686138
1 391.609420 665.205160
1 399.173399 644.191207
1 409.607785 663.929181
1 400.950645 653.944074
1 398.298446 654.480653
1 405.424793 638.575822
1 381.367666 653.613494
1 410.397212 637.327155
1 398.660293 649.819049
1 401.354440 647.757411
1 390.971265 647.465206
1 405.861198 641.062399
1 394.385557 654.002274
1 393.340697 642.555826
1 411.539163 654.654595
1 408.226809 628.395687
1 395.338749 637.154486
1 403.421915 634.225238
1 415.984239 646.909203
1 399.215922 650.971434
1 423.036678 654.281203
2 556.654560 492.168320
2 566.327921 479.929622
2 559.645556 478.749257
2 542.108217 474.036524
2 563.369408 490.282628
2 573.381410 471.477110
2 559.161220 474.688788
2 557.486451 481.565274
2 556.840378 498.166857
2 563.704203 473.647680
2 558.252617 486.808067
2 558.899972 479.781194
2 548.343974 488.373185
2 559.745212 479.979779
2 569.635254 470.297255
2 565.753896 479.453980
2 547.504747 473.173566
2 568.280122 458.401332
2 552.993692 480.154732
2 536.452940 475.645585
2 545.797056 473.774194
2 567.445625 494.042759
2 562.460124 483.713340
2 543.069621 483.761617
2 558.284391 476.821103
2 547.655082 458.294657
2 561.074381 495.485274
2 563.167474 480.654356
2 566.168079 497.857587
2 557.684401 461.115869
2 552.590856 490.349685
2 560.512513 470.929234
2 563.243376 477.289553
2 542.971177 465.114985
2 544.830961 464.668945
2 553.586758 461.895545
2 564.947799 458.268381
2 567.193653 481.763242
2 564.631733 472.059136
2 559.099342 479.038836
2 580.142647 476.366680
2 565.634408 455.665149
2 557.992754 503.939145
2 580.160206 485.271098
2 564.291244 478.719299
2 548.831643 495.501298
2 544.664903 471.243575
2 545.146850 474.591171
2 568.669514 482.475636
1 363.779328 631.807321
1 391.851199 628.699579
1 404.020971 620.359672
1 380.494729 637.386699
2 541.852631 452.086207
1 415.068273 629.357642
1 416.011900 663.013270
1 429.933363 623.478065
1 409.498692 607.851991
1 394.531659 640.268135
1 412.336473 636.780512
1 406.036554 613.692445
1 435.083758 632.465777
1 397.209257 639.426179
1 380.868307 644.071263
1 372.700665 656.092759
1 400.534348 631.423769
1 400.339105 650.291682
1 400.071257 634.982134
2 527.231599 504.463876
1 373.128546 614.234846
1 388.904075 652.973079
1 423.833821 640.630102
1 418.603361 616.197968
1 352.545626 631.730884
1 380.832277 649.757956
1 385.114157 602.374601
1 443.008010 638.066101
1 341.569125 608.887681
1 373.703010 651.850891
1 442.184451 631.033146
1 375.840229 612.323987
1 350.061675 633.907912
1 360.685977 660.604317
1 408.331230 603.032663
2 515.310457 514.094256
1 448.490037 630.316647
1 418.904163 664.872353
1 424.814007 666.272999
1 391.608771 661.830636
1 418.096976 648.430491
1 334.531066 645.107409
1 410.472355 633.429616
1 375.718057 649.095859
1 398.393544 591.352366
1 394.549534 608.618133
1 401.021663 660.552634
1 419.668236 600.410999
1 369.974777 631.160315
1 376.332963 658.097241
1 397.871502 646.759803
1 406.191176 640.394766
1 424.915206 665.616352
1 419.183020 613.647166
1 372.538802 663.092667
1 367.986309 644.588829
1 388.962097 629.971018
1 422.777704 628.411523
1 397.563902 646.294072
1 401.445663 595.459751
1 403.354288 612.630810
1 392.114856 668.457714
1 394.954126 674.308099
1 575.661683 787.109299
1 581.751516 787.336215
1 566.340280 801.260464
1 570.123937 800.021367
1 591.474880 793.367133
1 567.376086 804.549630
1 560.549366 808.971070
1 587.747347 813.579480
1 583.242380 791.272099
1 572.751738 801.405733
1 552.745377 812.852118
1 564.153244 803.367135
1 566.634687 799.764181
1 572.759855 799.243772
1 577.898006 790.170492
1 574.622078 798.789140
1 583.571398 807.125762
1 573.053080 813.579015
1 584.509425 787.087501
1 572.145453 786.877142
1 555.463841 818.504065
1 560.629967 802.699365
1 568.084256 806.421477
1 556.173005 808.304817
1 572.362892 786.040284
1 569.348468 803.664456
1 565.268759 792.765162
1 570.431892 804.553449
1 553.812317 802.677720
1 566.122417 793.535738
1 558.457108 801.771453
1 553.909713 813.565870
1 551.165307 798.782531
1 588.384833 811.338194
1 564.321143 806.739449
1 563.309108 788.919077
1 578.038975 812.878854
1 570.841369 788.925269
1 569.494965 799.816144
1 577.269699 796.321275
2 389.538227 833.879714
2 402.161750 844.896420
2 409.237313 811.380150
2 387.390942 851.011779
2 400.025746 809.960347
2 405.207302 850.738799
2 397.114311 827.173351
2 397.580039 831.068220
2 401.636197 813.259206
2 401.312932 830.117661
2 387.290173 814.781166
2 399.712033 820.898581
2 397.509522 816.278095
2 411.152661 844.794265
2 390.150597 825.066402
2 399.501159 818.059710
2 398.257724 839.003859
2 376.583223 838.678080
2 382.307555 837.874612
2 416.083383 812.282884
2 399.456228 830.895849
2 413.065501 846.807698
2 415.642324 835.764118
2 408.008256 824.890422
2 390.094158 829.951194
2 398.878255 849.165779
2 401.366324 848.649844
2 401.175089 840.522349
2 399.819838 837.191383
2 405.832256 845.406995
2 398.449407 821.013905
2 402.179150 831.091748
2 405.133892 836.167852
2 418.329704 828.496631
2 400.384027 826.575821
2 391.501291 844.196585
2 402.664223 816.254259
2 404.526549 830.470441
2 402.357607 815.581699
2 393.088402 831.176945
2 397.917414 854.296024
2 388.306593 841.258806
2 382.629465 844.753000
1 543.429445 849.720476
1 548.318513 788.001903
1 559.242281 838.669976
1 564.087101 798.221469
1 533.715949 812.490143
1 524.708624 836.481831
1 419.583083 676.974554
2 361.900490 808.480924
1 420.716824 673.375957
1 598.608260 767.639595
1 587.457679 810.891282
2 394.212295 797.307752
2 446.606063 822.327713
1 545.109888 835.445320
1 548.447177 800.244674
1 387.771968 704.072460
1 539.381088 770.751077
1 378.056673 667.706465
2 354.869924 815.540558
1 600.521612 787.345213
1 546.338509 819.267321
2 374.844534 824.794071
2 391.320874 865.304560
2 397.242714 845.357962
1 579.941793 782.969655
1 547.253720 796.336318
1 564.040577 798.259981
2 362.397185 800.822414
1 536.435031 854.519305
2 418.891248 809.773326
1 579.123037 798.109301
1 560.879703 788.270262
1 599.319852 765.747879
1 376.211617 705.805608
2 398.710474 876.491889
1 530.878456 794.287747
1 561.453307 782.040437
2 410.187940 807.737744
1 540.316886 782.381309
1 614.123322 743.877782
2 382.303066 819.200417
2 474.484558 831.296493
2 420.869958 809.961767
2 388.185983 827.899218
1 541.315021 809.114458
1 537.016567 784.560329
1 421.911599 697.804464
1 531.362149 780.526380
1 383.852272 672.565262
1 392.995219 671.711612
1 543.729654 789.151240
1 544.270588 826.011778
2 396.549244 809.055841
1 518.149902 845.705935
1 504.607097 784.264486
1 554.196394 773.144455
1 556.294094 788.133165
1 567.450515 798.557437
1 593.238645 784.385912
1 629.916207 756.528814
2 348.837400 820.007970
1 552.876218 872.637728
1 512.566895 853.671152
1 550.357754 802.547398
1 543.629438 792.409337
2 466.852957 818.472098
2 356.291109 865.491188
1 648.838798 812.137764
1 541.890663 793.551543
1 556.171371 802.576502
2 433.190282 811.135130
2 420.150219 806.518752
1 529.936070 773.427704
1 390.495241 682.886407
1 530.497551 794.230435
2 436.404910 805.858612
1 404.914578 716.722074
1 576.064460 787.158070
1 553.167569 777.333626
1 546.960291 792.273996
1 570.307446 783.160126
1 569.113530 809.646060
2 427.318379 806.600951
1 565.633742 810.426892
2 402.793601 877.267789
2 419.692268 801.455696
2 395.640107 843.667635
1 390.755066 688.373177
1 419.930090 687.704211
2 398.662662 795.403180
1 613.434010 805.007603
1 520.620525 844.471936
1 470.539371 682.107336
1 428.170131 668.489025
1 523.582045 782.321683
1 576.377638 816.845760
1 588.322375 828.471481
1 419.342865 684.046016
2 376.227035 799.508786
1 567.487927 760.278403
2 425.886420 851.310895
1 594.929668 789.117914
2 361.957334 804.560821
1 553.606667 783.667651
2 435.248246 871.026097
2 353.902455 858.446311
1 579.175964 821.522216
2 402.865744 837.100352
2 421.919850 848.616268
1 373.580865 671.856618
2 399.955087 840.772541
1 564.796133 845.498508
2 484.660318 854.227234
2 401.504509 853.612267
1 621.153416 757.383213
1 589.567571 807.796828
2 405.966785 843.771505
2 382.766789 857.827632
1 592.295050 807.114467
1 599.402380 764.886606
2 366.471084 770.098583
1 570.608882 904.457608
1 369.610424 701.361089
2 395.908292 825.125018
1 546.160730 851.557510
2 377.370592 876.297628
1 496.724197 786.742806
2 424.500594 800.282671
2 430.151187 861.100389
1 429.315949 668.493276
1 600.339117 751.448552
1 567.124408 806.407410
2 447.513952 780.814535
1 589.323328 739.346997
1 618.110588 729.951954
2 410.111319 810.128705
2 367.819514 838.495321
1 576.898156 772.015819
1 653.440668 749.217729
1 592.186969 792.208241
1 547.312917 765.964653
1 623.732120 807.758260
2 392.891634 876.354510
2 477.761102 832.622440
2 364.129246 831.783230
2 423.964479 845.423678
1 539.593074 831.037628
1 566.992911 764.590763
2 442.705886 800.191891
2 406.442150 830.127170
2 357.269665 865.498624
1 585.149506 787.384966
2 339.273799 816.660865
1 406.853919 688.555815
2 428.963863 825.458234
2 413.889922 832.686147
2 465.551985 778.757982
1 529.155604 824.182253
1 556.666956 762.245743
1 418.991285 693.365857
1 555.250377 798.196758
1 608.433543 802.415880
1 592.827660 824.603538
2 362.294469 788.790625
2 417.013490 757.344994
1 591.522019 811.996508
1 389.320156 679.271587
1 514.028549 833.846358
1 608.721707 782.531128
1 522.457431 822.616048
1 555.130727 761.895630
1 577.701461 814.045312
1 549.978314 794.806118
1 557.091872 804.616607
2 399.108436 795.519179
1 537.777242 789.650804
1 600.728268 797.043036
1 523.873824 773.323233
1 530.847824 706.560104
1 551.370522 784.682193
1 422.214267 688.546569
1 553.899134 749.935892
2 411.190260 820.277561
1 351.146521 685.885830
1 399.706099 670.123145
1 379.128089 686.465655
2 396.748829 824.220801
1 556.225902 837.167062
1 524.455441 880.650621
2 377.868986 836.912059
2 424.495128 795.092836
1 646.514012 805.716827
1 822.570945 295.209373
1 821.036917 304.551643
1 829.830806 294.046739
1 821.918281 286.535242
1 827.008361 306.982318
1 819.703925 311.468283
1 819.562622 309.232983
1 839.125300 303.166866
1 819.550908 293.675277
1 823.128751 297.453261
1 821.751465 291.149601
1 815.426318 276.391480
1 825.283169 296.602609
1 818.450751 282.660983
1 820.312877 300.045297
1 819.187439 300.062221
1 822.934482 292.983958
1 828.970412 303.746897
1 815.418058 296.885520
1 819.024018 294.624643
1 831.099042 306.238499
1 818.992631 313.060734
1 819.454788 297.964086
1 814.089782 286.227806
1 814.952164 321.010370
1 825.252307 296.898763
1 803.852044 302.353583
1 823.426854 290.314283
1 799.510615 313.051670
1 831.735188 292.686087
1 805.251090 281.217554
1 834.640377 300.015460
1 819.206725 279.764840
1 822.409595 321.539671
1 803.484546 312.865743
1 821.588987 277.873229
1 817.297562 303.155753
1 814.325253 299.945888
1 826.184956 286.264424
1 793.507648 280.182993
1 827.110051 284.144174
1 831.276737 285.764365
1 835.353339 254.109065
1 829.541700 321.812012
1 852.881761 320.220722
1 809.383467 303.574163
1 831.730666 308.477197
1 850.055377 303.170690
1 815.953206 323.928680
1 797.415917 298.128430
1 797.432841 300.372087
1 807.225683 305.921145
1 828.684807 330.225247
1 815.240882 312.678041
1 845.102888 330.947438
1 803.101000 276.020224
1 867.523558 307.990762
1 798.973581 285.777899
1 776.884530 302.131095
1 828.309150 320.569728
1 823.925497 293.559480
1 793.345020 276.724406
1 815.235889 322.731345
1 834.900898 321.107799
1 864.345322 333.154092
1 834.528067 300.406770
1 788.513295 298.457749
1 763.341162 321.539167
1 799.734466 284.541942
1 805.359581 298.337384
1 802.650736 281.025702
1 826.340031 318.018643
1 818.873142 283.165202
1 811.933048 330.850779
1 847.208933 274.493781
1 852.532025 286.517626
1 793.667327 287.998610
1 805.428878 297.092325
1 815.563304 302.218215
1 812.824048 313.211372
1 796.430064 330.184316
1 821.445470 329.167176
1 782.722224 289.042787
1 848.951539 247.420955
1 830.109058 308.010204
1 780.800056 291.406513
1 814.672386 227.247614
1 830.521949 304.315226
1 800.436380 305.958743
1 819.351082 270.142260
1 781.945516 268.119410
1 803.314437 272.861368
1 865.061538 296.135837
1 788.772508 284.838833
1 828.140468 322.271455
1 814.630985 309.770389
2 840.676232 608.621616
2 852.475574 633.410839
2 846.066883 625.840064
2 851.954105 627.968782
2 854.026035 648.220403
2 839.991632 615.530566
2 853.077069 632.163393
2 838.369887 634.561641
2 841.955730 613.519406
2 866.584727 624.813974
2 852.416090 642.763955
2 837.016986 614.694498
2 843.478089 641.697435
2 838.721206 644.038280
2 863.400528 639.149061
2 859.753973 642.335668
2 837.233535 635.162835
2 853.881323 619.546542
2 850.632442 625.157595
2 850.418268 615.658842
2 858.067359 619.559308
2 857.351504 643.163369
2 850.318600 639.521488
2 835.521914 631.914579
2 831.556330 614.604932
2 850.077215 631.957816
2 856.027421 643.177058
2 852.373098 634.690302
2 851.245743 630.290808
2 836.293860 616.051164
2 837.884820 636.400251
2 853.265255 626.674026
2 850.192135 635.737483
2 854.054095 633.278565
2 846.559716 642.299393
2 834.979246 636.262926
2 855.763583 644.513919
2 846.730506 607.687930
2 856.436795 633.342058
2 852.717873 632.804110
2 842.090755 638.151091
2 850.444308 630.218780
2 850.868218 630.077384
2 841.498960 633.550477
2 831.691895 631.432495
1 812.299734 354.058822
1 803.612232 360.748269
1 804.344699 346.869613
1 826.623134 349.800839
1 787.941143 342.836664
2 857.296528 589.938069
1 838.922740 343.228300
