1 202.078525 179.315206
1 186.819888 180.064576
1 214.176846 164.074055
1 182.952212 174.534474
1 210.958168 179.125455
1 211.836927 174.842533
1 193.067098 161.343859
1 199.534577 179.521387
1 209.442568 186.467994
1 203.531713 193.973627
1 192.250519 197.907028
1 181.725132 173.312320
1 189.229870 181.374885
1 199.026631 174.339036
1 190.123317 178.772194
1 211.479674 193.053529
1 201.737982 180.358956
1 199.410362 165.275356
1 200.678000 184.928028
1 178.902086 190.791062
1 199.439138 173.536568
1 201.121318 185.842062
1 185.497611 180.646397
1 198.505473 182.127880
1 182.344040 172.955946
1 194.792092 166.717099
1 186.702925 186.835629
1 203.281993 182.508794
1 205.148379 156.622375
1 203.190361 193.766879
1 201.587909 182.185522
1 210.067252 172.806962
1 222.876831 183.213727
1 191.105590 173.570464
1 178.583308 233.548333
1 170.572178 158.429656
1 219.085149 204.568360
1 208.880109 195.539622
1 227.501942 173.809569
1 190.348548 166.236345
1 225.398198 163.823358
1 168.715964 159.981419
1 213.770501 224.644408
1 189.196402 196.762210
1 217.483645 168.719401
1 175.249617 202.300472
1 202.828906 213.147498
1 168.389186 178.238173
1 220.841146 219.874744
1 238.333814 153.966021
1 219.514829 166.424118
1 185.731587 178.273878
1 235.475754 122.711677
1 150.371191 135.767283
1 208.247948 171.879327
1 200.451587 174.501139
1 251.371253 159.841197
1 183.460803 160.080992
1 171.525896 185.252861
1 176.849930 227.664644
1 157.313546 155.933055
1 202.657909 129.042413
1 124.877570 179.396284
1 220.767816 167.380200
1 258.334195 120.822223
1 219.549070 223.046058
1 228.663702 198.018119
1 187.237914 168.040362
1 202.487793 187.539831
1 140.447022 197.850018
1 202.624128 139.152785
1 238.295702 196.480944
1 267.889986 162.631328
1 174.721804 182.901178
1 165.001203 187.430680
1 169.340790 194.671293
1 183.761688 233.549133
1 157.118658 192.858854
1 216.542512 127.334027
1 178.964796 155.475143
1 228.326861 187.166199
1 203.276833 207.696039
1 244.299470 184.873073
1 182.432907 194.281390
1 177.974252 215.140702
1 138.583963 155.200002
1 180.847066 242.116884
1 231.761494 220.395593
1 144.971262 189.556403
1 205.387611 161.450598
1 170.933212 179.618508
1 174.156914 167.142615
1 150.822868 208.945971
1 155.002151 172.440417
1 182.456862 234.039448
1 157.011559 157.188445
1 179.848387 181.356724
1 174.500874 192.890515
1 168.703010 207.030227
1 166.370524 215.443848
1 253.203514 202.760431
1 192.062579 301.820311
1 128.629425 257.938608
1 245.582941 176.764055
1 241.549329 156.137951
1 195.676520 176.981967
1 163.271010 184.076135
1 172.666980 208.434488
1 219.698881 139.252358
1 130.114344 206.512909
1 248.405402 207.446792
1 149.865625 218.433923
1 238.209629 219.486556
1 208.579409 227.981757
1 154.707609 187.456252
1 160.440275 190.820768
1 199.878277 162.284490
1 221.376220 167.177301
1 231.259588 159.476246
1 139.502060 164.266497
1 166.661455 198.613748
1 192.646936 170.356325
1 219.868019 156.231516
1 150.742286 187.609985
1 199.168859 166.384844
1 242.066045 165.873696
1 135.353633 237.037002
1 148.855998 209.740662
1 170.006266 238.662839
1 197.637984 155.187490
1 164.240579 127.915523
1 164.980395 154.143102
1 202.676353 203.881098
1 225.165534 164.421350
1 268.935444 115.498227
2 59.664177 453.414726
2 50.576305 436.787278
2 58.482343 434.984402
2 43.175214 434.119097
2 75.720087 415.002922
2 58.804816 428.815023
2 60.732494 408.726670
2 68.614963 418.307461
2 78.024736 442.886722
2 50.591738 412.758446
2 74.532559 427.224107
2 45.398665 416.726962
2 56.673980 431.836704
2 64.811656 413.906890
2 39.766784 432.656259
2 54.629899 427.696813
2 64.010856 425.553187
2 59.602518 430.313672
2 64.184752 413.590620
2 80.182577 438.192942
2 61.246465 421.775181
2 61.668450 429.694248
2 53.810192 419.722364
2 56.705041 425.612133
2 56.175670 411.315359
2 63.494198 428.757342
2 83.436392 431.710276
2 56.345963 431.619136
2 62.089104 430.141319
2 43.408837 443.731623
2 62.548742 428.029501
2 61.552714 420.683760
2 54.176240 408.216230
2 54.332525 422.651007
2 65.391002 431.691994
2 45.589576 434.050779
2 63.955935 438.324871
2 47.776520 438.419990
2 86.817825 393.310882
2 60.184715 438.139942
1 323.515188 646.287872
1 325.986102 636.215633
1 303.598717 616.915131
1 327.526486 659.275795
1 297.582337 618.240467
1 305.903991 641.384778
1 311.118626 638.235308
1 290.427451 600.195382
1 154.195366 773.573497
1 139.421185 798.342218
1 138.908182 789.084680
1 160.131038 787.909778
1 150.308837 780.140365
1 158.460107 771.246079
1 146.027089 803.146904
1 157.586055 786.824144
1 151.165851 778.942263
1 154.737368 774.207855
1 153.580006 777.188003
1 150.928066 781.749938
1 149.508251 763.863873
1 163.909595 777.338638
1 146.093343 790.984559
1 136.628337 785.524255
1 140.338804 770.199865
1 135.578839 792.133503
1 153.267474 780.133094
1 150.762099 774.299002
1 129.636304 786.653029
1 147.859911 793.014543
1 150.481933 780.709372
1 130.425149 772.329319
1 147.324617 770.897743
1 165.789670 780.267917
1 170.979326 792.811980
1 146.283493 780.222102
1 156.864742 796.891839
1 128.360333 771.670554
1 157.033526 783.322430
1 155.137713 786.289303
1 144.477388 777.595097
1 165.961065 763.317471
1 160.573092 762.600482
1 128.591826 730.770587
1 160.513524 762.070223
1 119.295017 753.687264
1 153.191373 777.111317
1 142.282393 782.262826
2 330.498430 847.979162
1 118.813581 795.313787
1 179.255590 823.216326
1 195.438640 802.830333
1 144.979770 790.295326
1 151.340360 822.102871
1 188.104763 780.605410
1 165.249457 842.642217
1 157.626739 785.326448
1 162.915919 758.391224
1 173.842789 788.564966
1 171.368615 799.995363
1 199.702872 766.393680
1 138.148520 811.768218
1 138.887613 824.739656
1 210.831545 812.053853
1 163.013062 803.951009
1 165.067497 771.957708
1 129.391223 755.765691
1 123.927843 756.022820
1 198.322820 765.470694
1 181.735176 768.969379
1 111.366624 767.962612
1 178.361926 784.296641
1 198.229383 751.722621
1 145.590431 727.030408
1 227.550054 815.126247
1 137.211813 767.516666
1 113.037950 787.067194
1 168.815218 794.640617
1 131.919749 746.885036
1 143.457825 766.961598
1 176.013209 809.933950
1 220.324750 821.723178
1 91.041999 751.646512
1 230.300053 793.872859
1 117.315878 797.336059
1 253.102132 762.435412
1 157.194493 821.284020
1 152.142976 805.673177
1 244.549387 793.329259
1 85.539112 775.188210
1 236.317480 766.603247
1 162.579617 820.678018
1 190.820836 780.238093
1 109.907253 780.513484
1 171.739045 778.578755
1 117.074112 749.143172
1 125.648360 794.875498
1 166.742193 794.360364
1 170.451171 801.054492
1 146.733521 753.837485
1 127.591311 762.592870
1 234.937428 765.680261
1 146.390096 740.413673
1 140.986193 746.099078
1 165.628509 796.669356
2 325.067789 853.545965
1 115.552680 851.240164
1 181.508809 777.824994
1 108.423081 786.806410
1 178.779032 830.372780
1 223.890510 773.721578
1 131.819796 849.792861
2 333.252224 820.530778
1 156.322553 870.589259
1 164.645633 743.398767
1 180.810160 729.398558
1 130.540746 741.200865
1 102.895045 732.036550
1 121.676028 788.800618
1 145.783560 723.568468
1 101.984735 759.209301
2 325.450781 847.556274
1 225.313317 755.589457
1 117.070606 818.372646
1 202.766394 859.327617
2 295.985197 825.566411
1 211.393007 776.693358
1 136.302311 692.662499
1 147.440696 740.890309
1 208.921079 857.796337
1 153.665250 820.795938
1 165.487311 710.817898
1 157.140582 784.174370
1 146.111138 829.466751
1 128.040462 777.665596
1 199.223607 754.612671
1 251.657284 753.041248
1 157.026523 792.504445
1 173.508047 767.564268
1 151.503239 819.507958
1 179.241738 754.238366
1 173.792828 760.645860
1 129.568806 809.238889
1 154.206709 779.843712
1 126.154147 699.683157
1 146.531665 798.822224
1 163.450320 798.111380
1 180.111693 787.872444
1 184.077954 775.966665
1 173.148404 782.525037
1 168.424284 772.224936
1 151.106397 799.480974
1 175.479825 792.906470
1 171.084899 773.242810
2 499.585782 134.991032
2 487.072859 134.072046
2 506.632547 149.885286
2 492.965995 129.845313
2 518.370217 137.655406
2 500.372290 132.347817
2 487.886167 155.139001
2 500.592111 143.538737
2 516.707945 155.811111
2 512.198795 143.865391
2 498.891104 142.434045
2 503.031665 142.810787
2 503.838197 164.691625
2 482.063822 143.746553
2 496.084056 144.129262
2 491.287710 130.238975
2 493.997559 149.054409
2 505.718363 140.086895
2 516.354893 141.664266
2 492.726283 160.391446
2 487.985610 127.781588
2 480.665799 140.519273
2 491.863470 139.404843
2 502.431803 130.208756
2 488.163780 137.309645
2 490.172815 141.775291
2 497.665782 137.406016
2 507.121802 126.362128
2 507.237126 134.154348
2 495.384363 140.921447
2 520.065446 142.572758
2 495.878229 119.440463
2 499.532163 145.276059
2 486.023560 139.868389
1 414.159271 654.484542
1 396.965906 656.429721
1 409.232629 630.668999
1 407.023245 639.978443
1 399.197276 650.149638
1 405.431374 649.333913
1 391.300101 656.779568
1 399.486811 646.725757
1 395.487644 652.575963
1 399.326209 652.158784
1 411.968041 650.520766
1 391.609420 665.205160
1 408.133576 630.837110
1 399.173399 644.191207
1 409.607785 663.929181
1 400.774781 650.308213
1 399.641320 649.664334
1 400.950645 653.944074
1 396.906714 642.965381
1 381.955513 645.056636
1 398.298446 654.480653
1 405.424793 638.575822
1 381.367666 653.613494
1 410.397212 637.327155
1 398.660293 649.819049
1 401.354440 647.757411
1 405.861198 641.062399
1 398.602001 647.378318
1 393.340697 642.555826
1 411.539163 654.654595
1 401.664526 639.774492
1 403.421915 634.225238
1 399.215922 650.971434
1 423.036678 654.281203
2 556.654560 492.168320
2 566.327921 479.929622
2 559.645556 478.749257
2 542.108217 474.036524
2 559.685605 487.433473
2 563.369408 490.282628
2 573.381410 471.477110
2 559.161220 474.688788
2 557.486451 481.565274
2 563.704203 473.647680
2 559.745212 479.979779
2 565.753896 479.453980
2 547.504747 473.173566
2 568.280122 458.401332
2 536.452940 475.645585
2 545.797056 473.774194
2 567.445625 494.042759
2 543.069621 483.761617
2 558.284391 476.821103
2 561.074381 495.485274
2 563.167474 480.654356
2 557.684401 461.115869
2 552.590856 490.349685
2 560.512513 470.929234
2 563.243376 477.289553
2 542.971177 465.114985
2 544.830961 464.668945
2 553.586758 461.895545
2 564.947799 458.268381
2 567.193653 481.763242
2 564.631733 472.059136
2 559.099342 479.038836
2 580.142647 476.366680
2 565.634408 455.665149
2 557.992754 503.939145
2 580.160206 485.271098
2 564.291244 478.719299
2 548.831643 495.501298
2 545.146850 474.591171
2 568.669514 482.475636
1 365.547195 658.169274
1 407.307106 641.788308
1 404.120629 591.793674
1 421.597695 653.346380
1 413.789482 612.807859
1 351.217772 662.408104
1 412.223416 648.000505
1 442.940701 652.260827
1 411.595819 651.428081
1 475.026735 665.744328
1 406.879014 654.399516
1 396.735807 622.014307
1 407.567077 629.550720
1 439.948044 629.710675
1 431.671751 650.276802
1 405.035672 663.100904
2 554.116808 480.743306
1 408.139901 666.162768
1 389.205854 663.741839
2 516.972981 479.837500
1 350.729436 635.986132
2 559.053569 456.633231
1 401.984140 617.867089
1 390.018604 663.688584
1 471.437667 635.558035
1 395.817562 664.859756
2 570.350431 471.570525
1 406.328981 655.604321
1 414.131563 601.188688
1 423.455440 634.594170
1 479.539864 663.607970
1 428.373376 658.609710
1 403.951300 579.975980
1 336.650470 625.396029
1 427.917754 638.639921
1 402.425279 652.881073
2 544.458344 489.481482
1 403.578545 659.653568
1 427.994141 636.345951
1 399.293999 655.968290
1 384.337695 626.854820
1 425.695128 628.911355
1 431.794242 603.723211
1 368.025694 634.386903
1 423.682759 644.798463
1 423.183387 622.421536
2 552.839278 487.705205
1 452.144803 635.691658
2 548.792913 519.354645
1 414.421600 614.442857
1 435.287895 629.455596
1 377.149951 641.955219
1 385.787871 617.695036
1 387.482869 651.741259
1 370.545814 619.310430
1 416.139843 666.590892
1 403.145209 658.666374
1 369.759896 647.113346
1 478.544238 652.578791
1 490.523104 611.082625
1 406.113700 658.217478
1 348.574954 656.664459
1 379.798391 644.755231
1 411.338779 654.679615
2 575.139353 517.210572
1 442.323908 662.855577
1 434.386360 616.021442
1 378.923912 654.998267
1 411.428899 612.928191
1 407.420737 579.813704
1 410.360420 595.814757
2 537.996541 496.807286
1 412.447168 645.144565
1 448.208599 623.355321
1 417.567518 645.764262
1 467.488637 638.916542
1 350.048967 665.562161
1 396.905128 582.084915
1 421.650803 661.604935
1 396.072656 654.834663
1 424.858671 568.889810
1 406.650192 621.721739
1 404.386590 617.664474
1 401.236652 602.501898
1 393.987647 600.369251
2 570.341643 451.163787
1 432.765966 653.254436
1 413.614413 623.642174
1 421.378917 651.187187
1 412.691674 647.966776
1 431.488175 653.854872
2 582.347940 464.879954
1 435.600505 659.693146
1 412.159406 623.159187
1 419.954559 646.334415
1 415.855508 663.229926
1 396.615943 626.763188
1 344.213280 610.853195
1 446.508104 653.107156
1 368.868833 621.487305
1 380.373841 633.463098
1 415.161298 653.223524
1 389.595931 629.693322
1 359.776912 637.737149
1 427.146510 594.033491
1 440.588349 642.674376
1 402.982896 596.006070
1 374.525784 590.729540
1 495.695582 620.889066
1 360.981767 663.391406
1 392.114856 668.457714
1 410.850476 670.035768
1 394.221399 669.527537
1 575.661683 787.109299
1 554.016372 799.904415
1 566.340280 801.260464
1 570.123937 800.021367
1 591.474880 793.367133
1 567.376086 804.549630
1 587.251436 782.693528
1 587.747347 813.579480
1 583.242380 791.272099
1 572.751738 801.405733
1 552.745377 812.852118
1 564.153244 803.367135
1 569.401358 802.703440
1 581.768991 798.964816
1 574.622078 798.789140
1 573.053080 813.579015
1 584.509425 787.087501
1 572.145453 786.877142
1 574.188549 798.183811
1 556.173005 808.304817
1 572.362892 786.040284
1 569.348468 803.664456
1 554.189676 788.492689
1 565.268759 792.765162
1 553.812317 802.677720
1 566.122417 793.535738
1 556.450136 801.912863
1 553.909713 813.565870
1 551.165307 798.782531
1 588.384833 811.338194
1 564.321143 806.739449
1 563.309108 788.919077
1 578.038975 812.878854
1 569.494965 799.816144
1 577.269699 796.321275
2 389.538227 833.879714
2 411.442228 835.670410
2 409.237313 811.380150
2 399.890100 830.041025
2 387.390942 851.011779
2 400.025746 809.960347
2 405.207302 850.738799
2 397.580039 831.068220
2 401.636197 813.259206
2 401.312932 830.117661
2 387.290173 814.781166
2 402.382769 830.642689
2 397.509522 816.278095
2 411.152661 844.794265
2 395.711069 837.208026
2 390.150597 825.066402
2 399.501159 818.059710
2 398.257724 839.003859
2 376.583223 838.678080
2 382.307555 837.874612
2 416.083383 812.282884
2 399.456228 830.895849
2 413.065501 846.807698
2 408.008256 824.890422
2 390.094158 829.951194
2 398.878255 849.165779
2 401.366324 848.649844
2 401.175089 840.522349
2 399.819838 837.191383
2 405.832256 845.406995
2 402.179150 831.091748
2 400.384027 826.575821
2 404.526549 830.470441
2 402.357607 815.581699
2 397.917414 854.296024
2 388.306593 841.258806
2 382.629465 844.753000
1 593.751566 787.937542
1 562.495002 794.731415
1 537.700134 849.477584
1 372.835270 674.039139
2 379.074144 829.217271
1 556.139721 833.052188
1 511.828384 774.767536
1 548.599906 801.914634
2 411.822409 836.370025
1 585.919476 783.788431
1 506.345994 813.823081
2 391.982858 816.184637
1 592.407039 778.650699
1 601.441115 811.886546
1 516.675736 764.199132
1 526.090999 788.822657
1 572.057493 834.891189
1 375.618115 688.617321
1 445.932828 687.796992
2 397.102601 818.739536
1 600.531828 842.017837
1 622.845853 824.221101
2 409.269063 798.707507
1 510.895495 769.092780
1 368.304560 676.737106
1 583.590230 816.613347
1 531.294640 862.290400
1 591.245505 770.466707
1 614.773588 796.478222
1 585.859021 825.973159
1 564.112482 833.677282
2 345.552263 827.624430
1 485.582938 808.345299
1 582.194865 815.322880
1 578.527819 813.230421
1 517.210873 755.983466
1 427.442931 699.613027
1 575.015994 800.698077
1 556.056809 840.682805
1 442.946420 673.635146
1 592.292927 792.465337
2 438.187430 862.582209
2 428.909012 849.956615
2 431.795987 839.287358
1 376.566595 706.204811
2 388.919880 808.650038
2 377.100463 805.286924
2 414.427226 825.180890
2 425.237986 779.220961
2 387.202645 849.192163
1 619.739531 841.160542
1 545.281160 795.840026
2 342.006232 783.203643
1 549.973704 816.314200
2 415.693438 874.811293
1 587.851956 766.912516
1 578.024732 894.391444
1 506.375186 733.191086
2 400.028850 820.976678
1 555.816344 778.790872
1 547.164614 740.926665
1 580.804259 774.972813
1 571.280837 808.040818
1 550.143384 856.147293
2 370.044062 869.034862
1 555.563316 743.241922
1 560.830161 758.473398
2 403.734784 852.971067
2 353.949208 887.535252
1 527.639901 769.540820
1 430.813649 709.582249
1 336.530710 679.322286
1 503.573484 791.639651
1 586.761787 784.494263
1 607.211917 818.140003
1 548.180699 781.280216
2 445.778349 844.729068
1 590.486676 788.509914
1 554.365553 773.492339
2 411.144471 779.730843
1 402.018861 710.317095
1 543.932940 781.818371
1 562.684705 835.143186
1 552.021499 818.424457
1 410.183113 688.755544
1 569.794626 790.077965
2 434.927492 813.165542
1 446.731421 711.421249
1 562.039876 744.081030
2 354.920652 849.229922
1 621.071847 839.231585
1 582.526697 793.723679
1 526.743344 808.524538
1 594.746560 854.188154
1 603.732743 834.556590
1 536.597284 798.416629
1 552.852741 739.368922
2 403.798018 843.212098
1 563.931847 801.422859
1 489.906358 738.717394
1 463.580377 723.041663
1 451.785656 683.083339
1 511.282728 772.384393
1 520.279906 829.966725
1 587.129340 800.443547
1 579.854988 777.147156
1 572.559342 788.733344
2 371.968933 882.831306
2 383.532450 834.225272
1 543.402917 806.224938
2 416.660520 812.150569
1 572.195284 789.203499
2 387.927682 865.653316
1 415.342375 676.543946
1 648.880665 856.911541
1 395.913507 698.099318
2 419.813698 831.873408
1 601.819718 774.627020
1 569.417255 797.598838
1 464.663474 703.567813
1 609.382901 778.848894
1 430.887874 686.703721
2 367.938776 813.430347
1 588.131530 730.230992
1 545.168493 767.985967
1 552.040368 828.403827
1 582.938434 837.804261
2 430.889120 792.468609
1 417.359013 732.791625
1 549.586559 853.263028
1 558.588896 775.290807
1 612.803184 784.722698
1 408.835213 750.287769
1 542.795026 827.858394
1 597.824262 802.319633
2 455.871931 810.351769
1 545.572353 831.091303
1 492.516443 853.296464
2 348.647092 815.684885
2 421.441465 860.137804
1 571.532941 691.159172
1 334.763245 672.122389
2 345.398268 838.888426
2 357.842521 797.824561
1 580.738751 791.152859
1 578.911927 818.516398
2 380.563716 864.899280
1 545.312772 795.056076
1 507.092920 824.765171
2 456.622517 838.448339
1 609.535011 746.420422
1 377.597170 679.775273
1 519.224164 744.048382
1 578.938835 833.625626
1 572.944698 820.359675
1 601.808695 789.295999
1 531.195970 711.505198
1 583.715785 809.136178
1 577.038769 759.025403
1 588.005894 879.705565
1 378.942235 670.428539
1 533.292013 862.164439
1 592.837751 830.344889
1 580.069366 776.073455
1 569.245951 822.724642
1 495.559741 765.566413
1 588.539594 846.279365
1 392.774727 666.715197
2 413.801672 791.424506
1 436.015017 686.552707
2 425.216114 820.053046
2 425.667407 821.629123
2 422.100033 847.014027
1 627.846804 760.675065
1 419.638183 672.463017
1 404.279004 678.936502
2 338.681782 783.306219
1 539.704159 802.840055
1 367.023224 667.176352
1 510.172511 808.294666
1 606.109052 769.847326
1 506.018140 757.922674
1 375.987860 668.533681
1 575.085894 843.856078
1 588.558134 724.431789
1 580.292489 720.202754
2 400.463634 763.876643
1 606.685413 749.523491
2 405.152490 839.779585
2 435.664699 858.725685
1 389.498678 667.719091
1 395.999619 668.784367
2 433.931018 802.733750
1 564.808345 770.718275
2 423.013840 857.167016
1 581.075777 751.834240
1 581.229263 785.490526
1 585.581447 759.103082
1 561.787980 789.889379
2 413.441060 824.947884
1 519.228974 828.868356
1 571.310809 791.278986
1 574.504136 799.677988
1 545.604334 772.819674
1 583.749835 753.367649
1 560.334804 800.171031
1 571.696313 799.356252
2 407.895570 770.413465
2 429.483292 832.504764
2 414.562560 797.721088
1 574.951191 836.097905
2 361.203673 774.612973
1 421.230873 694.711421
1 621.691261 778.636682
1 475.092183 703.881051
1 576.658233 768.929970
1 335.784800 689.126470
2 396.844797 803.602902
1 572.033258 808.582524
1 409.021822 715.355836
1 571.296889 790.241733
1 629.112457 821.426825
1 361.258060 685.972032
2 407.859024 820.566116
1 630.792603 864.685319
1 397.194343 713.180180
2 397.855808 814.156571
1 470.673184 747.310164
2 378.925375 846.866684
1 557.630802 776.827551
1 450.975556 857.243374
1 601.835403 689.914081
2 358.223771 871.604822
1 455.248946 745.680563
2 339.247143 848.157928
1 584.729944 797.407590
2 345.611163 907.383780
1 405.988709 678.704738
2 488.855291 834.575581
2 397.316274 777.731099
1 549.049623 781.942936
1 607.833730 780.592169
1 624.925531 791.263469
2 368.994472 830.296144
1 529.535187 752.370534
2 413.286118 797.165973
1 560.225110 822.716731
1 602.412204 769.949595
2 368.444564 811.252860
2 442.976595 896.069245
2 377.958807 820.963626
1 442.304608 730.380846
2 440.132222 809.815682
1 400.824330 681.218685
1 345.962104 680.130413
2 420.753273 834.606942
2 384.940501 809.204163
2 384.645245 823.189882
2 412.458981 845.591128
1 423.651338 719.772825
1 517.098008 779.269239
2 373.700216 851.648999
1 516.671699 773.100728
2 425.208524 867.896133
1 590.476554 809.145962
1 614.884655 773.891612
1 577.445630 777.713888
1 571.134715 815.853009
1 563.514818 805.054966
2 361.286732 830.751609
1 603.373939 793.089449
2 411.764742 854.504240
1 584.443899 778.974065
1 591.703372 764.253174
1 345.016561 709.630644
1 603.973392 768.513517
2 422.855266 884.073131
1 570.372665 798.815885
1 599.858671 788.290720
1 413.721140 669.298202
1 560.744167 805.091660
1 586.800531 799.549204
1 635.392449 841.939667
1 619.303941 844.835168
1 525.083628 763.667173
1 542.021792 772.960072
1 553.972427 769.585171
1 580.174499 784.214448
1 579.036338 798.636204
2 391.898972 772.883098
1 487.457880 774.595265
1 821.036917 304.551643
1 821.918281 286.535242
1 827.008361 306.982318
1 819.703925 311.468283
1 802.629404 300.577595
1 839.125300 303.166866
1 819.550908 293.675277
1 823.128751 297.453261
1 816.029020 288.743721
1 823.478148 298.508401
1 821.751465 291.149601
1 818.087407 302.558102
1 815.426318 276.391480
1 825.283169 296.602609
1 820.312877 300.045297
1 819.187439 300.062221
1 804.173060 292.202385
1 820.927539 293.228590
1 828.970412 303.746897
1 820.841994 316.170513
1 815.418058 296.885520
1 819.024018 294.624643
1 831.099042 306.238499
1 818.992631 313.060734
1 839.922837 300.968418
1 814.089782 286.227806
1 814.952164 321.010370
1 825.252307 296.898763
1 803.852044 302.353583
1 809.983797 301.390875
1 831.735188 292.686087
1 805.251090 281.217554
1 834.640377 300.015460
1 819.206725 279.764840
1 803.484546 312.865743
1 821.588987 277.873229
1 817.297562 303.155753
1 826.184956 286.264424
1 824.185031 313.576147
1 870.541006 323.775336
1 828.507425 214.809186
1 804.815563 283.522194
1 819.539372 277.548690
1 807.673649 304.590700
1 841.000763 293.059593
1 829.048777 290.379043
1 797.443692 301.916815
1 809.596882 331.217662
1 838.196931 248.753767
1 886.309658 326.925761
1 855.337708 279.538945
1 786.777261 288.894157
1 911.693755 295.473898
1 902.660901 289.055673
1 798.594264 311.077424
1 840.277839 289.122158
1 819.305197 280.929406
1 791.200262 267.567914
1 850.127055 229.588835
1 853.735408 298.343963
1 753.781537 307.830788
1 831.124006 285.106901
1 919.271833 229.781322
1 831.347321 282.961287
1 812.614746 307.600742
1 823.489933 301.481280
1 828.668341 316.464410
1 821.659447 304.781410
1 806.919253 320.304853
1 794.856816 301.326520
1 809.751826 298.305015
1 819.533184 244.536699
1 811.589175 293.866118
1 766.399969 300.689135
1 808.807667 239.319128
1 831.991983 322.216645
1 753.547362 311.211504
1 812.277586 307.473878
1 879.476866 224.125071
1 805.969747 282.004123
1 856.917083 266.882249
1 796.778908 286.653270
1 814.673133 321.415123
1 825.548320 315.295661
1 941.405863 242.103312
1 812.035534 306.216357
1 805.605388 282.762374
1 827.929636 321.677602
1 844.064384 273.298082
1 783.517818 300.130629
1 795.299768 309.009579
1 842.610333 326.667499
1 875.329767 225.180541
1 812.096198 298.874821
1 818.920287 317.469711
1 810.414653 266.109704
1 816.045612 330.766000
1 875.081763 219.890342
1 862.368412 272.119954
1 848.512507 319.998032
1 808.743900 325.025279
1 800.874367 295.834890
1 868.615311 259.757940
1 790.384252 293.651886
1 799.685651 306.290789
1 870.071334 261.690202
1 825.352361 315.101811
1 827.860207 331.072618
1 845.088267 298.084406
1 823.533124 306.312954
1 778.843278 322.361214
1 820.651167 320.499563
1 762.991598 276.763506
1 843.117239 330.522675
1 887.109150 297.249502
1 868.693258 325.065403
1 861.048346 260.194670
1 855.061075 332.962301
1 782.585832 294.754720
1 879.205192 278.851332
1 858.258779 286.690909
1 758.894820 287.478919
1 855.901092 304.406484
2 840.676232 608.621616
2 852.475574 633.410839
2 846.066883 625.840064
2 851.954105 627.968782
2 854.026035 648.220403
2 839.991632 615.530566
2 853.077069 632.163393
2 838.369887 634.561641
2 841.955730 613.519406
2 866.584727 624.813974
2 828.963805 622.449259
2 852.416090 642.763955
2 840.738615 643.357703
2 843.478089 641.697435
2 838.721206 644.038280
2 859.753973 642.335668
2 853.881323 619.546542
2 850.632442 625.157595
2 853.359522 611.015333
2 850.418268 615.658842
2 858.067359 619.559308
2 857.351504 643.163369
2 850.318600 639.521488
2 835.521914 631.914579
2 850.077215 631.957816
2 856.027421 643.177058
2 852.373098 634.690302
2 851.245743 630.290808
2 836.293860 616.051164
2 853.265255 626.674026
2 848.812040 628.612968
2 850.192135 635.737483
2 849.995893 630.763458
2 846.559716 642.299393
2 834.979246 636.262926
2 855.763583 644.513919
2 846.730506 607.687930
2 856.436795 633.342058
2 852.717873 632.804110
2 842.090755 638.151091
2 850.444308 630.218780
2 850.868218 630.077384
2 841.498960 633.550477
2 831.691895 631.432495
1 808.927663 343.330958
1 810.853204 336.763384
1 779.724045 370.419521
1 858.246172 343.996625
1 819.991447 365.922010
1 810.958592 359.503785
1 821.386000 392.657483
1 859.290691 361.112627
1 829.891546 339.832622
1 861.432544 338.607736
1 766.559072 403.675910
1 868.000615 360.806673
1 772.971413 352.017243
1 864.944629 353.184976
1 846.267390 339.566762
1 787.568033 333.710886
1 925.740694 340.163885
