1 199.269705 173.437265
1 205.196307 190.114481
1 200.028815 178.904122
1 212.278736 161.253949
1 179.145205 192.423152
1 220.372450 167.082820
1 190.286978 163.249754
1 199.578806 182.418145
1 180.475691 186.882647
1 204.553109 188.063940
1 220.977149 175.115079
1 196.346362 175.409721
1 193.785615 175.874331
1 201.650211 166.035300
1 198.891638 173.225857
1 180.544847 186.930235
1 186.504118 179.103378
1 180.106523 173.681083
1 212.387992 187.255458
1 205.334414 178.161422
1 179.717881 187.837870
1 202.955266 172.699582
1 184.536981 177.049929
1 184.258736 186.863044
1 204.039642 182.773306
1 209.057956 178.535843
2 293.914801 136.273860
2 245.197685 60.614106
2 294.372177 189.389279
2 123.511157 300.565481
2 304.332227 62.381701
2 318.756259 57.705115
2 240.868928 171.431778
2 158.408097 123.982872
2 238.095347 173.144910
2 89.577762 289.336909
2 225.903249 289.597707
2 18.138077 109.929903
2 3.136457 219.714821
2 198.110545 10.437739
2 246.814734 268.601933
2 31.140934 115.490686
2 265.037625 240.178044
2 114.672760 10.294318
2 140.521718 239.398896
2 24.569977 251.627972
2 87.105782 18.602916
2 203.383335 10.801702
1 215.130369 132.130585
1 244.989865 192.522146
2 42.211486 158.236171
1 176.763084 211.576858
1 209.023866 204.127050
1 213.423470 180.088417
1 240.558924 190.683728
1 197.714648 227.348198
1 193.072441 175.197656
2 244.771437 229.846564
1 197.628327 215.276141
1 203.967629 193.090591
1 138.966253 187.866309
1 208.070288 179.092119
1 213.727129 108.078467
1 174.821610 189.632094
2 273.675696 211.139097
1 220.798535 195.440581
2 182.084570 124.846276
2 173.217160 155.455136
2 315.153855 145.842953
2 186.328068 199.203186
1 199.573122 208.112399
1 132.930842 205.353387
1 238.481048 148.697516
1 221.642614 204.001593
1 182.079092 226.927154
1 139.725111 142.503837
2 130.981314 164.430331
1 172.791247 194.976059
1 211.397801 178.057158
1 235.783330 214.324060
1 238.400673 90.866040
1 162.646142 246.589601
2 134.944724 264.917527
1 196.585206 164.714684
2 193.703133 214.555349
2 327.972111 159.628761
2 282.559393 161.695470
1 207.895337 168.896914
2 307.310905 180.175774
2 14.142363 254.942077
1 204.571527 155.342321
2 323.117704 181.954443
1 133.115278 163.696735
1 233.117372 156.555365
1 160.904228 207.100825
2 236.293250 206.951865
2 180.308917 285.805132
1 207.819456 158.069267
2 43.777061 105.647955
2 321.989519 72.529580
2 314.622068 182.242064
2 173.947899 175.112295
1 173.950571 197.343169
1 260.360218 194.805814
1 179.220621 144.567437
2 171.244360 543.570455
2 215.846863 380.439899
2 176.469311 624.306723
2 142.015951 484.013842
2 162.585077 510.800457
2 28.754951 434.886062
2 258.849622 571.780342
2 285.577834 399.682199
2 243.642724 359.433039
2 206.003233 444.655875
2 119.399959 429.388510
2 73.254313 598.941207
2 134.954239 645.637362
2 175.878546 664.310229
2 237.418300 655.646256
2 114.529084 653.517457
2 224.492489 645.869464
2 314.373559 664.890834
2 160.874871 588.063591
2 193.688447 610.559028
2 27.786122 366.473871
1 306.089502 663.592731
1 145.030728 772.537774
1 126.746203 786.033927
1 152.529190 780.121808
1 145.163527 789.729331
1 147.016255 764.763246
1 140.785421 784.378476
1 129.883861 767.236260
1 162.035259 791.309183
1 143.341848 761.361544
1 157.305392 776.514772
1 147.551750 782.847987
1 146.637271 794.320656
1 144.572743 765.796607
1 145.398130 795.977175
1 137.038868 779.913534
1 148.886593 775.785309
1 172.323697 786.749599
1 143.634279 768.792677
1 171.706840 790.920699
1 154.831874 780.177508
1 165.169143 762.646692
1 164.121171 782.791520
1 131.403224 778.324781
1 156.685346 781.153872
1 144.954823 801.106475
2 45.445622 846.788738
2 314.745031 695.223919
2 278.842459 682.923933
2 235.255087 804.442660
2 25.964187 815.865713
2 66.431093 926.363874
2 168.179667 893.592700
2 155.089063 886.894080
2 206.757819 820.565459
2 95.990597 827.499648
2 251.927141 815.949635
2 109.632884 844.386862
2 186.317673 845.551338
2 54.460575 712.218472
2 132.847880 719.890740
2 78.445487 880.182434
2 292.569065 875.351900
2 220.896155 780.755048
2 226.403043 685.907170
1 111.029483 780.550012
1 113.011420 811.405383
2 166.074127 725.486016
1 150.384504 734.563794
2 277.135598 865.785022
1 197.362042 824.305802
2 139.211573 899.022188
1 164.157486 820.821735
2 311.151435 780.095882
1 152.873567 795.240634
2 27.648190 871.419987
1 135.466039 791.808891
2 177.241073 673.115006
1 147.598608 823.026343
1 144.309389 748.619211
1 189.600402 783.066331
1 139.108591 776.622280
2 6.827756 820.485478
1 131.868061 780.941958
1 144.061615 776.457576
2 190.029842 777.930290
2 107.608451 839.621202
2 218.723752 771.068211
1 118.851322 771.845756
2 76.516822 803.631961
1 150.299793 774.291056
1 143.479023 789.053897
1 188.060290 762.088709
2 65.745214 792.493530
2 195.540645 860.042121
2 200.224662 775.521427
1 192.394454 840.436508
1 157.949478 766.330586
2 196.946167 894.633325
1 146.258130 760.493985
1 150.254548 734.876894
2 102.535912 877.669645
1 145.593645 787.022346
2 253.580108 698.781657
1 176.006333 749.209828
1 162.396136 865.280451
1 122.485770 845.083234
1 189.424609 775.610726
1 86.052513 726.340473
1 166.086823 735.895747
2 217.346564 772.917870
1 61.041912 739.756527
2 223.104847 876.106402
1 150.058383 790.084338
1 147.340683 789.523113
1 138.521606 781.095272
1 114.650303 760.875541
1 147.962714 781.711379
2 188.172148 844.972972
1 175.824735 765.155205
2 87.075187 770.497487
2 99.014759 847.934191
1 112.168382 700.120604
1 322.806886 702.474777
2 239.814506 695.158053
1 93.229447 803.241901
1 132.670705 748.848080
1 165.230707 749.365581
1 189.057400 761.571023
1 113.035028 810.636315
2 204.800502 773.198696
1 134.226727 726.746802
1 122.288241 746.150076
2 308.228711 727.372709
2 247.999300 718.129405
1 135.266994 748.893796
2 129.158048 883.080897
1 141.828940 804.791334
2 328.474728 726.261383
2 128.104216 929.951498
1 121.054103 820.581055
2 312.233177 721.902452
1 178.668210 720.405307
2 176.904481 725.315668
1 152.980354 820.749757
1 136.796987 777.155615
1 170.627609 749.306358
2 349.778605 9.205542
2 589.443399 329.344407
2 581.120796 112.089809
2 665.653347 275.935088
2 363.834378 164.526498
2 647.042743 256.695106
2 527.996854 292.824059
2 666.366008 82.483431
2 649.420891 250.178670
2 429.921659 60.700783
2 442.269964 137.611678
2 578.546029 74.844074
2 340.834231 314.390766
2 608.180601 176.614387
2 584.759719 8.514276
2 406.604858 243.912258
2 393.617551 91.206526
2 530.761359 200.478255
2 371.782737 51.913341
2 444.498006 305.325461
2 459.060437 293.612571
2 414.947862 105.188660
2 353.917384 269.237861
2 387.903497 249.781505
2 648.730117 333.260990
1 405.111228 654.743552
1 414.979481 651.653271
1 403.504982 652.571265
1 390.688447 647.845610
1 405.143784 645.741016
1 408.363581 655.378863
1 387.102474 631.882672
1 412.893603 637.657770
1 405.531501 633.996536
1 408.893194 651.784645
1 398.156383 646.538719
1 397.339133 647.323642
1 395.364842 649.921690
1 398.053061 653.189044
1 406.456430 640.285232
1 380.873523 652.353149
1 400.504314 653.885126
1 421.667448 648.733453
1 422.983944 640.758248
1 380.384746 651.717041
1 411.925322 644.440037
1 406.652711 633.066539
1 394.377634 647.022654
1 394.835188 662.032331
1 402.283887 655.352194
1 414.147286 642.437744
1 394.118353 663.469716
1 393.106662 639.004447
1 411.733015 641.469493
2 554.207542 524.403726
2 422.263068 585.874800
2 545.309700 599.809725
2 409.899350 583.813836
2 638.136057 382.283967
2 337.238754 627.361551
2 421.769390 657.734760
2 567.767176 623.068481
2 531.947152 538.399774
2 414.301767 487.742486
2 346.897906 350.992522
2 603.739266 638.164720
2 501.170248 578.989438
2 493.003781 406.135317
2 439.302773 543.991638
2 622.657885 589.764738
2 651.343269 665.120359
2 400.695022 591.662895
1 432.830225 593.477231
2 429.955181 587.269194
2 406.214500 598.044968
2 431.117095 532.268096
1 415.759439 665.264822
2 441.505145 493.078337
1 425.447543 625.331480
1 444.455614 624.154505
1 425.059610 662.326911
1 443.868898 633.278669
2 447.494345 620.899637
1 387.084008 660.988855
1 407.715634 639.154004
1 410.003616 634.514696
1 336.019740 656.652600
2 418.683929 583.683814
1 377.187106 635.368326
1 396.232244 599.785006
1 438.180030 578.218121
2 451.914016 551.096164
2 445.874127 572.061177
1 400.209929 649.595186
1 466.036066 652.027340
1 416.398801 657.462332
2 393.198996 601.075924
2 429.634074 582.954270
2 469.778591 621.394019
1 393.970987 635.254384
1 377.072337 642.472566
2 424.870693 540.796131
2 421.523659 580.471147
2 402.650445 599.976567
2 462.384613 541.631331
2 375.672678 625.140012
1 346.511947 653.979636
2 391.107371 622.082996
1 369.519894 655.757594
1 377.810233 610.138614
1 374.994226 648.153621
2 431.724138 546.279056
2 355.999424 628.014576
1 362.962317 644.827425
1 409.182290 657.807656
1 430.584212 661.734902
1 378.336417 660.911908
1 361.953609 661.403490
1 377.090291 661.258456
1 397.832284 631.866659
2 465.509195 644.991091
1 426.535703 590.373692
2 436.194918 639.117711
1 350.550705 659.967135
2 395.582983 663.408452
2 420.508293 649.195412
2 396.009161 569.114270
1 417.446557 653.796406
2 364.275660 621.330915
2 404.295393 591.121690
2 376.537003 621.389949
1 426.288688 636.753736
1 403.396633 626.563392
1 406.750612 634.741414
2 459.449223 600.639311
2 371.960927 597.522198
2 432.715357 658.553349
1 373.785004 656.070953
2 389.013389 613.058312
2 377.090065 619.308494
1 415.822759 652.440916
2 430.270566 548.533584
2 427.307492 534.750515
1 395.363478 643.903035
1 392.554624 651.937296
1 396.048668 636.537446
2 387.735343 644.710495
1 428.558486 657.274230
2 413.632184 633.363936
2 404.236935 574.727322
2 547.615342 584.136224
1 418.864820 624.471127
1 375.046895 662.921183
1 443.698588 654.903655
1 436.016989 627.739110
1 373.645884 607.540854
1 357.502338 616.143391
1 358.088747 663.023304
2 443.724957 529.423748
1 372.739692 627.859776
2 453.978707 546.903589
2 472.487260 591.540532
2 400.127709 641.281563
1 377.776258 609.051894
1 415.760449 644.067681
2 460.336718 657.170126
2 414.913678 608.468220
1 442.163683 661.860388
1 417.805426 647.254836
2 428.248728 564.721709
2 439.924479 640.183636
1 411.668134 668.368042
1 591.487549 810.596792
1 562.838830 823.133327
1 581.619194 791.499844
1 569.393378 799.362321
1 575.479506 794.895237
1 550.314057 812.352350
1 585.959880 788.115219
1 564.241788 810.020203
1 553.192257 793.616418
1 549.161840 788.600295
1 576.727973 810.336564
1 553.858209 800.021254
1 548.627846 793.185977
1 562.278597 797.613960
1 566.964520 801.578735
1 572.089694 783.789241
1 570.978102 799.174940
1 575.887485 815.058752
1 574.647485 814.706093
1 562.839817 799.521881
1 565.419632 797.485520
1 555.859829 792.941726
1 586.486928 795.935543
1 569.199946 795.767835
1 580.041311 806.092403
2 436.675419 920.930438
2 601.527925 716.441812
2 373.322691 854.021838
2 574.700117 858.400583
2 610.104511 840.210379
2 659.645040 947.878012
2 526.803464 864.987154
2 486.398273 802.952947
2 349.544459 746.803773
2 381.538185 894.107693
2 339.589366 723.918474
2 382.367949 691.752045
2 408.423329 772.895511
2 650.792042 795.792364
2 520.087113 997.883590
2 496.779949 667.697406
2 447.291469 719.800295
2 473.722511 702.352219
2 648.836860 787.895538
2 572.124382 759.782192
2 542.324607 680.102779
2 622.243191 962.189270
2 524.971951 840.720524
2 583.814646 844.751735
2 616.138961 886.174952
2 406.290543 694.818492
2 373.534592 668.287152
1 594.048682 802.893473
1 623.809953 749.164161
2 641.550260 905.256946
1 560.994510 742.786951
1 406.338379 701.110157
1 545.340975 804.781266
2 526.500947 696.804679
1 553.710427 783.638784
2 384.213307 692.123832
1 350.697049 696.191210
1 612.464619 789.484158
1 546.780844 839.706698
1 561.962087 768.605704
1 533.759307 813.278865
2 517.033686 837.101992
1 417.754941 673.053353
1 511.213862 778.535110
2 619.399240 675.300656
1 543.144984 762.395436
1 547.422256 804.082055
1 396.294625 697.403769
1 601.335396 844.555631
2 614.034409 692.918586
2 425.513507 807.078721
1 553.339097 788.233346
1 561.889717 797.282685
1 577.933740 810.732876
1 560.998971 816.668997
1 599.768915 756.422166
1 564.658702 802.488081
1 583.482269 753.314522
1 423.942332 676.665707
2 403.715951 699.097064
1 563.508522 798.415178
1 601.430184 810.471663
1 558.918606 777.911297
1 616.458776 783.130188
2 608.790241 841.492479
1 540.526553 742.309601
1 559.622092 765.610644
1 562.930021 768.586251
2 481.170672 847.408142
2 391.645792 766.000170
1 609.823869 769.302911
2 450.595027 802.750958
2 420.780437 708.105013
1 579.949629 797.559216
1 617.234196 778.934730
1 603.180422 831.849060
1 596.829763 773.931591
1 394.610562 716.167491
1 396.050285 687.246885
2 465.711172 719.440724
1 519.644052 759.973332
1 416.535466 696.792285
1 540.238889 784.342765
1 587.897532 803.888174
1 600.524873 765.282316
1 385.845709 685.704220
1 582.180815 804.540536
1 420.890215 707.645383
1 575.358222 801.924330
1 619.047968 759.668749
2 600.905132 844.387375
1 497.904428 813.635697
1 542.390610 810.327432
1 381.729802 678.836783
1 377.836843 688.969368
1 452.928845 675.676701
2 620.216254 846.791118
2 575.288081 704.208745
2 352.785640 677.294519
1 640.847486 839.629588
2 589.327346 861.328133
2 426.658544 777.208831
2 551.133229 826.163800
1 587.750540 881.467257
1 592.936152 768.649860
2 457.592382 712.576215
1 609.810695 782.692903
2 648.557068 868.685689
2 353.203093 680.887693
1 384.314217 707.170039
1 590.701308 781.347298
1 381.403801 717.891639
1 577.657975 806.848836
1 343.436078 690.768294
2 478.271098 697.390708
1 385.150735 676.476226
2 383.451454 803.070537
1 427.082224 669.135906
1 597.334019 790.565347
1 568.230132 800.698971
2 516.380516 888.058492
2 423.852617 795.531548
1 402.904760 692.944680
1 566.959545 805.793613
1 402.858244 684.440938
2 442.341248 780.989666
1 592.061004 802.551614
1 553.755126 748.777978
1 457.656359 685.720359
1 550.284785 741.605461
1 432.844559 716.071151
2 609.508265 822.756179
2 501.417534 720.049641
2 476.836515 738.308714
1 371.910990 720.812815
2 626.674913 699.194711
1 597.854268 807.281310
1 591.596047 754.071801
1 370.824441 682.073773
1 352.400274 682.924740
2 503.991996 823.743592
1 584.584867 813.197587
1 579.381731 779.685516
2 634.242664 853.702246
2 435.495080 758.105797
1 581.802777 768.927810
2 391.724813 710.248671
1 582.706965 783.424048
1 395.516741 722.737109
1 531.419608 827.714481
1 412.719160 697.782187
1 538.464083 791.659306
1 369.771057 767.031183
1 592.238218 800.503549
2 349.275155 680.339983
2 383.104003 701.953887
2 334.779401 704.670996
2 427.163549 941.427287
1 409.971148 725.884882
1 549.497349 780.474395
2 604.592721 704.301981
1 545.301727 821.608748
1 576.096787 776.518495
1 563.696400 806.246689
1 612.374868 790.807262
1 592.970381 886.621109
1 333.335877 702.591688
2 634.691328 717.494186
2 530.475283 825.116106
2 578.695277 863.053180
1 598.994367 792.081424
1 443.771295 711.517052
1 361.866050 704.913549
1 544.507477 856.870453
1 527.677395 789.312332
2 422.413489 688.658858
2 621.044911 887.354508
1 587.506659 849.796029
1 425.267543 722.506578
1 349.473784 678.751048
2 632.573987 778.448559
1 540.235416 767.845708
1 633.039651 832.081927
1 601.903345 797.885850
2 500.725568 870.865315
1 510.254455 742.849822
1 612.130630 914.598504
1 570.871003 788.662983
1 419.230434 721.446564
1 371.525200 676.085437
1 562.132036 821.102245
2 482.574581 838.991880
2 367.824295 759.784416
2 625.255110 841.693309
1 598.085557 744.382461
2 354.592047 699.513561
1 570.485919 775.917457
1 657.133762 770.803119
1 613.247618 794.467076
2 651.812436 854.371010
1 556.565085 779.698409
2 432.718577 710.179599
1 425.968229 714.789268
1 582.942603 821.989069
1 388.823053 705.065661
2 619.369830 850.902214
1 628.982977 737.846692
2 521.177327 920.070285
2 585.421794 861.047791
1 825.323420 313.131564
1 817.333145 301.770809
1 814.043604 287.613507
1 833.030645 316.684872
1 831.667684 295.476292
1 814.058431 301.075981
1 834.044190 283.999700
1 827.473053 308.571495
1 819.691371 300.488439
1 807.626186 302.934711
1 826.779512 299.570688
1 818.328382 301.953430
1 821.461269 298.275657
1 809.734327 290.916042
1 799.208382 306.913418
1 827.960425 295.295719
1 822.190965 301.146311
1 824.871657 302.618242
1 822.031434 305.360813
1 820.658663 284.509079
1 817.915434 307.558264
1 838.150705 307.822859
1 817.894563 302.926957
1 825.397005 287.726416
1 824.072163 310.451970
1 820.862003 300.408726
1 818.762404 303.936763
1 829.669497 290.198884
1 820.978513 300.690964
1 843.686914 295.652230
2 722.194114 196.170142
2 799.967573 112.965367
2 755.215109 262.818065
2 967.740334 176.295514
2 847.526756 47.555112
2 896.554048 172.220755
2 882.950573 98.002196
2 777.515608 169.121337
2 830.285743 135.188482
2 995.768737 265.352777
2 792.672124 105.940476
2 786.455709 275.805450
2 909.989381 231.012482
2 721.232896 113.150164
2 850.339335 302.945682
2 955.189126 119.127902
2 923.431828 272.093459
2 921.373790 74.377634
2 700.217118 149.705557
2 826.266588 220.737925
2 746.763665 98.818846
2 942.296089 88.085685
2 992.212422 18.595498
2 961.750529 170.609145
2 747.794707 283.159653
2 743.638688 290.934731
1 803.823438 287.751015
1 886.913985 323.759365
1 860.466809 319.757311
2 783.176644 255.955670
1 826.022990 276.330217
1 827.318998 313.308494
2 912.287232 251.660108
1 812.274952 328.684211
2 769.384242 174.099349
1 858.656034 258.472782
2 749.710131 304.120970
1 803.313008 313.049448
2 871.224420 177.704703
1 903.235771 322.440698
2 906.435462 218.735613
1 835.641700 287.243854
1 843.544292 300.879406
1 874.812749 299.526671
1 825.611047 312.788722
1 805.871325 274.883923
1 842.263065 247.749162
2 823.518724 295.929697
2 797.693474 130.153496
2 778.477057 246.211555
1 769.810477 254.595167
1 788.409809 322.025800
2 749.340709 301.612731
2 752.493553 281.666341
1 828.459433 292.477644
2 761.982135 224.730375
1 836.830504 309.333208
2 794.313309 272.530479
2 801.183097 285.103022
1 855.057596 274.375390
1 795.605261 280.130721
2 785.198562 262.640295
1 811.557742 313.199229
1 839.635827 274.512448
2 779.587697 254.698901
1 801.282558 308.660451
2 887.891009 315.888074
1 861.137904 286.713990
2 828.014718 117.366411
1 817.904749 241.247874
2 807.485994 292.639642
1 889.981323 229.706101
1 834.143486 315.877778
1 792.534752 284.983362
1 846.145523 319.956433
2 764.030022 211.863283
2 753.677484 180.161084
1 781.666746 317.201825
2 739.882224 333.233040
1 851.176445 289.102568
2 739.810004 296.592803
1 840.927580 271.867633
2 985.842078 248.393578
1 813.569903 248.041715
2 975.128432 318.807212
1 819.875027 273.810712
1 777.264375 284.037402
1 884.307201 314.723635
1 871.859084 327.502242
2 979.540953 216.316079
1 782.470139 315.382830
1 820.055008 277.316016
2 851.564164 145.369003
2 746.419653 308.759964
1 780.348837 250.281174
1 836.930263 286.192958
2 815.763272 212.595368
1 803.094489 286.941821
1 800.574634 252.124287
1 828.131638 246.976707
1 787.649771 285.261580
1 793.806459 286.856596
1 803.121743 244.295419
1 817.229663 301.576232
2 769.018346 294.806755
2 794.396017 245.597936
1 780.009286 281.104344
1 912.448337 238.741554
2 898.600168 540.882315
2 677.775509 342.930127
2 867.559483 627.575568
2 910.013623 458.782088
2 968.121624 355.378469
2 909.437058 404.824141
2 921.326964 580.380160
2 857.254788 594.139169
2 977.632657 440.842494
2 720.361765 580.513346
2 772.892698 525.418582
2 958.985674 356.512416
2 952.169677 569.099599
2 813.839232 641.817628
2 922.861860 409.129112
2 921.044725 367.612915
2 710.275476 501.749901
2 821.702857 505.467745
2 923.699222 340.109950
2 857.317670 417.800218
1 824.479143 351.860172
1 809.725212 361.847031
1 850.213397 357.172229
1 819.525157 335.628214
1 846.223219 421.713983
1 855.288702 347.043810
2 923.406571 376.829062
1 786.358472 342.605687
2 917.512355 415.348929
1 839.859400 345.943585
2 959.523380 364.419312
1 828.413040 336.259086
2 942.586550 387.011294
2 753.428520 353.408939
2 844.314417 466.584245
2 735.475147 650.816597
2 730.879782 942.588539
2 817.317326 740.240759
2 728.193996 675.485181
2 676.107195 838.903866
2 836.032604 668.933878
2 977.535892 947.458170
2 906.207141 929.633314
2 841.109441 723.509132
2 981.902447 834.698518
2 864.426634 915.553717
2 761.362816 885.111847
2 693.274694 781.004788
2 666.953286 932.102326
2 741.835712 871.078402
2 780.253001 708.401185
2 806.801612 766.132397
2 926.771272 907.303573
2 702.017111 801.039020
