1 199.269705 173.437265
1 210.114308 186.948301
1 205.196307 190.114481
1 201.889364 166.244283
1 200.028815 178.904122
1 188.380839 167.329228
1 212.278736 161.253949
1 195.050289 171.076614
1 179.145205 192.423152
1 203.705688 176.662764
1 220.372450 167.082820
1 190.286978 163.249754
1 191.860712 185.192797
1 199.578806 182.418145
1 186.174945 200.079040
1 180.475691 186.882647
1 196.939850 198.505773
1 199.999612 180.015226
1 196.346362 175.409721
1 193.785615 175.874331
1 201.650211 166.035300
1 198.891638 173.225857
1 180.544847 186.930235
1 186.504118 179.103378
1 180.106523 173.681083
1 212.946587 178.048028
1 209.544623 167.571960
1 205.334414 178.161422
1 212.620355 185.058393
1 188.913952 189.585743
1 204.101071 172.079548
1 179.717881 187.837870
1 214.856571 170.711981
1 202.955266 172.699582
1 184.536981 177.049929
1 184.258736 186.863044
1 194.252804 187.623283
1 201.516642 175.161366
1 221.555916 184.444234
1 209.057956 178.535843
1 198.418725 169.288476
2 147.719864 139.178096
2 293.914801 136.273860
2 171.706898 110.554810
2 245.197685 60.614106
2 247.747488 300.629079
2 304.332227 62.381701
2 318.756259 57.705115
2 240.868928 171.431778
2 158.408097 123.982872
2 238.095347 173.144910
2 6.988644 146.061295
2 317.447416 179.969107
2 89.577762 289.336909
2 225.903249 289.597707
2 3.136457 219.714821
2 129.998060 280.385958
2 198.110545 10.437739
2 31.140934 115.490686
2 265.037625 240.178044
2 114.672760 10.294318
2 140.521718 239.398896
2 24.569977 251.627972
2 87.105782 18.602916
2 43.050257 221.951458
1 220.685658 136.426158
1 170.667164 186.349908
2 49.036032 274.044670
1 216.075853 178.842058
1 233.771380 151.912067
1 154.152250 179.066377
1 213.003550 167.042415
1 234.523562 192.885130
1 188.574070 190.988351
1 202.937570 159.873882
1 218.666954 189.770961
1 230.038357 184.136483
1 163.018458 190.732707
1 204.106841 182.309301
1 187.270033 124.180044
2 143.186733 277.851892
1 184.172371 207.881665
1 195.231933 176.534195
1 175.796425 132.209257
1 157.517654 154.969903
2 8.445664 215.903137
1 168.693546 190.355500
1 115.881953 163.979274
2 134.777376 122.310208
1 159.747628 197.419310
1 164.604386 145.560656
1 201.168578 136.124158
2 247.467928 185.918635
1 224.472615 133.286353
1 184.648597 157.258399
1 224.020557 97.501994
1 169.922955 147.606561
1 181.046494 136.867172
1 214.530993 130.588579
2 260.569817 219.014774
2 145.082213 280.809287
1 188.089421 173.096332
2 278.806561 149.848223
1 236.610595 154.605955
1 176.794912 99.306905
2 55.120789 260.110338
1 190.825469 149.903438
1 199.312541 189.664202
1 197.390267 157.196532
2 50.974119 246.867650
1 192.782467 179.444818
2 204.337330 17.461915
1 193.489001 187.859263
1 200.714870 169.161323
1 196.907976 189.879485
1 183.922879 214.450899
2 248.521565 288.995822
2 281.157232 238.170155
1 250.572048 248.403315
1 253.014158 167.885914
1 208.183052 234.266175
1 241.213714 172.586286
1 200.028022 125.117149
1 175.970564 189.864608
1 248.617394 223.149297
1 205.250029 194.217790
1 207.217693 120.458737
1 216.872352 151.634477
1 166.655544 128.693751
1 209.393534 146.336290
1 181.961725 131.772043
1 166.832727 190.527657
1 190.490903 220.167298
1 199.448932 158.644614
1 163.087614 190.780295
2 114.590203 237.571714
2 150.743751 90.424914
2 298.754022 253.008323
1 161.734653 137.080322
1 195.004958 206.393073
2 143.767748 117.268759
1 182.424339 176.594171
1 183.837226 174.875982
1 169.939188 143.706852
2 184.104543 134.979902
1 197.064225 132.368396
2 235.099095 169.309241
1 185.939593 152.158131
1 130.933682 143.129706
1 215.454712 139.775089
1 177.546131 147.287109
2 309.848581 198.272196
1 237.450915 139.171441
1 248.585377 161.368465
1 177.718631 108.493414
1 199.733347 187.261283
1 171.233194 100.003270
1 196.563301 158.104167
1 244.691045 169.894194
2 232.096980 303.597740
2 131.094557 140.089058
1 206.652178 142.425965
1 201.073191 229.060494
2 238.214522 243.021247
2 166.940341 121.370385
1 183.479240 142.107485
1 201.067629 227.485775
2 193.095605 197.466930
1 221.893899 201.358770
1 159.730725 188.135970
1 246.578409 203.985356
1 267.189537 133.596339
1 208.262862 224.402082
1 180.570319 137.153343
1 143.916240 186.928781
1 205.037379 120.716220
1 135.789481 124.545305
1 169.403519 185.603522
1 217.604511 226.216247
1 206.732091 207.079598
1 204.289243 192.285362
1 183.550828 207.521457
1 208.611384 201.136244
1 165.198997 134.155630
1 183.074328 218.338200
1 240.787676 151.062405
2 243.516705 283.015907
2 123.420387 208.213121
1 200.091612 212.407101
1 197.026455 142.596021
1 245.610571 196.725990
2 259.206035 156.407705
2 155.184532 116.778009
1 195.841918 173.312121
1 160.379301 193.345141
1 175.736405 187.976753
1 160.057094 218.184643
1 247.118956 136.080096
1 180.101074 228.627169
1 248.766638 170.708671
1 177.330789 167.448619
1 209.213380 190.437784
2 171.244360 543.570455
2 153.389716 641.988353
2 215.846863 380.439899
2 197.668517 576.454287
2 176.469311 624.306723
2 28.754951 434.886062
2 258.849622 571.780342
2 28.433730 395.907137
2 285.577834 399.682199
2 243.642724 359.433039
2 206.003233 444.655875
2 73.254313 598.941207
2 99.191083 646.504344
2 207.408084 475.388057
2 64.058396 356.089921
2 34.358582 649.994461
2 114.780486 657.884101
2 271.465204 388.013423
2 171.394322 620.309737
2 40.722978 640.512328
2 172.340884 629.175796
2 267.732181 420.237839
2 201.182744 594.709940
2 329.799792 641.761589
2 272.286302 565.528742
1 145.030728 772.537774
1 126.746203 786.033927
1 143.108860 781.374177
1 154.390032 786.035741
1 152.529190 780.121808
1 145.163527 789.729331
1 147.016255 764.763246
1 140.785421 784.378476
1 149.145823 789.074265
1 164.059055 789.500816
1 129.883861 767.236260
1 162.035259 791.309183
1 157.305392 776.514772
1 148.994945 781.462857
1 139.319658 769.947154
1 150.635253 800.337475
1 139.604911 775.162807
1 161.454364 774.691989
1 130.097206 782.724603
1 146.637271 794.320656
1 165.210033 792.478869
1 145.398130 795.977175
1 137.038868 779.913534
1 148.886593 775.785309
1 154.683136 787.143884
1 151.684056 759.675614
1 141.519321 797.625571
1 172.323697 786.749599
1 143.634279 768.792677
1 171.706840 790.920699
1 150.302771 764.452877
1 154.831874 780.177508
1 165.169143 762.646692
1 139.070384 777.583477
1 164.121171 782.791520
1 131.403224 778.324781
1 142.264031 791.512781
1 156.685346 781.153872
1 168.558070 768.279076
2 45.445622 846.788738
2 278.842459 682.923933
2 235.255087 804.442660
2 25.964187 815.865713
2 66.431093 926.363874
2 226.630879 780.766078
2 168.179667 893.592700
2 155.089063 886.894080
2 206.757819 820.565459
2 95.990597 827.499648
2 100.781039 780.964956
2 251.927141 815.949635
2 97.995087 682.932946
2 109.632884 844.386862
2 186.317673 845.551338
2 54.460575 712.218472
2 132.847880 719.890740
2 251.392151 680.540094
2 92.891069 894.358573
2 78.445487 880.182434
2 292.569065 875.351900
1 163.655930 820.515219
1 209.294581 753.765114
2 131.199241 748.510771
1 91.472475 751.288099
2 284.785680 683.263713
1 158.558429 720.025145
2 102.889649 858.668771
1 136.906148 815.993213
2 186.298543 877.078927
2 234.459716 834.661873
1 130.638085 831.747294
1 157.032872 813.375181
1 132.330025 787.944710
1 151.858741 755.969237
1 129.860096 775.960961
1 157.092057 814.200517
1 148.293083 757.743499
1 156.545622 748.421734
1 146.665925 759.029600
2 138.105383 694.668123
2 313.874754 731.743626
1 189.413215 753.885383
1 166.339968 793.850006
2 209.624798 821.192639
1 166.460735 781.889601
1 133.761092 782.688633
2 251.673743 850.118388
1 159.861349 783.869880
1 136.574677 836.585960
1 124.671817 810.575300
1 122.294058 797.964335
2 124.420653 688.334436
1 189.863568 793.455169
1 121.946663 767.713306
2 288.607585 743.744601
1 139.922546 727.349250
1 139.718908 791.937901
1 152.938537 779.866750
1 152.322190 799.754479
2 155.459045 710.231862
1 141.959749 751.322489
1 187.682736 793.953044
1 135.546854 759.894840
2 182.649417 873.721491
1 202.437868 783.204838
1 112.682018 758.617514
1 175.142591 841.275708
2 57.788861 898.762773
1 150.664128 740.133290
2 279.230630 770.022076
1 151.279290 752.570456
1 121.223471 790.077085
1 155.311820 775.466322
1 140.212999 836.468178
1 153.293936 782.128617
1 201.862219 744.880232
1 137.746489 726.685096
1 143.922882 759.830989
1 95.565978 712.497216
1 179.659573 760.218598
2 228.911792 785.115268
2 22.458261 828.282223
2 72.446297 833.673509
1 216.858108 801.922371
2 122.370353 818.180736
1 200.145955 774.205742
1 140.869262 808.302350
1 188.243094 748.195082
2 252.435392 784.720431
2 77.809246 687.768666
2 189.171335 835.988588
1 129.618087 863.903021
1 145.572874 789.474273
2 116.839954 843.072673
1 246.385061 750.199676
1 141.225327 815.576349
1 157.793721 760.324363
1 153.185555 842.098298
2 209.860108 888.240451
1 203.647982 722.086440
2 41.920430 759.541135
1 128.410178 792.689477
1 158.930770 777.902213
1 167.456935 743.233679
2 301.395401 746.377419
1 214.654841 842.225939
1 195.493970 774.496522
1 127.160941 756.322125
1 243.706804 746.366935
1 113.031240 746.707336
2 349.778605 9.205542
2 605.066590 47.788371
2 589.443399 329.344407
2 581.120796 112.089809
2 665.653347 275.935088
2 363.834378 164.526498
2 647.042743 256.695106
2 527.996854 292.824059
2 429.921659 60.700783
2 442.269964 137.611678
2 578.546029 74.844074
2 463.885595 159.578450
2 340.834231 314.390766
2 608.180601 176.614387
2 581.659812 104.667085
2 584.759719 8.514276
2 393.617551 91.206526
2 530.761359 200.478255
2 390.672135 228.799509
2 623.500289 78.874461
2 371.782737 51.913341
2 402.867411 243.143525
2 444.498006 305.325461
2 367.375395 24.043710
2 398.459986 216.726490
2 476.077553 18.609416
2 554.181598 18.004702
2 533.861292 2.419876
2 651.983837 237.989300
1 382.260213 656.654334
1 400.060358 664.114563
1 405.111228 654.743552
1 414.979481 651.653271
1 403.504982 652.571265
1 390.688447 647.845610
1 405.143784 645.741016
1 397.298582 643.386521
1 399.545928 650.646476
1 408.363581 655.378863
1 407.056579 652.214464
1 387.102474 631.882672
1 385.087245 644.224714
1 405.531501 633.996536
1 397.339133 647.323642
1 399.327124 649.262928
1 400.506485 650.383943
1 395.364842 649.921690
1 398.053061 653.189044
1 394.188539 646.559336
1 398.752565 649.912308
1 406.456430 640.285232
1 397.868197 650.876934
1 400.504314 653.885126
1 421.667448 648.733453
1 422.983944 640.758248
1 380.384746 651.717041
1 392.518443 649.812297
1 411.925322 644.440037
1 394.418308 649.889421
1 406.652711 633.066539
1 394.377634 647.022654
1 394.835188 662.032331
1 395.472651 631.200161
1 402.283887 655.352194
1 414.147286 642.437744
1 412.439738 656.811921
1 394.118353 663.469716
1 402.351592 650.678890
1 411.733015 641.469493
1 401.110278 649.500800
2 455.653924 403.258451
2 363.487086 575.203866
2 554.207542 524.403726
2 407.654692 539.267475
2 422.263068 585.874800
2 545.309700 599.809725
2 409.899350 583.813836
2 569.053141 516.305782
2 472.503920 468.156992
2 638.136057 382.283967
2 337.238754 627.361551
2 421.769390 657.734760
2 531.947152 538.399774
2 414.301767 487.742486
2 346.897906 350.992522
2 515.624875 369.475080
2 603.739266 638.164720
2 501.170248 578.989438
2 493.003781 406.135317
2 439.302773 543.991638
2 622.657885 589.764738
2 624.977644 549.091301
2 418.523773 349.099599
2 356.809001 521.837604
1 386.331108 648.343120
1 429.136192 647.483452
1 354.452244 634.889466
1 383.171447 615.403509
1 383.818089 652.270963
1 384.271262 662.633555
1 422.522937 642.496392
1 373.515786 651.994377
1 394.101701 639.995852
1 449.475545 646.732812
1 420.208460 628.705230
2 592.355531 578.491945
1 426.666283 661.201258
2 490.046941 575.853166
2 452.496650 665.934653
1 459.940982 648.738243
1 367.353480 641.909165
1 416.595566 591.057924
1 457.260211 604.983821
1 351.806089 624.974375
1 393.002128 663.714922
1 485.093426 601.017538
1 402.204765 659.299626
1 364.545320 567.179728
1 387.559435 636.904820
1 368.154491 623.305964
1 400.756013 619.431275
1 423.967491 648.264882
1 413.726078 580.418001
1 431.737516 662.170792
1 405.784910 628.310103
1 400.867097 650.292341
1 357.707658 641.357385
1 388.415215 635.332992
1 383.250302 651.183458
1 386.165333 623.809818
1 381.706852 664.467740
1 410.846127 639.548511
1 422.884677 648.848787
1 339.643769 658.811394
1 401.850481 653.887808
1 356.685288 665.038165
1 416.862970 655.643474
1 415.545646 644.669173
2 575.947697 612.115167
2 560.099384 653.332266
1 385.012049 633.250599
1 421.600900 651.525558
1 394.548039 636.218700
1 437.845424 666.196159
1 369.398319 556.140729
1 400.686336 638.250952
1 358.091590 666.272973
1 424.167845 631.547296
1 400.345952 644.808313
1 361.615027 600.066433
1 443.372651 591.154518
1 386.052030 652.259059
2 373.596726 618.365739
1 429.554742 615.739096
1 399.190385 650.172263
1 426.335568 645.696072
1 350.442850 636.104648
1 458.723320 592.020092
1 405.401354 649.777916
1 412.884145 632.511906
1 473.028242 622.406925
2 553.296135 521.229692
1 427.613007 632.016293
1 387.943259 663.521709
2 427.540732 622.845151
1 390.563909 604.929906
1 351.308966 593.502232
2 471.771246 630.623501
2 409.545043 505.218237
1 401.695555 650.606389
1 383.881342 634.446515
1 414.188222 641.522944
1 404.527877 659.024429
1 389.823222 611.901121
1 386.254600 630.209149
1 379.142181 589.535948
1 378.431268 596.891109
1 422.361245 646.092595
1 358.879456 572.325837
2 380.926455 618.428815
1 467.565851 653.832327
1 338.705702 584.572576
1 378.495755 613.366373
1 457.228270 629.428266
2 384.112206 649.170455
1 450.919241 652.494847
2 389.888753 614.303100
2 417.575347 552.458876
1 368.636572 636.073738
1 414.980615 654.552335
1 419.924587 635.480132
1 399.562640 597.474868
1 393.472438 656.472510
1 478.200415 613.413702
2 583.044624 513.369924
1 377.285750 609.771942
1 378.257184 645.026627
2 481.131629 574.462381
1 428.916695 575.337919
2 599.691138 528.611224
1 374.881579 628.867366
2 473.948712 559.602965
2 437.582033 657.333855
2 559.854021 599.120819
1 368.396339 614.975748
1 434.407741 604.700096
2 350.784590 656.784423
2 413.189501 595.558055
1 383.775246 638.904744
1 426.302478 623.730779
1 368.130601 646.890293
1 460.161007 554.644396
1 384.199034 661.705644
1 433.313848 654.749026
1 397.957229 644.403587
1 379.197095 662.631864
1 351.264102 619.298670
1 352.005417 572.086178
1 387.596192 665.224469
2 652.952478 354.270197
2 465.988030 652.680144
1 349.041836 659.407903
1 419.105826 638.481274
1 446.699503 654.852307
1 359.587081 638.069553
1 335.927597 661.997933
2 385.712803 600.740334
2 413.680290 548.827818
2 348.846733 616.061237
1 476.601075 586.900647
1 411.668134 668.368042
1 592.269184 788.914880
1 591.487549 810.596792
1 572.212885 807.626350
1 562.838830 823.133327
1 562.109298 801.404777
1 569.393378 799.362321
1 575.479506 794.895237
1 550.314057 812.352350
1 585.959880 788.115219
1 564.241788 810.020203
1 569.629502 802.786922
1 577.599504 805.651019
1 574.622168 791.722488
1 564.053403 790.297419
1 553.192257 793.616418
1 549.161840 788.600295
1 576.378288 808.759825
1 553.858209 800.021254
1 559.810518 804.961297
1 548.627846 793.185977
1 574.470780 783.193272
1 572.089694 783.789241
1 576.423917 815.735739
1 592.906930 809.881322
1 592.085861 806.001343
1 575.887485 815.058752
1 574.647485 814.706093
1 562.839817 799.521881
1 565.419632 797.485520
1 555.859829 792.941726
1 582.643007 781.605743
1 569.199946 795.767835
1 580.683493 819.967901
1 571.582199 797.383136
1 577.335586 808.401524
1 580.041311 806.092403
1 561.438024 797.509067
1 570.353356 805.491408
2 577.914558 714.854242
2 436.675419 920.930438
2 601.527925 716.441812
2 443.770658 934.503837
2 373.322691 854.021838
2 574.700117 858.400583
2 610.104511 840.210379
2 642.694306 910.732831
2 526.803464 864.987154
2 486.398273 802.952947
2 349.544459 746.803773
2 381.538185 894.107693
2 339.589366 723.918474
2 412.598899 810.795338
2 448.318685 952.522040
2 520.087113 997.883590
2 496.779949 667.697406
2 473.722511 702.352219
2 572.124382 759.782192
2 542.324607 680.102779
2 622.243191 962.189270
2 524.971951 840.720524
2 430.984447 864.594218
2 583.814646 844.751735
2 616.138961 886.174952
1 580.392596 829.503239
1 550.829252 820.819607
1 595.134657 821.091413
1 608.767907 824.493926
1 433.764071 676.107255
1 590.652502 755.194842
1 601.599646 834.409156
2 628.949799 671.042432
1 572.836524 786.055796
1 511.376742 837.510096
2 551.528327 865.122316
1 393.894578 697.655590
1 600.210259 759.719558
1 561.259488 815.083997
1 601.826870 802.760544
2 557.445742 815.945462
1 570.447367 796.495716
2 608.528888 855.132819
2 588.656361 822.471222
2 522.969134 855.382692
1 538.783333 778.937063
1 394.979680 689.175345
1 589.919010 841.604601
1 590.032395 775.343934
1 559.075184 784.674195
1 556.641389 752.168970
1 523.792251 761.547604
1 404.823592 687.616827
1 414.894818 676.922365
1 399.710813 671.720692
2 512.462549 891.068691
1 393.995841 667.388059
1 584.618068 759.746142
1 368.286884 682.622734
1 447.768174 704.006242
2 591.537178 826.657787
1 407.156417 668.280240
1 543.338354 774.503035
1 593.995584 801.969157
2 507.010585 800.426020
1 611.494410 801.701153
2 351.796005 738.156688
1 496.950041 739.610880
1 605.260364 776.580418
1 543.826236 721.385240
1 597.750757 809.599324
1 603.458489 791.206810
2 573.536631 820.256568
2 351.030022 727.297859
1 567.667609 850.752147
2 391.135115 756.769225
2 582.545262 807.855306
2 399.485538 675.269509
1 418.720389 671.606908
1 583.223706 761.778792
1 336.568059 685.234908
2 659.997044 902.886981
1 422.997985 694.576396
1 574.596454 794.300703
1 385.933064 671.843561
1 659.453456 827.872780
2 493.031184 807.604507
1 549.677072 841.855985
1 541.260594 760.513569
1 504.263732 762.533345
1 570.469737 788.910485
1 606.735101 827.991761
1 547.384982 774.610988
1 534.359064 737.694336
2 387.991863 796.733996
1 543.198619 780.286575
1 589.101017 812.567415
2 632.933167 925.778105
1 526.428485 742.842149
1 532.537786 805.099293
2 607.651898 827.064810
1 575.906977 738.135745
1 613.191077 849.558070
1 557.026159 805.359218
1 576.073711 818.067015
1 394.450320 679.280250
1 613.007301 792.549459
1 592.885689 779.782803
2 385.464550 675.693745
2 354.935056 688.528898
2 354.147310 713.762522
1 557.956450 840.435262
1 616.199553 842.702534
1 584.054885 840.009357
1 558.530659 842.594677
1 627.174591 835.248775
2 469.019409 929.688625
2 640.363600 863.746369
1 636.322656 824.714347
1 545.681787 760.850963
1 611.079501 788.200785
2 504.184120 824.833407
1 600.561097 804.679482
2 363.979039 783.599788
1 604.817050 779.571662
1 582.622023 788.566149
1 647.867232 771.501485
1 469.660442 685.442094
1 571.738396 788.793659
2 376.345368 784.648065
1 461.364881 729.584301
1 601.413905 820.179172
2 615.953193 874.414711
1 431.751142 679.448488
1 583.687947 762.532609
1 562.341805 771.943082
1 566.288949 758.074433
1 533.439811 767.453067
1 337.346633 688.842102
2 614.154065 998.353387
2 336.593549 756.580807
1 635.310378 809.819854
2 418.284192 851.106810
1 567.870124 832.605596
1 522.474493 761.171741
1 574.192847 836.326369
1 587.611167 792.985662
1 451.908399 684.047894
1 610.712775 823.383065
1 556.328909 773.399046
1 372.143690 680.590886
1 443.655870 690.252441
2 661.772164 924.890853
1 565.674812 874.690653
1 606.847325 795.119483
1 570.088461 763.546201
1 412.197532 681.732699
2 526.302488 886.563467
2 339.103958 719.360135
2 639.341911 825.850077
1 514.826219 800.479839
1 613.852239 775.990365
2 617.538864 693.957992
2 567.063382 839.695638
2 532.384867 919.830311
2 538.258134 883.549938
2 374.845390 719.237356
2 663.165086 798.023215
1 346.771608 723.096537
2 506.414863 789.413900
1 564.057724 777.018386
2 386.792975 753.753735
1 543.108111 719.689672
1 404.133983 696.784837
2 569.303301 810.531789
1 443.973952 719.139200
1 651.179255 819.592162
1 390.075389 676.390596
1 574.903924 722.449572
1 643.270915 785.921307
1 480.017435 703.719490
1 418.381986 673.139784
1 595.846596 771.255860
1 557.625074 757.404285
2 575.915556 895.358196
1 557.915477 818.939262
1 412.565382 679.196788
2 568.968263 852.222250
1 513.167710 694.842415
1 571.228329 734.436234
1 552.283845 817.380434
1 476.395778 745.227655
1 585.360360 802.134269
1 566.140216 779.948050
1 572.463478 763.107490
1 553.473801 839.343007
1 616.924748 755.910004
1 555.897951 812.502396
1 605.868687 765.672617
1 546.410194 813.793943
1 403.270489 697.575297
1 622.888816 792.787972
2 635.614809 821.167497
1 407.851312 685.278765
2 394.739497 776.876828
1 596.922502 855.711360
1 371.323513 688.818814
1 596.909226 847.401736
1 603.262861 760.506674
2 657.632764 923.547848
1 825.323420 313.131564
1 817.333145 301.770809
1 812.226200 290.236725
1 830.429414 297.607845
1 824.995430 303.209579
1 814.043604 287.613507
1 833.030645 316.684872
1 831.667684 295.476292
1 834.044190 283.999700
1 827.473053 308.571495
1 819.691371 300.488439
1 820.776003 303.481807
1 835.591285 300.783414
1 820.155986 304.158386
1 822.841290 275.549347
1 826.779512 299.570688
1 802.061386 300.942897
1 818.328382 301.953430
1 830.789986 321.305360
1 821.461269 298.275657
1 809.734327 290.916042
1 799.208382 306.913418
1 822.190965 301.146311
1 828.619228 297.276916
1 824.871657 302.618242
1 818.187449 299.010597
1 822.031434 305.360813
1 822.383471 302.747937
1 820.658663 284.509079
1 838.150705 307.822859
1 817.894563 302.926957
1 820.400217 300.308929
1 833.266366 306.872088
1 825.397005 287.726416
1 824.072163 310.451970
1 820.862003 300.408726
1 818.762404 303.936763
1 812.497967 279.106009
1 829.669497 290.198884
1 832.419664 315.356267
1 820.978513 300.690964
1 797.302606 305.825083
1 843.686914 295.652230
1 836.313379 292.914827
2 666.798979 177.648918
2 722.194114 196.170142
2 799.967573 112.965367
2 755.215109 262.818065
2 967.740334 176.295514
2 847.526756 47.555112
2 896.554048 172.220755
2 882.950573 98.002196
2 919.808063 177.226763
2 777.515608 169.121337
2 763.118143 314.693327
2 830.285743 135.188482
2 995.768737 265.352777
2 801.264136 178.192910
2 675.563414 185.947463
2 900.574006 251.836751
2 844.330495 166.834008
2 792.672124 105.940476
2 786.455709 275.805450
2 909.989381 231.012482
2 721.232896 113.150164
2 850.339335 302.945682
2 955.189126 119.127902
2 923.431828 272.093459
2 921.373790 74.377634
2 809.899771 309.508034
2 700.217118 149.705557
2 923.879637 114.424918
2 799.230402 268.265659
2 826.266588 220.737925
2 746.763665 98.818846
2 998.183651 278.084384
2 992.212422 18.595498
2 961.750529 170.609145
2 747.794707 283.159653
2 743.638688 290.934731
1 801.729963 278.893067
1 828.247124 275.857337
2 776.187887 249.275572
1 818.886299 281.293523
1 777.683182 316.541100
1 823.867175 305.044850
1 873.614329 313.073556
1 798.203172 314.467142
1 816.152498 273.620244
1 832.795137 288.158978
2 769.836331 254.102704
2 868.449675 302.974131
2 980.708954 184.088503
2 667.742723 215.219465
1 853.948425 318.238049
1 771.855613 302.229057
2 731.542128 280.787300
2 766.243285 261.583897
2 817.600758 297.927975
1 817.580690 306.506851
1 778.739088 249.555009
1 887.657951 325.007425
1 840.961805 271.324285
1 809.982330 292.514610
2 993.093494 258.454336
1 829.540470 288.306133
1 788.922975 222.238958
1 809.661383 323.900924
1 827.041373 262.671338
2 766.334058 143.399625
1 793.497171 279.503806
1 828.494202 269.736717
1 829.196958 287.058025
2 854.820677 265.954058
1 777.402660 284.426723
2 863.570689 308.931404
2 951.168939 112.179400
2 890.142737 316.770518
1 843.309973 302.420274
2 794.976728 227.616370
1 803.013267 290.043947
1 793.159040 253.021243
1 774.253525 319.605607
1 857.387482 323.187075
1 807.847379 276.188081
2 710.169941 329.866998
1 829.709765 275.988528
1 782.581440 325.378723
2 803.329867 302.900253
1 908.622886 320.461776
2 856.898550 293.792215
1 806.571615 273.626000
1 799.977963 265.727066
2 795.749320 300.949153
1 792.585292 272.275002
1 838.791897 246.220335
1 820.099361 321.072853
1 752.417949 292.108143
2 842.181635 287.351018
2 788.291850 327.525512
1 793.571409 281.444994
1 786.953570 318.398978
1 816.673876 269.988071
1 942.216351 307.453219
1 808.094924 280.924123
1 864.263182 271.952601
2 758.335910 276.883919
2 914.446669 290.781620
2 899.815725 219.368706
1 791.630664 315.881459
1 826.021471 315.988419
1 833.007428 293.042054
1 745.880522 301.921433
2 768.022232 286.371247
1 843.203827 201.676949
1 757.444833 315.678011
1 814.815165 278.763576
2 891.612427 130.996061
1 796.875613 294.732923
1 794.072126 284.429972
1 839.233151 299.666355
1 801.507654 269.585225
2 720.170954 328.416222
1 826.376353 238.322754
2 744.317562 306.843246
2 740.800227 243.847826
2 998.776504 186.154759
1 794.392677 287.174992
1 834.105964 313.223055
1 860.934053 310.283059
2 835.044386 282.421711
2 856.125328 278.190866
2 846.111307 191.859484
2 782.603460 286.730964
1 912.880964 315.086673
1 821.953030 274.002403
2 886.545595 326.136929
1 802.516775 277.595413
1 814.418522 249.174408
1 802.652517 267.125195
1 851.818574 316.650954
1 802.752231 289.865735
2 757.013815 169.312947
2 849.953926 134.500966
2 751.456993 306.063897
1 846.536211 294.561952
1 783.087889 310.387794
1 805.688294 284.159869
1 842.842550 312.256456
1 788.575248 286.772251
2 822.086907 281.167017
1 778.745905 267.944078
1 785.412333 263.175632
1 807.918964 240.948832
1 876.558487 321.435023
2 924.822934 360.146150
2 853.461554 617.476469
2 898.600168 540.882315
2 677.775509 342.930127
2 750.100477 352.702020
2 867.559483 627.575568
2 910.013623 458.782088
2 968.121624 355.378469
2 909.437058 404.824141
2 921.326964 580.380160
2 857.254788 594.139169
2 977.632657 440.842494
2 720.361765 580.513346
2 772.892698 525.418582
2 958.985674 356.512416
2 813.839232 641.817628
2 864.808386 501.433124
2 922.861860 409.129112
2 757.961885 346.761935
2 921.044725 367.612915
2 710.275476 501.749901
2 821.702857 505.467745
2 857.317670 417.800218
2 826.690949 436.744049
2 698.295008 334.877888
1 824.541351 342.176603
1 843.257712 346.354404
2 945.845434 397.222859
1 817.560044 340.381521
1 821.522117 359.381448
2 982.187216 414.389244
1 854.358539 340.999240
1 890.432219 349.146094
2 732.026372 401.990912
1 804.141606 342.507347
1 889.205046 341.791139
1 814.540810 357.586366
1 855.702273 350.721695
2 691.538225 658.835923
1 846.608885 335.143800
1 838.923287 338.343232
1 832.588914 334.062036
2 753.759881 632.092105
2 942.801035 381.786448
2 800.804200 342.214604
2 675.013959 636.623728
2 730.879782 942.588539
2 817.317326 740.240759
2 676.107195 838.903866
2 836.032604 668.933878
2 922.795936 866.236940
2 906.207141 929.633314
2 970.266889 912.324051
2 975.466924 771.741003
2 981.902447 834.698518
2 864.426634 915.553717
2 761.362816 885.111847
2 693.274694 781.004788
2 780.253001 708.401185
2 806.801612 766.132397
2 720.193162 676.392988
1 671.409102 824.859251
2 983.390785 796.657195
2 962.884280 819.381652
2 678.867814 918.515708
2 706.086511 782.699438
