1 210.114308 186.948301
1 205.196307 190.114481
1 201.889364 166.244283
1 200.028815 178.904122
1 188.380839 167.329228
1 212.278736 161.253949
1 195.050289 171.076614
1 179.145205 192.423152
1 203.705688 176.662764
1 220.372450 167.082820
1 208.432975 176.476157
1 190.286978 163.249754
1 191.860712 185.192797
1 199.578806 182.418145
1 204.553109 188.063940
1 220.977149 175.115079
1 196.939850 198.505773
1 199.999612 180.015226
1 196.346362 175.409721
1 193.785615 175.874331
1 201.650211 166.035300
1 182.203108 183.478241
1 198.891638 173.225857
1 186.504118 179.103378
1 180.106523 173.681083
1 212.387992 187.255458
1 212.946587 178.048028
1 209.544623 167.571960
1 181.902077 174.280506
1 205.334414 178.161422
1 212.620355 185.058393
1 188.913952 189.585743
1 204.101071 172.079548
1 179.717881 187.837870
1 207.066242 193.777773
1 202.955266 172.699582
1 184.536981 177.049929
1 184.258736 186.863044
1 194.252804 187.623283
1 201.516642 175.161366
1 204.039642 182.773306
1 209.057956 178.535843
2 147.719864 139.178096
2 293.914801 136.273860
2 171.706898 110.554810
2 247.747488 300.629079
2 123.511157 300.565481
2 304.332227 62.381701
2 318.756259 57.705115
2 240.868928 171.431778
2 158.408097 123.982872
2 238.095347 173.144910
2 6.988644 146.061295
2 317.447416 179.969107
2 18.138077 109.929903
2 129.998060 280.385958
2 198.110545 10.437739
2 246.814734 268.601933
2 31.140934 115.490686
2 265.037625 240.178044
2 114.672760 10.294318
2 24.569977 251.627972
2 87.105782 18.602916
1 200.567953 178.368985
1 182.383802 201.842887
1 208.117383 215.673849
2 271.126040 216.634110
1 223.316997 151.329648
1 204.157949 178.564258
1 171.666980 180.836085
1 207.271350 211.793359
2 2.676948 161.307120
2 240.056457 231.273220
1 234.660608 186.646248
2 214.609788 269.929969
2 260.357953 193.266904
1 190.219861 160.875837
1 213.702187 170.516039
2 249.506822 143.051196
2 13.613405 147.475157
1 191.860980 219.395876
1 182.989467 173.946529
1 173.241071 206.334483
2 188.982322 87.901315
1 193.873511 174.805921
1 221.073726 189.357677
1 240.999655 154.740404
1 208.235138 235.143352
1 221.388557 185.946438
1 209.057296 199.786281
2 279.077040 207.145077
2 305.339545 247.371041
1 190.264365 182.992989
2 172.213404 113.276954
1 199.806456 170.470035
1 162.418779 209.488731
1 230.222329 195.454506
1 231.913674 201.756277
1 203.018930 134.173147
1 209.159380 157.583937
1 180.545299 228.547546
1 217.065615 188.743418
1 186.399537 198.265671
1 168.741328 196.563167
1 218.609966 190.888871
2 274.756002 132.650346
2 7.117873 264.395723
1 251.861131 163.044948
1 205.383626 176.015275
1 249.404685 172.641651
1 177.668783 198.293011
2 266.569544 242.902371
1 218.553686 143.502788
1 225.520506 115.095095
1 214.666462 146.809846
1 192.916693 215.617431
1 228.345459 195.900546
1 220.092963 210.628203
2 302.965634 169.890649
2 174.613159 84.905081
2 248.788708 180.830292
1 180.299919 173.880814
1 241.072964 207.026553
1 204.588848 149.462850
1 211.238761 143.069610
1 224.469681 182.705648
1 158.044404 276.498418
1 267.886809 102.494962
2 223.823021 214.516507
1 205.422310 177.093012
2 301.925330 266.174308
1 196.490693 187.267378
1 133.564560 185.402821
2 258.065512 186.025262
2 295.574092 165.050251
1 254.649119 209.672118
1 215.550716 214.817121
1 110.889562 182.748723
2 204.207541 131.474634
2 253.683237 178.893536
2 193.582527 52.785986
1 217.528485 160.239445
1 194.857565 202.518182
1 217.501992 184.099502
1 250.385427 115.156915
2 242.905849 206.034655
2 271.131916 277.696222
1 177.385255 175.460548
1 259.267946 159.489716
2 201.492415 92.513112
1 228.098457 199.788632
1 177.601592 216.117998
1 251.544108 126.138396
1 225.986659 175.322105
1 202.784792 209.463614
2 171.244360 543.570455
2 20.994490 632.140718
2 66.088670 339.827348
2 153.389716 641.988353
2 215.846863 380.439899
2 197.668517 576.454287
2 176.469311 624.306723
2 142.015951 484.013842
2 162.585077 510.800457
2 258.849622 571.780342
2 28.433730 395.907137
2 285.577834 399.682199
2 243.642724 359.433039
2 206.003233 444.655875
2 119.399959 429.388510
2 73.254313 598.941207
2 207.408084 475.388057
2 175.878546 664.310229
2 318.095557 544.338084
2 236.901196 547.390228
2 184.181069 631.045840
2 236.307034 576.533884
2 147.429833 627.435856
2 58.311614 660.660596
1 297.373550 640.940870
1 145.030728 772.537774
1 157.487720 793.321122
1 126.746203 786.033927
1 143.108860 781.374177
1 154.390032 786.035741
1 152.529190 780.121808
1 145.163527 789.729331
1 142.908453 785.024548
1 140.785421 784.378476
1 164.059055 789.500816
1 129.883861 767.236260
1 162.035259 791.309183
1 143.341848 761.361544
1 139.319658 769.947154
1 150.635253 800.337475
1 139.604911 775.162807
1 139.669431 765.674780
1 148.445724 798.992661
1 145.115120 801.068668
1 147.551750 782.847987
1 130.097206 782.724603
1 144.572743 765.796607
1 165.210033 792.478869
1 138.434013 794.852440
1 137.038868 779.913534
1 148.886593 775.785309
1 154.683136 787.143884
1 151.684056 759.675614
1 141.519321 797.625571
1 172.323697 786.749599
1 171.706840 790.920699
1 150.302771 764.452877
1 165.169143 762.646692
1 139.070384 777.583477
1 164.121171 782.791520
1 131.403224 778.324781
1 147.781349 780.633312
1 142.264031 791.512781
1 156.685346 781.153872
1 144.954823 801.106475
1 168.558070 768.279076
2 45.445622 846.788738
2 314.745031 695.223919
2 278.842459 682.923933
2 144.085517 872.816056
2 25.964187 815.865713
2 66.431093 926.363874
2 304.534268 779.614386
2 226.630879 780.766078
2 168.179667 893.592700
2 206.757819 820.565459
2 95.990597 827.499648
2 251.927141 815.949635
2 97.995087 682.932946
2 109.632884 844.386862
2 186.317673 845.551338
2 54.460575 712.218472
2 132.847880 719.890740
2 251.392151 680.540094
2 92.891069 894.358573
2 78.445487 880.182434
2 292.569065 875.351900
1 139.614865 791.012340
1 140.464152 818.816256
1 122.471025 722.825193
1 159.419147 790.016085
1 128.033992 775.334122
2 96.574158 921.562705
1 168.282242 795.495122
2 56.899425 834.564755
1 175.540851 817.692527
1 129.055757 799.247300
2 134.125369 882.986457
1 190.647266 811.822100
2 131.586730 902.348662
2 327.911379 726.370415
2 40.962620 815.571679
2 124.513196 879.530331
1 135.232556 803.385623
1 132.729490 775.459955
1 137.788398 809.058931
1 143.617009 759.636118
2 243.723434 815.882151
1 115.426931 792.473792
2 143.568130 719.948877
2 144.654297 799.105191
1 161.917937 807.768210
1 114.812043 787.729814
1 121.524268 795.950029
2 1.268609 818.031767
2 107.909195 722.724863
1 134.049246 830.087233
1 133.948245 731.166727
1 150.414020 777.355940
1 135.488814 764.477020
1 119.950432 764.651900
1 116.332086 779.873379
1 146.787377 833.810800
1 170.936187 768.809382
1 97.919460 845.395777
2 207.304827 812.676567
1 167.458195 790.364901
1 174.217585 790.755346
1 119.093887 743.196531
1 188.878748 817.983832
1 134.174459 756.736120
1 190.781084 723.261865
2 239.917661 810.380494
2 216.702863 901.530913
1 146.119665 791.955643
2 197.609281 900.300454
1 124.847631 818.467055
1 156.607675 782.199370
2 226.630312 877.966145
2 142.328247 712.209775
2 241.876847 823.215797
1 128.145360 772.083842
1 136.076073 817.314264
1 146.721926 777.031119
2 53.823515 843.751116
1 134.537776 738.241009
1 128.449502 771.512007
1 75.292841 762.092914
1 159.037781 819.901950
1 172.414436 800.183731
1 151.350830 774.234398
1 111.801690 831.533811
1 171.915305 784.263945
1 146.310581 777.307300
1 146.646170 756.172887
1 114.593027 829.419154
1 153.952493 815.624817
1 103.555319 769.881306
1 161.733189 790.000497
2 115.406408 881.023204
1 157.113434 757.463541
1 222.612825 694.915993
1 151.094694 781.727077
1 94.184416 814.397518
1 51.713575 817.273668
1 321.732627 711.850932
1 133.454138 717.330916
2 150.465226 872.812436
2 188.075672 785.765794
1 128.033992 775.334122
2 129.063596 867.825467
2 130.032414 890.689179
1 191.895344 787.129145
2 103.225638 889.690278
1 124.792605 783.624308
1 189.499098 754.737319
1 192.915151 801.171656
1 121.454154 831.151824
1 139.662773 817.832711
1 146.374998 826.052926
1 325.503475 686.338772
1 107.692581 738.417751
1 129.828312 814.907004
2 208.176894 816.458542
1 94.337890 832.289320
2 6.081178 800.046071
1 132.694743 775.213629
1 170.048493 825.738838
2 126.554677 835.010928
1 114.313507 790.170680
2 129.539329 851.903776
1 90.315384 774.693683
1 123.282963 757.291246
1 122.011733 836.269898
1 155.290356 746.538802
2 127.592029 901.223505
2 23.256712 810.696458
1 181.597952 762.609305
1 192.008689 751.041096
1 111.956223 810.717395
1 134.060107 806.065012
2 88.411388 799.286559
1 150.952874 760.770433
2 151.833692 674.287286
1 194.109718 799.824039
2 190.900481 831.269069
1 104.970196 779.423088
1 182.917632 751.605336
1 136.459585 761.474434
2 14.245252 846.199683
1 155.789323 755.012496
1 135.503724 772.473304
1 134.276190 804.700495
1 183.184957 742.677471
1 131.586665 789.990414
1 143.080372 759.880884
2 158.259414 837.926219
1 128.596258 748.080213
1 127.254667 755.071436
1 120.353177 774.439882
2 108.937404 817.874635
2 117.050390 913.154777
1 178.433922 810.768260
1 146.731488 865.816979
2 179.916954 843.121683
1 144.879460 786.169457
1 221.411875 771.088989
2 224.994457 805.582372
1 125.737074 740.119041
1 133.342876 775.758001
2 69.828577 757.838264
2 143.021027 854.054847
1 212.427216 805.721644
1 165.332722 832.081902
2 128.555997 899.782930
1 89.043417 810.457912
1 124.390847 805.010996
2 193.988375 917.516882
2 91.454740 859.922634
2 200.808720 706.034542
1 180.080719 797.798745
2 349.778605 9.205542
2 605.066590 47.788371
2 589.443399 329.344407
2 581.120796 112.089809
2 363.834378 164.526498
2 647.042743 256.695106
2 666.366008 82.483431
2 429.921659 60.700783
2 442.269964 137.611678
2 578.546029 74.844074
2 463.885595 159.578450
2 608.180601 176.614387
2 581.659812 104.667085
2 584.759719 8.514276
2 406.604858 243.912258
2 393.617551 91.206526
2 530.761359 200.478255
2 390.672135 228.799509
2 623.500289 78.874461
2 402.867411 243.143525
2 334.950622 271.238755
2 444.498006 305.325461
2 571.288115 214.680961
2 459.060437 293.612571
2 334.221457 148.893081
2 604.701647 250.954347
2 382.604527 130.980599
2 655.988290 151.186881
1 382.260213 656.654334
1 400.060358 664.114563
1 405.111228 654.743552
1 414.979481 651.653271
1 403.504982 652.571265
1 390.688447 647.845610
1 405.143784 645.741016
1 399.545928 650.646476
1 408.363581 655.378863
1 407.056579 652.214464
1 387.102474 631.882672
1 385.087245 644.224714
1 412.893603 637.657770
1 405.531501 633.996536
1 408.893194 651.784645
1 398.156383 646.538719
1 400.441090 649.314884
1 397.339133 647.323642
1 399.327124 649.262928
1 400.506485 650.383943
1 398.053061 653.189044
1 398.752565 649.912308
1 397.250624 649.699913
1 406.456430 640.285232
1 380.873523 652.353149
1 400.504314 653.885126
1 421.667448 648.733453
1 422.983944 640.758248
1 380.384746 651.717041
1 408.039858 649.382839
1 394.418308 649.889421
1 406.652711 633.066539
1 394.835188 662.032331
1 395.472651 631.200161
1 402.283887 655.352194
1 394.118353 663.469716
1 402.351592 650.678890
1 393.106662 639.004447
1 401.110278 649.500800
2 455.653924 403.258451
2 363.487086 575.203866
2 422.263068 585.874800
2 545.309700 599.809725
2 409.899350 583.813836
2 638.136057 382.283967
2 337.238754 627.361551
2 514.384405 514.909617
2 421.769390 657.734760
2 567.767176 623.068481
2 531.947152 538.399774
2 414.301767 487.742486
2 515.624875 369.475080
2 379.458646 395.931238
2 603.739266 638.164720
2 501.170248 578.989438
2 439.302773 543.991638
2 622.657885 589.764738
2 624.977644 549.091301
2 418.523773 349.099599
2 651.343269 665.120359
2 400.695022 591.662895
2 359.129831 573.131099
1 394.124251 604.817465
2 362.593545 652.161340
1 417.205855 649.520699
1 374.958351 613.674050
1 428.417014 653.711637
1 388.844555 624.645754
2 535.658531 604.308094
1 410.331306 638.809118
1 411.578893 660.922258
1 415.503426 641.804357
1 388.777831 640.857809
1 473.850807 652.603836
1 420.371043 659.996873
1 391.986713 661.511724
1 386.802398 613.231035
1 449.596161 657.543040
1 406.394445 664.333805
2 556.570059 588.900382
1 434.409383 641.778319
1 381.067507 643.040668
1 359.680163 634.260119
2 531.673671 572.666714
1 395.630073 641.314486
1 405.943520 608.113982
2 507.958795 603.376501
1 383.430760 657.045479
1 383.327036 625.880567
1 392.667517 620.944827
1 385.186768 598.184340
1 470.650658 630.103908
1 354.075977 648.119318
1 384.842948 661.943603
1 365.037253 603.240007
1 428.660142 656.609312
1 387.734399 652.243113
1 431.180230 649.093004
1 383.526638 642.304954
1 429.442607 632.138401
2 465.504290 618.053284
1 396.151628 631.361190
1 464.765848 663.380809
2 566.592119 535.067809
1 411.773062 620.069915
1 417.721183 639.793154
1 511.399394 592.108586
1 371.700355 656.246697
1 483.519993 630.426307
2 545.460139 541.459924
2 493.341470 606.469342
1 403.665047 583.360398
1 341.646647 591.146706
1 336.633257 577.283562
1 388.206252 649.358759
1 380.225071 634.124258
1 436.461284 631.258699
1 354.912895 646.298366
1 366.510689 643.633216
2 407.584872 586.152454
2 484.240998 581.019452
1 372.506850 612.149671
1 421.255998 604.672464
2 341.679243 615.981412
1 435.515128 665.837490
1 374.375334 627.153393
1 421.400119 627.263234
1 392.113714 648.699260
1 418.013982 598.766026
1 398.381001 604.363806
1 452.429515 622.110724
1 376.311987 652.118728
1 408.018713 658.396069
1 424.133045 624.233822
1 418.882728 646.836566
1 418.135001 620.236088
1 379.109440 645.967487
2 430.471914 536.011317
1 398.793182 650.253246
2 407.776050 602.827003
1 422.964525 640.829530
1 395.781705 622.117882
2 416.465576 651.349352
2 409.166150 480.835262
1 443.432139 650.613944
1 374.476074 601.966467
1 401.775148 648.833606
1 397.551676 651.933492
2 598.871767 592.204011
1 426.927151 619.310703
1 453.365921 633.345077
1 418.819487 626.631259
1 353.471584 635.983497
1 384.068432 602.934985
2 565.012203 602.577070
1 343.822915 661.388209
1 496.048435 598.739045
1 399.229100 642.081068
2 543.442009 570.903999
1 418.880516 643.485432
1 408.769046 658.110278
1 411.542228 636.915431
1 362.908753 639.818597
1 463.754460 642.167196
1 396.160525 647.474644
1 411.079019 600.400178
2 491.913563 637.454725
2 505.139673 588.579892
1 367.334234 660.869171
2 523.373960 595.313518
1 400.315190 627.119964
1 441.981476 628.280923
2 393.439378 624.285393
1 374.500309 625.448440
2 494.269757 653.353568
1 349.981878 663.718001
2 346.558810 641.348632
2 531.048251 619.123382
1 368.129870 636.629454
2 414.003929 600.445566
2 598.726098 599.864984
1 494.114657 595.349755
1 389.013849 617.569835
1 422.948332 626.927621
2 450.233174 602.720864
1 398.353212 570.286677
1 417.713253 656.621481
1 380.821253 637.497847
1 366.603412 516.828259
1 453.972263 633.756305
1 371.794926 661.267667
1 399.441374 603.787474
1 375.310882 620.478802
1 413.672322 632.718591
1 450.604828 602.359506
2 384.569282 547.935218
2 540.473708 550.610264
1 416.700842 611.057919
2 351.235243 637.105038
1 384.033579 647.802050
1 403.590254 631.680666
1 441.777541 583.309476
1 338.097807 664.634037
1 350.129682 575.110985
2 446.817172 548.502581
2 405.370457 608.412612
1 374.610925 606.788676
1 345.070014 655.252281
1 367.703432 615.267494
1 341.060978 594.349314
1 438.912080 636.097395
2 361.155435 654.258280
1 468.757598 601.790765
1 414.740594 621.830720
1 447.219327 633.706366
2 564.082641 621.194044
1 447.910745 665.594865
1 388.507086 650.022239
1 338.438731 597.136037
1 398.991607 638.949858
1 357.408574 645.604591
1 397.326188 618.853290
2 469.106899 622.594555
1 397.535117 640.711050
1 417.080714 648.382586
2 347.549530 662.838519
2 383.374714 613.399455
2 345.214481 664.111107
2 409.531804 648.168966
2 572.503716 585.291916
1 358.067083 607.068217
2 467.002756 572.349977
2 406.602073 558.943986
1 367.914115 618.711920
2 458.626359 593.241429
1 411.668134 668.368042
1 592.269184 788.914880
1 569.833038 799.846903
1 562.838830 823.133327
1 581.619194 791.499844
1 562.109298 801.404777
1 569.393378 799.362321
1 550.314057 812.352350
1 564.241788 810.020203
1 569.629502 802.786922
1 577.599504 805.651019
1 574.622168 791.722488
1 564.053403 790.297419
1 553.192257 793.616418
1 549.161840 788.600295
1 576.378288 808.759825
1 569.200985 800.474026
1 576.727973 810.336564
1 559.810518 804.961297
1 548.627846 793.185977
1 562.278597 797.613960
1 566.964520 801.578735
1 574.470780 783.193272
1 572.089694 783.789241
1 570.978102 799.174940
1 576.423917 815.735739
1 592.906930 809.881322
1 592.085861 806.001343
1 575.887485 815.058752
1 574.647485 814.706093
1 562.839817 799.521881
1 565.419632 797.485520
1 555.859829 792.941726
1 582.643007 781.605743
1 571.754810 812.072489
1 571.582199 797.383136
1 590.387599 797.733528
1 577.335586 808.401524
1 567.753650 797.303679
1 570.353356 805.491408
2 577.914558 714.854242
2 436.675419 920.930438
2 443.770658 934.503837
2 574.700117 858.400583
2 659.645040 947.878012
2 526.803464 864.987154
2 486.398273 802.952947
2 349.544459 746.803773
2 381.538185 894.107693
2 412.598899 810.795338
2 448.318685 952.522040
2 503.259611 871.763370
2 408.423329 772.895511
2 520.087113 997.883590
2 496.779949 667.697406
2 447.291469 719.800295
2 646.125732 813.346760
2 473.722511 702.352219
2 648.836860 787.895538
2 572.124382 759.782192
2 542.324607 680.102779
2 622.243191 962.189270
2 524.971951 840.720524
2 430.984447 864.594218
2 583.814646 844.751735
2 616.138961 886.174952
2 528.646733 848.156179
2 400.373678 776.621579
1 391.534306 695.132664
1 569.719244 771.255277
2 539.462576 749.377981
1 567.876272 809.753377
1 572.715669 807.231249
1 622.094977 807.523802
2 533.947417 975.249754
2 365.990179 718.111866
1 347.781800 686.484202
1 376.052451 688.263778
1 560.626850 829.074126
2 414.145860 769.465083
2 366.367796 726.400171
1 394.662503 712.090420
2 360.364887 753.340109
1 656.741039 787.056702
1 609.155789 804.407433
1 583.399482 787.461561
1 429.025702 671.011182
1 418.505279 673.919926
2 534.349875 817.868022
1 556.839607 768.818461
1 618.871096 811.901725
1 419.536836 669.103744
1 586.914199 810.539215
1 627.228529 816.177169
1 540.445604 792.777440
1 609.553664 774.450439
1 571.993969 876.173335
1 567.884402 779.024857
2 390.870403 809.500624
1 547.674050 802.179005
2 626.459839 717.411986
1 592.859556 783.899673
2 391.628938 693.665530
1 664.892475 825.492288
2 573.431712 894.863351
2 430.942122 727.019329
1 399.287379 676.152856
2 610.969031 763.872929
1 338.382231 699.498034
1 380.024080 670.109511
1 568.174422 794.425745
2 621.707740 813.050710
1 586.253942 820.733492
2 584.823720 735.603655
1 552.471483 834.497297
2 609.814535 804.641909
2 580.965398 739.878579
2 616.117695 685.723360
2 406.378627 735.090800
1 520.721682 781.038879
2 344.011325 735.422585
1 586.604029 822.066184
1 400.506230 671.699234
1 576.728204 792.845660
1 392.384419 681.301273
2 600.214340 815.397029
1 566.905730 830.607039
1 605.235174 800.236939
2 336.582515 765.938941
2 481.252490 741.795709
1 582.544186 783.106033
1 594.020123 806.606491
2 572.439611 765.864974
2 532.031756 736.462066
1 559.177198 797.993305
2 406.290493 679.217437
1 554.321065 775.067282
2 372.004044 830.166806
1 402.459737 674.614477
2 583.601380 846.386865
2 450.640052 734.786641
1 618.655433 849.483460
1 596.848317 776.193581
1 627.093718 759.939620
2 437.531352 781.595973
1 407.691335 668.446677
1 357.845556 667.019608
1 356.311245 687.970842
1 397.090801 707.326755
1 648.059143 809.544205
2 597.391036 719.843423
1 629.838220 827.940263
1 566.518212 779.659278
1 633.459235 806.748483
2 580.418515 714.253883
1 360.607629 715.206322
2 472.491577 927.990292
2 518.813302 832.448150
1 529.261692 781.866743
1 656.943496 821.677005
1 379.118321 673.270705
1 575.272893 801.975387
2 591.952850 765.566863
2 459.945555 741.818809
1 587.027657 813.879121
1 378.430542 696.351321
2 365.145146 726.584456
1 623.812180 805.916914
1 578.522140 787.010714
1 625.123771 824.264137
2 376.770238 697.087009
2 336.469785 756.258077
1 594.110813 783.243894
2 375.328177 696.851484
1 397.771486 681.904190
2 483.404271 718.761313
1 581.929602 814.885062
2 476.805576 666.670676
1 401.210379 680.915440
2 618.296045 750.881366
2 454.608889 728.134412
2 554.250018 837.377632
2 583.933723 850.308675
1 367.825818 683.974585
1 594.345978 843.683497
2 520.254531 788.406805
2 430.071718 748.923574
2 599.334698 796.154865
2 616.195224 736.238063
2 342.324486 713.049840
2 455.629799 676.473634
1 369.341866 674.607440
2 388.151793 718.061175
1 471.782736 667.176000
1 458.892231 697.372723
2 527.792131 746.544288
1 563.513719 806.865084
1 825.323420 313.131564
1 817.333145 301.770809
1 812.226200 290.236725
1 830.429414 297.607845
1 814.043604 287.613507
1 833.030645 316.684872
1 831.667684 295.476292
1 834.044190 283.999700
1 827.473053 308.571495
1 820.776003 303.481807
1 807.626186 302.934711
1 820.155986 304.158386
1 822.841290 275.549347
1 826.779512 299.570688
1 802.061386 300.942897
1 818.328382 301.953430
1 821.461269 298.275657
1 837.939457 290.559085
1 809.734327 290.916042
1 799.208382 306.913418
1 822.190965 301.146311
1 828.619228 297.276916
1 824.871657 302.618242
1 818.187449 299.010597
1 822.031434 305.360813
1 820.658663 284.509079
1 809.235061 314.367895
1 817.915434 307.558264
1 838.150705 307.822859
1 817.894563 302.926957
1 820.400217 300.308929
1 833.266366 306.872088
1 825.397005 287.726416
1 820.862003 300.408726
1 818.762404 303.936763
1 812.497967 279.106009
1 829.669497 290.198884
1 820.978513 300.690964
1 797.302606 305.825083
1 843.686914 295.652230
1 836.313379 292.914827
2 666.798979 177.648918
2 722.194114 196.170142
2 799.967573 112.965367
2 893.464066 245.978228
2 755.215109 262.818065
2 967.740334 176.295514
2 847.526756 47.555112
2 896.554048 172.220755
2 882.950573 98.002196
2 919.808063 177.226763
2 777.515608 169.121337
2 763.118143 314.693327
2 830.285743 135.188482
2 995.768737 265.352777
2 801.264136 178.192910
2 675.563414 185.947463
2 900.574006 251.836751
2 844.330495 166.834008
2 786.455709 275.805450
2 721.232896 113.150164
2 850.339335 302.945682
2 955.189126 119.127902
2 923.431828 272.093459
2 809.899771 309.508034
2 700.217118 149.705557
2 923.879637 114.424918
2 725.838965 321.164163
2 746.763665 98.818846
2 998.183651 278.084384
2 992.212422 18.595498
2 961.750529 170.609145
2 747.794707 283.159653
2 968.461874 230.069487
1 809.993227 308.643714
1 827.326301 251.363660
1 841.815135 298.844265
1 849.462201 295.608237
2 780.817840 313.947878
2 835.187191 177.298857
1 791.133632 304.529975
2 888.552636 120.952409
1 827.349907 297.227595
1 820.591709 292.212075
1 828.444277 270.687448
1 808.072836 285.018461
1 846.860276 302.303744
1 786.257708 275.182951
1 838.588329 328.071701
1 841.044473 289.476727
1 817.154841 323.766409
1 818.750866 297.579062
1 814.534753 290.531991
2 823.950907 153.375254
1 810.836130 309.169883
2 806.320983 218.343435
1 805.315974 250.964635
2 787.023070 317.591134
2 671.789148 140.468490
1 883.934096 309.557744
1 876.075272 319.613948
2 757.298267 225.037692
2 804.212416 281.792082
2 838.536681 294.528577
1 811.953252 271.003232
2 745.987452 257.701345
1 824.060938 281.499479
1 799.783903 289.821151
1 806.040104 315.242338
1 870.982781 310.480770
1 768.456740 297.766908
1 895.984173 247.202783
1 804.591044 260.468667
1 835.344273 271.124524
1 796.172389 283.480801
1 889.699943 316.758671
1 856.676425 306.044544
1 861.536926 286.587412
2 759.253076 276.549270
2 693.158125 172.359078
2 770.538211 317.221088
1 837.933743 286.015860
1 800.807100 289.758121
1 882.116083 290.288594
2 859.491801 168.002683
1 837.338373 302.062111
1 829.809953 288.646293
1 813.507751 283.738614
1 789.885487 330.379404
2 725.249819 263.201783
1 831.724251 312.889768
1 850.614081 272.551891
1 819.640253 293.218977
1 756.519086 295.718485
1 804.836575 255.894927
1 812.577999 293.540173
2 745.953749 291.053968
1 826.586224 307.297123
2 909.566521 124.468270
1 807.404673 304.172504
1 842.635716 283.637172
1 842.317812 279.194958
2 755.668093 315.309465
2 798.047014 276.681240
1 832.474577 301.107203
1 911.479257 300.799377
2 796.974872 248.414395
2 935.934066 329.062789
1 813.720603 297.893393
1 797.641599 292.843493
1 812.737088 274.371076
2 776.566648 257.221098
2 766.816880 264.158437
1 826.809584 328.413038
1 839.743908 291.921267
1 810.117000 241.136659
1 832.165241 313.709376
1 827.999584 296.247161
1 820.156089 316.956999
1 797.747602 330.355959
2 755.940579 261.466138
1 814.660277 277.635540
2 720.854789 331.825483
1 778.382484 314.958238
1 830.468924 316.546845
2 764.107609 236.592309
1 827.102994 323.439558
2 741.461404 304.085612
2 825.471636 215.537034
2 770.076356 287.687036
2 832.533240 172.766989
1 862.338147 300.814431
2 808.671448 320.929692
2 865.978032 331.092802
2 721.566967 315.367352
1 804.987183 310.572489
2 805.875971 280.481545
2 756.895242 308.999285
2 732.257402 331.682102
1 845.415222 327.348955
2 837.932473 173.652333
1 811.266270 289.988216
1 782.916190 329.558257
1 853.130590 315.327151
2 845.907353 139.261991
2 717.019779 295.459798
2 859.002056 328.285399
2 792.471919 259.171835
1 785.075749 296.300297
2 843.427641 172.875807
2 746.914932 274.409957
1 852.716237 260.981606
1 834.728214 302.038097
1 797.786146 332.490607
2 896.723981 310.412582
1 866.809916 261.288040
1 815.215122 299.131429
1 841.762858 288.616758
2 819.311994 222.110092
1 846.304169 266.852702
1 821.881970 302.664931
1 799.015094 314.639853
1 765.601995 287.894611
1 820.144954 283.825437
1 845.609950 306.030464
1 793.760162 311.044688
2 849.011953 276.126722
1 816.005415 295.083464
1 802.561586 325.067433
2 703.597202 288.961039
1 800.040540 309.774555
2 786.644012 220.652879
1 816.861775 331.686469
2 924.822934 360.146150
2 898.600168 540.882315
2 677.775509 342.930127
2 750.100477 352.702020
2 910.013623 458.782088
2 968.121624 355.378469
2 909.437058 404.824141
2 921.326964 580.380160
2 857.254788 594.139169
2 977.632657 440.842494
2 958.985674 356.512416
2 952.169677 569.099599
2 813.839232 641.817628
2 864.808386 501.433124
2 922.861860 409.129112
2 757.961885 346.761935
2 921.044725 367.612915
2 710.275476 501.749901
2 923.699222 340.109950
1 788.219716 337.713068
1 830.797908 335.048392
1 843.892182 363.977641
1 791.542709 335.564379
2 762.328908 354.725891
1 840.165056 350.581822
1 833.010352 335.559904
2 800.859457 337.805008
2 889.483812 399.191887
1 773.925504 351.992871
2 853.631325 538.529036
2 769.535596 372.658761
2 698.956189 341.121164
1 795.493349 361.342291
2 839.788080 423.288246
2 839.126299 394.719985
1 876.884003 339.572957
2 692.787215 339.826056
1 814.958936 353.115155
1 853.546925 368.624271
2 689.772657 404.350245
2 890.933619 378.751876
2 982.695279 411.849556
2 730.868414 395.758763
1 841.045567 349.035197
2 836.803474 399.646750
2 772.276176 338.123999
2 671.196255 654.036579
1 778.048310 395.938143
2 685.263783 443.143730
1 776.778524 345.746099
1 778.627752 372.338933
2 937.508039 345.441454
2 703.224604 348.661777
2 784.960507 360.916541
1 778.573362 355.933576
2 702.939989 339.986865
2 864.740961 432.151345
2 852.948492 406.959146
1 779.361645 351.961885
2 730.879782 942.588539
2 817.317326 740.240759
2 728.193996 675.485181
2 836.032604 668.933878
2 977.535892 947.458170
2 922.795936 866.236940
2 906.207141 929.633314
2 970.266889 912.324051
2 841.109441 723.509132
2 975.466924 771.741003
2 981.902447 834.698518
2 864.426634 915.553717
2 960.869334 752.871921
2 761.362816 885.111847
2 693.274694 781.004788
2 666.953286 932.102326
2 741.835712 871.078402
2 780.253001 708.401185
2 806.801612 766.132397
2 816.717908 777.044800
2 666.923663 902.132947
2 938.265514 810.191697
2 670.100082 711.065722
2 697.119411 810.199564
2 967.398682 799.373873
