1 210.114308 186.948301
1 205.196307 190.114481
1 201.889364 166.244283
1 200.028815 178.904122
1 188.380839 167.329228
1 212.483211 172.490510
1 195.050289 171.076614
1 179.145205 192.423152
1 220.372450 167.082820
1 208.432975 176.476157
1 191.860712 185.192797
1 199.578806 182.418145
1 186.174945 200.079040
1 180.475691 186.882647
1 204.553109 188.063940
1 196.939850 198.505773
1 193.785615 175.874331
1 201.650211 166.035300
1 182.203108 183.478241
1 198.891638 173.225857
1 186.504118 179.103378
1 180.106523 173.681083
1 212.387992 187.255458
1 212.946587 178.048028
1 209.544623 167.571960
1 181.902077 174.280506
1 212.620355 185.058393
1 204.101071 172.079548
1 214.856571 170.711981
1 202.955266 172.699582
1 184.536981 177.049929
1 184.258736 186.863044
1 194.252804 187.623283
1 201.516642 175.161366
1 221.555916 184.444234
1 204.039642 182.773306
1 209.057956 178.535843
2 147.719864 139.178096
2 293.914801 136.273860
2 171.706898 110.554810
2 245.197685 60.614106
2 294.372177 189.389279
2 247.747488 300.629079
2 304.332227 62.381701
2 318.756259 57.705115
2 240.868928 171.431778
2 158.408097 123.982872
2 238.095347 173.144910
2 317.447416 179.969107
2 89.577762 289.336909
2 225.903249 289.597707
2 18.138077 109.929903
2 3.136457 219.714821
2 198.110545 10.437739
2 246.814734 268.601933
2 265.037625 240.178044
2 114.672760 10.294318
2 140.521718 239.398896
1 211.748674 141.522784
1 212.621415 211.664558
1 189.110214 187.291035
1 192.320434 176.613765
2 263.554313 305.509069
1 193.817886 138.019369
1 202.847581 179.606214
1 164.239207 210.053809
1 161.876685 165.434077
2 266.646119 123.608903
1 200.471068 174.463477
1 208.031354 178.931082
2 100.873266 48.320497
1 267.633868 178.438158
1 192.418996 183.997108
1 221.979927 194.041026
2 312.250652 236.171101
2 213.479038 169.986024
2 132.419292 239.569125
1 213.468939 205.798686
1 185.063048 166.693359
1 187.647943 211.999748
1 170.155925 197.140361
1 182.745240 170.232695
2 27.494252 144.041080
1 168.061509 192.375078
1 220.077532 189.810038
1 157.295835 171.403738
1 220.432005 196.402782
2 329.851257 173.743354
1 191.928323 179.312363
1 228.672534 181.579491
2 126.788052 94.989099
1 190.258958 151.184908
1 265.726821 180.283938
1 223.530539 138.664773
1 196.200922 141.937132
1 191.119518 109.728878
2 216.023234 175.133437
1 186.798792 179.054880
1 203.975741 148.090385
1 142.486054 133.567110
1 166.490194 193.116823
2 226.707417 128.647767
1 201.072430 191.862143
2 310.125483 61.819455
1 209.475848 178.892287
2 312.298308 197.661502
1 149.928960 178.281650
2 298.630452 85.803759
1 210.478799 213.950179
1 152.219010 144.556638
2 271.618951 77.531600
2 107.298632 242.127354
1 145.744811 199.415330
1 110.464428 95.730944
1 198.223462 194.914581
1 164.043707 180.102894
1 195.441141 151.579601
2 62.710366 317.378232
1 232.113219 142.305178
1 161.167312 169.986883
2 121.642326 316.935437
1 168.042236 205.299714
2 110.274484 90.654416
1 189.954766 140.578123
1 275.727582 184.267029
1 213.489952 178.834758
2 263.985664 27.156170
1 192.675440 174.652003
2 270.719177 103.203677
2 119.937198 7.621775
2 17.576251 179.413370
1 172.332366 188.035410
2 12.935758 175.374594
1 212.829621 160.066012
2 324.966591 29.237592
2 245.267599 198.262011
2 190.476935 149.645512
2 292.766446 98.347606
1 195.630946 175.427181
1 172.308359 167.461726
1 216.460168 179.801983
2 213.180902 181.278325
1 180.927367 179.804864
1 219.117777 198.591332
2 197.990652 130.597725
1 231.818848 207.839452
2 197.181847 61.014240
2 199.974445 174.582102
2 207.749264 180.735355
1 148.386576 103.484665
1 184.677427 180.286605
1 194.534271 135.513307
1 213.267042 125.791726
1 205.560798 217.116359
1 242.115675 161.539699
1 175.450005 172.206489
1 174.746720 180.077967
2 275.157879 191.955019
1 138.223152 170.839833
1 148.905741 141.968698
1 189.427071 167.500947
1 229.860338 142.504100
1 160.968110 155.567900
1 137.735045 164.631667
1 181.314303 185.250652
2 36.168578 256.415326
1 163.793976 207.136674
1 249.954696 171.719097
2 232.467501 130.449727
1 152.017467 206.233534
1 210.625578 206.264827
2 210.636939 166.052034
1 161.544057 168.423961
2 202.717346 179.647854
2 225.476896 176.880044
1 136.917542 175.351486
1 181.190336 205.610152
2 256.884231 223.491005
1 170.637268 173.825891
2 171.244360 543.570455
2 20.994490 632.140718
2 66.088670 339.827348
2 153.389716 641.988353
2 215.846863 380.439899
2 197.668517 576.454287
2 176.469311 624.306723
2 28.754951 434.886062
2 258.849622 571.780342
2 28.433730 395.907137
2 206.003233 444.655875
2 119.399959 429.388510
2 134.954239 645.637362
2 207.408084 475.388057
2 175.878546 664.310229
2 196.818547 606.576124
2 24.568002 368.185104
2 294.184248 649.503570
2 176.093375 557.655356
2 276.899284 344.316110
1 327.215746 648.329005
2 317.899895 616.599783
2 210.649582 584.308755
2 287.601755 608.688878
2 232.727755 538.507457
2 101.211407 635.458381
2 215.140821 656.322659
2 244.327113 348.028058
2 290.482673 635.474191
1 333.292116 656.710973
1 320.774684 615.003452
2 260.916736 620.704894
2 245.227932 580.482377
2 169.041655 625.928255
1 145.030728 772.537774
1 157.487720 793.321122
1 143.108860 781.374177
1 154.390032 786.035741
1 152.529190 780.121808
1 145.163527 789.729331
1 142.908453 785.024548
1 147.016255 764.763246
1 140.785421 784.378476
1 149.145823 789.074265
1 164.059055 789.500816
1 129.883861 767.236260
1 162.035259 791.309183
1 143.341848 761.361544
1 157.305392 776.514772
1 148.994945 781.462857
1 150.635253 800.337475
1 139.604911 775.162807
1 139.669431 765.674780
1 148.445724 798.992661
1 161.454364 774.691989
1 145.115120 801.068668
1 147.551750 782.847987
1 130.097206 782.724603
1 146.637271 794.320656
1 144.572743 765.796607
1 165.210033 792.478869
1 145.398130 795.977175
1 138.434013 794.852440
1 137.038868 779.913534
1 148.886593 775.785309
1 154.683136 787.143884
1 151.684056 759.675614
1 141.519321 797.625571
1 172.323697 786.749599
1 143.634279 768.792677
1 171.706840 790.920699
1 150.302771 764.452877
1 154.831874 780.177508
1 165.169143 762.646692
1 139.070384 777.583477
1 164.121171 782.791520
1 131.403224 778.324781
1 147.781349 780.633312
1 142.264031 791.512781
1 156.685346 781.153872
1 144.954823 801.106475
2 278.842459 682.923933
2 144.085517 872.816056
2 179.601668 815.345060
2 25.964187 815.865713
2 66.431093 926.363874
2 304.534268 779.614386
2 226.630879 780.766078
2 168.179667 893.592700
2 155.089063 886.894080
2 95.990597 827.499648
2 100.781039 780.964956
2 97.995087 682.932946
2 109.632884 844.386862
2 186.317673 845.551338
2 54.460575 712.218472
2 132.847880 719.890740
2 251.392151 680.540094
2 92.891069 894.358573
2 78.445487 880.182434
2 292.569065 875.351900
1 146.065614 803.438571
1 149.116514 785.473515
1 134.558502 768.389646
1 149.052851 809.946816
1 198.407042 790.863519
1 165.727176 826.087938
1 163.770682 789.913245
2 128.978465 870.191427
1 166.879448 749.250002
1 145.636563 771.453375
2 224.660912 784.160224
2 142.179757 846.195456
1 134.016081 794.947017
1 123.144382 747.459458
1 159.732574 802.233869
1 171.997361 756.391121
1 142.705264 774.988524
1 148.068499 796.052002
2 267.988288 682.783159
1 166.278979 796.955058
2 123.571946 912.774888
1 131.523578 735.564845
1 202.823659 788.773755
2 92.179929 704.384699
1 216.171304 783.184371
2 211.377726 764.962617
2 13.550755 848.935337
2 265.300114 796.351409
1 157.809101 796.389901
1 139.251889 740.896189
2 173.175990 753.257944
1 177.452895 787.904079
1 142.535978 722.472589
2 207.573392 697.951407
1 115.405930 759.349836
1 144.798220 791.723122
2 103.245832 857.490424
1 152.835259 768.605341
2 182.518697 748.387967
1 203.054230 786.102534
1 98.218814 793.084033
2 197.741930 821.213632
1 133.558929 815.354290
2 6.861745 813.704957
1 167.294788 767.923844
1 118.028114 750.803485
1 87.258945 770.080627
1 141.669442 808.838084
1 141.097348 776.353345
1 98.222709 714.637949
1 146.618278 760.544699
1 151.767134 761.206922
1 182.557110 691.346014
1 100.154859 815.180222
2 329.328552 794.451299
1 186.890045 771.990614
1 147.989836 823.769884
2 138.669302 809.657890
1 165.694140 795.022437
2 290.428774 796.496077
2 184.293460 734.825039
1 186.538269 762.313650
1 175.468934 732.938470
1 116.600198 786.751575
1 169.511109 784.843800
1 159.857978 785.234384
2 306.199494 876.354583
1 106.931312 826.672572
1 178.530941 805.306807
1 182.552775 731.663031
1 165.144459 726.689048
1 154.724713 822.865024
1 178.446325 682.975976
1 103.099772 754.627163
1 138.027063 782.586670
1 104.046498 798.995898
2 63.180967 873.996831
1 99.074267 774.587519
1 128.461111 777.191900
1 167.763405 709.815335
1 142.749871 828.498806
1 200.987694 761.176347
1 149.771695 797.340138
1 170.986186 797.899088
1 100.854544 755.262150
2 123.333653 866.816238
2 258.244046 817.455856
2 196.023852 843.327302
2 16.781870 860.972076
1 143.956053 775.723250
1 149.902175 776.905128
1 181.421018 788.645993
1 169.928626 771.720645
1 138.952567 793.340098
1 103.508642 817.814806
2 210.879657 780.213759
1 130.487502 810.050054
1 140.034120 824.398827
2 164.288681 757.484889
2 40.637016 685.843814
2 145.541861 715.211973
1 158.371824 710.220965
2 132.695372 850.703291
1 192.385921 806.597637
2 114.821164 840.094630
1 53.102836 809.392644
1 163.982457 753.306905
2 102.186795 821.490373
2 158.953570 787.978922
2 333.201124 793.000019
1 162.542185 739.819864
2 190.626560 756.937296
2 31.638140 676.204159
2 326.634814 726.289076
1 198.478640 777.289358
2 174.121363 800.089405
1 139.722704 742.741729
2 100.997149 866.690908
2 73.600984 846.836916
1 136.719242 771.002490
2 154.315958 763.923869
1 181.515484 780.838564
2 215.322212 713.266059
1 145.520580 769.765566
2 152.941966 835.287379
1 149.691450 803.318279
2 168.390719 772.065456
1 160.343588 715.478592
2 72.014889 818.389525
1 140.053678 822.762430
2 199.098637 727.737843
1 159.590185 835.416297
1 101.687165 728.947978
1 105.353923 727.313640
1 199.651989 688.397952
1 195.958599 761.061281
2 159.240941 756.572651
2 102.362268 756.508699
1 158.885458 731.239269
1 192.516833 795.551347
1 142.287356 774.690655
1 173.643415 761.671427
2 20.492174 814.707640
1 95.273216 795.914895
1 147.789424 798.019612
2 299.485954 880.170526
1 108.025962 731.027900
1 159.939409 753.875475
1 168.477908 786.382342
1 80.293355 693.323376
2 172.590560 853.518705
1 138.387605 808.333802
1 107.165537 725.371581
1 158.431400 731.449826
1 117.333513 702.353376
2 150.831926 687.145716
2 90.845300 808.630304
1 88.176392 805.813894
1 115.596715 766.440294
2 212.980321 686.779815
2 146.592175 840.142821
1 125.002206 799.507283
1 129.818645 784.781874
2 10.603607 878.336162
1 103.707929 858.190259
1 125.099742 791.543574
1 145.373730 858.464483
1 117.210327 800.170679
1 188.871604 721.916129
1 130.085051 788.815222
1 100.673107 804.373573
2 109.460392 859.958204
2 279.446318 699.313574
1 107.780545 735.648472
2 131.612579 796.128228
2 115.274282 837.855927
1 177.878803 756.598435
1 39.368048 795.928251
1 112.248824 759.527566
1 131.524876 770.746762
2 144.525037 914.633665
2 201.938021 840.199670
1 181.892071 792.725192
1 118.004315 818.373933
2 83.812158 851.032325
2 278.590267 798.605899
1 115.268304 804.918769
1 161.587095 777.819715
1 153.238197 833.666874
2 203.972797 766.179921
1 152.379317 725.985273
2 145.191102 871.685816
2 193.808320 833.360694
1 202.528416 754.292900
1 76.721480 799.689424
1 153.541465 742.131157
2 209.928188 902.103548
2 282.361752 827.029872
2 349.778605 9.205542
2 605.066590 47.788371
2 581.120796 112.089809
2 665.653347 275.935088
2 647.042743 256.695106
2 527.996854 292.824059
2 666.366008 82.483431
2 649.420891 250.178670
2 429.921659 60.700783
2 442.269964 137.611678
2 578.546029 74.844074
2 463.885595 159.578450
2 340.834231 314.390766
2 608.180601 176.614387
2 584.759719 8.514276
2 406.604858 243.912258
2 393.617551 91.206526
2 530.761359 200.478255
2 390.672135 228.799509
2 623.500289 78.874461
2 371.782737 51.913341
2 402.867411 243.143525
2 334.950622 271.238755
2 444.498006 305.325461
2 459.060437 293.612571
2 644.432431 191.727652
2 455.489825 251.267114
2 656.558965 308.327496
2 659.741709 227.101946
2 334.949637 219.829148
1 382.260213 656.654334
1 400.060358 664.114563
1 405.111228 654.743552
1 414.979481 651.653271
1 403.504982 652.571265
1 390.688447 647.845610
1 405.143784 645.741016
1 399.545928 650.646476
1 408.363581 655.378863
1 407.056579 652.214464
1 387.102474 631.882672
1 385.087245 644.224714
1 412.893603 637.657770
1 405.531501 633.996536
1 408.893194 651.784645
1 398.156383 646.538719
1 399.327124 649.262928
1 400.506485 650.383943
1 398.053061 653.189044
1 394.188539 646.559336
1 397.250624 649.699913
1 406.456430 640.285232
1 380.873523 652.353149
1 397.868197 650.876934
1 400.504314 653.885126
1 421.667448 648.733453
1 422.983944 640.758248
1 380.384746 651.717041
1 392.518443 649.812297
1 411.925322 644.440037
1 406.652711 633.066539
1 394.377634 647.022654
1 394.835188 662.032331
1 395.472651 631.200161
1 414.147286 642.437744
1 412.439738 656.811921
1 394.118353 663.469716
1 393.106662 639.004447
1 411.733015 641.469493
1 401.110278 649.500800
2 455.653924 403.258451
2 363.487086 575.203866
2 554.207542 524.403726
2 407.654692 539.267475
2 422.263068 585.874800
2 545.309700 599.809725
2 409.899350 583.813836
2 569.053141 516.305782
2 472.503920 468.156992
2 638.136057 382.283967
2 337.238754 627.361551
2 514.384405 514.909617
2 421.769390 657.734760
2 567.767176 623.068481
2 531.947152 538.399774
2 414.301767 487.742486
2 346.897906 350.992522
2 515.624875 369.475080
2 379.458646 395.931238
2 603.739266 638.164720
2 501.170248 578.989438
2 439.302773 543.991638
2 418.523773 349.099599
1 417.604746 609.975469
2 409.720521 490.524035
1 417.920696 625.967339
2 382.626424 503.247130
1 441.084862 641.866960
1 391.810130 654.120608
1 432.326267 650.143434
1 368.086941 634.838887
1 419.983274 604.571905
1 439.910651 633.769060
1 446.460714 655.467153
1 419.067236 654.367629
1 397.796975 612.136963
1 401.859414 645.901958
1 417.393978 616.387908
2 506.328453 595.900218
1 403.853512 654.965357
2 645.364532 388.453298
1 436.052107 638.487835
1 408.570802 582.448988
1 368.084100 658.355011
1 469.976601 623.393647
1 364.851091 613.983902
1 364.670857 648.710618
1 401.721818 655.759644
2 394.329451 659.211981
1 396.407160 607.752210
2 414.234806 578.227588
1 454.482851 664.245415
1 408.725984 656.487406
1 395.303078 653.739939
1 444.198246 631.368459
2 488.722334 568.035696
1 416.532265 657.693323
2 520.102366 577.624031
1 465.369454 643.117615
2 410.443071 528.903854
2 348.978828 379.345124
1 385.701166 653.983278
1 419.470753 650.686500
1 384.957443 628.235951
1 514.080562 616.925279
1 355.779865 587.823421
1 402.077999 629.730531
1 428.127293 590.342149
1 374.619074 662.095170
1 385.781740 653.094831
2 419.792229 559.752581
1 370.806037 650.077696
1 384.924570 595.634830
1 386.128767 624.233776
1 415.512939 619.681059
1 424.529874 610.607609
1 400.154650 619.907136
1 419.631833 626.201032
2 405.342971 589.557180
1 400.593451 596.308116
1 390.581105 637.508984
1 397.488890 640.683753
1 433.972878 614.344323
1 438.961128 618.562117
1 419.832312 647.540840
1 423.795227 627.242724
1 453.018115 648.294938
2 408.134848 519.554746
2 335.463950 624.834168
2 368.865357 372.676637
1 352.166411 656.430582
1 441.738496 580.506113
1 446.490378 639.654678
1 386.093249 638.632627
2 375.409030 640.988701
1 388.873646 604.597514
1 398.629026 663.697009
2 384.190004 656.344602
1 488.182249 577.433702
1 371.326181 656.978877
1 437.374058 637.400449
1 479.646190 620.155534
1 364.272979 622.660489
2 648.900196 597.746089
2 400.527326 503.007379
1 404.827990 606.011542
1 427.737462 650.700330
1 395.409868 611.921191
1 421.454267 653.824793
1 438.352499 622.141061
1 383.736371 655.056760
1 418.937710 648.471466
2 416.042731 623.675408
1 432.991662 619.977969
2 507.664807 665.909611
2 445.187436 631.486817
1 418.379828 582.818455
1 399.881750 663.189791
1 395.294251 613.257447
1 433.349743 627.534089
1 449.801321 662.794052
2 439.404233 619.971144
1 408.009617 657.025871
1 415.197036 585.616154
1 388.971236 627.132955
2 383.329874 643.075201
1 439.655530 619.527644
1 427.517362 651.032232
1 398.523067 658.955166
1 374.519184 658.865563
1 391.201673 658.271685
2 435.823763 661.966359
2 385.878701 641.485860
2 489.408879 587.816991
1 439.128465 637.132581
1 413.062382 589.551997
1 409.605379 660.753604
1 389.185103 631.161284
1 447.763501 645.499951
1 404.050488 626.276449
1 410.894089 666.013574
1 424.994192 661.652916
1 354.427325 627.630182
1 408.869436 652.831244
2 373.063183 596.943215
1 411.668134 668.368042
1 592.269184 788.914880
1 591.487549 810.596792
1 569.833038 799.846903
1 572.212885 807.626350
1 562.838830 823.133327
1 581.619194 791.499844
1 562.109298 801.404777
1 569.393378 799.362321
1 575.479506 794.895237
1 585.959880 788.115219
1 569.629502 802.786922
1 577.599504 805.651019
1 574.622168 791.722488
1 564.053403 790.297419
1 553.192257 793.616418
1 549.161840 788.600295
1 576.378288 808.759825
1 576.727973 810.336564
1 559.810518 804.961297
1 562.278597 797.613960
1 574.470780 783.193272
1 572.089694 783.789241
1 570.978102 799.174940
1 576.423917 815.735739
1 592.906930 809.881322
1 592.085861 806.001343
1 575.887485 815.058752
1 574.647485 814.706093
1 562.839817 799.521881
1 565.419632 797.485520
1 555.859829 792.941726
1 582.643007 781.605743
1 586.486928 795.935543
1 571.754810 812.072489
1 569.199946 795.767835
1 580.683493 819.967901
1 571.582199 797.383136
1 590.387599 797.733528
1 580.041311 806.092403
1 567.753650 797.303679
1 561.438024 797.509067
2 577.914558 714.854242
2 436.675419 920.930438
2 601.527925 716.441812
2 443.770658 934.503837
2 373.322691 854.021838
2 574.700117 858.400583
2 610.104511 840.210379
2 642.694306 910.732831
2 526.803464 864.987154
2 486.398273 802.952947
2 349.544459 746.803773
2 381.538185 894.107693
2 339.589366 723.918474
2 412.598899 810.795338
2 448.318685 952.522040
2 503.259611 871.763370
2 408.423329 772.895511
2 650.792042 795.792364
2 520.087113 997.883590
2 447.291469 719.800295
2 646.125732 813.346760
2 473.722511 702.352219
2 648.836860 787.895538
2 572.124382 759.782192
2 542.324607 680.102779
2 622.243191 962.189270
2 524.971951 840.720524
2 430.984447 864.594218
2 583.814646 844.751735
2 616.138961 886.174952
2 585.391843 863.138228
1 572.462377 852.705151
1 415.433911 698.656153
1 613.422753 844.771899
1 570.666112 782.960071
1 530.487429 783.236040
1 616.694851 787.817428
1 553.890683 801.535049
1 582.747927 789.938953
1 568.198401 772.017262
1 585.326598 770.232902
1 537.761180 807.743028
2 630.660894 872.733435
1 558.658155 757.830587
1 416.689050 687.613463
2 391.490959 680.766309
1 376.571989 691.473265
2 505.411036 800.714453
2 495.022612 905.232627
1 357.651568 673.249985
1 399.128707 676.364668
1 442.030177 678.205121
2 418.459254 722.579038
1 556.843216 802.269580
2 497.424803 818.295335
2 483.197678 811.669544
2 499.580117 806.729779
1 593.123158 792.937500
1 563.726446 767.876034
1 618.278338 823.747949
1 556.241944 769.772167
2 558.512686 866.902342
2 466.539047 667.116192
1 398.569945 675.051103
2 426.601703 738.705481
1 411.921859 690.841195
2 470.867770 690.419016
1 521.163355 798.240078
2 513.748806 937.668431
2 362.586822 767.728404
2 534.735826 802.639686
2 469.952154 719.037303
1 409.214056 700.364622
1 435.319043 692.038254
1 383.125083 679.726628
2 383.194474 740.855200
1 354.507758 728.295151
1 511.820840 789.107086
2 407.554300 672.360661
1 534.147414 774.422159
1 585.672486 843.500580
1 422.496440 668.919118
2 661.534071 818.493139
2 443.540234 936.775174
2 537.981803 738.128938
1 383.685548 677.991567
1 429.770627 690.810491
2 430.990452 818.907738
2 562.404512 761.219261
1 393.799246 679.758185
1 564.159760 790.563134
1 577.721052 820.818313
1 616.327075 779.861691
2 465.192024 972.955227
1 557.875432 804.420236
1 618.206642 836.399800
1 627.965281 744.203996
1 379.932903 673.760509
2 663.307870 825.141241
2 655.813673 862.773554
1 551.260567 751.847170
1 394.462558 672.724524
1 636.589229 785.582066
1 601.087441 813.917831
1 519.223319 811.020837
1 607.243882 790.794024
1 572.775123 711.993156
2 449.324571 730.994741
1 549.464710 854.717158
1 578.355306 798.608840
2 355.255451 668.682213
1 570.546789 704.765878
2 430.355556 675.854021
1 405.598214 692.743898
2 455.822538 817.742134
2 387.989075 743.883446
2 559.827290 790.917921
1 577.011533 769.974415
2 637.091685 809.154358
2 513.283814 836.470154
1 391.854474 667.028405
1 337.817200 668.026349
2 349.182180 666.818872
1 442.030177 678.205121
1 555.075361 803.247767
2 489.477735 779.833705
1 393.762458 685.744229
1 557.419606 832.916527
2 593.532334 887.250809
1 557.758855 787.437304
1 378.975290 671.371245
1 398.633169 679.621345
2 608.296724 897.015014
1 556.594714 786.915442
2 534.250504 781.778107
1 572.723029 861.866371
2 454.596716 982.932086
1 440.444811 669.648056
1 600.792235 786.466330
1 341.875515 696.771617
1 555.666032 795.878688
1 523.335428 781.157036
2 626.954688 918.656140
1 533.825268 798.385879
2 605.361018 913.739149
2 415.915362 695.021506
2 389.881103 866.267353
1 576.100226 794.854419
1 409.214056 700.364622
1 412.042707 680.884105
1 415.551669 691.672238
1 550.710892 748.815043
1 551.396815 719.788857
1 572.134015 834.262636
2 413.880784 755.653710
2 529.319329 820.806361
1 522.425442 812.345658
2 346.641918 708.359996
1 436.899933 681.832795
2 477.085548 684.924817
1 564.454077 785.804671
2 394.010344 675.500450
1 583.318921 860.728686
2 577.537740 864.701279
1 383.055304 706.627716
2 554.095790 696.523331
2 445.872207 750.993509
1 436.277592 681.239018
2 428.906896 751.735241
1 379.932903 673.760509
1 545.048392 793.161424
1 374.899142 727.478882
2 443.356659 801.713270
1 585.589371 780.044135
2 577.601288 873.049593
2 438.668171 713.431826
2 493.137102 835.298432
2 491.836453 962.654507
2 418.424825 819.541195
1 383.857628 669.426679
1 547.595645 869.007261
1 483.900356 845.661415
1 583.161907 800.711979
1 575.706277 789.367890
2 371.492242 689.330691
1 612.844572 768.902850
1 564.026909 781.924195
2 375.943054 758.773834
2 505.601056 709.089014
2 472.927787 708.691829
1 433.337039 685.396144
2 499.607908 827.373715
1 445.156682 698.608273
2 424.467178 682.867604
1 605.639598 766.098062
1 428.132469 671.936791
1 373.467770 697.303229
2 498.622752 885.909730
2 526.661767 745.615357
1 470.482603 668.471787
1 389.262447 668.873187
2 392.268229 671.733006
1 431.998141 668.374704
2 404.943445 824.895630
1 618.865240 837.542470
2 575.943939 863.727232
1 530.813565 811.490446
1 418.594383 668.117763
2 402.340006 729.915740
1 399.143758 708.018146
1 825.323420 313.131564
1 817.333145 301.770809
1 812.226200 290.236725
1 830.429414 297.607845
1 824.995430 303.209579
1 814.043604 287.613507
1 833.030645 316.684872
1 814.058431 301.075981
1 834.044190 283.999700
1 819.691371 300.488439
1 820.776003 303.481807
1 835.591285 300.783414
1 807.626186 302.934711
1 820.155986 304.158386
1 822.841290 275.549347
1 802.061386 300.942897
1 818.328382 301.953430
1 830.789986 321.305360
1 821.461269 298.275657
1 837.939457 290.559085
1 809.734327 290.916042
1 799.208382 306.913418
1 827.960425 295.295719
1 822.190965 301.146311
1 828.619228 297.276916
1 824.871657 302.618242
1 818.187449 299.010597
1 822.031434 305.360813
1 822.383471 302.747937
1 809.235061 314.367895
1 838.150705 307.822859
1 817.894563 302.926957
1 820.400217 300.308929
1 833.266366 306.872088
1 824.072163 310.451970
1 820.862003 300.408726
1 818.762404 303.936763
1 812.497967 279.106009
1 829.669497 290.198884
1 832.419664 315.356267
1 820.978513 300.690964
1 797.302606 305.825083
1 843.686914 295.652230
1 836.313379 292.914827
2 666.798979 177.648918
2 755.215109 262.818065
2 847.526756 47.555112
2 896.554048 172.220755
2 882.950573 98.002196
2 919.808063 177.226763
2 763.118143 314.693327
2 830.285743 135.188482
2 995.768737 265.352777
2 801.264136 178.192910
2 900.574006 251.836751
2 844.330495 166.834008
2 792.672124 105.940476
2 786.455709 275.805450
2 909.989381 231.012482
2 721.232896 113.150164
2 850.339335 302.945682
2 955.189126 119.127902
2 923.431828 272.093459
2 921.373790 74.377634
2 809.899771 309.508034
2 923.879637 114.424918
2 799.230402 268.265659
2 725.838965 321.164163
2 746.763665 98.818846
2 942.296089 88.085685
2 998.183651 278.084384
2 992.212422 18.595498
2 961.750529 170.609145
2 747.794707 283.159653
2 743.638688 290.934731
2 857.742176 194.240648
1 837.227470 268.624439
1 829.980517 312.264249
1 837.397363 246.534074
1 803.862038 328.012795
1 786.334541 259.464948
1 813.258487 270.298417
1 807.120403 292.958123
1 803.691345 283.101261
1 871.247971 262.900977
1 840.135593 295.383809
2 894.817883 295.245297
2 878.254892 242.735504
1 777.685483 280.188994
1 868.348027 316.037140
1 815.533125 286.174629
1 771.106330 325.380659
2 757.884501 300.368215
2 866.086783 289.867342
1 801.372071 305.361853
2 745.358548 114.263891
1 868.632133 285.174352
1 825.676596 310.330530
2 732.401340 142.020452
1 809.318241 298.686593
1 768.214897 300.359727
1 846.333925 307.237973
1 798.978701 289.737571
1 836.935992 300.038827
1 852.813924 277.045664
1 862.251551 304.151867
1 792.474499 274.458664
1 813.174918 309.679331
1 801.973721 276.326165
1 782.333909 308.927321
1 859.578504 278.352885
1 881.372924 281.420711
1 805.999718 286.791460
2 969.477486 103.199521
2 915.715828 251.386302
1 795.143469 306.285449
1 828.877876 261.735831
2 883.151540 294.550481
2 866.186229 295.292213
2 888.970680 289.673613
1 850.137935 306.189511
2 710.372194 231.816406
1 839.968368 322.578806
2 909.778520 260.619193
1 802.645078 293.174393
2 783.530611 287.347377
2 884.937004 289.947419
2 871.509539 283.571841
2 687.564222 217.630829
1 812.886533 272.746068
1 863.466792 236.692174
2 927.633271 269.562859
1 764.939053 319.255493
1 831.470038 310.825371
2 968.596054 168.267573
1 822.758827 244.262837
1 798.924450 303.833476
1 844.273113 244.933207
1 858.107076 278.960248
1 826.262038 284.009206
1 815.571297 315.949491
1 810.129964 308.437149
1 896.563722 298.521615
2 901.571559 305.495625
1 854.112051 316.199246
1 878.150565 216.141122
1 823.863527 286.861572
2 750.125148 284.847373
1 798.978701 289.737571
1 836.935992 300.038828
1 814.565155 298.158796
2 859.997920 207.561913
1 779.572757 315.473065
1 818.399004 292.044798
1 822.514930 319.941141
1 826.048605 278.512368
2 873.155468 260.040172
1 889.491156 273.632630
2 787.280261 299.022578
2 909.106243 279.316916
1 817.952647 310.610545
2 947.933063 152.920633
1 807.444763 255.700065
2 795.955482 315.223238
1 839.463981 290.159890
1 842.033655 294.646346
1 827.113607 287.773456
1 775.403364 324.360028
2 995.827817 259.343268
1 876.318039 283.972711
1 804.498205 262.479828
1 901.209427 228.941048
2 846.387818 262.425104
1 816.124294 323.960267
2 995.545581 25.192206
1 820.577298 285.113604
1 811.255838 293.542914
2 916.459621 244.787048
1 816.770388 282.433585
2 924.822934 360.146150
2 853.461554 617.476469
2 898.600168 540.882315
2 677.775509 342.930127
2 750.100477 352.702020
2 867.559483 627.575568
2 910.013623 458.782088
2 968.121624 355.378469
2 909.437058 404.824141
2 921.326964 580.380160
2 857.254788 594.139169
2 977.632657 440.842494
2 720.361765 580.513346
2 772.892698 525.418582
2 958.985674 356.512416
2 952.169677 569.099599
2 813.839232 641.817628
2 922.861860 409.129112
2 921.044725 367.612915
2 710.275476 501.749901
2 821.702857 505.467745
1 796.100021 337.409417
1 808.029573 342.548306
2 882.901483 355.563240
2 932.354314 359.649945
2 982.648851 416.951249
1 836.588838 354.442288
1 836.465028 348.417022
2 712.837108 334.571616
2 979.718731 444.102521
1 749.414772 341.804449
1 876.874484 343.801029
1 804.057572 340.368619
2 974.022038 418.443797
2 731.147558 363.124525
1 830.270510 334.015732
1 790.049268 342.859488
2 745.343260 338.824509
2 787.787911 384.421468
2 902.646945 415.187673
1 786.147049 347.536339
2 726.543135 380.269231
1 845.160160 342.149575
1 869.713499 335.835802
1 810.276809 380.332324
2 920.892952 420.100780
1 844.470874 392.680112
2 884.217413 421.616926
2 730.879782 942.588539
2 817.317326 740.240759
2 728.193996 675.485181
2 737.304823 749.460525
2 676.107195 838.903866
2 836.032604 668.933878
2 977.535892 947.458170
2 922.795936 866.236940
2 906.207141 929.633314
2 970.266889 912.324051
2 841.109441 723.509132
2 960.869334 752.871921
2 761.362816 885.111847
2 693.274694 781.004788
2 666.953286 932.102326
2 741.835712 871.078402
2 780.253001 708.401185
2 806.801612 766.132397
2 669.346618 890.599139
2 769.133285 740.760845
2 692.754473 780.076704
2 738.861364 754.675835
2 767.701989 751.624853
2 686.536481 833.148190
2 676.053629 799.835866
