1 202.078525 179.315206
1 186.819888 180.064576
1 214.176846 164.074055
1 182.952212 174.534474
1 206.669392 164.939290
1 196.768541 177.505941
1 204.328503 189.087506
1 210.958168 179.125455
1 211.836927 174.842533
1 189.331589 163.877402
1 193.067098 161.343859
1 199.534577 179.521387
1 209.442568 186.467994
1 180.724814 194.967207
1 203.531713 193.973627
1 193.107182 173.501593
1 196.032144 186.401373
1 216.060535 192.472274
1 198.853969 176.148251
1 192.250519 197.907028
1 194.037276 181.435106
1 199.799649 178.648621
1 183.153069 197.091140
1 188.637822 183.889312
1 189.229870 181.374885
1 199.026631 174.339036
1 190.123317 178.772194
1 211.479674 193.053529
1 201.737982 180.358956
1 199.410362 165.275356
1 200.678000 184.928028
1 178.902086 190.791062
1 199.439138 173.536568
1 210.518514 165.218820
1 185.497611 180.646397
1 182.344040 172.955946
1 194.792092 166.717099
1 203.281993 182.508794
1 215.404842 195.972708
1 209.131122 169.530986
1 205.148379 156.622375
1 203.190361 193.766879
1 201.587909 182.185522
1 220.624046 166.398049
1 183.735954 168.292734
1 142.884696 201.785145
1 170.518485 206.114492
1 216.384679 189.247215
1 190.597880 177.886884
1 222.164855 172.342649
1 229.649258 162.357233
1 271.638712 224.962433
1 182.075424 194.846923
1 189.452584 208.079754
1 205.904178 189.569749
1 181.881134 232.988564
1 201.496138 200.476811
1 228.871063 143.598168
1 168.330159 226.540062
1 191.420767 218.908264
1 198.607043 192.770352
1 253.126790 244.735215
1 157.340595 186.895414
1 192.641742 217.520987
1 214.726112 199.693143
1 168.936034 221.538339
1 223.422158 201.601331
1 179.372850 153.966633
1 210.423121 201.637801
1 240.887903 201.784948
1 185.195168 171.595558
1 147.920559 170.389541
1 203.198315 239.081228
1 196.160102 163.229098
1 220.011381 199.417585
1 154.371663 154.880289
1 245.407863 196.747358
1 155.176935 181.813286
1 209.004562 186.231838
1 238.976595 144.777397
1 169.471409 172.672769
1 219.797372 243.609430
1 203.443058 207.168243
1 212.139103 209.076431
1 204.198773 186.037007
1 213.568328 174.159481
1 203.585844 208.029392
1 236.276254 183.723742
1 174.394986 231.187428
1 216.274058 237.325737
1 218.847730 195.115183
1 214.131368 149.492724
1 180.028293 236.967176
1 182.220056 188.778388
1 133.348005 225.220603
1 196.852640 169.591909
1 205.108983 193.491912
1 149.471254 191.566905
1 153.965663 204.375869
1 219.119348 203.147671
1 220.384813 157.674084
1 184.875461 226.775063
1 227.106862 166.358882
1 183.543489 167.820107
1 195.218689 127.672778
2 59.664177 453.414726
2 50.576305 436.787278
2 58.482343 434.984402
2 58.804816 428.815023
2 60.732494 408.726670
2 78.024736 442.886722
2 67.604440 409.186050
2 50.591738 412.758446
2 74.532559 427.224107
2 56.673980 431.836704
2 39.766784 432.656259
2 54.629899 427.696813
2 39.445893 422.065107
2 64.010856 425.553187
2 59.602518 430.313672
2 64.184752 413.590620
2 80.182577 438.192942
2 70.931752 442.930283
2 61.246465 421.775181
2 60.792721 428.363508
2 53.810192 419.722364
2 56.705041 425.612133
2 56.175670 411.315359
2 63.494198 428.757342
2 56.345963 431.619136
2 62.089104 430.141319
2 43.408837 443.731623
2 65.727367 424.865274
2 61.552714 420.683760
2 54.176240 408.216230
2 54.332525 422.651007
2 65.391002 431.691994
2 45.589576 434.050779
2 63.955935 438.324871
2 40.333242 444.457525
2 47.776520 438.419990
2 19.746635 419.475383
2 50.715577 449.458926
2 27.712126 418.449611
1 328.623641 636.997041
2 33.519916 407.640105
1 137.580917 790.113407
1 154.195366 773.573497
1 148.767415 779.060031
1 139.421185 798.342218
1 138.908182 789.084680
1 146.418749 784.457072
1 160.131038 787.909778
1 157.117436 792.632554
1 146.027089 803.146904
1 157.586055 786.824144
1 154.737368 774.207855
1 153.580006 777.188003
1 164.555545 789.736037
1 161.261873 761.410870
1 149.508251 763.863873
1 144.243613 785.552113
1 163.909595 777.338638
1 146.093343 790.984559
1 140.338804 770.199865
1 135.578839 792.133503
1 135.556030 777.083723
1 153.267474 780.133094
1 147.859911 793.014543
1 165.789670 780.267917
1 170.979326 792.811980
1 143.297630 795.898551
1 146.283493 780.222102
1 156.864742 796.891839
1 128.360333 771.670554
1 171.076966 768.126136
1 144.477388 777.595097
1 165.961065 763.317471
1 209.480545 759.387673
1 96.203262 780.129523
1 99.204981 763.340820
1 190.006414 756.204107
1 84.315691 851.756177
1 130.175374 796.863266
1 187.561916 754.768973
1 148.330154 784.472208
1 99.959877 763.916516
1 144.244529 786.699894
1 130.534044 769.220538
1 159.473614 785.854357
1 124.689822 751.668020
1 135.292856 764.939921
1 176.263136 808.090283
1 140.672140 811.529844
1 160.663195 741.397280
1 136.842847 850.533333
1 217.434091 813.744822
1 134.039968 743.854309
1 126.808539 817.521956
1 164.092433 808.267419
1 125.036403 781.010352
1 170.812705 777.962547
1 102.241284 796.163801
1 199.619595 705.284855
1 151.123014 795.123156
1 71.652187 750.749608
1 141.985464 773.662786
1 160.509012 779.230839
1 111.045817 834.879175
1 131.084723 765.815620
2 328.257151 729.873307
1 161.122155 781.730636
1 197.238110 774.345921
1 189.700137 723.465969
1 108.438092 796.001589
1 211.554895 803.233751
1 157.833889 768.970718
1 95.028012 787.491625
1 179.226474 775.502609
1 152.869411 735.251351
2 307.734409 770.625572
1 184.594627 851.727191
1 187.529787 771.594081
1 147.271279 824.649651
1 160.613199 787.106905
1 108.492630 770.007435
1 206.681052 752.803600
1 184.301868 780.729954
1 210.139835 821.441006
1 205.863935 804.580310
1 183.783238 726.055371
1 108.807875 805.178776
1 164.713758 756.389096
1 159.752878 749.045492
1 151.182953 747.592661
1 145.449163 768.040117
1 141.286090 795.519970
1 161.122155 781.730636
1 157.962100 811.958221
1 93.699417 772.365261
1 150.485437 783.930669
1 179.504708 779.659413
1 97.641742 824.120013
1 56.937356 792.185794
1 133.955613 837.582098
2 289.264649 747.983149
1 197.941238 825.890188
1 104.059536 866.866088
1 126.372764 861.803230
1 110.117852 790.166406
1 146.081813 897.295380
1 140.109230 828.587203
1 152.654146 828.036202
1 176.780397 754.875389
1 109.924037 713.991376
1 180.628602 748.700678
2 287.731263 749.651905
1 226.392812 793.561952
1 133.967756 764.842631
1 109.358204 818.906696
1 167.480114 804.182723
1 114.865514 874.958729
1 174.279450 791.912136
2 307.089393 799.230808
1 82.071018 801.627477
1 174.248909 817.534999
1 123.921082 749.227889
1 236.423658 769.438807
1 197.651830 846.552061
2 484.248733 151.095240
2 487.072859 134.072046
2 492.965995 129.845313
2 518.370217 137.655406
2 500.372290 132.347817
2 487.886167 155.139001
2 493.720714 134.765195
2 509.805614 158.859363
2 494.685072 156.280964
2 516.707945 155.811111
2 493.952420 155.236588
2 512.198795 143.865391
2 503.031665 142.810787
2 482.063822 143.746553
2 496.084056 144.129262
2 491.287710 130.238975
2 493.997559 149.054409
2 505.718363 140.086895
2 492.726283 160.391446
2 497.273132 140.416961
2 491.863470 139.404843
2 484.169628 124.939385
2 500.296424 143.208910
2 502.431803 130.208756
2 507.653555 163.648638
2 490.172815 141.775291
2 497.665782 137.406016
2 504.235634 136.967520
2 507.121802 126.362128
2 504.037112 143.205893
2 519.923327 144.451390
2 507.237126 134.154348
2 495.384363 140.921447
2 497.827101 132.321328
2 520.065446 142.572758
2 495.878229 119.440463
2 499.532163 145.276059
2 486.023560 139.868389
2 457.437261 102.298047
1 414.159271 654.484542
1 396.965906 656.429721
1 409.232629 630.668999
1 407.023245 639.978443
1 393.944144 650.141133
1 405.431374 649.333913
1 391.300101 656.779568
1 399.486811 646.725757
1 400.259023 649.944374
1 399.088965 649.256337
1 395.487644 652.575963
1 399.326209 652.158784
1 411.968041 650.520766
1 398.848586 635.686138
1 391.609420 665.205160
1 408.133576 630.837110
1 399.173399 644.191207
1 409.607785 663.929181
1 389.841955 658.005263
1 400.774781 650.308213
1 399.641320 649.664334
1 400.950645 653.944074
1 396.906714 642.965381
1 396.371375 649.914623
1 381.955513 645.056636
1 381.367666 653.613494
1 410.397212 637.327155
1 398.660293 649.819049
1 401.354440 647.757411
1 390.971265 647.465206
1 405.861198 641.062399
1 394.385557 654.002274
1 393.340697 642.555826
1 411.539163 654.654595
1 401.664526 639.774492
1 408.226809 628.395687
1 415.984239 646.909203
1 399.215922 650.971434
1 423.036678 654.281203
2 556.654560 492.168320
2 566.327921 479.929622
2 542.108217 474.036524
2 559.685605 487.433473
2 563.369408 490.282628
2 559.161220 474.688788
2 557.486451 481.565274
2 563.704203 473.647680
2 558.252617 486.808067
2 558.899972 479.781194
2 548.343974 488.373185
2 569.635254 470.297255
2 565.753896 479.453980
2 547.504747 473.173566
2 568.280122 458.401332
2 536.452940 475.645585
2 545.797056 473.774194
2 567.445625 494.042759
2 562.460124 483.713340
2 558.284391 476.821103
2 547.655082 458.294657
2 561.074381 495.485274
2 563.167474 480.654356
2 566.168079 497.857587
2 557.684401 461.115869
2 560.512513 470.929234
2 542.971177 465.114985
2 553.586758 461.895545
2 567.193653 481.763242
2 564.631733 472.059136
2 580.142647 476.366680
2 565.634408 455.665149
2 557.992754 503.939145
2 548.831643 495.501298
2 544.664903 471.243575
2 545.146850 474.591171
2 568.669514 482.475636
1 411.849255 658.388635
1 412.415695 627.475616
1 416.933925 662.754103
1 383.122851 662.893335
1 381.412401 654.532052
1 360.212936 615.930999
1 375.655108 602.324260
2 518.161729 479.666201
1 427.950746 632.197211
1 379.348322 614.208003
1 426.632715 660.917801
1 360.892986 625.115926
1 429.197496 662.342277
1 422.399205 640.394804
1 364.944426 650.009582
1 460.684826 657.363411
1 364.552077 626.413005
1 386.877781 632.021808
1 474.816276 649.943080
1 419.038878 662.209672
1 362.689292 645.873698
2 562.491398 448.776450
2 530.091993 486.254231
1 452.294393 652.707277
1 444.384745 665.072315
1 381.192649 654.515557
1 478.498459 627.117955
1 408.734318 644.441973
1 426.905708 628.902014
1 387.763611 663.647721
1 379.343992 634.679946
1 386.871560 632.123658
1 429.204778 645.141422
1 370.234956 653.354023
1 418.814663 647.657417
1 345.448353 643.722491
1 416.497188 652.135579
1 359.371658 643.389302
1 410.544701 666.448164
1 401.330127 658.323763
1 441.402190 620.256275
1 349.465276 665.524599
1 361.911983 659.806625
1 387.580501 645.392271
1 410.698774 646.276006
1 380.880876 609.672197
1 410.966204 651.108720
1 408.165766 660.510875
1 355.788606 655.761865
1 407.556752 636.079667
1 408.323944 666.514745
1 431.443816 621.975577
1 420.939172 661.813000
1 418.396313 657.194708
1 378.268777 660.870390
1 405.530985 629.031095
1 420.664512 663.535486
1 405.436186 659.225687
1 467.579921 622.654176
1 440.824464 615.987325
1 389.218757 649.894773
1 410.307979 656.541622
1 413.661798 656.913290
1 339.742058 628.602779
1 403.284324 666.452241
1 420.303646 634.464752
1 381.722186 652.546803
1 422.597451 628.341206
1 444.550877 635.106260
1 363.546503 638.391605
1 419.764274 625.474729
1 411.886582 657.491669
1 401.790592 648.240265
1 369.007864 657.636072
1 366.897878 612.609922
1 408.631029 644.033215
1 338.401861 606.825271
1 403.335528 621.128756
1 385.136323 635.803368
1 380.954621 654.588372
1 439.759880 656.990692
1 398.673613 630.892365
1 398.398231 659.431285
1 399.977027 627.087055
1 398.749003 664.197348
1 410.357964 626.871864
1 358.790887 655.747015
1 392.182717 660.538587
2 528.054580 428.219000
1 415.893278 638.167092
1 394.542641 645.211635
1 402.907553 656.541056
1 389.597578 615.981593
1 433.784952 617.958563
1 409.008082 663.229759
1 385.238821 595.732563
1 416.049636 642.707884
1 377.277483 642.224543
1 354.105147 653.671873
1 428.937140 628.826061
1 393.954649 631.341693
1 420.615139 653.846046
1 419.501078 638.561850
1 390.686949 619.306526
1 394.158157 630.677050
1 460.179395 602.293500
1 377.745072 618.515099
1 403.162936 606.483152
1 425.605926 622.752364
1 396.516236 665.164430
1 441.714488 648.488417
1 423.371263 648.993344
1 357.701877 651.733917
1 377.264270 618.907252
1 394.087576 657.062044
1 430.175701 655.498988
1 444.194279 660.258889
1 460.154798 645.903495
1 373.967883 603.270024
1 394.629740 649.527233
1 392.114856 668.457714
1 394.954126 674.308099
1 410.850476 670.035768
1 395.577588 668.116983
1 394.221399 669.527537
1 581.751516 787.336215
1 570.123937 800.021367
1 591.474880 793.367133
1 567.376086 804.549630
1 560.549366 808.971070
1 587.251436 782.693528
1 587.747347 813.579480
1 583.242380 791.272099
1 572.751738 801.405733
1 552.745377 812.852118
1 564.153244 803.367135
1 566.634687 799.764181
1 569.401358 802.703440
1 581.768991 798.964816
1 577.898006 790.170492
1 574.622078 798.789140
1 583.571398 807.125762
1 573.053080 813.579015
1 584.509425 787.087501
1 572.145453 786.877142
1 574.188549 798.183811
1 555.463841 818.504065
1 589.863390 791.962140
1 568.084256 806.421477
1 556.173005 808.304817
1 572.362892 786.040284
1 569.348468 803.664456
1 559.722450 798.231480
1 554.189676 788.492689
1 565.268759 792.765162
1 570.431892 804.553449
1 553.812317 802.677720
1 556.450136 801.912863
1 558.457108 801.771453
1 553.909713 813.565870
1 588.384833 811.338194
1 563.309108 788.919077
1 546.552111 799.804377
1 578.038975 812.878854
1 569.494965 799.816144
1 577.269699 796.321275
2 389.538227 833.879714
2 378.960659 833.429814
2 411.442228 835.670410
2 409.237313 811.380150
2 399.890100 830.041025
2 387.390942 851.011779
2 400.025746 809.960347
2 405.207302 850.738799
2 397.114311 827.173351
2 397.580039 831.068220
2 401.636197 813.259206
2 387.290173 814.781166
2 399.712033 820.898581
2 402.382769 830.642689
2 397.509522 816.278095
2 395.711069 837.208026
2 399.501159 818.059710
2 398.257724 839.003859
2 376.583223 838.678080
2 382.307555 837.874612
2 412.266138 813.407596
2 399.456228 830.895849
2 413.065501 846.807698
2 415.642324 835.764118
2 390.094158 829.951194
2 398.878255 849.165779
2 401.366324 848.649844
2 401.175089 840.522349
2 399.819838 837.191383
2 405.832256 845.406995
2 398.449407 821.013905
2 402.179150 831.091748
2 405.133892 836.167852
2 418.329704 828.496631
2 400.384027 826.575821
2 391.501291 844.196585
2 404.526549 830.470441
2 393.088402 831.176945
2 388.306593 841.258806
2 382.629465 844.753000
1 589.556877 816.774956
2 422.495599 828.653383
2 374.976700 851.840371
1 392.946708 669.443303
1 499.185697 787.883881
2 387.150877 791.172951
1 420.808229 675.284271
1 547.821575 802.812514
1 411.472517 671.997066
1 614.845380 807.573976
1 540.036595 818.875697
1 583.311822 791.498820
1 421.106536 671.030818
1 570.259653 803.781760
1 554.532450 785.738693
2 374.080855 820.324995
1 391.625887 683.546513
1 590.668448 818.419671
1 618.040567 832.576783
1 606.312110 805.375909
1 571.519599 790.645132
1 421.401923 736.256776
1 580.547995 827.590276
1 590.461276 827.054671
1 559.915902 825.477531
2 463.842277 840.700775
1 592.373194 789.127922
1 547.447185 770.270850
1 371.417540 688.620801
1 549.492560 835.593071
1 608.686434 755.487609
2 417.746111 829.121989
1 569.025545 792.575670
1 470.709406 682.127720
1 538.290091 799.479828
1 548.052055 795.039773
2 393.783212 851.857724
1 553.206114 880.833099
1 583.798469 866.487589
1 577.877012 810.958711
1 583.454226 786.284011
1 547.119254 778.655560
1 640.759488 784.338879
1 588.337824 820.619435
2 402.545191 806.910462
1 448.093931 711.083706
1 624.297480 800.686101
1 614.514646 769.811486
2 358.360430 775.309049
1 567.327135 817.092493
1 554.921528 806.820323
2 406.848490 836.907882
1 580.582966 804.104700
2 381.584847 805.549699
1 566.627194 764.617466
1 370.344847 683.420936
2 400.352741 725.231020
2 359.647823 789.011618
1 584.564488 745.738420
1 548.156469 835.741999
1 413.578796 704.104615
1 570.635685 775.978722
1 599.745381 847.846760
1 427.608811 730.687357
2 377.392589 715.059269
2 425.687039 779.792017
2 399.953078 817.926526
1 588.684356 835.777516
2 366.725557 734.330402
1 607.494038 828.255621
1 559.731767 759.456412
2 398.476535 839.482148
1 535.775412 768.418391
2 393.885529 852.515728
2 371.306588 825.011305
2 412.326763 777.202431
1 628.569153 782.832798
1 563.639119 802.633244
1 563.105667 809.784531
1 388.608953 670.634442
2 466.363701 856.818226
2 347.017911 875.237584
1 511.300596 819.674204
1 582.947988 824.039302
1 488.922134 847.826278
1 589.268302 845.638439
2 413.326830 830.909064
1 514.134546 815.266769
1 400.714704 681.793534
1 362.312221 673.761218
1 559.911640 755.374680
2 355.867219 770.459808
1 556.897942 804.365783
2 383.349524 865.336718
2 430.487194 788.114673
1 560.039295 764.369779
1 623.632499 799.129492
2 379.044331 830.692247
1 472.594673 754.789102
2 415.027606 788.600836
1 536.527756 860.095826
1 386.695674 699.321916
2 375.937312 853.746730
1 564.890022 811.710702
2 399.307598 794.794883
1 605.143636 817.377101
1 392.512582 698.666459
2 445.884597 838.421154
2 352.033809 814.418840
1 504.014092 824.437374
1 622.020674 747.981542
1 575.788749 791.985340
1 509.242480 711.033067
1 539.605752 803.453092
2 449.276826 807.816946
1 414.836948 692.373277
1 429.024134 667.591924
1 536.949872 780.434728
1 572.441997 849.518651
1 598.535888 818.672507
2 394.719334 842.105614
1 386.836405 708.133363
2 351.536671 815.490700
1 575.785143 789.296471
2 422.468982 922.593341
1 576.244067 848.175949
2 367.715978 846.806037
1 410.725818 671.431079
2 353.202331 772.286749
2 474.036113 845.975722
1 544.984835 821.994332
1 582.665997 816.241100
1 586.806085 740.366982
2 444.389429 845.783466
1 623.591578 799.238576
1 546.852135 758.916507
1 419.785684 698.535196
2 425.651940 793.197012
1 488.440554 713.833296
1 527.404455 834.625229
1 593.776460 796.502642
1 613.004804 815.368582
1 605.523637 797.017746
2 349.610138 822.061599
1 590.468827 789.682040
1 580.307020 849.554549
1 580.426666 829.827013
1 588.791748 779.951618
1 399.376414 705.907341
1 397.659630 711.139888
2 374.459563 854.387659
1 531.483761 790.059922
1 546.016150 725.871917
1 366.836231 673.912687
1 562.130963 815.239575
1 420.422302 718.219723
1 374.793451 677.556227
1 552.274075 766.686368
1 571.673375 791.833000
1 582.774126 829.476379
2 442.760144 865.431017
2 478.488623 873.229812
1 418.926573 680.381933
1 584.514911 872.452479
2 413.400402 783.075652
2 363.122228 829.054458
1 374.997203 720.156775
1 400.674398 676.518018
2 443.201032 881.498551
1 555.668169 792.882380
1 567.537221 817.540271
2 361.446350 756.986682
1 443.427169 701.971326
1 387.150917 671.990580
2 441.224393 824.916965
2 478.449285 843.787881
1 615.450522 775.902164
1 605.856558 872.156366
1 423.452470 667.246898
1 622.488366 792.603036
2 365.565585 800.353596
1 566.456884 794.690566
1 422.217931 710.008669
1 606.127133 783.840265
2 341.641260 828.192894
1 564.803247 808.286433
1 541.066644 773.356219
1 552.430700 693.594117
1 568.602194 773.449725
1 646.801604 735.097098
2 396.776502 775.598428
1 571.375563 872.261786
1 424.529481 675.580789
2 419.696388 791.238793
1 412.710052 668.430057
1 603.884855 742.053774
1 598.668644 768.538489
1 596.536732 786.038533
1 378.552469 700.056903
2 421.041471 836.348158
1 530.165987 799.371463
1 565.947506 794.868873
1 537.142020 760.817544
1 561.692862 868.735922
1 444.127856 736.389121
1 568.806691 829.772326
1 656.661561 854.186983
1 406.078011 714.105289
1 550.894733 805.822329
1 604.404369 829.520688
2 397.907369 722.120718
1 548.503351 804.229952
2 464.708454 876.583945
1 588.359085 837.544322
1 550.536601 779.325687
1 442.339644 681.765315
1 561.012098 890.382592
1 562.134206 776.662454
1 657.408725 701.570720
1 610.476081 742.430622
1 559.944414 804.952218
1 606.254368 789.763034
2 367.335867 809.462420
2 462.514973 848.291450
1 543.161021 818.476302
2 428.904873 854.871102
1 571.917877 760.804623
2 385.404426 860.943438
2 414.168611 868.420735
1 369.129307 674.273149
2 432.659374 790.101269
2 389.655517 801.205445
1 528.295712 782.268742
1 570.538915 884.654307
2 361.308924 816.091407
2 380.149288 886.916960
1 418.552183 686.764943
1 421.080483 674.106301
1 627.330295 849.882550
1 579.079062 761.185701
1 578.362790 822.697246
2 382.132095 876.039988
1 591.394919 851.429995
1 549.344990 839.772985
1 357.951517 674.961249
1 553.046623 805.713213
1 663.563850 814.393083
1 529.473523 793.915689
1 408.294346 677.239186
1 522.018025 774.289745
1 537.286553 774.129224
1 584.681419 780.923683
1 640.563264 812.229281
1 605.706124 743.355709
1 568.294414 801.677401
1 345.348944 691.970639
2 367.277114 792.660221
1 403.124446 697.814888
2 334.309655 812.271090
1 546.022049 726.001143
2 422.761923 871.521125
2 427.439028 791.290404
1 378.262441 669.284245
1 629.064907 793.204240
1 406.607287 673.057466
1 548.127991 777.474499
1 623.116914 866.803882
2 385.588124 901.179606
2 336.926151 775.152688
1 557.143646 792.605364
1 394.261361 685.897733
1 539.499413 790.011490
2 377.980735 785.866115
1 822.570945 295.209373
1 829.830806 294.046739
1 821.918281 286.535242
1 819.703925 311.468283
1 802.629404 300.577595
1 839.125300 303.166866
1 819.550908 293.675277
1 823.128751 297.453261
1 823.478148 298.508401
1 821.751465 291.149601
1 818.087407 302.558102
1 825.283169 296.602609
1 818.450751 282.660983
1 820.312877 300.045297
1 804.173060 292.202385
1 820.927539 293.228590
1 822.934482 292.983958
1 820.841994 316.170513
1 815.418058 296.885520
1 819.024018 294.624643
1 831.099042 306.238499
1 818.992631 313.060734
1 819.454788 297.964086
1 839.922837 300.968418
1 814.089782 286.227806
1 814.952164 321.010370
1 825.252307 296.898763
1 803.852044 302.353583
1 809.983797 301.390875
1 823.426854 290.314283
1 799.510615 313.051670
1 837.694861 287.564907
1 831.735188 292.686087
1 805.251090 281.217554
1 834.640377 300.015460
1 819.206725 279.764840
1 822.409595 321.539671
1 803.484546 312.865743
1 821.588987 277.873229
1 817.297562 303.155753
1 814.325253 299.945888
1 839.276486 324.040729
1 848.534874 316.522971
1 794.438270 299.687799
1 824.079787 263.905374
1 832.985501 300.219674
1 804.868501 327.180972
1 818.242733 292.861262
1 869.340730 272.679540
1 801.514639 298.024462
1 783.874151 314.581959
1 785.407791 308.635514
1 856.980089 271.080900
1 806.994379 251.966796
1 840.006841 317.746675
1 801.863237 265.306895
1 795.702427 316.117499
1 840.344157 306.628122
1 845.280019 301.087228
1 787.985372 301.229984
1 857.324210 319.679401
1 848.928512 282.752749
1 869.930728 315.357451
1 870.982572 294.022158
1 836.495278 315.496079
1 809.625302 253.026020
1 773.739112 256.846901
1 852.074387 284.450418
1 799.605361 307.083145
1 795.752775 239.233623
1 774.700987 302.027136
1 819.720193 303.837235
1 808.692717 325.909135
1 815.086716 276.604465
1 835.212898 254.229731
1 815.231070 330.953753
1 853.173751 246.431660
1 826.314867 277.761115
1 779.909774 330.582969
1 821.925693 229.758131
1 808.742094 272.701849
1 838.621268 299.212738
1 877.011685 276.945319
1 836.683143 283.851586
1 814.799271 296.749542
1 768.239276 296.214963
1 797.060646 323.679341
1 818.756101 250.164800
1 820.983239 299.833909
1 778.549701 306.895872
1 804.168323 310.788537
1 880.570259 243.076854
1 808.770109 322.507991
1 821.473934 305.267720
1 820.884003 258.394979
1 845.851183 289.745380
1 827.873755 309.839475
1 831.053579 276.938713
1 776.239034 298.327327
1 833.638078 316.497796
1 840.252356 304.773949
1 849.012882 326.487089
1 796.335835 288.120114
1 844.994864 282.485798
1 815.182949 281.446665
1 823.872529 281.930160
1 826.245799 332.796293
1 845.380645 324.830540
1 845.620508 323.635913
1 823.105272 317.821524
1 814.182238 203.698127
1 803.079728 234.331254
1 816.086817 285.463368
1 863.324575 325.285386
1 824.140169 316.623076
1 881.446843 278.307079
1 836.649661 299.173518
1 835.376088 299.267358
1 849.202295 262.836563
1 854.358541 322.020199
1 806.236347 290.017447
1 867.321983 292.995848
1 836.342261 297.703073
1 778.343428 217.314994
1 850.324480 256.068494
1 797.417035 327.508715
1 851.805632 315.480481
1 749.435682 233.582231
1 814.824389 328.722699
1 833.184395 235.127091
1 812.439187 310.661205
1 816.479866 267.447916
1 789.545172 268.055406
1 761.254948 317.718488
1 806.302522 290.697680
1 796.079932 245.827672
1 779.814841 316.958936
1 819.101811 305.787436
1 853.702493 286.797223
1 831.032581 315.173111
1 826.078443 300.049585
1 863.316574 326.694424
1 853.102207 295.781721
1 767.811786 313.601116
1 828.347122 246.950195
1 784.512262 323.180406
1 864.336448 314.366362
1 816.347112 319.607074
1 818.989565 325.140131
1 829.321940 278.245579
1 751.891893 263.941588
1 759.815841 270.948888
1 806.143682 313.121945
1 740.341949 314.688489
1 829.166667 246.609864
1 765.488572 327.814648
1 882.053672 261.079620
1 818.446959 267.692734
1 816.988427 320.376923
1 824.381602 330.721895
1 857.235340 315.284003
1 820.241722 316.849892
1 857.490052 281.645903
1 868.026863 328.129267
1 781.712375 327.343107
1 846.451158 266.453236
1 815.235806 331.854072
1 820.617714 306.831556
1 813.025705 286.693694
1 800.060841 309.657412
1 803.476438 317.380076
1 897.878240 275.568307
1 780.369927 311.825175
1 776.395713 315.982757
1 846.958416 278.149182
1 798.137200 294.156672
1 785.537565 317.555681
1 802.634761 202.461859
1 797.391086 295.632237
1 859.274951 315.341002
1 816.576203 287.942175
1 848.587477 277.290094
1 822.420332 317.526000
1 811.973089 316.285332
1 870.361895 292.840120
1 797.093715 283.164675
1 786.057833 320.304205
2 840.676232 608.621616
2 851.954105 627.968782
2 854.026035 648.220403
2 853.077069 632.163393
2 838.369887 634.561641
2 866.584727 624.813974
2 828.963805 622.449259
2 852.416090 642.763955
2 837.016986 614.694498
2 838.721206 644.038280
2 863.400528 639.149061
2 859.753973 642.335668
2 837.233535 635.162835
2 853.881323 619.546542
2 850.632442 625.157595
2 853.359522 611.015333
2 858.067359 619.559308
2 857.351504 643.163369
2 850.318600 639.521488
2 835.521914 631.914579
2 831.556330 614.604932
2 856.027421 643.177058
2 851.245743 630.290808
2 836.293860 616.051164
2 837.884820 636.400251
2 853.265255 626.674026
2 848.812040 628.612968
2 850.192135 635.737483
2 854.054095 633.278565
2 849.995893 630.763458
2 834.979246 636.262926
2 855.763583 644.513919
2 856.436795 633.342058
2 852.717873 632.804110
2 842.090755 638.151091
2 850.868218 630.077384
2 841.498960 633.550477
2 831.691895 631.432495
1 839.150566 346.386851
1 837.149924 359.523405
1 840.624973 377.913534
1 783.102393 353.649471
1 892.445920 342.276394
1 856.559731 346.097275
1 824.946431 364.029441
1 825.899736 342.540759
1 810.334254 343.699620
1 845.464931 339.473729
1 803.651274 364.373407
1 790.211756 359.374680
1 844.540499 367.188952
1 819.144600 391.000875
1 835.854635 359.373429
1 801.551080 378.747890
1 865.970053 339.489114
1 828.779914 403.888821
1 809.915821 337.940712
1 832.207247 337.706863
2 875.676881 635.394507
1 801.479388 340.752077
1 855.285902 340.737398
1 836.904929 358.143795
1 854.046367 359.801740
1 835.998999 341.347870
1 765.224456 357.681473
1 842.373624 377.217716
1 749.857112 370.055201
