1 202.078525 179.315206
1 186.819888 180.064576
1 214.176846 164.074055
1 182.952212 174.534474
1 206.669392 164.939290
1 196.768541 177.505941
1 204.328503 189.087506
1 211.836927 174.842533
1 203.527437 163.832954
1 193.067098 161.343859
1 199.534577 179.521387
1 201.970054 177.160632
1 209.442568 186.467994
1 180.724814 194.967207
1 203.531713 193.973627
1 216.060535 192.472274
1 198.853969 176.148251
1 192.250519 197.907028
1 199.799649 178.648621
1 181.725132 173.312320
1 183.153069 197.091140
1 188.637822 183.889312
1 199.026631 174.339036
1 211.479674 193.053529
1 201.737982 180.358956
1 199.410362 165.275356
1 200.678000 184.928028
1 210.518514 165.218820
1 201.121318 185.842062
1 185.497611 180.646397
1 198.505473 182.127880
1 182.344040 172.955946
1 194.792092 166.717099
1 186.702925 186.835629
1 203.281993 182.508794
1 215.404842 195.972708
1 209.131122 169.530986
1 205.148379 156.622375
1 203.190361 193.766879
1 201.587909 182.185522
1 210.067252 172.806962
1 214.566153 170.744935
1 240.432045 190.941594
1 162.216351 141.696432
1 218.607092 137.902426
1 230.089454 167.719520
1 195.243493 172.068508
1 105.418710 142.435267
1 219.775903 143.192324
1 166.268691 183.916196
1 197.674818 137.585999
1 181.899834 190.606301
1 169.814374 182.444914
1 139.896090 179.623905
1 235.167119 176.597983
1 210.291240 168.900301
1 173.058122 193.303792
1 182.895164 228.043442
1 116.362497 216.643304
1 175.513871 205.190110
1 220.511511 190.705046
1 197.207364 101.155559
1 194.190726 178.672979
1 204.635891 141.221110
1 122.578076 216.455158
1 162.125944 178.594137
1 174.311573 173.064890
1 239.632613 215.153715
1 201.464777 194.567243
1 160.738353 156.895000
1 203.704909 211.667980
1 202.730914 141.858746
1 172.611439 198.982317
1 235.105112 170.387316
1 224.179151 179.482547
1 189.581995 183.377342
1 198.487219 147.225894
1 186.379739 169.276271
1 189.774372 174.000541
1 189.931552 167.944493
1 196.407391 178.306051
1 187.322934 182.529217
1 197.462467 147.764151
1 252.174319 214.309429
1 171.930246 170.731301
1 240.412302 214.320887
1 177.471139 124.381054
1 221.902642 204.449161
1 213.650129 193.386987
1 191.157223 168.579805
1 160.793706 188.495732
1 186.545690 189.132956
1 176.145348 160.781659
1 140.846248 214.909838
1 265.103354 177.778169
1 178.686467 219.542068
1 177.281613 192.675657
1 221.206067 209.749444
1 198.479502 192.859144
1 193.461835 137.995504
1 199.557807 148.830515
1 186.376354 194.144951
1 241.810160 232.063881
1 206.866639 186.668705
1 200.931128 166.600744
1 223.815888 234.258572
1 157.157652 188.666610
1 179.945790 193.581794
1 214.917262 234.875437
1 213.447201 188.925557
1 185.148666 175.874744
1 207.088398 220.155252
1 200.767769 167.432090
1 169.269447 142.106130
1 209.776997 182.909734
1 189.224413 164.826600
1 195.433147 161.155542
1 208.277882 152.572529
1 168.216512 221.165235
1 177.705487 121.713937
1 215.339656 131.730207
1 194.821006 175.464658
1 287.193640 218.442355
1 188.418818 142.214228
1 243.046480 227.664267
1 178.156858 195.459073
1 188.702057 173.754422
1 179.638076 194.161734
1 247.770719 203.133349
1 180.167548 167.325060
1 92.302832 161.418447
1 262.157642 201.145437
1 194.243364 213.474415
1 168.012020 153.560551
1 203.967074 147.704858
1 190.752084 202.457393
1 164.411225 200.170743
1 154.853180 208.724817
1 180.843453 166.105559
1 208.401759 174.137416
1 157.018819 242.828859
1 250.675106 231.746301
1 200.000972 208.350448
1 171.549779 196.697974
1 180.292469 195.286056
1 229.442672 138.065338
1 193.349786 207.117995
1 201.157426 166.613551
1 226.201830 234.720700
1 162.219947 141.269059
1 259.134969 218.115607
1 263.742435 215.333931
1 237.939623 155.067708
1 132.368447 178.574938
1 208.529111 176.792556
1 92.829530 167.298852
1 175.349696 187.547484
1 276.851832 182.666788
1 165.027976 158.762810
1 255.112812 272.433901
1 203.864586 215.522388
1 184.020554 170.876019
1 215.844892 228.989396
1 149.057353 177.492819
1 155.886321 150.765336
1 176.480134 216.028880
1 259.296902 220.113805
1 210.164507 147.541018
1 202.186650 210.202155
1 141.236523 185.589456
1 209.695790 185.325251
1 109.602504 242.006995
1 188.520822 152.137174
1 249.951410 190.898869
1 161.710294 165.348755
1 199.131979 259.244485
1 172.433203 191.136943
1 236.531407 187.435132
1 203.980341 248.166824
1 188.424646 191.983394
1 200.780221 211.038786
2 50.576305 436.787278
2 51.425367 440.837784
2 43.175214 434.119097
2 75.720087 415.002922
2 58.804816 428.815023
2 63.347146 425.863559
2 60.732494 408.726670
2 72.406240 438.663397
2 68.614963 418.307461
2 78.024736 442.886722
2 67.604440 409.186050
2 64.626408 427.958435
2 74.532559 427.224107
2 45.398665 416.726962
2 39.766784 432.656259
2 54.629899 427.696813
2 64.010856 425.553187
2 70.931752 442.930283
2 61.246465 421.775181
2 61.668450 429.694248
2 56.705041 425.612133
2 56.175670 411.315359
2 83.436392 431.710276
2 56.345963 431.619136
2 62.089104 430.141319
2 62.548742 428.029501
2 65.727367 424.865274
2 61.552714 420.683760
2 54.176240 408.216230
2 65.391002 431.691994
2 63.955935 438.324871
2 83.859896 425.730642
2 48.511600 401.589823
2 59.900760 430.714683
2 127.371540 451.346486
1 314.828229 652.983463
1 324.420019 585.841023
1 278.293485 660.345098
1 319.957897 611.780777
1 137.580917 790.113407
1 154.195366 773.573497
1 148.218661 777.629893
1 139.421185 798.342218
1 138.908182 789.084680
1 150.308837 780.140365
1 157.117436 792.632554
1 158.460107 771.246079
1 146.027089 803.146904
1 151.165851 778.942263
1 153.580006 777.188003
1 164.555545 789.736037
1 150.928066 781.749938
1 161.261873 761.410870
1 149.508251 763.863873
1 144.243613 785.552113
1 163.909595 777.338638
1 136.628337 785.524255
1 140.338804 770.199865
1 135.578839 792.133503
1 135.556030 777.083723
1 153.267474 780.133094
1 150.762099 774.299002
1 147.859911 793.014543
1 130.425149 772.329319
1 147.324617 770.897743
1 165.789670 780.267917
1 146.283493 780.222102
1 156.864742 796.891839
1 161.861036 758.807051
1 128.360333 771.670554
1 157.033526 783.322430
1 154.356766 782.354495
1 171.076966 768.126136
1 149.792901 793.426537
1 155.137713 786.289303
1 144.477388 777.595097
1 165.961065 763.317471
1 160.573092 762.600482
1 138.789486 782.137410
1 151.295245 776.705893
1 167.888925 805.899616
1 102.409630 805.443707
1 172.084823 757.799510
1 161.146222 803.537050
1 168.758621 758.276333
1 119.880637 777.025285
1 116.308445 724.887855
1 144.142930 779.239866
1 137.500911 785.848111
1 194.588523 771.092739
1 138.091289 791.500511
1 145.035007 813.129553
1 165.439297 694.167954
1 179.416507 777.048830
1 114.044796 761.654132
1 180.992232 769.611152
1 156.818370 758.906598
1 147.021780 777.443020
1 162.352625 735.364983
1 184.310716 675.164865
1 149.724702 746.489855
1 327.748212 682.163185
1 144.307175 774.897848
1 88.846625 808.079296
1 139.288305 795.048764
1 174.232430 762.161901
1 137.038252 742.149109
1 96.432925 809.500103
1 177.672160 830.229024
1 119.267271 750.586541
1 105.323635 857.164378
1 161.102198 759.388935
1 168.271985 781.915516
1 180.359491 703.106267
1 87.797127 814.688544
1 164.987041 793.111748
1 108.619426 797.120985
1 201.030925 716.067879
1 180.585050 787.693890
1 167.987749 786.582037
1 159.442670 737.416169
1 145.943250 755.256842
1 172.524977 754.839269
1 163.266820 787.028463
1 172.422766 738.738141
1 112.822571 768.744782
1 72.959494 803.565016
1 110.957894 809.967051
1 146.749529 808.676916
1 164.691233 745.773397
1 175.710119 842.200436
1 182.265114 830.832762
1 129.496319 829.542710
1 332.293076 687.838970
1 317.532182 744.294931
1 140.404061 763.388676
1 156.402580 725.094910
1 183.771545 766.085386
1 189.270702 807.486364
1 147.510722 748.435326
2 499.585782 134.991032
2 484.248733 151.095240
2 487.072859 134.072046
2 483.869978 133.688808
2 506.632547 149.885286
2 492.965995 129.845313
2 500.372290 132.347817
2 487.886167 155.139001
2 500.592111 143.538737
2 509.805614 158.859363
2 516.707945 155.811111
2 493.952420 155.236588
2 512.198795 143.865391
2 498.891104 142.434045
2 503.031665 142.810787
2 482.063822 143.746553
2 496.084056 144.129262
2 491.287710 130.238975
2 493.997559 149.054409
2 505.718363 140.086895
2 516.354893 141.664266
2 492.726283 160.391446
2 497.273132 140.416961
2 480.665799 140.519273
2 491.863470 139.404843
2 484.169628 124.939385
2 502.431803 130.208756
2 507.653555 163.648638
2 490.172815 141.775291
2 507.121802 126.362128
2 504.037112 143.205893
2 495.384363 140.921447
2 520.065446 142.572758
2 485.296409 121.877189
2 495.878229 119.440463
2 499.532163 145.276059
2 486.023560 139.868389
2 458.502811 149.861695
1 414.159271 654.484542
1 409.232629 630.668999
1 393.944144 650.141133
1 405.431374 649.333913
1 400.259023 649.944374
1 399.088965 649.256337
1 395.487644 652.575963
1 399.326209 652.158784
1 411.968041 650.520766
1 398.848586 635.686138
1 391.609420 665.205160
1 408.133576 630.837110
1 399.173399 644.191207
1 409.607785 663.929181
1 389.841955 658.005263
1 400.774781 650.308213
1 396.906714 642.965381
1 396.371375 649.914623
1 381.955513 645.056636
1 398.298446 654.480653
1 405.424793 638.575822
1 381.367666 653.613494
1 390.971265 647.465206
1 405.861198 641.062399
1 398.602001 647.378318
1 393.340697 642.555826
1 411.539163 654.654595
1 401.664526 639.774492
1 408.226809 628.395687
1 395.338749 637.154486
1 403.421915 634.225238
1 415.984239 646.909203
1 399.215922 650.971434
1 423.036678 654.281203
2 556.654560 492.168320
2 566.327921 479.929622
2 542.108217 474.036524
2 559.685605 487.433473
2 573.381410 471.477110
2 557.486451 481.565274
2 558.252617 486.808067
2 558.899972 479.781194
2 548.343974 488.373185
2 559.745212 479.979779
2 569.635254 470.297255
2 565.753896 479.453980
2 547.504747 473.173566
2 568.280122 458.401332
2 552.993692 480.154732
2 536.452940 475.645585
2 545.797056 473.774194
2 567.445625 494.042759
2 543.069621 483.761617
2 563.167474 480.654356
2 566.168079 497.857587
2 557.684401 461.115869
2 552.590856 490.349685
2 563.243376 477.289553
2 542.971177 465.114985
2 544.830961 464.668945
2 553.586758 461.895545
2 564.947799 458.268381
2 567.193653 481.763242
2 564.631733 472.059136
2 580.142647 476.366680
2 565.634408 455.665149
2 557.992754 503.939145
2 564.291244 478.719299
2 548.831643 495.501298
2 544.664903 471.243575
2 545.146850 474.591171
1 393.420927 634.091647
1 376.471607 614.624319
1 374.042835 654.224306
1 365.969133 660.544930
1 388.351969 626.532562
1 395.889089 665.385066
1 393.559798 626.220987
1 423.870473 620.368098
1 464.282114 629.277556
1 396.817486 635.991672
1 385.681386 646.204510
1 409.660993 646.518963
1 368.151372 618.657513
1 415.769174 627.406078
1 376.852294 627.330730
1 394.306201 619.436256
2 548.888134 500.714691
1 397.705817 599.251585
1 391.577284 653.307461
1 405.290491 643.584683
1 391.584602 609.101500
1 399.151110 587.573975
1 441.918311 617.979434
1 377.188954 641.153171
2 581.251636 464.417728
2 564.482346 497.116376
1 368.970578 646.385766
1 463.414180 633.560605
1 424.086221 626.990162
1 449.027702 660.164842
1 379.401710 641.259751
1 407.623384 612.582412
1 380.546066 653.274095
1 403.685123 643.710587
1 423.198047 641.526133
1 357.360525 611.013110
1 464.144751 647.735965
1 401.713864 665.970877
1 419.306644 625.204178
1 429.960205 648.867627
1 478.762104 628.505295
1 426.176082 598.867846
1 412.074708 640.390333
1 336.975968 639.689641
1 395.181713 649.180432
1 399.714823 648.132362
1 430.774112 615.243730
1 379.380738 565.891081
1 420.908316 579.621321
1 354.036204 647.925262
1 364.624725 662.399928
1 455.730970 662.555391
1 366.822124 625.489352
1 371.860584 647.933350
1 387.945830 641.230377
1 414.594151 655.131911
1 433.619614 624.196307
1 379.510140 663.590801
1 392.521686 608.049610
1 358.494751 655.327013
1 384.639031 628.272751
1 386.664307 641.980372
1 348.509917 636.031316
1 356.232894 653.546218
1 409.765904 650.034609
1 392.714330 628.791726
1 384.433963 635.115945
1 494.834998 627.502974
1 422.203541 634.559528
1 388.867377 649.761902
1 425.574707 637.559187
1 404.422755 626.910576
1 394.406663 650.601021
1 418.192879 582.228325
1 361.745417 563.775368
1 374.425940 648.846157
1 427.011819 638.992044
1 459.959172 664.523781
1 452.920971 665.640920
2 572.530400 537.532275
1 401.265628 634.517184
2 561.466402 509.885017
1 435.354787 609.340013
1 501.064396 616.193368
2 572.657267 478.317077
1 417.003800 632.127490
1 402.375112 604.419467
1 411.735938 658.567029
1 353.758045 647.610920
2 572.449016 507.053966
1 367.096261 626.434118
1 405.283386 625.765326
1 400.192450 606.724530
1 429.287756 632.742492
1 363.509539 644.148876
1 433.826991 626.615459
1 358.692046 642.142604
1 432.208296 633.367006
1 352.811117 558.996573
2 548.418592 443.682343
1 409.859201 664.291413
1 400.490615 656.500639
1 385.544890 660.688230
1 431.667994 566.316362
1 335.810233 640.898589
1 431.978025 652.057484
1 433.235587 661.419218
1 388.995426 640.847475
1 415.538972 664.881452
1 419.910807 606.615176
2 552.622126 543.206129
1 394.017523 652.399297
1 439.179088 655.978433
1 430.974536 647.065344
1 407.175056 666.131952
1 411.191908 642.291611
1 394.583201 602.125722
1 354.093584 653.214933
1 396.907929 665.049901
1 429.221971 665.767691
1 438.910238 610.769379
1 430.175406 605.679759
1 407.871138 562.406436
1 449.507685 665.491684
1 378.461669 658.791827
1 401.449936 657.650433
1 439.349324 528.608120
1 339.312453 630.985845
1 362.580492 650.153392
1 450.703381 607.464440
1 412.535350 634.952479
1 426.941278 641.414619
1 425.833614 603.041710
1 407.610931 646.768532
1 415.334113 664.279331
2 520.258888 495.409834
1 557.762470 640.898195
1 394.234936 643.945606
1 414.778009 577.318261
1 378.420215 638.483074
1 432.433556 644.621508
1 462.271731 619.748897
1 409.869049 652.952578
1 389.070253 629.577857
1 367.995838 616.254842
1 437.734792 639.868887
1 431.238536 607.309307
1 455.843220 658.998281
1 409.876445 601.272299
1 370.818073 644.109841
1 347.942747 637.264634
1 471.691519 634.660299
1 470.831719 648.091654
1 415.665344 613.324040
1 404.477341 627.469068
1 389.150861 575.764726
1 365.324641 612.652635
1 360.650898 665.132645
1 589.699078 656.379690
2 562.005035 500.883476
1 549.153812 655.093127
1 426.445927 636.485389
1 365.040342 639.544480
1 449.289341 598.717523
1 375.678907 661.784018
1 552.872357 650.679649
1 399.163807 619.413583
2 586.160354 469.042370
2 536.871045 459.745842
1 407.042564 595.695255
1 441.200714 656.013892
1 422.355651 602.460879
1 510.054415 599.672312
1 406.804783 616.323786
1 410.748441 665.667068
1 421.342707 617.861772
1 375.283419 642.675856
1 404.502807 643.942208
1 510.130495 640.064748
1 413.668168 641.471734
1 407.296866 635.028677
1 455.750838 609.621003
1 386.687012 608.773777
1 464.949599 599.923479
1 371.051986 642.410062
1 398.095858 651.561540
2 538.615443 449.470953
1 594.807422 664.513916
1 344.279800 651.737181
1 468.016726 655.842564
1 576.124601 642.647943
1 390.436047 651.469676
1 431.523426 609.215539
1 423.898663 613.993873
1 377.149245 613.294845
1 455.161108 654.641046
1 378.031532 652.078973
1 436.080903 612.076336
1 437.984437 665.669970
2 564.053357 450.788240
1 378.497506 636.576941
1 392.114856 668.457714
1 410.850476 670.035768
1 395.577588 668.116983
1 575.661683 787.109299
1 554.016372 799.904415
1 581.751516 787.336215
1 566.340280 801.260464
1 570.123937 800.021367
1 591.474880 793.367133
1 567.376086 804.549630
1 560.549366 808.971070
1 587.251436 782.693528
1 587.747347 813.579480
1 583.242380 791.272099
1 572.751738 801.405733
1 564.153244 803.367135
1 566.634687 799.764181
1 581.768991 798.964816
1 572.759855 799.243772
1 577.898006 790.170492
1 574.622078 798.789140
1 583.571398 807.125762
1 573.053080 813.579015
1 584.509425 787.087501
1 572.145453 786.877142
1 589.863390 791.962140
1 560.629967 802.699365
1 568.084256 806.421477
1 572.362892 786.040284
1 569.348468 803.664456
1 559.722450 798.231480
1 554.189676 788.492689
1 565.268759 792.765162
1 553.812317 802.677720
1 566.122417 793.535738
1 556.450136 801.912863
1 553.909713 813.565870
1 551.165307 798.782531
1 588.384833 811.338194
1 563.309108 788.919077
1 546.552111 799.804377
1 578.038975 812.878854
1 570.841369 788.925269
1 569.494965 799.816144
1 577.269699 796.321275
2 389.538227 833.879714
2 402.161750 844.896420
2 378.960659 833.429814
2 411.442228 835.670410
2 387.390942 851.011779
2 400.025746 809.960347
2 405.207302 850.738799
2 397.114311 827.173351
2 397.580039 831.068220
2 401.636197 813.259206
2 401.312932 830.117661
2 387.290173 814.781166
2 399.712033 820.898581
2 402.382769 830.642689
2 397.509522 816.278095
2 411.152661 844.794265
2 395.711069 837.208026
2 398.257724 839.003859
2 376.583223 838.678080
2 385.918454 817.639902
2 399.456228 830.895849
2 413.065501 846.807698
2 390.094158 829.951194
2 398.878255 849.165779
2 401.366324 848.649844
2 401.175089 840.522349
2 405.832256 845.406995
2 398.449407 821.013905
2 402.179150 831.091748
2 418.329704 828.496631
2 400.384027 826.575821
2 391.501291 844.196585
2 402.357607 815.581699
2 397.917414 854.296024
2 388.306593 841.258806
2 382.629465 844.753000
1 535.000397 792.423242
1 590.962338 781.006232
1 580.283953 781.840187
2 400.331398 878.889780
1 576.690932 809.659822
2 385.984897 827.417666
1 539.068709 751.397752
1 498.153322 785.729209
2 404.416284 837.751781
1 608.953008 776.836162
1 605.792666 830.465932
1 575.070919 775.776164
1 441.256569 676.989023
1 521.572912 805.062045
1 568.305392 798.319686
1 399.144331 672.753733
2 445.073739 822.234166
1 564.077420 820.382197
1 619.553826 839.900997
1 553.142090 806.865691
2 409.325638 798.435494
1 587.645640 833.762038
1 551.983965 787.407188
2 441.441400 802.116499
1 568.582934 815.698941
1 384.714954 671.441113
2 432.755414 853.936325
1 559.588462 804.382528
1 380.414976 689.275840
1 586.623580 822.919489
1 550.867954 784.899955
2 389.603519 844.464634
1 547.228718 729.652154
1 442.542636 684.589788
2 466.445840 775.378480
1 551.373445 840.421852
1 415.719222 684.333358
1 537.220662 764.923699
1 574.327663 751.903174
1 581.193218 783.718252
1 562.087870 869.076666
2 365.473491 868.670387
2 447.725051 834.718499
1 565.621424 847.507524
2 364.209132 855.464955
1 572.051706 763.211994
1 579.563329 809.433360
1 354.278779 683.931146
1 356.404915 700.115490
1 556.507104 764.871378
2 412.303629 847.239155
1 583.669561 772.295098
1 544.782792 761.180784
2 401.557617 864.755661
1 538.984787 801.663678
2 399.635851 790.297601
1 549.111342 801.764459
2 424.752157 827.449169
1 591.750627 739.687541
1 443.738999 673.018138
1 569.494305 824.691791
1 528.687315 815.088972
2 452.981122 806.528070
2 400.931207 826.760926
1 433.833389 669.466154
1 565.389389 797.106610
2 346.781314 826.957817
1 573.650035 796.179757
2 420.075069 841.192327
1 358.121555 666.763975
1 515.264601 776.376343
1 621.032040 880.302743
2 484.311696 756.779080
1 566.749104 775.121941
1 570.187035 782.063394
1 564.945310 791.421884
1 468.612564 677.552275
1 623.482935 854.316412
1 592.573448 804.099429
1 545.735516 818.838328
2 482.659613 751.538933
2 354.899819 847.531043
1 577.334949 842.123847
1 489.102179 762.559405
1 541.576719 716.545881
2 430.878135 845.648219
1 542.404528 777.285235
1 537.815736 803.326541
1 598.725424 848.174359
1 556.639748 853.601415
1 532.793436 833.610958
1 537.284750 791.092768
1 391.006067 679.627573
1 347.130989 671.237945
2 388.958193 863.898455
1 559.406012 792.418730
2 460.706657 767.850928
1 523.918741 832.617170
1 570.260451 818.730239
1 532.470144 755.296470
2 447.522454 863.393762
1 575.582742 772.598127
1 567.677085 804.470469
1 576.032041 774.750105
2 408.166113 782.100621
2 456.852375 759.599866
1 547.712034 767.059542
1 433.188536 710.494078
2 411.932518 821.751788
1 579.922735 744.840674
1 544.667696 760.311676
1 539.992254 783.192298
1 490.813625 756.363358
2 378.908669 824.151868
1 361.328386 671.190118
2 437.553143 849.828326
1 567.594913 827.672842
1 574.220043 731.493658
1 559.801660 768.036600
2 377.049680 784.267038
1 547.024936 822.056487
1 599.081549 784.587466
1 363.221611 691.221019
1 608.879242 762.790886
2 411.009207 879.198907
2 487.466873 748.573413
1 607.238192 722.548890
1 398.850424 701.849078
1 587.426020 801.160240
1 492.831210 751.865328
1 583.129955 729.611322
1 436.272945 671.961985
2 398.560018 884.735735
1 546.026420 697.526934
2 421.880600 807.270135
2 387.248476 847.912763
1 599.847865 787.212512
2 414.504331 837.547027
1 556.937270 760.051320
2 366.576000 837.030600
1 571.974175 792.561862
1 546.346229 809.847275
1 579.527354 767.417827
1 559.858928 737.701368
1 545.167130 775.246748
1 372.804026 718.430237
1 374.930161 734.614581
1 466.540483 698.315928
1 411.707311 674.505169
1 600.874800 796.951568
1 539.524572 738.073018
1 626.937113 699.024437
1 405.899526 677.016720
1 478.528056 787.826214
1 573.250247 832.099090
1 552.850641 732.136429
1 517.357521 779.939682
1 418.859868 674.889745
1 557.840930 773.786017
2 395.602377 770.552473
1 592.827817 810.154489
1 665.613681 880.457228
1 566.786958 838.329503
1 563.072863 797.412708
2 410.341051 904.652266
1 554.599333 800.017476
2 417.871463 841.523358
2 487.017286 825.387571
1 580.558004 820.361774
1 535.895137 815.567803
2 371.117945 815.325673
1 575.497923 730.221121
1 531.888609 823.824296
1 572.345452 725.516819
1 562.196814 830.317496
2 363.138660 913.110749
1 367.170094 681.700625
1 473.315685 789.707632
1 359.874525 717.415079
2 459.990778 727.932783
1 567.223892 781.670438
1 581.726419 765.799347
1 571.418329 779.031370
2 437.256215 858.735850
1 553.502567 715.641911
1 583.447161 750.886719
1 537.087256 807.268978
1 553.211560 808.760723
2 474.101889 850.737639
1 503.693237 786.296965
1 561.206973 782.088837
2 438.948302 797.009845
1 598.346056 680.854454
1 565.880632 754.585725
1 400.638286 676.665916
1 573.165006 719.218194
1 579.389855 797.833868
1 543.936693 751.191410
1 521.182973 715.524175
2 361.758157 838.983102
1 345.004492 667.896290
1 407.608506 671.695216
1 532.589408 790.838979
1 346.973849 682.333381
2 384.238548 756.841447
2 458.371227 724.035993
1 564.988951 838.897759
1 571.822178 802.366872
1 405.474915 687.546677
1 574.373597 704.185938
1 501.898046 784.219054
1 507.706378 707.973286
1 566.665001 764.545480
1 600.720530 849.173558
1 583.044783 799.266404
2 354.041870 871.527437
1 570.186292 866.156942
1 559.998670 909.364951
1 507.557404 848.581942
2 402.559163 811.800165
1 397.627269 704.474712
1 577.593193 773.746486
1 513.944703 757.780842
1 573.027150 821.726762
2 377.900979 824.011545
1 600.517369 746.263624
1 460.792637 811.702132
1 527.060546 758.804345
1 602.608936 885.183086
1 570.240646 764.928088
2 433.210840 830.258182
2 491.097811 844.677004
1 589.360993 798.390431
2 447.356130 798.559571
1 529.358385 811.791501
1 635.023249 731.898719
1 499.253605 834.414548
1 596.569220 736.170387
1 606.897873 722.981126
1 582.954501 780.130252
1 582.671239 704.723693
2 425.930436 750.912551
2 363.712842 874.613439
1 551.486768 845.135052
1 471.392485 822.072380
2 478.283541 762.027902
1 515.315777 827.140810
1 545.501071 743.339638
1 612.028121 748.087186
2 468.855085 836.546654
1 589.186609 848.910756
1 599.925060 828.737784
1 501.858651 744.375138
1 577.550025 746.943480
2 409.930731 805.115248
1 594.617246 730.415580
1 383.795576 668.907479
2 459.236532 798.551529
1 547.067256 761.309420
1 525.982327 728.334672
1 540.935315 755.177209
1 564.125324 729.874167
2 480.654443 743.149813
1 548.065910 820.466970
1 532.607950 777.217531
1 412.499775 669.945115
1 579.904593 757.739104
2 500.677242 773.642884
2 421.134594 855.720856
1 589.685642 773.727600
1 431.429229 695.469080
2 428.644923 831.915833
1 545.834916 903.377257
1 556.723912 786.677126
2 408.476372 808.967159
2 415.345041 841.958331
1 578.019308 810.296418
2 398.463308 794.272948
1 397.094126 679.833432
1 571.633342 836.856157
2 460.648092 745.027443
1 592.731284 798.094155
1 546.090335 816.568581
1 376.491967 673.482743
1 569.628985 767.421631
1 549.559720 741.843609
1 410.766235 677.777875
1 504.825449 757.947845
2 422.083530 888.188891
2 450.428235 826.451045
1 501.398523 815.010568
2 458.831219 780.108266
1 575.872378 771.285338
1 592.096085 785.645550
1 377.780640 670.486173
1 576.048826 766.179110
1 588.176134 803.444299
1 395.988899 675.653835
1 603.559412 802.394056
1 573.178183 822.007073
1 568.951706 748.818944
1 611.043410 702.434748
1 581.307138 807.877225
2 368.125967 812.433730
1 509.725906 752.689915
1 387.262533 671.168245
1 571.803413 792.029359
1 571.183649 848.493212
2 377.123037 803.337446
2 455.092971 739.767233
2 473.559244 717.998971
2 402.669639 773.002355
2 471.673651 735.609248
1 537.838224 768.084643
1 558.762521 752.197219
1 546.342809 800.687011
1 532.071584 808.505655
2 382.086970 778.573834
1 372.920726 681.220142
1 548.686304 776.432270
1 524.461116 726.783426
2 375.706315 814.302905
1 642.961881 861.415890
2 362.118742 784.698095
1 561.639953 826.869322
2 485.608868 897.265267
1 529.279197 709.792462
2 405.767615 805.013574
2 420.591276 812.355328
2 472.883815 729.988330
1 489.423531 784.658052
1 529.418952 756.235826
1 405.165524 713.080613
1 625.479293 691.635707
1 504.484046 736.649947
1 553.154423 822.000846
2 503.825344 717.454579
1 462.211785 727.341339
1 586.283536 800.554835
2 495.856390 808.602056
2 494.450527 755.070243
1 474.300202 814.126241
1 412.884062 698.813223
2 474.787489 766.178371
2 385.138692 772.970553
2 432.436478 798.182406
2 438.654847 844.806982
1 564.928605 940.529696
1 541.607509 740.139294
2 372.105250 762.078693
2 439.804465 777.466504
2 498.910440 783.657237
1 555.489649 841.622859
2 372.686032 820.498250
1 573.302408 841.630126
2 501.908274 812.600634
1 585.746392 782.533748
1 517.310458 774.524689
2 495.551959 862.319693
1 509.141888 840.951207
1 583.770354 801.538643
1 551.157543 841.031931
2 382.830316 817.537805
2 381.432496 784.781801
1 563.150580 801.759634
1 599.184290 809.770590
1 402.719209 716.053690
1 523.098223 853.068346
1 376.098447 716.054230
2 379.840641 801.357830
2 368.701911 764.875609
2 407.886608 755.766599
1 575.426111 773.491094
2 365.104801 799.221703
2 453.435791 797.992187
1 573.574035 746.547520
1 348.461269 667.256387
1 556.144755 838.783048
1 601.304070 757.328674
2 457.512788 758.871650
1 557.423797 769.983093
1 407.601807 749.547644
1 542.144710 812.996674
2 495.783877 764.788130
1 544.154374 800.063542
1 441.227724 703.147758
2 460.704482 758.536290
1 618.673161 761.556798
1 419.940865 675.900028
2 405.828542 862.804451
1 550.947485 853.361355
1 562.910486 844.071957
1 395.842098 703.005582
1 615.612193 682.654997
1 487.266811 788.752015
1 576.580240 778.498907
1 571.532421 792.392460
2 415.421576 806.133934
2 430.582233 767.554593
2 391.091300 798.596087
2 408.763885 784.840002
1 410.688293 674.324847
2 377.731544 834.261615
1 384.178654 679.906710
1 521.020932 771.260066
1 432.841762 685.109625
1 506.495100 795.299947
2 453.344661 785.351024
1 583.751919 751.123952
1 556.494747 764.669069
2 416.401012 853.314902
2 512.380779 732.901760
1 503.448670 803.490884
1 593.966801 724.544212
1 541.205529 775.784154
1 390.695666 721.921775
2 399.989486 795.829063
1 578.768187 792.628647
2 482.586407 766.077840
1 575.409428 775.391181
1 432.886151 667.256245
2 478.175369 754.698347
1 551.430509 792.937726
1 431.659546 699.071342
1 559.598775 776.569970
1 542.120297 762.921221
1 402.481549 761.895729
1 588.446218 753.005962
1 383.666919 670.442550
1 389.393121 681.959646
1 630.846193 877.066050
2 420.682571 805.496028
1 570.067138 791.722329
1 373.232018 683.025852
1 550.654807 747.118136
1 582.440348 740.409899
2 491.265171 762.731065
2 521.490765 727.155678
1 543.719105 726.901416
1 822.570945 295.209373
1 796.388864 306.657840
1 829.830806 294.046739
1 827.008361 306.982318
1 802.629404 300.577595
1 816.029020 288.743721
1 823.478148 298.508401
1 818.087407 302.558102
1 815.426318 276.391480
1 825.283169 296.602609
1 820.312877 300.045297
1 819.187439 300.062221
1 804.173060 292.202385
1 820.927539 293.228590
1 822.934482 292.983958
1 820.841994 316.170513
1 819.024018 294.624643
1 831.099042 306.238499
1 818.992631 313.060734
1 819.454788 297.964086
1 839.922837 300.968418
1 814.089782 286.227806
1 814.952164 321.010370
1 825.252307 296.898763
1 803.852044 302.353583
1 809.983797 301.390875
1 799.510615 313.051670
1 805.251090 281.217554
1 834.640377 300.015460
1 819.206725 279.764840
1 822.409595 321.539671
1 803.484546 312.865743
1 817.297562 303.155753
1 814.325253 299.945888
1 824.742053 287.358106
1 857.626834 285.495068
1 826.859122 288.292828
1 780.175621 316.437451
1 802.056307 304.829560
1 818.076108 279.876528
1 788.996187 297.744691
1 829.572386 261.151847
1 801.012931 294.797508
1 824.764358 308.165225
1 836.182752 316.566308
1 810.875535 278.523809
1 832.901872 320.085355
1 831.557502 325.225387
1 820.393996 301.359966
1 827.244029 242.067908
1 862.364566 296.874062
1 825.719006 276.917233
1 835.327031 272.220536
1 830.933297 313.927140
1 822.344903 257.455682
1 793.376724 281.708542
1 790.849766 285.441923
1 800.984017 270.984691
1 825.803074 278.623739
1 834.920758 291.433440
1 817.576462 291.719449
1 819.571133 318.938285
1 789.303692 263.168602
1 802.608590 300.099625
1 800.638181 303.220391
1 790.861752 287.353115
1 815.284768 307.463737
1 836.418223 330.284390
1 843.784877 321.274150
1 818.992093 284.720905
1 824.759375 276.917525
1 840.987676 309.251026
1 814.791952 279.964358
1 802.022733 241.443205
1 843.457478 251.606115
1 787.207734 332.271821
1 875.842219 321.195126
1 837.981482 285.213371
1 776.866168 331.523881
1 803.598704 241.102631
1 815.896228 296.213723
1 779.176811 280.590146
1 867.382832 283.638142
1 814.953479 292.427314
1 809.053938 256.180176
1 809.672863 254.000213
1 824.529752 309.611027
1 820.021528 294.580427
1 831.099666 304.162740
1 793.098967 283.999275
1 839.193043 307.061015
1 836.693303 228.665938
1 847.242771 180.003142
1 890.074136 293.981565
1 832.137546 272.471563
1 807.715409 267.870666
1 842.109761 311.293014
1 803.593819 312.962909
1 796.844738 307.395616
1 810.890578 239.089548
1 833.059889 242.456653
1 814.315644 288.580343
1 761.339453 297.342071
1 871.324818 315.438887
1 815.807364 317.019140
1 877.510884 283.274871
1 793.880188 281.154153
1 759.003698 285.181988
1 775.353375 282.872108
1 853.008320 294.184339
1 782.528908 306.472446
1 842.359492 326.928409
1 862.129672 277.265348
1 836.814266 293.456647
2 852.475574 633.410839
2 846.066883 625.840064
2 851.954105 627.968782
2 854.026035 648.220403
2 839.991632 615.530566
2 853.077069 632.163393
2 866.584727 624.813974
2 852.416090 642.763955
2 837.016986 614.694498
2 840.738615 643.357703
2 838.721206 644.038280
2 863.400528 639.149061
2 859.753973 642.335668
2 853.359522 611.015333
2 857.351504 643.163369
2 850.318600 639.521488
2 835.521914 631.914579
2 831.556330 614.604932
2 850.077215 631.957816
2 856.027421 643.177058
2 852.373098 634.690302
2 851.245743 630.290808
2 837.884820 636.400251
2 853.265255 626.674026
2 848.812040 628.612968
2 850.192135 635.737483
2 854.054095 633.278565
2 846.559716 642.299393
2 834.979246 636.262926
2 855.763583 644.513919
2 846.730506 607.687930
2 856.436795 633.342058
2 852.717873 632.804110
2 842.090755 638.151091
2 850.444308 630.218780
2 841.498960 633.550477
1 824.078819 357.945461
1 778.177861 363.092183
1 860.513366 347.303001
1 791.489668 367.487622
1 843.694308 387.511186
2 846.212950 604.435312
1 760.834528 370.146991
2 869.339228 647.572497
1 843.289749 345.843514
1 836.905577 345.146492
1 763.832482 355.286363
1 774.458255 351.580755
1 797.260011 343.722898
1 782.549286 340.403098
1 667.673755 821.116439
