1 202.078525 179.315206
1 186.819888 180.064576
1 196.768541 177.505941
1 204.328503 189.087506
1 210.958168 179.125455
1 203.527437 163.832954
1 193.067098 161.343859
1 201.970054 177.160632
1 180.724814 194.967207
1 193.107182 173.501593
1 196.032144 186.401373
1 216.060535 192.472274
1 198.853969 176.148251
1 199.799649 178.648621
1 188.637822 183.889312
1 189.229870 181.374885
1 199.026631 174.339036
1 190.123317 178.772194
1 211.479674 193.053529
1 199.410362 165.275356
1 200.678000 184.928028
1 178.902086 190.791062
1 199.439138 173.536568
1 201.121318 185.842062
1 185.497611 180.646397
1 182.344040 172.955946
1 194.792092 166.717099
1 203.281993 182.508794
1 215.404842 195.972708
1 209.131122 169.530986
1 205.148379 156.622375
1 203.190361 193.766879
1 150.232224 204.266610
1 231.735605 247.860703
1 211.515995 127.989124
1 195.154755 184.010876
1 253.417891 173.912071
1 200.819956 165.664995
1 194.797147 176.562498
1 232.095588 217.058724
1 213.752437 142.875658
1 177.150571 165.481487
1 175.751978 116.505321
1 179.692376 206.628045
1 170.058259 153.096973
1 167.667584 221.501815
1 185.974250 151.194640
1 164.157371 149.131966
1 191.216518 158.381435
1 197.005844 182.732001
1 186.686906 150.869152
1 216.776564 191.834228
1 165.865527 191.072038
1 241.413998 253.075981
1 163.817853 132.768128
1 201.057997 208.570346
1 231.326432 146.697586
1 181.604328 190.270334
1 229.941874 234.246032
1 200.432524 157.351969
1 243.527020 154.487764
1 240.628573 175.246112
1 225.829294 97.328214
1 203.761764 149.917840
1 214.654944 224.629840
1 182.907849 153.690081
1 186.451272 192.955058
1 162.525381 150.241852
1 218.564341 188.372635
1 239.015424 141.269817
1 181.154301 170.288324
1 151.189728 170.981365
1 268.063452 130.606029
1 255.878433 178.576005
1 193.579033 129.814112
1 234.998758 227.066761
1 198.256122 207.380858
1 187.200349 149.076618
1 165.363776 188.923924
1 193.372594 128.175609
1 247.777584 162.711770
1 216.404037 169.521218
1 216.982951 182.295212
1 221.814974 161.541009
1 229.047572 182.690033
1 221.403732 193.594352
1 174.477278 141.598732
1 180.399228 158.074092
1 172.736143 148.389645
1 171.417304 153.567576
2 59.664177 453.414726
2 50.576305 436.787278
2 58.482343 434.984402
2 51.425367 440.837784
2 43.175214 434.119097
2 75.720087 415.002922
2 63.347146 425.863559
2 60.732494 408.726670
2 72.406240 438.663397
2 68.614963 418.307461
2 78.024736 442.886722
2 67.604440 409.186050
2 50.591738 412.758446
2 64.626408 427.958435
2 74.532559 427.224107
2 45.398665 416.726962
2 56.673980 431.836704
2 64.811656 413.906890
2 39.766784 432.656259
2 54.629899 427.696813
2 39.445893 422.065107
2 64.010856 425.553187
2 59.602518 430.313672
2 70.931752 442.930283
2 61.246465 421.775181
2 60.792721 428.363508
2 61.668450 429.694248
2 53.810192 419.722364
2 56.705041 425.612133
2 83.436392 431.710276
2 56.345963 431.619136
2 62.089104 430.141319
2 43.408837 443.731623
2 62.548742 428.029501
2 65.727367 424.865274
2 71.831915 415.201987
2 61.552714 420.683760
2 54.176240 408.216230
2 54.332525 422.651007
2 65.391002 431.691994
2 45.589576 434.050779
2 63.955935 438.324871
2 40.333242 444.457525
2 47.776520 438.419990
2 83.859896 425.730642
2 77.834874 410.971409
2 54.847426 447.888292
2 44.972943 478.539265
1 289.348229 654.213725
2 26.649848 439.810978
2 60.158714 437.073012
2 19.197509 411.925399
1 296.393338 638.502992
1 137.580917 790.113407
1 154.195366 773.573497
1 148.218661 777.629893
1 138.908182 789.084680
1 160.131038 787.909778
1 150.308837 780.140365
1 158.460107 771.246079
1 157.586055 786.824144
1 151.165851 778.942263
1 154.737368 774.207855
1 153.580006 777.188003
1 150.928066 781.749938
1 161.261873 761.410870
1 149.508251 763.863873
1 144.243613 785.552113
1 146.093343 790.984559
1 136.628337 785.524255
1 135.556030 777.083723
1 153.267474 780.133094
1 150.762099 774.299002
1 129.636304 786.653029
1 147.859911 793.014543
1 150.481933 780.709372
1 130.425149 772.329319
1 147.324617 770.897743
1 170.979326 792.811980
1 146.283493 780.222102
1 156.864742 796.891839
1 157.033526 783.322430
1 154.356766 782.354495
1 149.792901 793.426537
1 155.137713 786.289303
1 144.477388 777.595097
1 160.573092 762.600482
1 110.868993 797.324211
1 172.965374 779.435408
1 138.139262 755.394145
1 187.524483 791.965614
1 165.947939 820.798148
1 159.749313 744.709390
1 146.651174 800.254030
1 187.201181 820.364870
1 144.038553 831.740761
1 157.323457 788.825639
1 152.132827 854.388896
1 164.622051 766.900300
1 129.861808 767.720891
1 144.473808 809.824420
1 152.148350 814.664761
1 147.245070 748.769781
1 197.713916 744.815386
1 147.478481 779.511704
1 122.206532 753.800919
1 211.724204 787.037555
1 123.844371 749.086061
1 181.009035 747.082326
1 165.886180 795.332708
1 148.084309 738.003428
1 144.568684 768.565566
1 176.194730 769.350746
1 96.347023 796.226329
1 173.293346 752.529072
1 131.260977 752.551354
1 133.833870 817.708372
1 78.533127 716.143327
1 133.509416 771.308530
1 142.015953 738.425799
1 194.845790 783.231882
1 113.864769 768.941293
1 139.251879 768.229835
1 167.919366 822.284243
1 165.567498 771.788227
1 141.756682 774.815046
1 112.669809 755.105537
1 154.816603 756.090605
1 159.191124 798.996702
1 117.051069 821.799880
1 144.936436 767.371192
1 123.942576 749.779074
1 72.358585 767.233800
1 153.897541 777.227450
1 149.411497 813.381252
1 176.380414 796.375204
1 199.342901 743.421099
1 150.185582 795.661923
1 194.107881 767.409682
1 144.881949 777.608210
1 218.796482 774.587079
1 181.972362 757.699306
1 186.053847 774.689934
1 100.576512 802.367855
2 499.585782 134.991032
2 484.248733 151.095240
2 487.072859 134.072046
2 483.869978 133.688808
2 506.632547 149.885286
2 492.965995 129.845313
2 518.370217 137.655406
2 487.886167 155.139001
2 493.720714 134.765195
2 509.219396 138.393067
2 509.805614 158.859363
2 494.685072 156.280964
2 516.707945 155.811111
2 493.952420 155.236588
2 512.198795 143.865391
2 498.891104 142.434045
2 503.031665 142.810787
2 503.838197 164.691625
2 482.063822 143.746553
2 496.084056 144.129262
2 491.287710 130.238975
2 493.997559 149.054409
2 505.718363 140.086895
2 516.354893 141.664266
2 492.726283 160.391446
2 497.273132 140.416961
2 487.985610 127.781588
2 491.863470 139.404843
2 484.169628 124.939385
2 500.296424 143.208910
2 502.431803 130.208756
2 488.163780 137.309645
2 507.653555 163.648638
2 497.665782 137.406016
2 504.235634 136.967520
2 507.121802 126.362128
2 507.237126 134.154348
2 495.384363 140.921447
2 497.827101 132.321328
2 520.065446 142.572758
2 485.296409 121.877189
2 495.878229 119.440463
2 499.532163 145.276059
2 486.023560 139.868389
1 414.159271 654.484542
1 396.965906 656.429721
1 393.944144 650.141133
1 399.197276 650.149638
1 405.431374 649.333913
1 391.300101 656.779568
1 400.259023 649.944374
1 399.088965 649.256337
1 395.487644 652.575963
1 399.326209 652.158784
1 411.968041 650.520766
1 391.609420 665.205160
1 399.173399 644.191207
1 409.607785 663.929181
1 400.774781 650.308213
1 399.641320 649.664334
1 400.950645 653.944074
1 396.371375 649.914623
1 398.660293 649.819049
1 401.354440 647.757411
1 390.971265 647.465206
1 398.602001 647.378318
1 394.385557 654.002274
1 411.539163 654.654595
1 408.226809 628.395687
1 423.036678 654.281203
2 556.654560 492.168320
2 566.327921 479.929622
2 559.645556 478.749257
2 542.108217 474.036524
2 559.685605 487.433473
2 573.381410 471.477110
2 559.161220 474.688788
2 557.486451 481.565274
2 563.704203 473.647680
2 558.252617 486.808067
2 558.899972 479.781194
2 548.343974 488.373185
2 559.745212 479.979779
2 569.635254 470.297255
2 565.753896 479.453980
2 547.504747 473.173566
2 568.280122 458.401332
2 552.993692 480.154732
2 536.452940 475.645585
2 545.797056 473.774194
2 567.445625 494.042759
2 562.460124 483.713340
2 543.069621 483.761617
2 558.284391 476.821103
2 547.655082 458.294657
2 561.074381 495.485274
2 566.168079 497.857587
2 557.684401 461.115869
2 552.590856 490.349685
2 560.512513 470.929234
2 563.243376 477.289553
2 544.830961 464.668945
2 553.586758 461.895545
2 564.947799 458.268381
2 567.193653 481.763242
2 559.099342 479.038836
2 580.142647 476.366680
2 565.634408 455.665149
2 557.992754 503.939145
2 580.160206 485.271098
2 564.291244 478.719299
2 548.831643 495.501298
2 544.664903 471.243575
1 356.137435 645.176594
1 396.699718 640.221823
2 574.952934 476.781899
1 422.425842 658.250597
1 424.851481 663.933847
2 549.169275 448.312484
1 392.048089 635.671956
2 584.939164 427.231832
1 354.228021 663.222628
1 371.321159 631.417905
1 384.487675 593.977444
1 387.868692 604.404148
1 392.335311 633.356882
2 536.624378 464.000364
1 405.181220 621.467071
1 375.657930 636.171284
2 558.291447 455.787598
1 430.737385 661.046821
1 425.691111 661.329613
2 532.911392 490.271952
1 372.769619 664.234301
2 530.221223 462.668501
1 390.327022 619.329859
2 544.980805 456.830376
1 392.797279 632.573408
1 408.711639 623.378852
1 392.007103 640.543736
1 420.958576 657.140946
2 556.265109 484.039262
1 398.620875 644.226781
1 417.742699 652.534972
1 374.242964 661.971784
1 421.027536 611.736570
1 470.122813 655.673922
1 414.238056 602.862452
1 392.114856 668.457714
1 394.954126 674.308099
1 575.661683 787.109299
1 554.016372 799.904415
1 581.751516 787.336215
1 570.123937 800.021367
1 560.549366 808.971070
1 583.242380 791.272099
1 572.751738 801.405733
1 564.153244 803.367135
1 566.634687 799.764181
1 569.401358 802.703440
1 572.759855 799.243772
1 577.898006 790.170492
1 583.571398 807.125762
1 584.509425 787.087501
1 574.188549 798.183811
1 589.863390 791.962140
1 560.629967 802.699365
1 572.362892 786.040284
1 559.722450 798.231480
1 554.189676 788.492689
1 565.268759 792.765162
1 553.812317 802.677720
1 556.450136 801.912863
1 558.457108 801.771453
1 551.165307 798.782531
1 588.384833 811.338194
1 564.321143 806.739449
1 563.309108 788.919077
1 546.552111 799.804377
1 578.038975 812.878854
1 569.494965 799.816144
1 577.269699 796.321275
2 389.538227 833.879714
2 402.161750 844.896420
2 378.960659 833.429814
2 411.442228 835.670410
2 399.890100 830.041025
2 387.390942 851.011779
2 400.025746 809.960347
2 405.207302 850.738799
2 397.114311 827.173351
2 401.636197 813.259206
2 401.312932 830.117661
2 402.382769 830.642689
2 411.152661 844.794265
2 395.711069 837.208026
2 390.150597 825.066402
2 399.501159 818.059710
2 398.257724 839.003859
2 382.307555 837.874612
2 416.083383 812.282884
2 385.918454 817.639902
2 412.266138 813.407596
2 399.456228 830.895849
2 413.065501 846.807698
2 415.642324 835.764118
2 390.094158 829.951194
2 398.878255 849.165779
2 401.366324 848.649844
2 401.175089 840.522349
2 399.819838 837.191383
2 405.832256 845.406995
2 398.449407 821.013905
2 402.179150 831.091748
2 405.133892 836.167852
2 418.329704 828.496631
2 400.384027 826.575821
2 391.501291 844.196585
2 402.664223 816.254259
2 402.357607 815.581699
2 397.917414 854.296024
2 388.306593 841.258806
2 382.629465 844.753000
2 417.660691 828.224147
2 392.724128 875.204506
1 528.565153 847.875164
1 555.428972 811.972705
1 525.345946 829.427948
2 409.355104 833.742785
2 373.323985 845.941339
1 613.579367 804.811112
2 372.113594 838.536350
1 543.580260 791.153947
1 393.437448 680.068179
1 542.095390 819.441898
1 560.383560 814.411039
1 519.729472 849.540505
2 434.364944 828.424514
1 562.428658 752.340863
1 593.946058 822.983008
2 412.242515 801.123100
1 582.249811 799.186794
2 403.368686 827.679647
2 359.675941 843.622910
2 419.971778 777.096187
1 536.414026 837.110553
2 357.179826 846.627577
1 436.251432 672.909344
2 397.892998 812.043326
1 540.162142 793.902279
1 577.048561 758.471599
1 560.944473 819.254481
1 523.907360 795.331659
1 584.565441 846.438652
1 571.630612 816.981481
2 406.530473 821.920324
2 347.115939 864.811136
1 541.035717 783.985082
1 618.926582 777.152293
1 547.017059 766.214391
1 614.135434 769.788636
2 399.025586 819.139037
1 557.802900 776.213650
1 577.692733 786.554577
2 404.081676 791.498230
1 633.014488 792.557412
1 404.129352 696.267119
1 398.563079 683.884660
1 426.637053 671.147093
1 617.469868 803.297246
2 389.232861 835.323405
2 461.940119 830.302666
1 594.002490 745.427989
1 545.915685 737.280214
1 570.999017 824.415272
2 386.667530 773.761462
1 570.609153 879.220958
2 360.175434 866.420331
2 400.806479 823.924432
1 576.053452 844.415105
2 401.801224 798.026156
1 587.856413 845.052996
2 381.456804 819.631763
1 571.863213 812.902192
2 397.211540 822.418031
2 419.309147 863.731582
2 397.804155 898.939845
2 372.953661 831.882272
2 390.382414 832.879105
2 376.057061 830.266126
1 442.184969 668.589418
1 588.568900 769.918666
1 577.641024 799.134941
1 582.459229 814.579717
2 399.021285 802.248686
1 560.288852 808.111441
1 587.490682 836.932924
2 405.708612 888.642006
1 543.285291 752.327718
1 563.536185 789.190494
2 370.384428 766.701755
2 436.539525 867.497527
2 360.249782 818.444561
1 494.955729 820.176156
1 577.052038 819.371433
1 570.486865 796.760080
1 536.215290 793.738587
1 605.137523 764.495294
1 536.077899 794.347975
2 366.762609 904.339298
2 408.261555 848.274816
1 561.259878 853.759171
2 372.594869 873.543760
1 593.361795 778.244845
1 592.370649 790.228057
1 613.258663 797.775939
1 591.368770 801.883923
1 627.100924 840.590621
1 575.082896 797.011284
1 375.885221 670.494082
1 593.317641 784.334350
1 607.803859 772.427769
1 571.211468 790.790466
2 369.792754 837.409482
1 440.217648 715.987114
1 574.316768 841.725863
2 377.066571 834.221375
1 614.436916 871.339411
1 584.029255 784.639758
2 388.530006 856.210321
2 423.793213 852.008456
2 407.219860 806.367760
1 393.029053 684.197056
1 570.564632 830.506530
1 538.143749 834.810768
1 428.185160 672.591592
1 600.782800 752.930385
1 557.374694 775.073351
2 434.323146 797.052656
1 558.728202 775.127697
1 426.151474 691.163640
1 822.570945 295.209373
1 796.388864 306.657840
1 829.830806 294.046739
1 821.918281 286.535242
1 819.703925 311.468283
1 819.562622 309.232983
1 802.629404 300.577595
1 839.125300 303.166866
1 823.128751 297.453261
1 816.029020 288.743721
1 823.478148 298.508401
1 821.751465 291.149601
1 818.087407 302.558102
1 815.426318 276.391480
1 825.283169 296.602609
1 818.450751 282.660983
1 820.312877 300.045297
1 819.187439 300.062221
1 804.173060 292.202385
1 820.927539 293.228590
1 822.934482 292.983958
1 828.970412 303.746897
1 815.418058 296.885520
1 819.024018 294.624643
1 831.099042 306.238499
1 818.992631 313.060734
1 819.454788 297.964086
1 825.252307 296.898763
1 803.852044 302.353583
1 809.983797 301.390875
1 805.251090 281.217554
1 834.640377 300.015460
1 803.484546 312.865743
1 817.297562 303.155753
1 809.395003 323.121053
1 857.273819 270.134360
1 813.230818 240.216024
1 797.955221 306.498729
1 790.748804 286.137504
1 846.163827 303.438904
1 789.175866 291.175571
1 824.840158 268.705437
1 809.380153 269.466481
1 765.299147 287.953936
1 841.963455 318.325127
1 901.021734 286.466510
1 850.200552 266.347223
1 765.400714 258.990932
1 779.407118 323.749586
1 820.109524 325.566239
1 829.815708 322.014505
1 799.804892 280.800506
1 818.675561 247.997171
1 777.089482 304.864126
1 829.521657 330.902925
1 838.709748 248.948648
1 822.883328 303.224618
1 783.793693 250.730770
1 912.621812 301.996193
1 795.504136 231.254885
1 822.924593 284.159086
1 875.935415 255.460965
1 946.922768 291.557705
1 822.617522 310.785333
1 827.679057 303.362102
1 811.225328 284.145076
1 828.016673 305.967759
1 820.713905 291.456681
1 829.133053 321.265771
1 820.074540 325.351078
1 814.374089 313.215775
1 836.661717 299.469117
1 848.646977 293.317840
1 860.594988 270.629602
1 828.346802 233.637721
1 850.757344 307.820223
1 823.158397 329.236573
1 819.290784 275.774870
1 818.637587 305.155419
1 783.295302 222.848137
1 846.798959 257.897969
1 813.124374 252.849063
1 848.540976 247.915269
1 855.673388 327.942402
1 778.329478 309.686513
1 822.119243 294.466152
1 813.973753 303.196141
1 920.549282 321.459770
1 771.961774 285.289466
1 830.483802 329.636069
1 813.189444 297.666908
1 774.017055 230.338789
2 840.676232 608.621616
2 852.475574 633.410839
2 846.066883 625.840064
2 851.954105 627.968782
2 854.026035 648.220403
2 839.991632 615.530566
2 853.077069 632.163393
2 838.369887 634.561641
2 841.955730 613.519406
2 866.584727 624.813974
2 828.963805 622.449259
2 852.416090 642.763955
2 837.016986 614.694498
2 840.738615 643.357703
2 838.721206 644.038280
2 859.753973 642.335668
2 837.233535 635.162835
2 853.881323 619.546542
2 853.359522 611.015333
2 850.418268 615.658842
2 858.067359 619.559308
2 857.351504 643.163369
2 850.318600 639.521488
2 835.521914 631.914579
2 831.556330 614.604932
2 856.027421 643.177058
2 852.373098 634.690302
2 851.245743 630.290808
2 836.293860 616.051164
2 837.884820 636.400251
2 853.265255 626.674026
2 850.192135 635.737483
2 854.054095 633.278565
2 849.995893 630.763458
2 846.559716 642.299393
2 855.763583 644.513919
2 846.730506 607.687930
2 852.717873 632.804110
2 842.090755 638.151091
2 850.444308 630.218780
2 850.868218 630.077384
2 841.498960 633.550477
2 831.691895 631.432495
1 809.376441 335.197691
1 824.606079 348.064226
1 782.584072 346.204897
1 852.511813 340.379955
1 777.226913 349.035715
1 678.961769 814.488962
