1 197.585379 68.536473
1 227.392955 302.192280
1 230.003390 178.856653
1 314.414491 210.164995
1 33.712336 314.647254
1 24.904997 303.394023
1 95.152191 45.713199
1 104.480227 300.510895
1 61.422672 151.633035
1 239.003649 113.693761
1 69.832090 331.992364
1 263.906661 32.168027
1 85.354037 176.337397
2 311.303603 181.219448
2 296.287722 49.767000
2 304.295869 104.174248
2 218.346695 214.268148
2 22.485585 138.729812
2 260.349239 159.039324
2 6.199062 263.813075
2 274.374649 192.921543
2 111.295531 220.133324
2 262.440707 310.060783
2 208.130459 204.658832
2 160.450556 37.472569
2 226.152450 34.390305
2 84.408012 75.818389
2 186.346612 292.779963
2 49.404244 283.744333
2 259.220601 265.894176
2 27.811361 294.507556
2 232.037100 224.366833
2 70.388703 330.014283
2 138.617246 81.614730
2 159.875039 88.026675
2 69.140203 105.949610
2 28.657664 4.273275
2 298.526617 264.681685
2 56.607664 307.899096
2 312.166270 137.625010
2 26.267607 21.270480
2 316.370337 74.529812
2 321.298975 54.299931
2 264.232769 249.187822
2 255.375288 185.264193
1 160.038263 8.455504
1 169.611650 1.902751
1 183.365110 331.616655
2 117.676800 219.486962
2 304.943235 82.933220
1 332.892460 149.007543
2 238.823216 170.535606
2 244.954762 225.074886
2 11.383379 31.572364
2 197.145559 209.672725
2 228.395162 221.487922
2 226.282075 56.413581
2 185.428954 290.892380
2 265.618747 157.437443
1 100.105429 327.378780
1 87.708824 169.275613
2 258.144914 253.813517
1 109.412249 155.311490
2 277.950604 260.020783
1 327.213254 150.767390
2 54.944894 52.318513
2 224.416999 204.480301
2 101.720515 237.174034
1 247.342832 17.226297
1 305.971647 123.521807
2 55.197772 101.362962
1 217.521736 233.519247
2 264.738582 305.071472
2 140.982708 20.520680
2 260.492492 214.695196
2 94.878248 225.581294
2 210.986307 213.268729
2 221.400259 206.106453
2 273.040593 279.324076
1 316.964372 330.487148
1 163.491249 479.108492
1 58.795044 497.863921
1 193.193735 378.532522
1 221.169798 380.067057
1 259.142315 558.966514
1 189.382456 509.944123
1 299.019580 518.467157
1 230.529024 558.307207
1 218.647039 658.015779
1 206.277293 379.037724
1 193.212425 450.287582
1 235.155047 472.810310
1 149.900140 516.909154
1 204.424429 617.270977
1 152.879955 490.706121
1 283.232829 381.018830
1 0.480891 612.236223
1 47.585308 647.157558
1 315.283949 603.734123
1 184.756866 572.805023
1 33.137175 649.557979
1 276.358118 413.278334
1 284.242584 396.271092
1 102.107081 634.761869
1 316.598961 383.804521
2 299.201049 449.494960
2 173.855350 592.209000
2 260.483380 481.198041
2 115.556649 362.056388
2 273.631074 376.147589
2 255.596079 399.658589
2 134.712736 598.533107
2 330.712272 586.209813
2 197.531141 498.212117
2 233.907174 613.206898
2 281.478477 407.085735
2 27.028763 525.779509
2 60.834130 666.560717
2 314.257561 665.376860
2 205.058867 651.079323
2 242.136558 463.384920
2 254.849018 547.807566
2 208.381219 581.376326
2 206.069341 333.801522
2 91.462422 610.635597
2 284.807814 501.714916
2 90.035731 550.198436
2 141.206186 662.664698
1 171.246540 466.726695
2 273.128098 472.753711
1 210.008007 418.489835
2 328.667880 425.320387
1 261.281870 432.492897
2 226.878052 428.879667
1 310.050452 375.596470
1 34.905874 427.570169
1 271.284184 417.467216
1 198.134358 388.948012
1 283.521879 373.765758
1 169.887659 503.271384
2 286.466305 403.725169
1 117.644811 624.382179
1 55.499698 640.447507
2 253.977272 366.500200
1 288.430876 339.097416
1 243.738659 402.728897
2 227.956528 578.833117
2 200.984870 370.663487
1 217.462080 549.927044
1 2.144729 588.054110
1 296.987675 364.049705
2 281.421441 405.614837
1 289.168490 408.341632
1 12.147042 573.028428
1 97.215989 417.242403
1 198.417413 511.774071
2 328.944762 616.404028
1 163.081812 334.018209
1 236.221337 411.621079
1 217.492758 621.101757
1 19.145351 607.014719
2 276.809955 406.176985
1 20.999874 591.426893
1 193.984698 552.736361
1 314.735216 367.712100
1 288.950031 366.525246
1 321.284877 954.658500
1 175.153870 719.705380
1 74.087412 798.805581
1 114.278012 944.504855
1 19.453530 890.267033
1 263.934164 694.517496
1 136.924088 691.493316
1 36.741120 839.077199
1 265.422237 881.274801
1 91.065556 770.707594
1 127.126240 953.447158
1 167.710973 983.034401
1 131.248527 879.788805
1 318.283908 854.352679
1 203.245367 953.596296
1 64.373245 872.201101
1 182.175276 940.294038
1 219.812535 708.683614
1 44.055137 933.189976
1 250.228455 871.586628
1 203.154321 897.236786
1 274.301190 683.853948
1 102.448526 768.324268
2 87.527853 892.257136
2 278.084093 919.242683
2 180.811485 721.035935
2 296.334759 892.508787
2 240.171921 802.840766
2 107.076504 909.006980
2 213.138510 672.667877
2 181.319500 985.091133
2 173.237317 928.117672
2 274.114663 758.089276
2 240.933586 706.704299
2 217.341167 932.283425
2 277.356968 681.089350
2 0.594326 910.431778
2 13.041661 803.003318
2 316.195059 764.532779
2 205.393524 890.153634
2 118.604955 699.130390
2 61.644076 900.865378
2 168.701846 780.767669
2 245.606666 798.682587
2 219.097761 795.967136
2 21.331296 998.623514
2 171.027657 669.605698
1 143.039933 952.378815
2 280.692862 875.169790
1 73.373162 847.688033
2 37.930962 894.425368
1 239.629003 679.234037
1 26.388287 737.075343
1 227.840806 931.082902
1 174.314577 957.457109
2 11.284324 941.736671
2 181.827254 917.240948
2 180.834972 877.027805
1 8.585397 781.323700
1 199.106683 920.664325
2 250.506973 700.151546
2 135.838425 916.880940
1 26.077586 862.097100
1 245.104630 944.225636
2 124.211073 934.802678
1 199.152451 991.107321
2 158.785598 976.272323
2 134.071457 770.155918
2 161.053480 699.824454
2 296.720400 776.024054
1 60.986544 913.560263
1 120.846461 742.572922
1 238.631532 870.082940
1 437.672608 243.588201
1 554.275334 217.325744
1 659.482798 27.387874
1 554.549485 150.343773
1 494.573009 201.953483
1 366.801041 295.120732
1 624.710932 4.766620
1 399.545331 170.074996
1 554.231944 143.679682
1 337.443010 171.977115
1 555.786333 203.063245
1 400.372799 10.856292
1 415.575331 234.658095
1 378.244299 230.097020
1 506.271850 286.688390
1 400.507023 34.230554
1 469.101412 153.836452
1 494.527024 169.923801
1 639.038861 132.143028
1 400.560107 254.793233
1 343.499290 58.704461
1 480.077981 178.862291
1 376.892342 172.228952
1 414.725986 88.442162
1 489.112664 165.513744
1 409.032608 238.411885
2 545.232714 69.819280
2 497.057436 147.554779
2 396.730953 108.485341
2 617.156866 302.006276
2 346.692532 131.045582
2 547.567860 119.249576
2 352.786408 298.573828
2 568.405990 298.771720
2 403.785010 190.942886
2 386.675433 147.413109
2 485.581418 1.609562
2 389.899839 75.260711
2 535.392808 232.240501
2 487.276280 269.425335
2 617.622418 208.299237
2 452.664790 48.360798
2 551.283602 2.600051
2 345.087822 55.576289
2 508.720626 78.371781
2 583.254824 9.354457
2 341.019188 293.961635
2 629.694619 226.715719
2 467.638588 215.260343
2 370.069837 203.334471
2 444.334948 197.708595
2 336.930928 164.991660
1 526.596552 256.441203
1 428.992554 252.128262
1 526.342258 109.425338
2 512.712750 268.957775
1 432.472547 76.394861
1 533.942239 273.586825
1 365.876634 23.618803
1 333.525113 88.923217
2 557.154804 321.194639
1 501.384414 182.134610
2 503.360516 276.246125
1 585.771733 187.456142
2 599.950587 251.874763
1 338.787852 62.131944
1 586.116864 296.300494
2 473.657152 224.172732
1 493.527666 207.155316
1 338.321895 8.153184
2 497.728825 267.878869
1 370.536135 302.928631
1 459.786879 136.521834
1 420.104529 251.424885
2 348.482888 148.792042
1 339.976315 328.916980
2 512.625339 249.640494
2 356.758903 149.115310
2 359.144654 173.566197
2 462.130298 72.995981
2 514.446189 287.999172
1 559.030931 242.827351
1 411.823495 240.162601
2 451.592257 202.517352
1 493.527666 207.155316
1 535.545341 202.619452
1 411.357538 186.183841
1 359.144463 122.439002
2 446.753708 203.089552
1 570.019020 291.073705
1 632.951189 108.146949
2 564.756710 159.049518
2 476.566221 302.598167
1 403.805075 106.912284
2 355.125420 158.095050
2 571.553578 81.003863
1 423.118209 211.437751
1 613.214621 20.982739
2 639.752367 230.891854
1 363.832363 291.534306
2 417.138180 209.442628
1 480.431282 165.945003
1 489.346347 211.995075
1 362.286922 216.725019
1 400.627405 354.314444
1 531.729551 438.009189
1 465.860585 497.771392
1 530.813643 627.469104
1 439.673418 455.271631
1 605.222508 510.639681
1 538.450583 385.941499
1 634.484924 386.131854
1 636.274505 643.814850
1 476.762103 405.179591
1 582.233200 512.266875
1 611.870395 354.925545
1 372.358615 528.288930
1 649.120156 403.353534
1 580.333194 508.599401
1 575.767190 358.325627
1 508.200340 343.851177
1 597.926505 594.775631
1 607.111084 487.176608
1 532.285224 549.423580
1 471.975369 344.255530
2 533.400303 599.213708
2 641.172031 627.485645
2 576.459885 523.426468
2 448.339665 568.537646
2 379.576731 453.259534
2 650.687050 406.399743
2 338.545480 618.229938
2 644.760365 509.502881
2 616.722677 420.477605
2 488.089405 503.064856
2 411.144280 406.662058
2 623.372161 468.380917
2 552.020073 656.825809
2 467.628122 554.710692
2 548.055822 583.751248
2 557.924016 394.976669
2 562.553138 558.126708
2 616.423212 525.475439
2 598.103253 453.918760
2 475.160978 406.484023
2 403.064486 466.049517
2 398.533265 589.718275
2 540.981224 355.940442
2 662.607590 345.115221
1 488.915966 334.812349
2 494.877625 421.320496
2 530.462265 547.160935
2 553.187270 589.791888
1 541.795922 456.078917
1 555.900566 429.489479
1 610.302488 340.717094
2 648.319277 543.344616
1 478.598694 423.177853
1 599.207738 634.500784
2 537.903456 376.032226
1 410.969684 352.157935
1 639.364826 609.110800
1 588.520360 520.670773
2 547.865126 585.255671
1 530.531558 466.429388
2 491.179726 468.360806
2 642.672789 538.209705
1 582.698566 525.421674
2 334.266082 578.004505
2 340.128963 595.207301
1 662.544581 850.616544
1 595.691517 676.109538
1 543.640552 695.150826
1 514.578574 810.166524
1 631.519930 765.158865
1 372.598587 849.859184
1 633.561672 927.470537
1 489.580713 845.742489
1 555.375538 872.662250
1 386.681430 967.360749
1 534.212399 935.118961
1 575.931702 827.643372
1 445.027406 693.433344
1 514.116324 880.708123
1 526.179331 995.142182
1 540.790254 809.096258
1 397.046499 880.540643
1 416.923185 703.356275
1 412.347251 890.888053
1 635.301028 902.354209
2 458.647282 888.125089
2 358.843302 932.203177
2 486.158226 701.801227
2 459.009833 947.583832
2 387.540374 943.278405
2 658.978667 687.662515
2 410.316333 800.393337
2 465.223297 959.861419
2 372.024948 827.011581
2 372.156638 796.222384
2 510.447942 846.363111
2 579.728320 968.079010
2 424.326101 922.616785
2 573.949316 771.258111
2 427.137828 896.014539
2 432.330753 767.295837
2 647.750576 935.049148
2 634.725527 904.321227
2 490.173772 705.255456
2 345.161844 771.372761
2 492.872069 763.559999
2 580.742499 761.372219
2 538.413545 746.751624
1 654.951310 860.891103
2 643.689715 932.731681
1 660.913989 849.183623
2 633.519076 841.927728
2 461.177194 848.346963
1 532.140438 714.975698
2 555.103732 786.073890
2 544.615841 796.236354
2 568.595874 721.818648
1 611.215206 871.920988
2 641.381624 753.850129
1 431.516355 972.073381
1 463.888524 850.999573
1 620.012217 859.685915
2 604.625657 960.951945
1 587.129384 841.487767
1 504.754627 865.487523
2 577.919701 714.871678
1 576.285511 901.740920
1 611.171820 851.975082
2 457.211960 865.346100
1 527.484060 889.179264
1 946.685645 109.988788
1 766.849249 309.958389
1 767.907736 98.066569
1 917.625834 122.586314
1 900.365892 54.065705
1 788.971267 268.132435
1 974.755801 146.535561
1 691.561735 314.308697
1 962.258994 313.001479
1 841.535291 300.881902
1 848.896776 101.239247
1 983.302944 111.420018
1 929.245363 145.278844
1 857.788573 22.876179
1 778.319062 153.347837
1 699.510087 290.988315
1 727.528044 274.202015
1 679.509416 176.519714
1 839.545475 84.013812
1 866.157609 248.868468
1 980.670262 100.503480
1 928.259221 68.468331
1 925.703512 260.486935
2 761.223703 188.258693
2 825.531417 308.638669
2 722.519278 299.405164
2 822.344151 161.353950
2 712.757922 330.332361
2 879.787301 294.005986
2 785.736209 193.188338
2 670.936081 239.491144
2 875.924621 256.132601
2 803.246346 171.690774
2 980.532567 95.485614
2 827.670306 273.804941
2 893.840095 186.712941
2 963.742458 276.499814
2 832.603590 18.087352
2 931.047050 81.067241
2 748.202896 54.657703
2 985.729523 320.669806
2 848.235397 11.428255
2 893.714932 139.460270
2 752.627736 165.661173
2 835.685507 164.206653
2 672.715336 96.579324
2 941.315398 214.493748
2 798.224940 10.620190
2 992.966311 319.435901
2 885.657599 167.352365
1 768.428896 317.046191
1 704.695628 85.086708
1 836.765070 123.314954
2 917.444436 310.063436
2 971.760782 188.432604
1 829.720057 100.198834
2 837.653527 234.944796
1 737.984926 53.966889
2 970.782229 190.319175
1 836.765070 123.314954
2 791.633852 180.227336
2 764.714104 1.200694
1 929.351600 159.432544
2 796.281303 130.528247
1 723.081294 69.545486
2 827.684471 224.802426
2 893.912884 303.884406
2 818.977294 243.959545
2 945.713469 108.966228
2 799.664783 170.361059
1 735.501662 492.877225
1 788.146643 665.920776
1 732.729678 562.481058
1 874.550603 338.888955
1 772.921251 442.633022
1 701.520157 588.107285
1 818.778591 659.622318
1 785.529985 378.422290
1 793.020601 467.315333
1 795.199957 354.587125
1 894.956407 462.415673
1 739.893326 519.316578
1 713.646393 559.191219
1 969.534941 365.967606
1 927.313567 450.265303
1 820.994823 456.586847
1 880.941533 540.155885
1 832.153658 388.326459
1 739.328962 440.117238
2 960.949527 569.570709
2 935.966839 653.051092
2 888.106214 369.840557
2 927.315655 378.736469
2 683.668105 524.249998
2 761.356937 492.751501
2 691.004191 582.766931
2 979.082283 493.955603
2 848.086646 586.213854
2 811.866568 632.505143
2 735.073520 632.649006
2 751.724726 452.877944
2 697.186770 591.876354
2 773.996828 552.161962
2 816.502501 606.469002
2 902.932218 421.229533
1 748.133154 500.034711
1 865.442956 357.206640
2 846.887020 576.264923
2 844.357887 577.745920
2 842.321004 598.107363
2 757.727005 458.413061
1 940.114260 420.377866
1 722.728965 553.158915
1 849.972495 581.975660
2 668.857767 580.257736
1 698.528019 427.653209
1 893.742226 510.268448
1 788.348286 463.044397
1 801.430903 488.843490
1 730.171427 550.311347
1 899.313317 407.913837
2 778.930001 611.246730
1 974.599203 573.315791
1 706.784938 540.371501
2 764.879103 632.036671
1 802.754700 524.492230
1 818.843501 903.990710
1 777.875427 961.349815
1 784.662348 807.976081
1 713.883973 681.871294
1 698.351632 832.887170
1 861.669362 870.495413
1 705.506024 782.124510
1 752.682000 760.811311
1 889.445493 755.067427
1 991.276271 928.139018
1 774.961623 824.542234
1 761.411600 684.993317
1 742.257953 755.718707
1 948.075843 711.627920
1 790.947674 667.164776
1 787.572453 772.058655
1 753.908400 957.381225
1 729.567595 828.907751
1 804.312989 796.868233
1 992.452014 887.245723
1 973.469796 973.959822
2 806.888779 903.158509
2 719.869456 922.801414
2 711.178231 902.302355
2 910.685141 887.346740
2 955.729005 752.378792
2 824.573524 951.077650
2 851.580954 973.453359
2 901.751763 901.376158
2 961.570173 672.819592
2 730.353121 806.652293
2 851.828095 829.326335
2 957.127626 945.695485
2 670.284679 670.533588
2 900.559246 691.848082
2 673.480700 875.861290
2 853.446083 923.633050
1 938.444113 748.433111
1 888.390698 871.833871
1 801.796917 833.771779
2 931.304186 725.793261
1 784.283400 709.648221
1 750.300957 821.197069
2 739.289319 974.794894
2 839.753312 956.505356
2 747.346935 785.357925
1 779.991376 842.324649
1 771.524591 672.766923
2 883.794806 976.285666
1 779.738003 763.166998
2 818.726136 976.871858
2 844.155157 926.756810
2 724.445893 720.829850
2 696.915175 691.902287
1 780.812423 838.370684
2 865.064813 961.579373
2 797.663619 966.770659
2 830.669239 995.500385
2 849.454985 827.563325
1 689.680688 860.307653
2 935.560056 952.157203
1 675.345738 825.730400
1 795.977427 684.947191
1 806.824639 810.750488
1 984.617564 878.354066
1 793.875158 813.962104
2 769.356182 719.234965
1 697.802658 831.416275
2 757.852071 801.052039
