1 214.176846 164.074055
1 182.952212 174.534474
1 199.534577 179.521387
1 201.970054 177.160632
1 203.531713 193.973627
1 194.037276 181.435106
1 199.799649 178.648621
1 189.229870 181.374885
1 199.026631 174.339036
1 199.410362 165.275356
1 178.902086 190.791062
1 199.439138 173.536568
1 182.344040 172.955946
1 203.281993 182.508794
1 215.404842 195.972708
1 209.131122 169.530986
1 205.148379 156.622375
1 210.067252 172.806962
1 187.417400 187.899083
1 188.551674 169.073842
1 174.661565 173.475404
1 206.153486 184.214404
1 169.188388 182.538000
1 194.744720 167.142403
1 189.660278 171.935057
1 217.278348 236.838969
1 198.647887 162.234552
1 236.971054 200.529265
1 132.187046 175.998785
1 195.786811 127.996289
1 223.953619 190.759520
1 179.241787 181.828607
1 190.972953 172.444287
1 211.168281 216.692977
1 219.113785 201.060236
1 212.373167 177.081225
1 165.839813 181.855583
1 248.785147 180.783378
1 203.303886 220.898520
1 193.158117 166.973210
1 191.537385 158.353983
1 159.652708 215.423561
1 184.213829 153.559485
1 132.272804 155.698870
1 204.839604 238.377284
1 254.402438 139.633400
1 222.707778 154.448771
1 201.361460 186.558606
1 162.696994 228.595417
1 182.712101 201.039404
1 201.546771 186.991013
1 201.957664 165.185607
1 201.856692 179.527987
1 166.744724 174.659341
1 156.937919 206.835498
1 196.135835 189.542068
1 168.949844 188.121245
1 162.209226 164.142234
1 159.630539 147.992185
1 133.971752 206.312079
1 154.372426 111.286484
1 216.310016 177.505623
1 185.334908 223.340591
1 143.414266 190.601846
1 207.513838 197.883751
1 160.633155 175.875098
1 215.178146 150.889674
1 200.071731 172.653098
1 194.432269 139.254042
1 170.577597 105.334339
1 163.965793 152.469884
1 186.307807 177.481062
1 184.694489 210.719479
1 165.825198 173.635271
1 173.318944 149.078469
1 180.137328 157.730612
1 228.588454 234.479520
1 202.227264 215.377510
1 146.884303 258.239878
1 218.075042 169.448669
1 173.587932 182.779393
1 161.828863 158.017962
1 176.007268 167.047811
1 197.277174 183.689506
1 185.057281 189.058171
1 168.826381 172.528363
1 200.900033 172.969629
1 219.982545 180.996774
1 171.427189 238.812377
1 178.681993 138.730118
1 149.510552 174.333316
2 59.664177 453.414726
2 50.576305 436.787278
2 51.425367 440.837784
2 43.175214 434.119097
2 75.720087 415.002922
2 58.804816 428.815023
2 63.347146 425.863559
2 60.732494 408.726670
2 72.406240 438.663397
2 68.614963 418.307461
2 78.024736 442.886722
2 50.591738 412.758446
2 64.626408 427.958435
2 74.532559 427.224107
2 56.673980 431.836704
2 64.811656 413.906890
2 39.766784 432.656259
2 54.629899 427.696813
2 39.445893 422.065107
2 64.010856 425.553187
2 59.602518 430.313672
2 64.184752 413.590620
2 80.182577 438.192942
2 61.246465 421.775181
2 60.792721 428.363508
2 61.668450 429.694248
2 53.810192 419.722364
2 56.705041 425.612133
2 63.494198 428.757342
2 83.436392 431.710276
2 56.345963 431.619136
2 62.089104 430.141319
2 43.408837 443.731623
2 65.727367 424.865274
2 71.831915 415.201987
2 61.552714 420.683760
2 54.176240 408.216230
2 54.332525 422.651007
2 65.391002 431.691994
2 45.589576 434.050779
2 63.955935 438.324871
2 47.776520 438.419990
2 83.859896 425.730642
2 72.483016 402.214529
2 92.040921 428.597998
1 323.836654 642.497257
2 14.919643 422.771742
1 332.529654 641.636103
1 137.580917 790.113407
1 154.195366 773.573497
1 139.421185 798.342218
1 146.418749 784.457072
1 160.131038 787.909778
1 150.308837 780.140365
1 157.117436 792.632554
1 157.586055 786.824144
1 151.165851 778.942263
1 150.928066 781.749938
1 163.909595 777.338638
1 146.093343 790.984559
1 136.628337 785.524255
1 129.636304 786.653029
1 130.425149 772.329319
1 170.979326 792.811980
1 154.225798 768.676333
1 146.283493 780.222102
1 156.864742 796.891839
1 161.861036 758.807051
1 157.033526 783.322430
1 171.076966 768.126136
1 149.792901 793.426537
1 155.137713 786.289303
1 165.961065 763.317471
1 157.428731 837.216782
1 165.422354 767.292485
1 148.740914 781.694883
1 163.602403 798.079108
1 152.028614 806.230399
1 178.203586 823.187169
2 320.342311 794.422900
1 147.915097 804.843155
1 174.923604 792.652433
1 108.891473 818.059329
1 144.422418 732.299087
1 142.497943 763.712487
1 158.854135 740.549805
1 158.280845 766.308940
1 181.993796 809.691649
1 170.298856 725.324878
1 157.268746 769.761123
1 132.018523 798.552342
1 149.823745 848.310270
1 151.221737 745.120930
1 213.333875 737.279855
1 160.879644 763.238618
1 178.974734 739.507308
1 145.326015 766.568246
1 144.416215 775.062821
1 137.707106 815.435485
1 120.072037 814.684871
1 179.702916 779.925062
1 109.255758 739.652548
1 139.039824 788.197938
1 191.309633 846.493263
1 169.869981 761.012302
1 135.390552 784.311909
1 99.102971 775.406492
1 155.527041 731.149921
1 137.237474 740.065105
1 190.155764 787.895072
1 162.774252 787.339075
1 171.559119 781.190389
1 180.193884 816.518828
1 140.379708 794.027456
1 181.989652 723.003249
1 154.958786 764.351692
1 161.330772 752.432152
1 200.632766 796.764011
1 166.883916 738.236573
1 150.304429 764.286513
1 147.811220 881.754524
1 203.648573 821.194462
1 164.568307 808.668896
1 138.750397 791.230717
1 96.858256 774.074970
1 192.820354 767.055541
1 227.531584 709.632773
1 147.921134 775.930326
1 118.091061 778.387905
1 147.591247 827.975513
1 217.020885 747.058504
1 185.435709 740.077013
1 182.683497 769.152392
1 173.229445 693.081309
1 168.774385 796.686780
1 191.179986 795.778813
1 173.635730 729.094018
1 124.142603 749.842984
1 162.562276 676.188227
1 160.976415 781.234460
1 158.789773 802.681600
1 132.186295 733.182417
1 218.212344 775.939233
1 137.362037 695.153137
1 173.036306 854.683215
1 130.969237 775.020063
1 105.570395 791.717355
1 172.159163 834.945593
1 181.568125 733.061237
1 109.511678 759.156856
1 234.830589 784.858246
1 231.339784 739.990575
1 160.677511 784.043579
1 136.712760 745.856481
1 201.245625 790.252572
1 221.695304 755.108393
1 137.964824 806.614174
1 195.266143 823.075473
1 217.035140 781.529984
1 147.348531 735.892478
1 181.412018 695.545097
1 109.086600 868.019750
1 132.742768 748.049514
1 273.435963 734.610767
1 152.991728 738.142693
1 117.662401 834.542467
1 212.525008 752.831242
1 168.377608 760.395774
1 99.575617 818.883591
1 154.363381 820.840571
1 207.282788 786.001786
1 143.965507 855.102927
1 166.580905 723.804837
1 160.504062 789.458378
1 117.366464 755.380558
1 197.620727 819.341095
1 136.073706 746.285531
1 229.842225 689.030781
1 158.263939 750.940572
1 162.241026 829.250836
1 150.947240 737.382328
2 499.585782 134.991032
2 484.248733 151.095240
2 506.632547 149.885286
2 492.965995 129.845313
2 518.370217 137.655406
2 487.886167 155.139001
2 493.720714 134.765195
2 500.592111 143.538737
2 509.219396 138.393067
2 509.805614 158.859363
2 516.707945 155.811111
2 498.891104 142.434045
2 503.031665 142.810787
2 482.063822 143.746553
2 496.084056 144.129262
2 491.287710 130.238975
2 493.997559 149.054409
2 505.718363 140.086895
2 516.354893 141.664266
2 492.726283 160.391446
2 497.273132 140.416961
2 487.985610 127.781588
2 491.863470 139.404843
2 484.169628 124.939385
2 500.296424 143.208910
2 502.431803 130.208756
2 488.163780 137.309645
2 507.653555 163.648638
2 490.172815 141.775291
2 497.665782 137.406016
2 504.235634 136.967520
2 507.121802 126.362128
2 504.037112 143.205893
2 519.923327 144.451390
2 507.237126 134.154348
2 495.384363 140.921447
2 497.827101 132.321328
2 485.296409 121.877189
2 495.878229 119.440463
2 499.532163 145.276059
2 486.023560 139.868389
1 396.965906 656.429721
1 407.023245 639.978443
1 393.944144 650.141133
1 400.259023 649.944374
1 398.848586 635.686138
1 408.133576 630.837110
1 399.173399 644.191207
1 409.607785 663.929181
1 400.774781 650.308213
1 396.371375 649.914623
1 381.955513 645.056636
1 398.298446 654.480653
1 381.367666 653.613494
1 398.660293 649.819049
1 405.861198 641.062399
1 408.226809 628.395687
1 399.215922 650.971434
1 423.036678 654.281203
2 556.654560 492.168320
2 559.645556 478.749257
2 559.685605 487.433473
2 563.369408 490.282628
2 573.381410 471.477110
2 559.161220 474.688788
2 557.486451 481.565274
2 556.840378 498.166857
2 558.899972 479.781194
2 559.745212 479.979779
2 569.635254 470.297255
2 565.753896 479.453980
2 547.504747 473.173566
2 568.280122 458.401332
2 552.993692 480.154732
2 536.452940 475.645585
2 567.445625 494.042759
2 562.460124 483.713340
2 558.284391 476.821103
2 547.655082 458.294657
2 561.074381 495.485274
2 563.167474 480.654356
2 566.168079 497.857587
2 557.684401 461.115869
2 552.590856 490.349685
2 560.512513 470.929234
2 563.243376 477.289553
2 542.971177 465.114985
2 544.830961 464.668945
2 553.586758 461.895545
2 567.193653 481.763242
2 565.634408 455.665149
2 557.992754 503.939145
2 580.160206 485.271098
2 564.291244 478.719299
2 544.664903 471.243575
2 545.146850 474.591171
1 400.528582 638.945534
1 387.227027 621.420137
1 378.984529 657.256889
2 569.444182 536.186105
2 545.668134 536.974517
2 566.707311 469.990530
2 576.944005 489.780209
1 355.508906 642.798825
1 436.986353 633.219587
1 409.154890 630.477940
1 429.025676 654.326901
1 408.423608 627.846836
1 414.709176 660.469104
1 449.732245 647.662199
1 429.108593 649.261460
1 408.332453 623.587560
1 402.153018 640.730824
1 384.271666 654.989139
2 554.616604 565.701873
2 532.419667 538.205350
1 422.267063 634.442536
1 436.900229 635.219637
1 465.885190 558.477244
1 361.203562 664.257954
1 443.345541 656.440297
1 361.750520 608.903515
2 570.119989 477.325695
1 427.163295 626.398205
1 396.741130 612.072295
1 338.834649 645.280382
1 381.936295 650.709139
2 573.997871 543.276408
1 406.076421 595.227144
1 379.710538 605.157531
1 455.607756 624.807355
1 409.581948 645.217441
2 611.235481 501.297489
1 447.262940 645.092288
1 428.114989 591.959816
2 556.114785 505.294420
2 547.439701 480.499544
1 395.295635 632.145323
1 394.732588 646.295830
1 410.850476 670.035768
1 554.016372 799.904415
1 570.123937 800.021367
1 567.376086 804.549630
1 564.153244 803.367135
1 581.768991 798.964816
1 574.622078 798.789140
1 573.053080 813.579015
1 584.509425 787.087501
1 572.145453 786.877142
1 589.863390 791.962140
1 568.084256 806.421477
1 556.173005 808.304817
1 570.431892 804.553449
1 566.122417 793.535738
1 556.450136 801.912863
1 553.909713 813.565870
1 588.384833 811.338194
1 546.552111 799.804377
1 570.841369 788.925269
1 569.494965 799.816144
1 577.269699 796.321275
2 389.538227 833.879714
2 378.960659 833.429814
2 411.442228 835.670410
2 399.890100 830.041025
2 387.390942 851.011779
2 400.025746 809.960347
2 405.207302 850.738799
2 397.114311 827.173351
2 397.580039 831.068220
2 401.636197 813.259206
2 401.312932 830.117661
2 387.290173 814.781166
2 399.712033 820.898581
2 402.382769 830.642689
2 397.509522 816.278095
2 411.152661 844.794265
2 395.711069 837.208026
2 390.150597 825.066402
2 399.501159 818.059710
2 398.257724 839.003859
2 382.307555 837.874612
2 416.083383 812.282884
2 385.918454 817.639902
2 412.266138 813.407596
2 399.456228 830.895849
2 413.065501 846.807698
2 415.642324 835.764118
2 408.008256 824.890422
2 390.094158 829.951194
2 398.878255 849.165779
2 401.175089 840.522349
2 399.819838 837.191383
2 405.832256 845.406995
2 402.179150 831.091748
2 405.133892 836.167852
2 418.329704 828.496631
2 400.384027 826.575821
2 391.501291 844.196585
2 402.664223 816.254259
2 402.357607 815.581699
2 393.088402 831.176945
2 388.306593 841.258806
1 407.524459 689.436736
2 378.653351 833.973287
2 396.326567 791.322382
2 415.925742 786.858110
2 390.852234 852.840523
1 555.186258 816.735517
2 356.593838 842.272160
1 540.704575 756.024390
1 542.894454 764.522342
1 391.145150 719.631005
2 389.579740 833.914876
1 519.296899 790.055806
1 593.990219 778.729235
2 376.465871 839.551633
1 396.105267 682.231115
1 537.549097 778.765239
2 377.685626 821.822315
1 509.301062 790.462286
2 423.403021 816.455205
1 555.090471 793.898323
2 379.616893 831.696076
1 581.997019 781.191515
2 425.570224 822.215283
2 400.256235 820.970885
1 552.235530 753.730149
1 519.951032 708.923431
2 390.491899 807.845531
2 395.733488 864.434451
2 413.115674 839.815126
1 598.831660 806.994562
1 537.306591 751.474593
2 386.805916 749.628905
2 420.164303 842.507422
1 589.138397 834.016035
2 399.590199 808.027431
2 403.028039 777.516752
1 570.960669 829.242021
1 620.564836 860.741398
2 390.686351 836.148645
1 558.913243 791.397800
1 636.261355 847.829055
1 528.093005 770.167472
1 387.843432 699.822456
2 445.099912 842.962101
2 418.521731 831.819322
2 367.323208 799.722223
2 420.176170 847.456000
2 438.228464 847.233978
2 388.614977 829.356598
2 456.790653 839.216521
2 387.641423 838.244551
2 442.476925 764.797884
1 559.208970 759.188218
2 463.332445 888.397131
2 407.387545 832.259481
1 538.964174 837.731696
1 607.984911 802.967491
1 389.435832 668.579835
2 382.315651 816.769871
1 576.876548 804.016299
2 361.825240 794.226663
1 563.564207 794.822634
1 559.808613 814.322472
1 586.322837 807.851611
1 525.918052 795.447206
1 561.998493 822.820424
2 424.940475 829.736766
1 563.793491 812.267594
1 379.053281 669.368592
1 586.497006 784.215548
1 574.537966 802.443157
1 578.540252 851.375614
2 379.332222 875.125214
2 399.414871 847.954519
2 401.232193 812.861696
1 372.719735 669.783264
1 577.452491 800.527308
1 538.471063 805.407691
2 451.655969 803.763377
2 471.281970 772.016175
2 455.035678 818.782133
1 534.528965 808.630423
2 423.642212 756.574618
2 428.874138 831.947022
1 584.002508 821.959628
1 545.199444 870.890006
2 412.607526 821.159164
1 400.308011 671.248686
2 467.242922 758.159361
1 600.222879 771.468328
2 390.238656 820.671962
1 595.887328 773.259277
1 561.418103 815.386946
1 589.573751 799.490289
1 594.822868 776.790271
2 419.157672 780.867422
1 626.249307 803.515634
1 548.156271 793.907391
1 572.599494 795.558152
2 432.316614 728.537711
1 537.172691 797.197455
1 602.890436 839.491243
1 644.766751 743.946499
1 577.908420 801.248378
2 382.193451 822.770500
2 433.701038 848.534806
2 433.431360 816.193584
2 415.496780 864.984587
2 470.462684 818.588465
1 584.263404 780.398763
1 374.713967 702.267279
2 443.049693 842.351800
1 563.262499 838.943014
2 386.779398 779.147855
1 579.962146 802.610596
1 407.907311 677.470952
2 413.745370 786.601955
1 389.298414 682.071818
2 437.070935 879.141058
1 413.200219 713.714414
2 352.279699 783.309016
1 634.715465 846.524163
1 580.824482 830.839652
2 466.942517 866.291701
1 371.397123 706.376847
1 337.354295 681.275901
2 442.567418 831.092202
1 411.367558 676.091235
2 398.874834 886.540173
1 552.528329 786.401712
1 576.423172 782.291544
2 336.033646 779.126476
1 627.112829 799.977123
2 393.313307 834.184950
2 455.578467 789.738607
1 551.055317 762.653407
1 388.516085 674.379702
1 557.703494 799.387256
1 555.076816 780.713147
1 595.886312 786.406404
2 401.127093 872.613217
2 405.205517 751.930572
1 574.755229 845.590982
1 597.819806 835.819396
1 579.314166 821.911322
1 517.824541 795.747954
2 482.447122 801.974542
2 407.114637 780.002312
1 444.015977 727.086550
2 485.819554 765.742883
1 538.294594 883.661696
2 415.992971 881.922322
1 557.638921 746.277318
1 579.894896 784.799438
2 431.560866 847.690674
2 463.658145 781.280730
2 397.600870 795.164273
1 661.481935 874.501973
2 369.674810 811.756294
2 428.732650 814.360820
1 395.512011 688.819600
1 557.575941 804.482550
1 582.671869 827.645662
2 438.499837 804.561358
1 374.740945 685.584914
2 349.064386 837.869852
1 507.865924 826.343841
1 551.969251 765.113181
1 569.772000 819.526186
2 388.908533 865.908407
1 559.201381 795.464964
1 586.766839 768.251439
2 378.141593 811.218995
2 422.375805 783.314303
2 477.947218 798.305349
2 459.000803 840.577986
2 356.065549 765.768925
1 602.978790 796.413243
2 401.855382 831.135607
1 591.157412 836.394736
2 397.374325 797.565281
2 446.786117 772.363102
1 384.200741 690.655818
2 383.901577 779.309641
1 529.737925 921.410949
2 442.982333 846.956478
2 393.350488 855.450625
1 577.137450 824.252754
1 571.240972 773.769414
2 495.581064 733.570717
1 520.139044 834.021148
1 559.234473 816.632622
1 556.718157 729.204219
2 386.913947 849.044326
2 372.143143 815.066463
2 381.948662 774.344848
1 565.538904 766.217184
2 424.275603 797.272706
1 524.898601 813.301494
2 402.643852 857.828517
2 374.356688 774.737613
2 470.265808 801.564929
1 362.160993 676.992066
1 822.570945 295.209373
1 827.008361 306.982318
1 819.703925 311.468283
1 823.478148 298.508401
1 815.426318 276.391480
1 818.450751 282.660983
1 820.927539 293.228590
1 815.418058 296.885520
1 818.992631 313.060734
1 819.454788 297.964086
1 809.983797 301.390875
1 799.510615 313.051670
1 821.588987 277.873229
1 826.184956 286.264424
1 803.077719 267.799721
1 807.202511 319.421248
1 809.132054 329.796715
1 806.465745 312.155753
1 837.858287 325.735263
1 779.694041 283.802848
1 836.160079 310.301635
1 868.049335 250.106739
1 817.199780 317.072221
1 837.406434 281.091823
1 883.724041 299.485963
1 863.868096 300.879175
1 867.125671 310.551628
1 849.444204 303.312225
1 838.472658 284.578194
1 816.089354 271.480118
1 770.790637 310.096232
1 803.020919 322.259782
1 829.171294 313.610733
1 818.219166 316.071419
1 779.804869 303.473669
1 866.101155 314.677720
1 817.399896 302.965988
1 836.911518 276.521390
1 845.583233 295.472387
1 815.013022 305.067624
1 860.798447 291.641754
1 840.821124 319.778163
1 846.967798 298.781251
1 792.702915 274.683936
1 881.917755 280.373227
1 870.858190 275.346234
1 805.566454 261.001137
1 796.083238 274.249845
1 822.195020 280.453277
1 882.622061 287.975062
1 918.970193 295.586427
1 851.586808 288.414651
1 788.138320 264.285875
2 840.676232 608.621616
2 852.475574 633.410839
2 846.066883 625.840064
2 851.954105 627.968782
2 854.026035 648.220403
2 853.077069 632.163393
2 838.369887 634.561641
2 841.955730 613.519406
2 866.584727 624.813974
2 828.963805 622.449259
2 852.416090 642.763955
2 840.738615 643.357703
2 838.721206 644.038280
2 859.753973 642.335668
2 837.233535 635.162835
2 853.881323 619.546542
2 850.632442 625.157595
2 853.359522 611.015333
2 850.418268 615.658842
2 858.067359 619.559308
2 857.351504 643.163369
2 850.318600 639.521488
2 835.521914 631.914579
2 831.556330 614.604932
2 850.077215 631.957816
2 856.027421 643.177058
2 836.293860 616.051164
2 848.812040 628.612968
2 850.192135 635.737483
2 854.054095 633.278565
2 849.995893 630.763458
2 846.559716 642.299393
2 834.979246 636.262926
2 855.763583 644.513919
2 846.730506 607.687930
2 856.436795 633.342058
2 842.090755 638.151091
2 850.868218 630.077384
1 827.272218 359.059923
1 814.734720 347.131119
1 809.630309 344.665616
1 865.672141 347.726832
1 764.444724 344.083509
1 785.341716 339.654776
1 818.755808 343.423447
