1 202.078525 179.315206
1 214.176846 164.074055
1 182.952212 174.534474
1 206.669392 164.939290
1 196.768541 177.505941
1 204.328503 189.087506
1 210.958168 179.125455
1 211.836927 174.842533
1 189.331589 163.877402
1 203.527437 163.832954
1 201.970054 177.160632
1 209.442568 186.467994
1 180.724814 194.967207
1 203.531713 193.973627
1 193.107182 173.501593
1 196.032144 186.401373
1 216.060535 192.472274
1 198.853969 176.148251
1 192.250519 197.907028
1 194.037276 181.435106
1 199.799649 178.648621
1 183.153069 197.091140
1 188.637822 183.889312
1 189.229870 181.374885
1 199.026631 174.339036
1 190.123317 178.772194
1 211.479674 193.053529
1 201.737982 180.358956
1 199.410362 165.275356
1 199.439138 173.536568
1 185.497611 180.646397
1 198.505473 182.127880
1 182.344040 172.955946
1 194.792092 166.717099
1 186.702925 186.835629
1 209.131122 169.530986
1 205.148379 156.622375
1 203.190361 193.766879
1 201.587909 182.185522
1 210.067252 172.806962
1 191.858792 193.583218
1 211.518348 217.507713
1 153.380043 134.178857
1 234.484385 170.133836
1 203.429690 155.539020
1 144.887110 191.022283
1 181.253954 206.740322
1 198.237096 163.704127
1 163.437501 168.223602
1 192.691809 128.050587
1 160.106774 207.555214
1 193.044692 192.723863
1 132.373874 166.511392
1 194.042048 197.648996
1 187.082911 173.130123
1 177.174857 148.010808
1 197.944507 163.939378
1 162.399233 166.375775
1 223.610873 212.780445
1 162.486810 178.500957
1 230.965549 167.807529
1 215.248870 150.422295
1 183.083727 153.358283
1 187.648738 179.626686
1 235.344290 155.339166
1 171.885824 149.802357
1 127.914672 169.190616
1 264.641267 189.806737
1 178.444218 135.976863
1 208.012718 217.521304
1 152.526428 227.601864
1 201.217419 209.834599
1 182.945662 181.920386
1 231.920005 155.224364
1 196.039179 180.661526
1 180.870949 123.751377
1 211.807601 157.068123
1 192.488511 222.019961
1 141.910316 197.243540
1 208.043935 166.073312
1 240.796574 164.660129
1 218.454570 194.517419
1 269.984944 144.699735
1 224.202209 136.197586
1 215.233509 218.997941
1 240.513141 176.061476
1 292.802833 168.559287
1 158.164176 130.883452
1 174.277509 209.839807
1 227.503680 213.294108
1 222.131079 189.349104
1 288.703615 137.392027
1 176.260153 197.437990
1 192.525501 231.662737
1 242.751003 154.700230
1 211.557080 134.357615
1 253.990939 181.357674
1 164.771780 179.523842
1 193.048788 161.768882
1 182.850655 166.436950
1 179.249260 191.127459
1 214.904827 218.192903
1 225.030739 185.769956
1 138.032227 126.489343
1 174.766292 204.943738
1 133.266505 130.510628
1 181.498434 165.704293
1 168.583241 151.555046
1 231.573081 113.364729
1 208.545454 180.774316
1 231.935130 191.628141
1 178.480891 195.144063
1 191.628349 166.721261
1 128.150698 216.906748
1 133.416510 167.803774
1 175.336669 180.011836
1 190.492196 219.645312
1 232.638860 255.788092
1 221.903005 122.528922
1 206.304361 174.888198
1 207.664866 137.457437
1 200.368464 217.304396
2 51.425367 440.837784
2 43.175214 434.119097
2 75.720087 415.002922
2 58.804816 428.815023
2 63.347146 425.863559
2 60.732494 408.726670
2 72.406240 438.663397
2 68.614963 418.307461
2 78.024736 442.886722
2 67.604440 409.186050
2 64.626408 427.958435
2 56.673980 431.836704
2 64.811656 413.906890
2 39.766784 432.656259
2 54.629899 427.696813
2 39.445893 422.065107
2 64.010856 425.553187
2 59.602518 430.313672
2 64.184752 413.590620
2 80.182577 438.192942
2 70.931752 442.930283
2 53.810192 419.722364
2 56.705041 425.612133
2 56.175670 411.315359
2 63.494198 428.757342
2 83.436392 431.710276
2 62.548742 428.029501
2 61.552714 420.683760
2 54.176240 408.216230
2 54.332525 422.651007
2 65.391002 431.691994
2 45.589576 434.050779
2 63.955935 438.324871
2 40.333242 444.457525
2 47.776520 438.419990
2 83.859896 425.730642
2 49.199642 421.007847
2 97.570524 448.076151
2 42.290016 395.892056
1 329.700271 634.630686
1 314.005899 649.168046
2 63.382407 421.584303
1 320.827762 626.409210
1 323.508129 613.501776
1 322.088224 615.419084
2 92.178758 417.333424
1 137.580917 790.113407
1 154.195366 773.573497
1 148.767415 779.060031
1 148.218661 777.629893
1 138.908182 789.084680
1 146.418749 784.457072
1 160.131038 787.909778
1 158.460107 771.246079
1 146.027089 803.146904
1 153.580006 777.188003
1 164.555545 789.736037
1 150.928066 781.749938
1 161.261873 761.410870
1 149.508251 763.863873
1 144.243613 785.552113
1 163.909595 777.338638
1 146.093343 790.984559
1 136.628337 785.524255
1 135.556030 777.083723
1 153.267474 780.133094
1 150.762099 774.299002
1 129.636304 786.653029
1 150.481933 780.709372
1 130.425149 772.329319
1 165.789670 780.267917
1 146.283493 780.222102
1 161.861036 758.807051
1 128.360333 771.670554
1 154.356766 782.354495
1 171.076966 768.126136
1 155.137713 786.289303
1 144.477388 777.595097
1 165.961065 763.317471
1 160.573092 762.600482
1 154.675911 718.336218
1 149.971026 785.501359
1 208.576538 793.590724
1 181.463538 818.893599
1 146.458352 826.825270
1 137.377520 793.828527
1 139.560953 780.486310
1 199.815377 839.367940
1 185.225510 744.724211
1 170.180918 799.932242
1 122.716764 798.849836
1 160.357686 744.347769
1 116.128501 775.065756
1 117.555132 787.209334
1 154.667148 732.955044
1 164.013426 763.020099
1 173.424961 802.127869
1 170.487644 784.834915
1 142.859904 788.415886
1 145.641501 821.647596
1 117.743666 730.056469
1 160.089008 762.994465
1 154.353311 807.861249
1 135.125266 768.880577
1 152.093947 789.220447
2 324.679242 782.834299
1 168.740834 782.356305
1 118.476820 781.024907
1 167.732987 792.211964
1 121.334535 780.545988
1 186.182301 740.199219
1 92.811957 771.096236
1 159.546186 767.223458
1 88.222994 797.632213
1 196.514943 775.304168
1 186.267493 793.367793
1 153.127498 783.731386
1 181.523460 788.856223
1 175.362433 815.638037
1 151.072462 707.484023
1 147.942076 807.997349
1 112.959491 765.361301
1 129.271500 820.949995
1 118.412146 786.011232
1 116.660215 823.045116
1 185.179200 807.528553
1 159.321012 817.364995
1 134.472324 783.545373
1 187.914888 779.256413
1 183.799723 769.560057
1 180.444394 793.401640
1 114.529986 771.186164
1 109.996996 771.411652
1 132.275468 735.204170
1 120.733393 841.607897
1 164.691204 828.913024
1 131.829441 736.765673
1 207.668417 756.006562
1 117.369114 771.990070
1 152.376015 797.377878
1 138.008870 776.928815
1 157.813159 784.995095
1 167.464268 754.674435
1 105.682071 711.769914
1 154.810597 814.503570
1 120.434259 779.906670
1 181.335878 833.822085
1 157.772261 752.430045
1 129.525901 794.246355
1 90.784366 800.872920
1 213.769961 752.922595
2 323.253295 775.908885
1 216.515106 754.516136
1 183.437364 725.615195
1 187.605509 717.505445
1 112.409027 736.416312
1 79.087417 771.865941
1 131.158005 773.844607
1 188.725593 786.324478
1 184.344485 761.211854
1 127.626591 787.450104
1 209.508240 785.895527
1 154.303647 792.282955
1 171.150086 768.248476
1 161.533188 743.601895
1 166.951580 747.089344
1 110.052787 834.669221
1 152.371212 761.770968
1 178.354748 771.173217
1 109.197844 758.883045
1 172.134402 806.941354
1 185.748375 771.053830
1 160.027477 756.816619
1 127.236448 819.691503
1 100.083393 789.674600
1 85.991286 801.859223
1 131.361958 782.247935
1 87.349612 814.076773
1 148.062879 803.751879
1 167.289045 805.585913
1 160.750872 761.055677
1 204.799623 759.010548
1 199.429736 799.391715
1 170.055684 808.626209
1 122.685457 807.327649
1 130.889153 785.760740
1 175.351918 726.413257
2 311.423789 813.906124
1 209.580038 800.127833
1 212.684931 793.809899
2 499.585782 134.991032
2 484.248733 151.095240
2 487.072859 134.072046
2 483.869978 133.688808
2 492.965995 129.845313
2 518.370217 137.655406
2 487.886167 155.139001
2 493.720714 134.765195
2 500.592111 143.538737
2 509.219396 138.393067
2 509.805614 158.859363
2 494.685072 156.280964
2 516.707945 155.811111
2 493.952420 155.236588
2 512.198795 143.865391
2 498.891104 142.434045
2 503.031665 142.810787
2 503.838197 164.691625
2 491.287710 130.238975
2 493.997559 149.054409
2 505.718363 140.086895
2 492.726283 160.391446
2 497.273132 140.416961
2 480.665799 140.519273
2 491.863470 139.404843
2 484.169628 124.939385
2 500.296424 143.208910
2 502.431803 130.208756
2 490.172815 141.775291
2 497.665782 137.406016
2 504.235634 136.967520
2 504.037112 143.205893
2 519.923327 144.451390
2 497.827101 132.321328
2 520.065446 142.572758
2 499.532163 145.276059
1 414.159271 654.484542
1 396.965906 656.429721
1 409.232629 630.668999
1 407.023245 639.978443
1 399.197276 650.149638
1 405.431374 649.333913
1 391.300101 656.779568
1 399.486811 646.725757
1 400.259023 649.944374
1 399.088965 649.256337
1 395.487644 652.575963
1 399.326209 652.158784
1 398.848586 635.686138
1 391.609420 665.205160
1 408.133576 630.837110
1 399.173399 644.191207
1 409.607785 663.929181
1 389.841955 658.005263
1 399.641320 649.664334
1 396.371375 649.914623
1 381.955513 645.056636
1 398.298446 654.480653
1 405.424793 638.575822
1 410.397212 637.327155
1 398.660293 649.819049
1 401.354440 647.757411
1 405.861198 641.062399
1 398.602001 647.378318
1 394.385557 654.002274
1 411.539163 654.654595
1 401.664526 639.774492
1 408.226809 628.395687
1 395.338749 637.154486
1 403.421915 634.225238
1 399.215922 650.971434
1 423.036678 654.281203
2 556.654560 492.168320
2 566.327921 479.929622
2 559.645556 478.749257
2 542.108217 474.036524
2 559.685605 487.433473
2 563.369408 490.282628
2 573.381410 471.477110
2 557.486451 481.565274
2 556.840378 498.166857
2 563.704203 473.647680
2 558.252617 486.808067
2 548.343974 488.373185
2 559.745212 479.979779
2 569.635254 470.297255
2 565.753896 479.453980
2 547.504747 473.173566
2 552.993692 480.154732
2 536.452940 475.645585
2 545.797056 473.774194
2 567.445625 494.042759
2 562.460124 483.713340
2 543.069621 483.761617
2 547.655082 458.294657
2 563.167474 480.654356
2 560.512513 470.929234
2 563.243376 477.289553
2 544.830961 464.668945
2 564.947799 458.268381
2 567.193653 481.763242
2 564.631733 472.059136
2 580.142647 476.366680
2 565.634408 455.665149
2 580.160206 485.271098
2 564.291244 478.719299
2 548.831643 495.501298
2 545.146850 474.591171
2 568.669514 482.475636
1 378.432855 642.255541
1 389.517106 651.760323
1 426.793271 623.529662
1 365.194397 630.085652
1 363.890184 663.530471
1 410.869245 630.749409
2 569.145974 484.542006
2 576.610053 511.436100
1 425.057835 615.510316
1 368.006844 649.984895
1 388.520949 656.447287
1 433.745338 666.470690
1 402.001495 620.447328
1 449.920665 653.175551
1 417.679287 610.345339
1 376.927904 645.936104
1 436.875224 633.229598
1 454.222146 657.954110
1 410.380975 640.061529
1 410.230428 664.339237
1 482.150347 656.681824
1 403.908334 601.388729
1 396.782927 588.142607
1 435.460754 613.354596
1 360.609859 635.973659
1 420.834599 642.876226
2 564.147642 506.695702
1 441.082398 650.009640
1 357.163561 625.092602
1 433.363048 628.516472
2 525.763117 471.320636
1 428.977088 637.630650
2 588.323512 461.870757
1 401.146127 600.471812
1 358.128673 648.588529
1 433.949563 630.868283
1 340.145789 648.015926
1 428.050120 636.457732
1 384.621367 647.193658
1 376.746185 606.882098
1 394.649714 634.108772
1 421.043601 605.052205
1 385.681928 645.169416
1 434.493894 666.401378
1 439.393391 589.334967
1 388.900357 648.324114
1 423.743694 652.942747
2 540.293026 497.292246
1 372.600153 640.620160
1 460.413541 656.201712
1 439.623246 649.797278
1 448.563923 655.486727
1 395.062161 620.992558
1 434.614842 656.156826
1 369.611961 660.513954
1 397.276584 652.682822
2 541.672041 520.836861
1 410.168361 661.072333
1 448.527317 643.877538
1 438.916323 660.935385
1 420.580959 650.582742
1 435.972164 635.250575
1 422.497151 638.578515
1 434.822529 602.314977
1 408.534813 661.769171
1 350.256706 637.570461
1 383.207705 580.020646
1 429.304768 576.251870
1 352.755097 661.966025
1 487.899600 602.746148
2 564.005739 456.239933
1 406.808286 629.477172
1 384.771543 632.712407
1 456.758512 653.460754
1 362.543828 650.363747
1 410.734093 601.767453
1 341.997995 640.260916
2 589.595725 480.303371
1 351.140749 653.366946
1 456.371877 584.831929
1 371.104803 610.290748
1 424.310060 632.399015
1 392.846481 612.817078
1 396.763433 618.066671
1 414.617226 613.367301
1 418.574189 599.711969
1 485.036609 656.424596
1 370.302148 659.357646
1 407.253400 628.731815
1 444.063966 637.184418
1 421.096655 643.116797
1 407.342389 647.553672
1 447.258292 633.295833
1 466.267021 612.374560
1 403.446363 637.750212
1 400.332289 616.192360
1 391.009590 617.982402
1 399.552602 640.281284
1 506.547215 599.506148
1 383.185153 664.363675
1 360.811647 630.955543
1 420.453950 646.261881
1 470.441164 632.192734
1 403.974272 631.187801
1 419.345976 619.720093
1 406.355180 620.293091
1 454.498910 662.058328
1 428.846334 627.200030
1 468.954042 612.092789
1 337.700244 595.477918
1 337.183451 626.675213
1 404.192908 650.684921
1 421.820403 628.113435
1 459.031098 656.612771
1 364.298470 661.333091
1 453.088601 558.035975
1 452.216751 629.948239
1 465.729880 582.940411
1 435.557442 644.746132
1 450.202958 620.173821
1 475.645978 654.762131
2 582.038978 429.531581
1 356.020437 584.575439
1 391.881261 621.873937
1 372.108459 583.040389
1 422.598395 558.795340
1 377.557439 605.651692
1 350.602463 582.400533
1 366.818704 610.954210
1 416.392248 630.318205
1 414.600925 633.840475
1 500.854543 652.270947
1 449.000745 613.447317
1 421.990040 653.284922
1 452.268749 629.225267
2 555.998232 463.114563
1 397.517335 650.106986
1 429.769723 632.138497
2 592.896865 502.102467
1 448.023798 614.080018
1 435.032756 622.018361
1 408.316090 653.090335
1 425.076981 659.403905
1 373.572555 665.488016
1 412.165421 618.899226
1 409.311985 619.693728
1 463.018391 631.933182
1 409.620168 661.906825
1 404.281200 651.118415
1 432.619182 663.038569
1 391.199247 654.672626
1 354.876842 660.827820
1 373.892509 638.832527
1 417.693419 639.811142
1 419.460308 643.347141
1 432.829461 556.743533
1 501.436935 604.016536
1 442.159363 659.423295
1 403.807144 611.851858
1 392.114856 668.457714
1 394.954126 674.308099
1 395.577588 668.116983
1 394.221399 669.527537
1 554.016372 799.904415
1 570.123937 800.021367
1 591.474880 793.367133
1 567.376086 804.549630
1 587.251436 782.693528
1 583.242380 791.272099
1 572.751738 801.405733
1 564.153244 803.367135
1 566.634687 799.764181
1 569.401358 802.703440
1 572.759855 799.243772
1 577.898006 790.170492
1 574.622078 798.789140
1 583.571398 807.125762
1 573.053080 813.579015
1 584.509425 787.087501
1 572.145453 786.877142
1 555.463841 818.504065
1 589.863390 791.962140
1 560.629967 802.699365
1 568.084256 806.421477
1 556.173005 808.304817
1 569.348468 803.664456
1 559.722450 798.231480
1 554.189676 788.492689
1 556.450136 801.912863
1 558.457108 801.771453
1 553.909713 813.565870
1 551.165307 798.782531
1 588.384833 811.338194
1 563.309108 788.919077
1 546.552111 799.804377
1 578.038975 812.878854
1 569.494965 799.816144
2 389.538227 833.879714
2 411.442228 835.670410
2 409.237313 811.380150
2 399.890100 830.041025
2 387.390942 851.011779
2 401.312932 830.117661
2 399.712033 820.898581
2 402.382769 830.642689
2 411.152661 844.794265
2 395.711069 837.208026
2 390.150597 825.066402
2 399.501159 818.059710
2 398.257724 839.003859
2 382.307555 837.874612
2 385.918454 817.639902
2 412.266138 813.407596
2 399.456228 830.895849
2 415.642324 835.764118
2 408.008256 824.890422
2 390.094158 829.951194
2 401.366324 848.649844
2 401.175089 840.522349
2 399.819838 837.191383
2 398.449407 821.013905
2 402.179150 831.091748
2 405.133892 836.167852
2 418.329704 828.496631
2 400.384027 826.575821
2 391.501291 844.196585
2 402.664223 816.254259
2 404.526549 830.470441
2 402.357607 815.581699
2 393.088402 831.176945
2 397.917414 854.296024
2 388.306593 841.258806
1 384.408229 694.399852
1 585.244623 826.779862
1 368.631196 722.452534
1 393.746155 717.612682
2 394.705900 818.912283
2 404.686711 849.124213
1 444.783328 670.925823
2 419.794805 841.662144
2 391.978097 845.704945
1 463.889155 667.235241
1 570.826779 771.272580
2 364.975235 769.317992
1 397.372529 667.085916
1 564.160294 749.371377
1 415.001425 688.414240
1 421.781705 669.756083
1 546.271772 776.969250
1 564.473818 771.337489
2 431.460774 802.202855
1 593.056684 791.152090
1 563.514790 835.802400
1 576.902811 734.433255
1 576.711477 792.478992
1 585.506514 787.870714
1 568.840864 759.553256
2 380.641869 842.852284
1 617.972643 818.617829
1 560.155638 789.103545
1 549.462941 763.883683
1 615.654329 828.090794
1 409.182329 702.426082
1 577.823796 805.983017
2 392.518776 833.738203
2 376.231575 843.600991
2 393.098762 801.938359
1 610.700674 802.279824
1 561.360598 815.776285
1 597.700895 788.579926
1 571.120127 733.756443
1 414.172997 707.255392
1 564.451807 777.152972
1 581.908134 867.293305
1 579.522758 817.087198
2 393.905873 843.661914
2 385.929972 838.881847
1 587.101760 742.877237
1 534.832892 811.185620
1 559.261500 794.675456
1 387.727103 702.467126
1 439.696874 712.282001
2 377.746195 842.872547
1 576.638065 784.997542
1 584.218798 784.959667
1 557.069982 752.959683
1 628.967416 801.298470
1 417.988115 707.294765
1 577.800724 789.148822
1 591.832580 796.993834
2 400.941958 858.832335
1 554.987717 778.359462
1 527.303588 773.471985
1 531.174879 724.426470
1 583.804584 837.829807
1 587.508401 799.505024
1 615.700857 771.365390
1 634.974008 778.400569
1 456.663444 707.258238
2 394.443648 857.240939
1 451.808575 727.256748
1 522.528552 795.433534
2 435.745616 798.546687
1 590.577258 752.138566
2 346.706518 810.001671
2 431.359890 847.304296
2 374.092483 871.354647
2 425.061613 810.195659
2 446.212749 805.152356
2 352.451325 799.458667
2 374.341667 826.354325
1 365.042421 706.763653
1 589.281300 798.432443
1 546.514774 696.577861
2 410.225816 822.957946
2 399.607813 853.667782
2 432.774195 773.874876
2 342.916214 817.516476
2 455.287059 791.004698
1 411.676160 678.732925
1 546.769029 810.332629
1 596.453062 833.040405
2 396.976090 804.868987
1 428.070963 684.234128
1 607.707872 762.212657
1 568.820394 821.826590
2 410.104097 833.490022
2 490.477060 800.800027
1 430.243495 692.564581
2 403.015431 826.615755
1 387.185662 721.090044
1 451.924284 689.119101
2 442.246651 832.976663
1 552.923050 819.217413
1 366.348675 677.425540
1 575.143851 798.842251
1 548.713034 806.264122
1 596.058346 810.267945
1 578.182275 822.953130
2 384.087486 854.794810
1 517.869763 734.858487
1 553.075001 833.216616
1 583.103749 872.786743
1 437.856833 668.256998
1 543.798491 743.756445
1 405.919652 691.083622
1 560.556041 799.439548
1 567.213867 867.292840
1 600.341857 763.469158
1 339.820969 672.834875
1 570.041894 735.572973
1 603.706152 827.979739
1 544.440735 755.554353
1 644.780613 807.556304
1 551.861471 764.623717
2 361.257112 804.327350
2 370.314208 863.005683
1 572.570787 741.336993
2 456.760897 793.087064
2 406.987757 844.918123
1 603.351680 826.399168
1 351.346974 689.789845
1 556.332604 756.368284
1 369.884951 687.298104
1 549.646900 731.940955
1 594.076449 820.941463
1 588.529043 772.554311
1 558.667816 778.167674
1 390.484471 684.387635
1 593.114454 741.242707
1 559.197036 753.834052
1 576.323611 790.588337
1 606.214756 778.387363
1 583.508018 795.291061
1 576.331923 813.485387
1 556.398548 828.478743
1 563.236555 787.907402
2 346.861489 843.928600
2 354.131575 853.010386
1 405.031614 741.900532
1 561.689514 784.160853
2 361.181375 874.559997
1 461.942464 677.412351
1 564.733606 780.249764
1 545.501061 814.694457
2 446.939147 847.141144
1 599.751475 763.996046
2 474.361230 821.043491
1 600.971158 852.475646
1 578.786557 835.870738
1 481.867954 731.228068
2 397.070192 911.129025
2 395.377283 790.617468
1 620.710466 847.365037
1 508.770017 782.255876
1 576.128917 796.556132
2 373.631710 801.027321
1 424.037546 700.570808
2 387.189971 854.440072
1 545.775686 798.499288
1 566.048921 812.439263
1 545.026735 797.694657
2 392.775444 872.468102
2 436.760013 813.941989
1 587.928167 808.416253
2 386.087929 851.702124
1 561.169140 823.909505
2 413.417268 814.679187
1 562.032125 783.330497
1 389.687853 668.986996
1 586.577743 844.933410
2 499.221783 867.347870
1 572.513930 766.597492
1 343.645206 675.005433
1 496.424994 723.179566
2 408.121761 784.503998
2 371.344248 789.020705
2 449.926618 873.666965
1 514.570720 819.752835
1 561.945169 864.113695
1 571.393305 733.201119
2 432.483409 807.446648
2 337.974152 791.520344
2 393.160980 837.924486
1 623.388613 802.220007
1 388.689377 704.915697
1 571.590287 796.594587
1 420.018667 678.189696
1 572.166459 783.496047
1 547.829329 739.058128
1 395.629019 667.481285
1 358.778029 682.345537
1 347.678404 728.802641
1 562.548301 816.555917
2 449.498020 789.895638
1 389.470849 706.979598
1 568.271570 771.026179
2 370.056524 801.628324
1 458.455725 685.337875
1 544.472579 776.644260
2 420.522039 799.944895
1 430.520725 711.946364
2 396.821162 852.432611
1 528.515588 768.416589
1 553.493023 778.693498
1 543.368381 810.482863
1 430.792474 670.194275
1 600.118977 748.378240
1 379.420043 705.189983
1 606.402749 862.262723
1 372.802743 696.870644
1 532.319727 715.894667
1 619.761910 809.295802
2 419.639648 867.339801
1 596.535577 796.604482
1 581.070089 798.302218
1 544.386698 722.341596
2 426.175588 836.124453
2 376.374919 915.029424
1 400.302675 736.776234
1 529.055598 765.741656
1 603.927778 723.442925
1 575.831853 827.751375
1 567.485340 691.978508
1 562.005832 884.982279
1 611.539667 805.651273
1 582.902911 814.880293
1 541.576401 842.928998
1 569.336183 810.529876
2 529.644667 845.243850
1 563.758475 852.473432
2 453.007849 792.346282
1 576.047270 831.230568
1 554.234700 766.311769
2 374.423516 790.020836
1 567.264872 890.926437
1 387.113888 712.874615
1 603.850984 770.764591
1 531.021313 827.907813
1 609.854674 817.621218
2 470.190735 766.397080
1 521.409922 831.270835
1 512.483478 732.441401
1 417.490413 671.553092
1 459.580607 694.522018
1 615.170332 818.429387
1 570.098998 782.391417
1 573.140788 873.061459
2 461.625746 823.183537
2 349.714884 812.759874
2 347.612871 807.433642
1 564.563987 855.180918
1 395.320434 720.901440
1 554.601205 829.733652
1 585.292670 785.835178
1 427.964103 678.858326
1 586.447853 808.889756
2 419.949597 831.664093
1 554.965703 751.613138
1 535.290042 835.163888
1 567.527460 790.615320
1 575.990173 813.120741
1 396.053445 673.727395
1 380.645540 683.845427
1 358.375346 732.135832
1 650.267169 843.787934
1 618.160838 778.727739
1 339.513100 698.275844
1 584.735874 746.522226
2 392.037882 801.622683
1 601.264344 863.202076
1 355.193033 739.289594
1 526.499342 808.246622
1 416.636381 733.611816
2 401.698996 831.284778
1 577.577659 792.213799
1 572.196588 801.538425
1 522.617873 892.568750
1 514.443480 744.168249
2 359.411856 783.126979
2 417.742423 861.725400
1 607.638411 802.550573
1 520.391938 804.494093
2 336.860385 825.832483
2 419.080222 819.580020
1 410.066455 689.929051
1 577.389476 869.571734
1 552.779525 778.543274
1 511.311801 808.553411
1 604.020806 879.889724
1 416.648291 679.819281
1 445.208630 733.708857
1 594.358413 783.740923
1 551.767097 719.527839
1 624.832540 885.481764
1 416.416628 677.031766
1 484.690940 673.923319
2 496.919622 793.846575
2 418.606428 840.299338
1 385.430092 699.832745
1 583.624334 767.164292
2 406.043048 852.711222
1 427.651888 675.241331
1 527.584140 771.608199
2 389.779436 764.995450
2 455.480691 801.634924
1 436.876028 672.655683
1 511.940623 805.117500
1 560.355160 793.762014
1 562.328120 771.045404
1 577.922076 730.755357
1 555.313827 810.995769
1 470.353608 725.004956
1 354.798755 667.461941
1 349.411117 675.853340
1 606.341345 771.821255
1 527.826923 774.043579
1 425.650735 674.206788
1 616.628993 760.687343
1 388.559085 765.903095
1 554.284642 831.009970
1 575.706446 718.529237
2 371.708717 789.666428
2 394.840757 759.012225
1 796.388864 306.657840
1 821.036917 304.551643
1 829.830806 294.046739
1 821.918281 286.535242
1 827.008361 306.982318
1 819.703925 311.468283
1 819.562622 309.232983
1 802.629404 300.577595
1 839.125300 303.166866
1 823.128751 297.453261
1 816.029020 288.743721
1 821.751465 291.149601
1 818.087407 302.558102
1 815.426318 276.391480
1 825.283169 296.602609
1 818.450751 282.660983
1 820.312877 300.045297
1 819.187439 300.062221
1 820.927539 293.228590
1 822.934482 292.983958
1 819.024018 294.624643
1 818.992631 313.060734
1 839.922837 300.968418
1 814.089782 286.227806
1 814.952164 321.010370
1 825.252307 296.898763
1 803.852044 302.353583
1 823.426854 290.314283
1 831.735188 292.686087
1 805.251090 281.217554
1 819.206725 279.764840
1 803.484546 312.865743
1 821.588987 277.873229
1 817.297562 303.155753
1 826.184956 286.264424
1 832.056120 284.478898
1 863.885993 312.623511
1 801.905115 293.097394
1 785.604482 284.102475
1 826.371873 289.008095
1 814.925088 283.959900
1 838.938066 309.893315
1 833.789396 312.449478
1 800.250237 273.190263
1 842.832501 319.093787
1 813.957526 292.630222
1 814.977868 274.730092
1 811.933482 307.641097
1 805.657649 292.808224
1 814.943340 301.331368
1 843.069852 270.368252
1 830.100963 315.824194
1 762.502647 281.338302
1 835.234273 296.767418
1 814.941218 280.371596
1 830.278713 294.778386
1 839.996135 323.931329
1 796.836733 314.746725
1 816.899502 268.552369
1 853.416789 300.864379
1 857.171404 269.176432
1 787.195358 331.304353
1 860.271704 303.952653
1 857.456788 321.739478
1 809.875908 304.443760
1 820.484103 321.467978
1 764.458091 323.426139
1 807.552441 277.389794
1 847.047754 248.239478
1 842.384925 302.364531
1 805.419204 280.917499
1 798.382542 293.239526
1 827.951085 302.993670
1 857.175376 324.148188
1 832.450567 307.881131
1 755.742268 326.270107
1 822.697605 296.827677
1 796.041976 295.021446
1 785.731161 270.818795
1 834.536389 274.152194
1 819.372298 263.762269
1 824.282189 289.762238
1 793.336972 269.026737
1 811.601867 315.327963
1 825.482436 260.142689
1 816.927553 280.980314
1 818.437800 264.944950
1 764.324197 267.967434
1 807.255482 292.848819
1 869.930950 329.044293
1 796.155826 259.121252
1 838.358003 310.001880
1 796.767828 246.493897
1 807.674683 302.713215
1 826.033179 299.839879
1 780.160459 206.609231
1 781.563229 293.353977
1 871.035827 293.139233
1 803.925696 276.698569
1 842.534942 269.867213
1 790.835005 275.608390
1 760.184459 259.155610
1 827.426802 316.820514
1 870.067593 280.941830
1 852.548975 265.076588
1 778.398126 323.603785
1 824.040790 234.884791
1 866.866325 260.998390
1 765.722216 289.662050
1 858.077700 274.888873
1 826.717035 284.140140
1 821.178074 289.291820
1 737.627673 259.686293
1 839.276690 305.977902
1 696.789815 235.239252
1 834.386725 305.731082
1 824.183702 280.129421
1 815.280150 316.760994
1 840.306653 294.283588
1 835.358959 247.699233
1 840.069142 300.214925
1 792.822128 265.449325
1 803.932987 286.743768
1 865.932468 317.134788
1 792.551865 273.211191
1 832.653628 306.321451
1 837.251495 288.428012
1 786.267185 272.659202
1 833.709337 258.267149
1 828.726494 278.547954
1 841.345163 292.203402
1 837.721793 262.504502
1 756.083036 288.689105
1 838.848125 319.070062
1 810.172357 308.919795
1 837.201734 294.690862
1 841.735000 315.798867
1 806.088207 294.145154
1 732.910677 326.189285
1 870.894933 239.114952
1 830.788025 308.590573
1 726.136303 248.517629
1 812.593913 295.869019
1 790.025750 258.963684
1 809.535541 310.528900
1 840.307158 271.059625
1 824.281882 277.422020
1 804.143737 308.322007
1 826.650490 317.467513
1 804.461995 292.315386
1 777.917026 254.230391
1 745.039586 271.221525
1 831.924456 317.554589
1 910.900789 286.967240
1 808.521003 296.212471
1 799.544468 283.159406
1 821.641140 317.927080
1 894.125535 253.836660
1 810.135939 288.119244
1 856.269500 278.758164
1 799.962959 242.680685
1 828.751438 281.364669
1 837.487902 260.302321
1 777.449275 298.342794
1 794.210340 267.300574
1 847.035048 243.698124
1 813.293713 294.702792
1 844.157685 237.351474
1 821.267245 290.651845
1 799.204357 327.044374
1 841.495662 302.149481
1 838.492958 283.685545
1 796.469269 285.440230
1 849.940866 290.605320
1 794.735685 308.963207
1 841.302623 289.776722
2 840.676232 608.621616
2 852.475574 633.410839
2 846.066883 625.840064
2 854.026035 648.220403
2 839.991632 615.530566
2 853.077069 632.163393
2 838.369887 634.561641
2 841.955730 613.519406
2 866.584727 624.813974
2 828.963805 622.449259
2 852.416090 642.763955
2 837.016986 614.694498
2 840.738615 643.357703
2 843.478089 641.697435
2 838.721206 644.038280
2 863.400528 639.149061
2 859.753973 642.335668
2 837.233535 635.162835
2 853.881323 619.546542
2 850.632442 625.157595
2 858.067359 619.559308
2 850.318600 639.521488
2 835.521914 631.914579
2 831.556330 614.604932
2 850.077215 631.957816
2 856.027421 643.177058
2 852.373098 634.690302
2 851.245743 630.290808
2 836.293860 616.051164
2 837.884820 636.400251
2 853.265255 626.674026
2 850.192135 635.737483
2 854.054095 633.278565
2 855.763583 644.513919
2 846.730506 607.687930
2 856.436795 633.342058
2 852.717873 632.804110
2 842.090755 638.151091
2 850.444308 630.218780
2 841.498960 633.550477
2 831.691895 631.432495
1 825.834787 336.638993
1 797.743226 338.586914
1 846.300190 337.518879
1 869.015939 350.802823
1 752.918713 334.341027
1 833.302279 355.270266
1 808.566344 343.549375
1 809.132321 334.102050
1 836.310396 361.063143
1 701.985382 366.328471
1 843.547880 334.288831
1 838.880668 334.164562
1 778.556164 346.208561
1 810.155738 363.758356
1 840.234198 335.474059
1 776.670430 346.161355
1 799.812020 342.361583
1 812.854606 333.538455
1 885.090265 356.615049
