1 202.078525 179.315206
1 214.176846 164.074055
1 182.952212 174.534474
1 196.768541 177.505941
1 204.328503 189.087506
1 210.958168 179.125455
1 211.836927 174.842533
1 189.331589 163.877402
1 203.527437 163.832954
1 193.067098 161.343859
1 199.534577 179.521387
1 201.970054 177.160632
1 209.442568 186.467994
1 203.531713 193.973627
1 193.107182 173.501593
1 196.032144 186.401373
1 216.060535 192.472274
1 198.853969 176.148251
1 192.250519 197.907028
1 181.725132 173.312320
1 188.637822 183.889312
1 189.229870 181.374885
1 199.026631 174.339036
1 190.123317 178.772194
1 211.479674 193.053529
1 199.410362 165.275356
1 201.121318 185.842062
1 185.497611 180.646397
1 182.344040 172.955946
1 194.792092 166.717099
1 186.702925 186.835629
1 203.281993 182.508794
1 215.404842 195.972708
1 209.131122 169.530986
1 205.148379 156.622375
1 203.190361 193.766879
1 201.587909 182.185522
1 210.067252 172.806962
1 254.957098 156.839294
1 198.968193 198.555784
1 223.963800 170.321744
1 226.128095 209.231793
1 201.673248 205.758053
1 197.937024 147.317107
1 202.298851 108.051042
1 167.045674 164.562623
1 201.190315 174.649426
1 225.501888 157.048841
1 225.260550 212.513651
1 219.693353 162.502139
1 173.746080 171.778030
1 194.667378 175.155048
1 214.138119 163.032995
1 177.964906 170.944249
1 194.234386 147.762152
1 180.346517 189.029025
1 203.509173 182.536930
1 179.723392 149.512405
1 265.302993 219.900399
1 204.386478 218.091709
1 267.420215 172.299848
1 213.633521 113.270507
1 232.157839 172.017213
1 251.188757 200.555827
1 178.591186 200.250679
1 168.308306 215.694372
1 188.684492 185.250660
1 202.474427 131.465705
1 146.982753 152.733713
1 150.682498 216.098927
1 220.157938 188.406805
1 196.096245 172.973844
1 198.433916 176.342981
1 208.136152 146.010062
1 205.345542 190.287009
1 240.430157 116.508213
1 173.199044 168.089383
1 177.491223 159.117897
1 203.354372 178.860843
1 207.711966 171.319755
1 197.237780 121.124288
1 158.456901 214.493923
1 180.557132 146.942785
1 213.816948 172.715559
1 213.950014 182.730601
1 198.941126 200.936804
1 208.349097 211.870075
1 222.723343 197.518074
1 263.005793 205.980376
1 229.554409 248.570179
1 204.169706 198.210475
1 246.263292 186.202875
1 216.279752 234.245244
1 210.483701 151.027107
1 188.206447 168.672545
1 243.685589 178.399009
1 220.830281 151.399449
1 260.986654 148.105030
1 177.148327 207.507418
1 197.412371 121.333996
1 193.099065 213.496843
1 146.719905 158.251854
1 176.200415 190.198091
1 227.742726 176.546375
1 192.572292 203.015848
1 265.662427 151.711230
1 223.312573 212.556446
1 225.732064 179.173106
1 147.136910 176.526923
1 180.061038 163.425729
1 169.757333 199.780341
1 211.331529 167.874915
1 235.487081 192.581136
1 149.174641 174.563012
1 216.629397 131.450871
1 123.283661 137.202183
1 216.246787 173.643990
1 206.894097 255.286851
1 293.957895 203.500166
1 197.046786 185.772700
1 253.652753 72.352239
1 187.762361 200.163458
1 206.512568 258.710581
1 195.852552 165.630229
1 188.798348 154.111281
1 192.458353 196.658760
1 275.455418 176.614870
1 215.577764 143.694477
1 176.544978 151.320258
1 169.427855 154.713596
1 225.237990 157.458987
1 253.780239 161.295529
1 219.928134 243.967236
1 260.652648 242.731675
1 192.797002 203.549271
1 171.989059 239.013626
1 212.315941 192.045127
1 162.452824 181.876781
1 196.157267 189.791392
1 220.209592 173.427726
1 228.067155 159.671328
1 210.609755 192.814286
1 188.077474 197.722528
1 237.993166 192.268553
1 111.940880 152.404457
1 170.747936 195.820654
1 230.641189 113.555642
1 184.767343 130.734658
1 150.800913 171.539148
1 184.653647 76.517969
1 213.650721 210.763480
1 180.535119 150.871356
1 268.544039 199.590750
1 176.647237 164.874230
1 191.190112 146.262158
1 211.108265 211.357618
1 175.544816 192.739570
1 221.426943 192.237742
1 209.203788 191.214611
1 187.976255 134.605056
1 202.745996 209.119784
1 199.495518 186.708299
1 219.899531 157.247865
1 245.087107 184.383017
1 259.303620 144.207755
1 236.287862 114.478692
1 196.359187 159.194670
1 187.235425 212.948115
1 217.202143 173.089178
1 173.255420 148.410470
1 153.851496 195.155486
1 189.744723 159.954718
1 170.870959 194.344627
1 136.349438 147.604385
1 126.848035 96.762684
1 256.234864 221.784404
1 180.365932 243.980528
1 266.499269 214.182340
1 151.363045 132.246232
1 217.950804 189.515099
1 215.208560 185.379794
1 191.020696 199.273142
1 146.457989 172.224742
1 214.371121 136.547107
1 257.630343 183.439189
1 184.297098 144.110062
1 224.036246 137.385170
1 194.926757 179.401263
1 195.049228 203.437288
1 150.354295 189.791484
1 192.107117 219.068205
1 215.757601 201.563668
1 247.118009 188.348171
1 209.741882 208.464072
1 134.526386 164.164017
1 162.449539 175.480423
1 252.765563 156.543992
1 192.042527 185.586308
1 143.290376 144.996834
1 281.973153 123.697306
1 176.940296 221.563223
1 232.197037 161.333410
1 209.646780 227.841316
1 231.495501 180.297926
1 134.622853 227.183536
1 215.428800 199.784566
1 300.191252 190.935322
1 178.281862 214.363350
1 169.723672 182.146687
1 199.594050 177.413772
2 58.482343 434.984402
2 51.425367 440.837784
2 43.175214 434.119097
2 75.720087 415.002922
2 58.804816 428.815023
2 63.347146 425.863559
2 60.732494 408.726670
2 72.406240 438.663397
2 68.614963 418.307461
2 67.604440 409.186050
2 50.591738 412.758446
2 74.532559 427.224107
2 45.398665 416.726962
2 56.673980 431.836704
2 39.766784 432.656259
2 39.445893 422.065107
2 64.010856 425.553187
2 59.602518 430.313672
2 80.182577 438.192942
2 70.931752 442.930283
2 61.246465 421.775181
2 60.792721 428.363508
2 53.810192 419.722364
2 56.705041 425.612133
2 56.175670 411.315359
2 63.494198 428.757342
2 83.436392 431.710276
2 62.548742 428.029501
2 65.727367 424.865274
2 71.831915 415.201987
2 54.332525 422.651007
2 65.391002 431.691994
2 45.589576 434.050779
2 63.955935 438.324871
2 40.333242 444.457525
2 47.776520 438.419990
2 83.859896 425.730642
2 39.316675 479.793884
1 299.036091 636.260908
1 296.087529 609.868086
1 137.580917 790.113407
1 148.218661 777.629893
1 138.908182 789.084680
1 146.418749 784.457072
1 160.131038 787.909778
1 150.308837 780.140365
1 157.117436 792.632554
1 158.460107 771.246079
1 157.586055 786.824144
1 154.737368 774.207855
1 153.580006 777.188003
1 164.555545 789.736037
1 149.508251 763.863873
1 144.243613 785.552113
1 136.628337 785.524255
1 140.338804 770.199865
1 135.578839 792.133503
1 135.556030 777.083723
1 153.267474 780.133094
1 150.762099 774.299002
1 129.636304 786.653029
1 147.859911 793.014543
1 150.481933 780.709372
1 130.425149 772.329319
1 147.324617 770.897743
1 165.789670 780.267917
1 143.297630 795.898551
1 154.225798 768.676333
1 146.283493 780.222102
1 128.360333 771.670554
1 157.033526 783.322430
1 149.792901 793.426537
1 155.137713 786.289303
1 144.477388 777.595097
1 165.961065 763.317471
1 160.573092 762.600482
1 141.242702 776.749706
1 169.768888 792.928819
1 121.916028 763.926428
1 78.559337 815.172648
1 182.674955 803.093608
1 150.820087 741.411829
1 147.051351 744.459709
1 114.724512 751.984150
1 176.978572 785.666581
1 129.792030 812.035515
1 171.171229 727.368426
1 165.617494 798.997252
1 136.655443 789.325227
1 163.232080 704.333130
1 158.202975 759.041041
1 204.113693 782.358051
1 146.491543 761.044240
1 188.375506 776.585442
1 169.908823 774.108131
1 162.214892 728.844500
1 182.062280 768.821365
1 156.946948 753.108994
1 167.237441 679.674226
1 142.590065 766.325868
1 116.777098 779.342496
1 155.884495 769.798969
1 161.664404 793.500042
1 174.808413 739.076288
1 189.791363 783.119936
1 170.940104 741.695793
1 170.592397 779.051125
1 206.066168 803.129568
1 150.108461 749.485010
1 120.056059 739.955752
1 115.207287 758.815384
1 150.425406 800.767917
1 129.083585 731.734845
1 162.702539 785.095950
1 119.799342 789.989362
1 153.703927 741.038251
1 175.922267 796.021532
1 166.057025 748.670536
1 183.474766 784.130277
1 166.132505 742.716924
1 69.160585 797.549999
1 110.563659 737.431895
1 157.739909 765.311010
1 220.756376 762.319277
1 128.098019 821.180633
1 149.350904 806.191315
1 171.984832 706.438543
1 163.849756 762.641584
1 142.177587 787.052457
1 188.876893 810.997777
1 104.924393 800.218391
1 141.575000 792.503668
1 159.232810 754.673974
1 212.846808 746.630071
1 201.412781 823.073656
1 322.041548 688.745636
1 162.832118 697.417268
1 159.808650 794.878973
1 166.190579 779.171184
1 188.403131 774.978699
1 178.945632 725.763422
1 169.502444 755.538551
1 230.568362 712.951938
1 195.559456 767.994288
1 152.046327 725.959861
1 105.842750 756.077785
1 214.544899 769.365872
1 160.629225 713.932672
1 152.283470 779.269179
1 155.504247 810.739064
1 126.349063 773.283673
1 157.648906 779.243602
1 238.612924 773.605234
1 145.598298 720.775700
1 156.704463 767.710688
1 136.610665 736.219790
1 169.767360 772.937105
1 158.393597 750.281568
1 176.203988 806.844457
1 95.089011 753.969460
1 126.123800 734.264024
1 85.540443 778.243402
1 121.941507 797.026335
1 143.509801 727.482831
1 221.902355 730.313865
1 133.482802 736.104430
1 176.696417 795.602559
1 166.753108 766.791060
1 178.575795 767.480962
1 124.679493 765.444245
1 176.219177 803.712918
1 143.945909 794.485168
1 151.647308 785.022115
1 130.108190 758.058603
1 175.704590 807.836835
1 182.474944 712.048278
1 74.702962 788.827031
1 149.742147 774.199144
1 109.335689 791.017022
1 152.104067 762.973894
1 113.115847 783.646739
1 127.892371 746.232797
1 165.652736 781.931101
1 122.773169 762.933010
1 147.782262 738.080430
1 328.971869 698.497979
1 181.861253 803.993990
1 116.848992 780.385067
1 168.222112 748.509121
1 124.183583 684.377903
1 147.683400 765.323129
1 124.048265 779.767423
1 122.794329 791.345387
1 135.553251 707.078501
1 197.327700 786.864702
1 213.189740 803.450714
1 156.313629 788.370551
1 279.794671 679.247980
1 142.823847 736.805325
1 140.548563 786.035346
1 113.763979 786.285842
1 164.954419 734.426566
1 288.506717 667.307137
1 96.592359 779.217874
1 151.170778 756.651584
1 138.483429 745.227848
1 156.623623 776.512471
1 141.919170 818.775619
1 163.419680 766.800871
1 177.615533 669.886435
1 120.035646 829.700885
1 136.007157 787.867632
1 81.006122 782.066039
1 162.492230 800.240518
1 143.671648 764.600614
1 155.250785 705.630674
1 175.266117 840.292110
1 179.756230 678.343803
1 173.267050 773.375087
1 165.511236 776.105496
2 325.341653 849.286306
1 177.532204 748.240017
1 166.173218 788.881348
1 149.562079 779.999890
1 176.676868 820.805095
1 138.677148 825.995319
1 166.511553 795.071151
1 159.148203 819.304582
1 196.053393 812.179931
1 132.957183 784.600779
1 123.470816 801.841486
1 135.071332 735.133033
2 483.869978 133.688808
2 492.965995 129.845313
2 518.370217 137.655406
2 487.886167 155.139001
2 493.720714 134.765195
2 509.805614 158.859363
2 494.685072 156.280964
2 493.952420 155.236588
2 512.198795 143.865391
2 482.063822 143.746553
2 496.084056 144.129262
2 491.287710 130.238975
2 505.718363 140.086895
2 516.354893 141.664266
2 492.726283 160.391446
2 487.985610 127.781588
2 491.863470 139.404843
2 500.296424 143.208910
2 502.431803 130.208756
2 488.163780 137.309645
2 507.653555 163.648638
2 490.172815 141.775291
2 504.235634 136.967520
2 504.037112 143.205893
2 495.384363 140.921447
2 497.827101 132.321328
2 520.065446 142.572758
2 485.296409 121.877189
2 495.878229 119.440463
2 499.532163 145.276059
2 486.023560 139.868389
2 545.978713 117.978618
1 414.159271 654.484542
1 409.232629 630.668999
1 407.023245 639.978443
1 393.944144 650.141133
1 405.431374 649.333913
1 391.300101 656.779568
1 400.259023 649.944374
1 399.088965 649.256337
1 395.487644 652.575963
1 399.326209 652.158784
1 411.968041 650.520766
1 398.848586 635.686138
1 399.173399 644.191207
1 409.607785 663.929181
1 389.841955 658.005263
1 400.774781 650.308213
1 399.641320 649.664334
1 400.950645 653.944074
1 396.906714 642.965381
1 396.371375 649.914623
1 398.298446 654.480653
1 410.397212 637.327155
1 390.971265 647.465206
1 405.861198 641.062399
1 398.602001 647.378318
1 394.385557 654.002274
1 393.340697 642.555826
1 411.539163 654.654595
1 401.664526 639.774492
1 408.226809 628.395687
1 395.338749 637.154486
1 403.421915 634.225238
1 399.215922 650.971434
1 423.036678 654.281203
2 556.654560 492.168320
2 566.327921 479.929622
2 542.108217 474.036524
2 559.685605 487.433473
2 559.161220 474.688788
2 557.486451 481.565274
2 556.840378 498.166857
2 563.704203 473.647680
2 558.899972 479.781194
2 548.343974 488.373185
2 559.745212 479.979779
2 565.753896 479.453980
2 552.993692 480.154732
2 536.452940 475.645585
2 567.445625 494.042759
2 543.069621 483.761617
2 558.284391 476.821103
2 547.655082 458.294657
2 561.074381 495.485274
2 563.167474 480.654356
2 566.168079 497.857587
2 557.684401 461.115869
2 563.243376 477.289553
2 542.971177 465.114985
2 553.586758 461.895545
2 564.947799 458.268381
2 567.193653 481.763242
2 564.631733 472.059136
2 580.142647 476.366680
2 565.634408 455.665149
2 557.992754 503.939145
2 580.160206 485.271098
2 564.291244 478.719299
2 545.146850 474.591171
2 568.669514 482.475636
1 354.687489 659.676712
1 385.213692 644.800264
1 374.445811 619.102364
1 405.860164 624.208611
1 434.243513 595.810205
1 421.272674 584.962836
1 432.250452 659.497972
1 420.429013 594.252095
1 407.238297 620.725543
1 392.553163 612.670082
1 422.114495 652.765936
1 423.192196 648.880687
1 397.298476 652.118045
2 528.706129 463.860217
1 405.175448 613.767597
1 418.330114 638.189115
1 358.908841 638.251322
1 435.739151 575.496107
1 391.610572 609.128105
1 444.361955 642.128683
1 358.968767 590.396051
1 431.931385 636.081314
1 429.704154 611.891697
1 409.578869 580.684184
1 398.333167 649.207279
1 413.062930 653.040764
1 394.919921 662.420834
1 393.713148 649.839759
1 424.081975 648.642425
1 425.101151 613.874703
1 391.015510 606.997699
1 425.613714 656.593298
1 383.267496 626.381282
1 440.715367 540.110851
1 453.135534 646.636313
1 450.449778 581.598662
2 542.682537 470.593203
1 412.422929 625.803174
1 417.860963 632.196560
1 437.460507 621.158186
1 370.579400 625.845237
1 418.667311 632.309263
1 412.551097 638.026107
1 474.633354 641.848176
1 402.241035 601.499281
1 421.040445 610.763853
1 371.743527 626.748171
2 574.959297 460.970404
1 420.899807 577.654823
1 420.960711 560.222853
1 444.676838 642.325280
1 438.425633 591.734915
1 406.704000 637.735536
1 431.463795 665.516628
1 355.224680 616.708478
1 416.257739 620.355709
1 422.372223 614.815173
1 413.046175 665.192922
1 403.357716 636.422683
1 356.437139 643.395724
1 397.733847 637.750834
1 462.672307 621.468735
1 398.719160 611.336848
1 450.977385 625.585411
1 415.971591 626.701635
1 499.075823 611.397144
2 571.491599 511.122514
2 556.061091 477.568552
1 369.449110 631.969532
1 498.164382 666.463958
1 456.847205 578.269293
1 431.470239 640.662879
1 407.369485 589.993628
1 446.309638 583.804925
1 397.179382 556.664196
1 395.557411 629.970151
1 460.640131 657.956226
1 432.593024 617.904282
1 447.830228 602.388008
1 449.693622 618.136980
1 420.718098 586.681501
1 445.387505 559.733459
1 416.581012 616.548991
1 400.522739 623.600863
1 387.946928 635.799666
2 541.523794 407.298797
1 423.022072 601.022175
2 561.453168 457.568605
1 435.251123 630.467630
2 575.093392 478.980549
1 384.545309 655.485750
1 429.343778 658.740848
2 591.900592 484.209571
1 374.152806 634.810726
1 390.096304 624.065922
1 388.178668 663.829442
1 392.052569 620.257753
1 419.747496 636.111013
1 438.373150 607.047089
1 371.817518 606.469432
1 405.017718 610.183700
1 385.333715 576.315280
1 419.966497 532.042396
1 515.546132 654.263633
1 346.886061 632.002016
1 414.569369 644.949554
1 420.965725 615.974322
1 394.177601 650.728818
1 373.756587 649.143372
1 373.074841 586.182396
1 397.393502 659.137975
1 443.295928 644.927774
1 366.219223 604.200152
1 350.518910 615.976724
1 410.296839 500.883041
1 408.394136 644.449833
1 388.460385 659.577496
1 447.093478 602.564806
1 423.886889 651.836606
1 472.495284 652.168821
2 599.491180 481.589787
1 447.515525 639.478669
1 445.117191 620.809837
1 393.868903 651.336875
1 408.083356 609.140409
1 412.321554 621.892598
1 395.843503 619.397829
1 407.466178 648.086434
1 378.072171 660.455836
1 373.342378 650.964422
1 416.470868 609.664496
1 390.432176 579.087711
1 423.137936 592.909439
1 438.499699 627.273354
1 407.812834 605.785428
1 398.263366 625.471628
1 408.715428 631.428492
1 432.557868 582.750372
1 428.677233 657.049104
1 566.782953 659.260281
1 392.155683 660.347215
1 383.998053 662.112088
1 404.296295 637.856533
1 431.341911 619.614049
2 516.491943 443.643018
1 511.766712 651.388623
1 367.158569 661.678618
1 389.228701 626.833236
2 570.807852 483.687514
1 378.604455 617.078958
1 430.654691 620.169268
1 441.229955 585.333800
1 412.146170 664.006185
1 455.387713 628.916092
1 403.406400 585.021238
2 573.270734 492.927315
1 430.490478 626.829728
1 365.200157 657.667171
1 399.042099 600.376266
1 504.610074 631.982204
1 401.271186 638.225408
1 394.928350 544.471281
1 419.162853 517.157569
1 357.892867 653.110609
1 378.322362 621.400367
1 393.059133 648.806292
1 404.312012 657.676082
1 421.343939 610.335330
1 436.169886 642.863604
1 457.472186 607.408591
1 462.246786 588.398956
1 455.627767 595.718967
1 390.769690 630.513491
1 362.957147 664.946290
1 375.073430 652.832170
1 469.478862 651.215428
1 408.150662 662.124609
1 500.837053 613.106389
1 386.512980 576.005978
1 427.216320 622.867708
1 404.281764 607.137730
1 352.944620 637.124011
1 389.874707 567.689694
1 432.488853 660.820642
1 456.100196 586.982826
1 414.251398 653.941241
1 426.384635 660.568219
1 348.422068 614.328526
1 419.674227 607.414125
1 398.749564 610.670858
1 473.727180 626.027493
1 366.355352 563.467840
1 451.911303 661.321248
1 392.114856 668.457714
1 394.954126 674.308099
1 410.850476 670.035768
1 395.577588 668.116983
1 575.661683 787.109299
1 554.016372 799.904415
1 581.751516 787.336215
1 591.474880 793.367133
1 567.376086 804.549630
1 560.549366 808.971070
1 587.251436 782.693528
1 587.747347 813.579480
1 583.242380 791.272099
1 552.745377 812.852118
1 564.153244 803.367135
1 566.634687 799.764181
1 581.768991 798.964816
1 572.759855 799.243772
1 574.622078 798.789140
1 584.509425 787.087501
1 572.145453 786.877142
1 555.463841 818.504065
1 560.629967 802.699365
1 568.084256 806.421477
1 556.173005 808.304817
1 572.362892 786.040284
1 569.348468 803.664456
1 559.722450 798.231480
1 565.268759 792.765162
1 570.431892 804.553449
1 553.812317 802.677720
1 553.909713 813.565870
1 551.165307 798.782531
1 564.321143 806.739449
1 546.552111 799.804377
1 578.038975 812.878854
1 570.841369 788.925269
1 569.494965 799.816144
2 389.538227 833.879714
2 402.161750 844.896420
2 378.960659 833.429814
2 411.442228 835.670410
2 409.237313 811.380150
2 400.025746 809.960347
2 397.114311 827.173351
2 397.580039 831.068220
2 401.636197 813.259206
2 401.312932 830.117661
2 399.712033 820.898581
2 402.382769 830.642689
2 397.509522 816.278095
2 398.257724 839.003859
2 376.583223 838.678080
2 382.307555 837.874612
2 399.456228 830.895849
2 413.065501 846.807698
2 415.642324 835.764118
2 401.366324 848.649844
2 399.819838 837.191383
2 398.449407 821.013905
2 402.179150 831.091748
2 405.133892 836.167852
2 418.329704 828.496631
2 402.664223 816.254259
2 404.526549 830.470441
2 388.306593 841.258806
2 412.857751 893.056604
1 566.304786 841.683649
2 409.806993 782.197612
1 542.376032 843.455200
2 408.049450 792.240112
1 572.663321 853.108326
2 418.903401 881.219543
2 444.129357 835.853889
1 624.981081 851.570206
1 368.285956 673.673607
2 397.228063 851.370089
1 559.272183 791.868483
1 578.532578 771.707604
1 594.165250 766.939065
1 575.388686 811.036588
1 381.663259 683.006971
2 385.541072 839.533847
1 552.346868 839.775350
1 536.288571 840.207663
1 580.867211 796.170687
2 418.860002 835.086784
1 561.114786 868.320625
1 558.310626 834.924321
2 384.119539 818.331771
1 435.029070 672.415053
1 589.587280 781.779399
1 567.710380 737.704058
1 585.820788 799.572060
1 571.304208 794.525157
1 614.429791 800.773787
1 588.126699 826.177248
2 345.346973 811.723397
2 396.764804 824.336595
1 432.467277 678.006506
1 542.867943 802.768644
1 605.623720 828.606316
1 607.785143 782.862166
1 552.948011 832.904050
1 568.274726 831.549419
1 583.752363 782.295750
1 579.717126 765.155725
2 393.215806 841.838037
1 563.817530 806.210589
1 369.509202 677.962902
1 547.444154 811.721666
1 653.613342 820.517101
2 417.508255 825.254804
1 570.371297 799.749129
1 598.067267 807.565772
1 554.895387 835.295470
1 528.282903 759.065091
1 565.272368 831.137144
1 565.731314 811.302657
2 392.246804 877.360786
2 394.767380 866.397400
1 539.613408 784.815864
1 524.107461 814.186905
2 407.225289 831.482720
1 596.210061 810.295813
1 405.917101 668.210537
2 377.126389 836.966687
2 412.854195 821.462758
1 597.023288 775.257840
2 388.921236 802.976612
1 427.307864 672.718354
1 425.040367 686.185167
1 606.014224 790.967235
1 604.623219 855.354686
2 386.354132 880.917491
1 581.836553 800.699861
2 406.053067 791.506997
2 392.635755 813.806623
1 408.919375 682.258859
2 422.384716 768.965158
1 544.970192 808.402579
1 609.548513 816.387153
1 542.538959 849.017960
1 553.521850 814.519871
2 398.141075 819.470346
1 575.942058 861.205362
1 597.610292 798.313090
1 351.841784 690.635670
1 553.296364 772.837253
2 362.738322 838.788659
2 364.435977 844.255312
1 560.855753 800.063964
1 582.373380 885.192524
1 577.147989 775.403705
1 450.451681 685.664230
2 366.888831 870.164853
1 529.653348 787.235636
1 551.764947 816.163126
2 377.919114 840.541780
2 374.967082 810.578189
2 454.655500 810.657352
1 598.075058 792.062857
1 539.105650 828.021535
2 413.283404 799.037257
2 360.900295 806.723642
1 555.989591 892.107962
1 583.660151 820.264833
1 553.531073 808.857222
1 591.068236 776.308970
1 621.381924 843.496574
1 577.731031 829.739746
1 590.177632 770.651053
1 575.794248 830.903867
2 398.135010 808.193381
1 539.453133 828.168423
1 597.226328 768.382041
1 598.935431 803.657708
1 590.651123 805.997515
1 615.995987 728.892782
1 561.941860 829.094415
1 531.442518 780.648722
1 551.624289 842.457423
1 640.408450 753.932707
1 565.463036 804.897417
1 389.839481 697.882908
1 549.835828 770.211672
2 410.524986 805.042638
1 564.340125 812.943871
2 410.245084 822.187820
2 361.988771 732.113771
1 543.035004 858.668072
1 539.249016 800.070122
1 566.744342 781.889940
2 400.278517 830.134874
1 596.569889 835.518028
1 440.927757 688.641455
2 418.351419 763.743510
1 649.043082 813.486639
1 571.855064 806.591393
2 363.907133 742.043730
1 568.412157 801.274001
1 585.886812 750.823045
1 567.645423 841.231971
2 404.728096 810.758484
1 553.173679 823.669258
2 373.636505 817.937544
1 513.655612 805.969247
1 504.320690 834.286595
2 409.646442 803.471291
1 567.551580 758.832774
1 577.374464 877.208404
1 564.409875 823.630627
1 588.562101 777.635113
1 441.952371 683.349310
1 608.050408 754.005419
1 618.076708 785.308458
1 384.608633 670.311899
1 573.061084 751.315218
2 369.361103 867.305072
2 363.030021 845.245219
1 404.560912 669.621091
2 397.836790 786.696548
1 579.453479 812.460601
1 353.977066 706.889216
2 404.511184 831.869345
2 421.766626 830.273194
1 628.412137 821.133663
1 615.399556 788.659077
1 339.782485 679.982557
1 624.132134 819.035521
1 556.542633 792.653293
1 409.208910 678.834978
1 353.942225 683.570005
1 607.870720 759.008579
1 578.054219 790.688521
1 553.110937 838.466810
1 541.108712 780.320555
1 356.663093 685.737964
2 393.073475 830.275799
1 620.119157 760.120803
2 374.619471 738.995779
1 581.111074 758.488701
1 410.500103 670.780804
1 632.058655 860.376622
1 556.008965 779.138254
1 666.414876 796.301284
1 425.909212 713.607276
1 570.111609 855.683698
2 385.021163 824.208722
1 430.586098 690.154110
2 442.588235 850.000906
1 476.009406 666.712812
2 428.805593 830.288443
2 379.584353 767.644453
1 507.073699 833.308872
1 568.018471 749.087685
2 398.685453 877.489875
1 399.410150 674.850159
1 571.296482 861.968810
1 626.099107 801.885216
2 390.315485 847.887500
1 575.380075 819.750642
1 583.449514 789.768588
1 530.443071 775.886399
1 568.331367 796.687480
2 406.876077 861.010609
2 399.761428 800.559691
1 394.020719 709.302752
2 389.299373 744.145871
2 409.119719 834.299837
1 451.982524 716.916192
2 333.817727 765.364165
1 384.751319 694.631970
2 434.268167 814.407825
1 434.419589 681.529646
1 620.373466 842.454271
1 564.678071 796.759314
1 476.630395 675.509437
2 417.791220 708.549050
1 428.970884 677.226861
1 638.265914 842.605793
1 573.033733 793.011514
2 392.337987 827.029010
2 360.162380 845.585206
1 598.646010 792.164807
1 582.462661 782.822907
2 338.222216 876.682391
1 530.843522 847.740903
2 409.446220 845.238550
1 460.248404 675.614379
1 471.332109 732.175613
1 565.634644 843.415238
1 557.213283 841.810747
1 608.740880 689.375928
1 392.312929 694.994694
1 551.807727 796.065471
2 415.497807 746.226874
1 397.982744 691.186653
2 405.313056 747.725812
2 436.049860 824.295616
2 359.318460 814.752914
2 437.951731 828.060905
2 423.179622 776.973179
1 586.091561 782.692909
1 407.836732 706.468857
1 573.166899 773.007895
1 569.907175 775.790998
1 605.497056 737.446177
1 393.936306 698.047258
1 599.049354 820.859104
1 386.727392 672.546569
2 448.499058 812.427410
1 549.620414 840.726909
2 371.965373 677.587158
1 408.967529 694.061813
2 400.555647 837.915143
2 392.415061 778.323338
2 400.716319 926.717711
1 550.333263 793.402546
1 428.543548 678.939297
1 390.044311 691.715472
2 384.050572 835.412420
1 570.255746 799.213690
1 601.862803 826.624341
1 587.876034 812.939912
2 352.633533 825.664654
1 446.937357 669.531608
1 581.167835 825.449480
1 525.433402 796.716269
1 517.694982 840.731478
2 401.043003 827.760002
1 441.226904 717.855466
1 584.328680 814.511663
2 438.776159 860.686025
1 643.731344 776.189889
1 586.273251 770.353611
1 646.312267 820.868542
1 523.568934 757.703603
1 592.222986 779.568233
1 645.772697 790.512081
1 551.193266 847.576689
1 642.604188 783.187377
1 580.425267 793.778159
1 509.210244 821.047564
1 572.676650 773.468111
2 352.274282 852.769246
2 389.387797 799.739140
1 549.906732 853.367021
1 548.638035 753.215286
1 464.041280 735.176821
1 427.192951 707.333181
1 595.034907 712.583577
1 560.891820 837.717204
1 551.635119 822.355546
2 384.524056 814.228333
1 553.342578 804.266745
1 558.175151 810.063163
1 538.315905 830.428908
1 586.742211 828.178083
1 553.901028 816.617334
1 427.166089 685.987500
1 561.283249 795.541451
1 394.118499 674.732134
1 603.418517 744.136425
2 358.252256 874.006458
1 587.954658 761.444565
1 551.841091 786.623271
2 413.740935 834.676443
1 584.219113 800.570059
1 393.248826 698.178261
2 435.333797 732.672214
2 425.498205 803.352989
1 417.236069 670.457710
1 537.254613 849.183872
1 569.236301 831.289336
1 605.398102 800.152900
1 664.235717 821.186211
1 608.634179 821.215925
1 541.217889 903.183581
1 410.046487 697.376376
1 521.488289 805.793266
1 561.292885 879.156194
2 399.395671 850.668043
1 574.842771 816.093243
1 643.453696 801.208304
1 400.896106 695.636637
1 602.904852 778.160550
2 349.576840 822.101653
1 537.239840 830.899755
2 419.008832 820.385442
1 410.748000 680.762901
1 579.836639 772.281100
1 582.781882 775.143201
1 637.431010 749.146906
2 392.511898 807.000968
2 387.516893 805.093986
2 410.457933 867.771746
1 589.618618 824.954470
1 593.568485 807.001901
1 592.107093 731.289855
2 435.231729 862.380081
1 592.077104 789.524378
1 556.677601 837.749533
1 651.038198 869.275442
1 573.774836 812.454890
1 575.877313 772.557704
2 391.287828 763.704664
1 453.484029 723.520956
2 395.681175 879.958295
1 631.674052 791.675190
2 447.863701 825.768816
2 402.445256 869.147431
1 593.592646 822.833389
2 400.739325 874.234718
1 384.976242 681.116525
1 547.425138 801.317970
2 417.691762 837.952993
2 439.370495 797.777553
1 390.767631 676.851242
1 619.286867 803.862791
2 429.917731 726.918412
2 439.364389 820.643610
1 572.790408 858.747383
2 383.880818 827.958168
1 606.479804 795.079664
2 400.128785 798.962023
2 383.822123 859.733935
1 562.355041 842.053210
1 577.861177 831.912572
1 521.999925 675.379822
1 609.342761 779.790360
2 435.035655 890.721450
1 403.556667 688.790225
1 519.099665 781.071045
2 388.405004 858.717344
2 398.640317 831.809574
2 405.805327 842.229131
1 594.405398 745.587368
1 402.870499 689.504053
1 591.576323 799.936834
1 595.377974 778.438922
2 463.514221 839.193167
1 585.815320 802.457332
2 436.891605 808.017762
1 570.854188 790.924135
1 405.654009 696.360812
1 596.048593 765.742934
1 418.172440 674.372779
2 392.798439 781.846613
2 399.641985 763.940683
1 542.814580 831.693351
2 395.848851 919.713567
1 548.793503 778.285557
2 424.550619 819.149212
1 431.542971 696.384141
1 612.249420 861.767050
2 378.595339 803.268359
2 388.146463 788.361341
1 542.530363 812.070653
1 605.436833 717.007072
1 491.050351 789.359746
2 453.286707 801.534227
1 535.088573 855.763939
2 404.650934 848.260047
1 573.019519 761.590490
1 584.526432 814.031242
1 579.725306 781.105723
2 391.624500 800.561386
1 611.888152 889.479187
1 403.728109 716.407147
1 460.932849 808.765670
2 425.102608 813.464421
2 376.407049 749.259533
1 559.161944 889.348883
1 525.703201 834.062945
1 528.640792 772.436181
1 534.959305 833.411244
1 629.571268 768.500874
1 372.974476 690.091066
1 358.500332 674.379655
1 575.227447 790.609288
1 628.771117 805.139545
1 378.350587 708.043414
1 630.202927 804.730718
2 449.819519 727.090737
2 391.909524 837.023568
2 443.818780 842.102668
2 390.772283 832.060783
1 455.575536 672.854597
1 570.186180 766.084577
1 396.499648 726.469785
1 594.060867 814.940332
1 414.652788 733.472519
1 664.993461 844.237334
1 609.112590 902.600254
2 415.939372 883.987051
2 370.800154 906.781302
2 403.989379 855.839890
1 635.941894 799.567548
1 572.700648 821.393717
1 591.094655 800.902671
2 438.863962 835.135323
1 571.460181 785.129486
1 584.473390 838.832386
2 381.124341 874.081672
2 367.813851 868.646743
2 431.160641 787.885925
1 570.132551 774.195772
1 529.971037 774.207961
2 434.377191 813.494762
1 421.522063 788.317967
2 445.977948 803.789199
1 822.570945 295.209373
1 796.388864 306.657840
1 821.036917 304.551643
1 829.830806 294.046739
1 821.918281 286.535242
1 827.008361 306.982318
1 819.703925 311.468283
1 819.562622 309.232983
1 802.629404 300.577595
1 839.125300 303.166866
1 819.550908 293.675277
1 816.029020 288.743721
1 823.478148 298.508401
1 815.426318 276.391480
1 825.283169 296.602609
1 818.450751 282.660983
1 820.312877 300.045297
1 822.934482 292.983958
1 815.418058 296.885520
1 819.024018 294.624643
1 831.099042 306.238499
1 819.454788 297.964086
1 839.922837 300.968418
1 814.089782 286.227806
1 825.252307 296.898763
1 803.852044 302.353583
1 809.983797 301.390875
1 823.426854 290.314283
1 799.510615 313.051670
1 837.694861 287.564907
1 831.735188 292.686087
1 805.251090 281.217554
1 834.640377 300.015460
1 819.206725 279.764840
1 803.484546 312.865743
1 817.297562 303.155753
1 826.184956 286.264424
1 843.584033 318.613407
1 813.453489 263.434721
1 818.453966 302.609799
1 812.085990 289.684804
1 850.970023 311.683920
1 843.454786 276.574319
1 796.564042 332.429463
1 826.629716 283.128634
1 801.355493 327.548958
1 849.912110 328.723945
1 765.618763 324.950004
1 758.695161 321.965297
1 812.398285 284.040010
1 854.074167 216.231405
1 823.470342 272.051985
1 853.803211 302.756230
1 824.487827 291.486901
1 817.468186 293.038473
1 849.159021 289.158470
1 807.424775 309.282535
1 832.797877 248.115884
1 860.101368 329.778895
1 842.104994 266.862936
1 827.433065 291.866171
1 841.551642 323.234617
1 825.902141 277.008143
1 775.030005 273.975470
1 876.871934 328.862111
1 822.794097 298.044190
1 765.356021 307.812418
1 798.684377 287.880468
1 804.910416 287.680536
1 784.128149 285.913632
1 814.517662 329.479368
1 789.018516 288.444765
1 780.080389 258.263962
1 859.000763 273.047024
1 746.148184 278.585401
1 823.559538 307.016144
1 807.708151 323.087296
1 814.492721 286.495339
1 811.545788 284.796663
1 807.398227 315.479220
1 880.002404 253.145316
1 855.569014 301.151267
1 829.247613 258.616609
1 850.206939 289.077127
1 842.099530 305.236665
1 816.041885 268.101483
1 836.668377 294.936135
1 751.942653 294.979908
1 820.772671 245.256117
1 824.553844 310.906157
1 854.947134 210.299384
1 845.739011 285.954466
1 755.294425 274.092445
1 755.669607 316.862261
1 826.047922 284.103310
1 846.702828 279.227159
1 808.861509 331.200214
1 792.473670 309.840118
1 849.094966 289.909131
1 848.113762 301.940691
1 836.077747 319.925343
1 823.284116 286.575851
1 824.719531 328.977794
1 888.769577 269.166932
1 845.142620 313.850474
1 803.458214 318.269220
1 795.305837 323.946763
1 868.061914 294.748013
1 819.451691 268.677608
1 815.853293 207.060263
1 806.717280 289.000744
1 862.976157 327.848248
1 816.441565 221.725171
1 778.554588 257.430873
1 818.760220 257.417000
1 808.735897 240.983017
1 825.470666 290.755587
1 775.924845 313.297257
1 783.768355 318.170157
1 767.512717 281.902010
1 799.968188 289.399022
1 858.769847 273.932440
1 842.503025 305.586308
1 816.329659 280.672988
1 863.374382 292.011214
1 795.470921 268.328745
1 875.537365 323.575538
1 825.894222 270.506964
1 851.108356 289.730955
1 792.681527 331.643863
1 784.967750 299.375836
1 840.957994 318.415496
1 830.584340 269.470188
1 784.651092 282.998603
1 863.271507 293.652037
1 847.937866 270.177122
1 837.803242 298.900261
1 841.440200 320.212899
1 802.009821 260.296755
1 794.238117 304.554860
1 821.888761 287.271875
1 830.021333 288.230762
1 808.279019 297.012529
2 840.676232 608.621616
2 852.475574 633.410839
2 846.066883 625.840064
2 851.954105 627.968782
2 853.077069 632.163393
2 841.955730 613.519406
2 866.584727 624.813974
2 828.963805 622.449259
2 852.416090 642.763955
2 837.016986 614.694498
2 840.738615 643.357703
2 863.400528 639.149061
2 859.753973 642.335668
2 853.881323 619.546542
2 850.632442 625.157595
2 850.418268 615.658842
2 858.067359 619.559308
2 857.351504 643.163369
2 835.521914 631.914579
2 831.556330 614.604932
2 856.027421 643.177058
2 852.373098 634.690302
2 851.245743 630.290808
2 853.265255 626.674026
2 848.812040 628.612968
2 850.192135 635.737483
2 846.559716 642.299393
2 834.979246 636.262926
2 855.763583 644.513919
2 846.730506 607.687930
2 856.436795 633.342058
2 852.717873 632.804110
2 842.090755 638.151091
2 850.444308 630.218780
2 850.868218 630.077384
2 841.498960 633.550477
2 831.691895 631.432495
1 823.609140 333.789868
1 846.296539 344.915524
1 813.513123 342.939984
1 780.829105 338.299335
1 841.189368 362.651144
1 873.138783 336.385906
1 805.951125 350.620387
1 786.504832 352.817288
1 853.639531 346.322951
1 877.105698 350.786573
1 805.323254 339.570772
1 906.928048 338.632182
1 839.153275 339.210006
1 758.221144 340.075276
1 817.595654 361.044186
1 809.662383 422.727404
1 797.381983 359.996722
1 692.017869 807.513618
1 670.455738 763.634717
1 672.923417 795.935280
