1 199.269705 173.437265
1 210.114308 186.948301
1 201.889364 166.244283
1 200.028815 178.904122
1 188.380839 167.329228
1 212.278736 161.253949
1 195.050289 171.076614
1 179.145205 192.423152
1 203.705688 176.662764
1 220.372450 167.082820
1 208.432975 176.476157
1 190.286978 163.249754
1 191.860712 185.192797
1 199.578806 182.418145
1 186.174945 200.079040
1 180.475691 186.882647
1 199.999612 180.015226
1 196.346362 175.409721
1 193.785615 175.874331
1 201.650211 166.035300
1 182.203108 183.478241
1 198.891638 173.225857
1 180.544847 186.930235
1 186.504118 179.103378
1 180.106523 173.681083
1 212.387992 187.255458
1 212.946587 178.048028
1 209.544623 167.571960
1 181.902077 174.280506
1 205.334414 178.161422
1 188.913952 189.585743
1 204.101071 172.079548
1 179.717881 187.837870
1 207.066242 193.777773
1 214.856571 170.711981
1 202.955266 172.699582
1 184.536981 177.049929
1 184.258736 186.863044
1 194.252804 187.623283
1 201.516642 175.161366
1 221.555916 184.444234
1 204.039642 182.773306
1 209.057956 178.535843
1 198.418725 169.288476
2 147.719864 139.178096
2 171.706898 110.554810
2 245.197685 60.614106
2 294.372177 189.389279
2 247.747488 300.629079
2 123.511157 300.565481
2 318.756259 57.705115
2 158.408097 123.982872
2 317.447416 179.969107
2 89.577762 289.336909
2 225.903249 289.597707
2 18.138077 109.929903
2 3.136457 219.714821
2 129.998060 280.385958
2 198.110545 10.437739
2 246.814734 268.601933
2 31.140934 115.490686
2 265.037625 240.178044
2 114.672760 10.294318
2 140.521718 239.398896
2 24.569977 251.627972
2 203.383335 10.801702
2 177.198472 111.504857
1 194.095706 168.935021
2 242.036063 250.142240
1 152.910753 191.260593
1 235.272030 185.465015
1 211.807617 152.995405
1 221.584877 186.669111
1 220.516517 139.894917
2 179.917070 122.431908
2 238.489211 255.755443
1 155.675388 162.893379
1 195.468269 201.465534
1 200.695246 147.750154
1 170.744955 193.132129
2 221.602184 259.960705
1 216.616629 207.125514
2 270.872215 222.588122
1 185.569671 171.143973
1 207.049899 183.292687
1 222.491329 177.119647
2 246.694323 245.118670
1 215.788372 207.685085
1 208.542467 144.634589
1 248.791280 182.772759
2 74.308931 296.319598
1 250.512299 170.586596
2 194.477748 148.795784
1 168.703731 208.644080
1 221.511365 180.019314
1 220.835638 193.599766
2 251.163741 196.035793
2 188.237603 184.012280
2 323.858430 131.639899
1 229.168913 206.812318
1 228.241558 190.879301
2 150.892570 150.920996
2 201.923182 131.405132
1 245.420458 181.174319
1 155.251991 192.433873
2 143.590167 181.191585
1 241.176183 218.740901
1 236.393937 194.720379
1 195.356469 152.996418
1 162.877620 188.163901
1 193.077803 207.803686
1 188.473357 166.211198
1 184.961205 166.945132
2 274.897951 286.235347
1 169.605841 158.677643
1 210.154726 145.597139
2 253.678405 255.108681
1 177.392059 127.499293
2 271.678964 218.883653
1 254.257511 193.893412
2 43.617022 253.713417
1 163.450967 151.403744
1 210.467860 200.728882
1 187.567926 155.184197
1 271.448962 171.094283
1 218.376679 198.280818
2 235.691407 293.115033
1 172.634192 183.722197
1 256.117799 193.705757
1 219.553529 195.551835
1 203.361773 208.908857
1 220.540746 186.654612
1 242.219505 129.764776
1 213.090808 161.442835
1 222.758706 191.168948
1 209.316061 202.961356
2 137.394091 168.112621
1 241.495966 193.832088
1 197.958270 200.058136
1 196.447594 191.981126
1 229.790797 130.147039
1 212.266209 141.448638
2 110.975005 12.630162
1 238.887137 171.068645
1 252.482202 217.013964
1 226.582867 152.717410
1 215.277281 158.167142
1 298.694662 241.466969
1 215.779518 166.955759
1 249.710723 200.070130
1 173.141860 187.142509
1 190.130370 200.811892
1 248.745732 178.433640
1 233.049681 169.002987
1 187.519663 169.096396
1 231.361120 153.405953
1 184.923732 158.654834
1 234.850038 204.656404
2 260.566592 213.638402
2 231.250695 255.653983
1 252.792061 187.134427
1 280.721712 218.649789
1 223.460692 224.684892
2 42.796683 83.209866
2 228.246627 200.783988
2 284.633157 233.241319
1 217.310669 173.870586
1 258.411629 204.590460
1 175.697752 159.347260
1 209.631134 186.097167
2 246.873772 278.414924
2 232.540700 282.280267
1 199.667123 173.637015
1 253.323937 227.266218
1 282.229951 204.793556
1 217.382545 226.489072
1 148.115580 181.838859
1 260.901671 165.596262
1 213.571244 184.062763
1 302.350627 203.134167
1 227.526781 154.213123
2 153.590112 262.289779
2 210.271955 253.755732
2 226.535693 180.387485
2 254.079143 284.366155
1 218.999414 165.268720
1 249.169266 238.077355
2 296.220295 147.860617
1 248.671959 201.709375
2 259.582559 288.384567
1 245.590822 194.134032
1 210.824723 199.894548
2 136.992892 138.405691
1 224.465883 192.547692
2 184.771752 115.695957
2 113.928226 295.169209
2 301.143591 127.293254
1 195.699697 219.927016
2 126.400618 122.741398
1 126.959341 186.431787
2 256.036241 247.600287
1 192.481104 138.381505
2 237.027324 241.387096
1 259.383690 165.132091
2 105.185462 280.228197
2 245.802268 259.063285
1 249.549635 247.464560
1 172.920566 154.582371
1 213.035757 236.796028
1 205.282136 161.920481
1 170.428298 216.472009
1 283.041008 239.951714
1 163.135320 180.285468
1 223.052166 208.176412
2 186.948564 286.347703
1 199.608421 163.824498
1 231.565075 194.646788
2 71.430372 324.274400
1 271.096435 147.061722
2 43.479712 60.081021
1 237.374539 119.214380
1 194.513155 216.353395
1 227.351570 226.407855
1 230.473837 222.847325
1 211.460118 188.039114
1 200.421951 199.295665
1 241.932840 245.470358
1 233.015166 136.042615
1 167.565222 208.464605
2 143.305885 156.319510
1 176.174587 191.893185
1 181.363810 167.385270
1 321.472814 204.134804
2 171.244360 543.570455
2 66.088670 339.827348
2 153.389716 641.988353
2 215.846863 380.439899
2 197.668517 576.454287
2 176.469311 624.306723
2 162.585077 510.800457
2 28.754951 434.886062
2 258.849622 571.780342
2 28.433730 395.907137
2 285.577834 399.682199
2 206.003233 444.655875
2 73.254313 598.941207
2 134.954239 645.637362
2 207.408084 475.388057
2 175.878546 664.310229
2 273.296818 590.083932
2 302.130712 656.324583
2 198.116335 618.368608
2 268.123911 619.558185
2 288.010975 652.825186
2 330.375760 660.862646
2 186.594910 656.375474
2 79.362030 353.741699
2 175.946887 645.939403
2 311.661012 659.782205
2 327.322030 634.873106
2 330.594276 653.948010
2 17.609718 345.759025
1 145.030728 772.537774
1 157.487720 793.321122
1 143.108860 781.374177
1 154.390032 786.035741
1 152.529190 780.121808
1 145.163527 789.729331
1 142.908453 785.024548
1 147.016255 764.763246
1 149.145823 789.074265
1 164.059055 789.500816
1 129.883861 767.236260
1 162.035259 791.309183
1 157.305392 776.514772
1 139.319658 769.947154
1 150.635253 800.337475
1 139.604911 775.162807
1 139.669431 765.674780
1 148.445724 798.992661
1 161.454364 774.691989
1 145.115120 801.068668
1 147.551750 782.847987
1 130.097206 782.724603
1 144.572743 765.796607
1 165.210033 792.478869
1 145.398130 795.977175
1 138.434013 794.852440
1 154.683136 787.143884
1 151.684056 759.675614
1 141.519321 797.625571
1 172.323697 786.749599
1 143.634279 768.792677
1 171.706840 790.920699
1 150.302771 764.452877
1 154.831874 780.177508
1 165.169143 762.646692
1 139.070384 777.583477
1 131.403224 778.324781
1 142.264031 791.512781
1 144.954823 801.106475
1 168.558070 768.279076
2 45.445622 846.788738
2 314.745031 695.223919
2 278.842459 682.923933
2 235.255087 804.442660
2 25.964187 815.865713
2 66.431093 926.363874
2 304.534268 779.614386
2 226.630879 780.766078
2 155.089063 886.894080
2 206.757819 820.565459
2 251.927141 815.949635
2 109.632884 844.386862
2 186.317673 845.551338
2 54.460575 712.218472
2 92.891069 894.358573
2 78.445487 880.182434
1 167.052700 805.024737
1 127.897896 772.016609
1 182.692005 799.309439
1 148.406139 774.271144
2 197.609464 773.961938
1 110.460538 768.268977
1 163.857217 775.625537
2 129.180725 878.182559
1 179.220604 755.478621
1 173.028113 758.036135
1 184.637929 804.088417
2 278.054194 792.813203
2 48.825493 878.688931
2 123.578404 883.716818
2 159.507193 910.929640
2 263.775274 668.452524
2 312.282192 690.241861
2 258.419389 738.441910
1 85.954030 748.570265
1 176.532874 772.440176
1 78.074759 761.964277
1 178.428304 783.737791
1 166.874059 788.599297
1 191.109773 765.029129
1 188.496859 800.941191
2 330.132477 740.429861
1 135.481571 758.014420
1 176.938820 820.307714
1 188.551054 796.853134
1 150.868561 739.817636
1 191.790616 766.261744
2 283.623132 836.297674
1 193.514496 800.087009
2 293.288684 770.452887
2 320.642843 769.912825
1 131.264658 784.447069
2 189.439904 888.409900
1 119.029092 782.646243
2 140.643483 879.281537
2 217.098090 792.576900
1 126.580832 790.484710
1 128.636476 796.766248
1 134.336434 759.697791
1 175.279237 803.176949
2 168.348602 871.859856
1 154.278056 781.767971
1 124.776120 745.544353
1 130.364810 743.238916
2 217.994252 789.977715
1 202.010781 768.216688
2 327.038859 726.464176
2 121.830877 902.672071
1 130.913796 827.489127
1 217.519929 784.198292
1 196.436309 786.419302
2 238.460970 813.321637
1 131.588226 770.653128
1 164.774024 756.737338
2 276.845227 767.739624
1 122.041152 765.419828
1 166.109141 821.356183
2 288.099059 777.784650
1 229.380243 749.431593
1 157.455364 790.262211
1 207.129572 840.446107
1 187.663134 777.871184
1 113.121607 786.303301
2 162.622899 858.816559
1 166.763314 847.306542
1 194.286112 783.680868
2 320.340278 792.742851
1 117.539694 752.937356
1 155.990312 772.322383
1 155.910816 848.350960
2 44.740052 905.452558
2 198.103207 980.472574
1 134.085805 813.476019
1 123.831839 797.543110
2 331.840367 778.007834
2 198.463853 765.385095
2 88.241361 878.160811
1 120.314109 745.534914
1 216.331753 742.447575
1 143.243376 734.942406
1 114.005334 825.848987
1 195.847351 784.490855
1 141.308507 777.112466
1 166.381034 775.487706
1 176.806945 810.347031
1 141.753892 771.512329
1 220.029322 812.525364
1 176.349814 791.368099
2 39.081446 726.831917
1 160.042642 728.299289
1 149.912970 766.190266
1 101.021026 767.175994
2 247.875777 688.300201
1 112.119785 800.580005
1 121.166915 772.225965
1 235.666629 791.113912
2 203.864753 814.388860
1 135.904065 771.146206
1 110.534608 746.607286
1 139.073365 814.929634
2 219.373901 830.370463
1 177.756330 742.234855
1 165.919532 809.299717
2 316.235471 838.693718
1 128.967655 755.865227
1 165.614933 777.702718
2 330.686413 735.813756
2 257.499476 756.638534
1 218.611476 760.935605
1 172.828156 773.007649
1 212.251756 802.750149
1 178.410503 768.185214
2 264.545193 799.500487
2 53.832876 935.540629
2 293.563345 734.996439
2 39.347854 791.682274
2 195.627813 929.869310
2 55.640055 883.404888
2 605.066590 47.788371
2 589.443399 329.344407
2 581.120796 112.089809
2 665.653347 275.935088
2 363.834378 164.526498
2 647.042743 256.695106
2 527.996854 292.824059
2 666.366008 82.483431
2 649.420891 250.178670
2 429.921659 60.700783
2 442.269964 137.611678
2 578.546029 74.844074
2 463.885595 159.578450
2 608.180601 176.614387
2 581.659812 104.667085
2 584.759719 8.514276
2 406.604858 243.912258
2 393.617551 91.206526
2 530.761359 200.478255
2 390.672135 228.799509
2 623.500289 78.874461
2 371.782737 51.913341
2 402.867411 243.143525
2 334.950622 271.238755
2 444.498006 305.325461
2 571.288115 214.680961
2 459.060437 293.612571
2 656.927060 165.852205
2 643.910990 276.093837
2 657.467516 237.885475
2 661.443386 143.929502
2 622.202918 258.362277
2 660.181590 177.715725
1 382.260213 656.654334
1 400.060358 664.114563
1 405.111228 654.743552
1 414.979481 651.653271
1 403.504982 652.571265
1 390.688447 647.845610
1 405.143784 645.741016
1 399.545928 650.646476
1 408.363581 655.378863
1 407.056579 652.214464
1 387.102474 631.882672
1 385.087245 644.224714
1 412.893603 637.657770
1 405.531501 633.996536
1 408.893194 651.784645
1 398.156383 646.538719
1 400.441090 649.314884
1 399.327124 649.262928
1 395.364842 649.921690
1 398.053061 653.189044
1 394.188539 646.559336
1 398.752565 649.912308
1 397.250624 649.699913
1 406.456430 640.285232
1 380.873523 652.353149
1 397.868197 650.876934
1 400.504314 653.885126
1 421.667448 648.733453
1 422.983944 640.758248
1 380.384746 651.717041
1 392.518443 649.812297
1 408.039858 649.382839
1 394.418308 649.889421
1 406.652711 633.066539
1 394.377634 647.022654
1 394.835188 662.032331
1 395.472651 631.200161
1 402.283887 655.352194
1 414.147286 642.437744
1 412.439738 656.811921
1 394.118353 663.469716
1 401.110278 649.500800
2 455.653924 403.258451
2 363.487086 575.203866
2 554.207542 524.403726
2 407.654692 539.267475
2 409.899350 583.813836
2 569.053141 516.305782
2 472.503920 468.156992
2 337.238754 627.361551
2 514.384405 514.909617
2 567.767176 623.068481
2 531.947152 538.399774
2 414.301767 487.742486
2 346.897906 350.992522
2 515.624875 369.475080
2 379.458646 395.931238
2 501.170248 578.989438
2 493.003781 406.135317
2 439.302773 543.991638
2 622.657885 589.764738
2 624.977644 549.091301
2 418.523773 349.099599
2 651.343269 665.120359
2 400.695022 591.662895
1 389.511883 646.032798
1 384.923865 613.337899
1 429.717801 644.337856
2 422.651868 621.021772
2 360.199536 624.482464
2 399.365625 574.424657
2 415.925292 584.777498
1 369.918778 631.596772
1 431.091125 634.457229
1 382.769954 597.895301
1 401.662077 629.830056
1 438.133592 610.754334
2 413.653859 590.881400
2 437.125627 533.127137
2 574.350764 484.760276
2 466.444417 610.830572
1 419.299725 656.887997
1 420.863687 642.909158
1 404.079647 654.954460
1 390.713474 643.799302
1 416.273472 624.264206
1 402.421121 636.665119
1 409.128347 647.394570
1 399.572470 660.506196
2 616.684894 631.612723
2 405.172447 621.247961
1 391.618951 658.020173
1 422.182544 633.707648
2 405.420185 631.617504
1 415.429172 629.865415
1 367.092921 637.993983
1 342.973138 648.786443
1 416.289885 609.819978
1 350.112677 657.669114
1 413.375102 633.605572
2 417.679884 646.736063
2 405.047697 637.291834
1 415.082731 655.281594
1 421.315174 658.025736
1 427.762568 660.254178
2 471.564988 608.454984
1 385.511437 637.233861
2 398.636783 605.918698
1 396.897927 619.705168
1 365.576470 634.835671
1 381.015648 637.308353
1 418.138818 651.582627
1 399.135237 608.360721
1 369.271157 617.045268
1 424.276303 615.501869
2 362.260864 580.683304
1 381.848322 641.722605
1 381.185540 659.502769
1 442.700202 600.925997
1 395.600714 663.106390
1 391.028438 660.866107
1 379.710556 661.239737
1 406.312685 654.249540
2 355.105937 545.171734
2 452.197527 626.660971
1 397.136289 649.192060
1 394.994604 615.275557
2 552.921094 665.387651
1 429.724458 644.115439
1 395.008691 653.080336
1 426.485640 653.933799
1 381.642518 641.925178
2 503.799308 664.732355
1 404.694489 631.508977
2 370.575318 621.964726
1 402.655427 655.244333
1 409.649954 651.577295
1 378.812090 648.183541
2 498.759555 614.458354
1 372.153138 656.176232
2 379.117815 540.842593
1 432.363777 621.439840
2 372.289050 521.559112
1 397.984768 633.023307
1 363.490202 629.417704
2 446.471824 613.617675
1 471.936427 610.496814
1 429.723158 643.977078
1 386.284338 630.061337
1 362.334916 634.283137
1 388.641560 646.106988
1 352.132922 601.141783
1 414.329222 645.381595
1 411.668134 668.368042
1 592.269184 788.914880
1 591.487549 810.596792
1 569.833038 799.846903
1 572.212885 807.626350
1 562.838830 823.133327
1 581.619194 791.499844
1 562.109298 801.404777
1 569.393378 799.362321
1 575.479506 794.895237
1 550.314057 812.352350
1 585.959880 788.115219
1 564.241788 810.020203
1 569.629502 802.786922
1 577.599504 805.651019
1 574.622168 791.722488
1 549.161840 788.600295
1 576.378288 808.759825
1 569.200985 800.474026
1 576.727973 810.336564
1 553.858209 800.021254
1 559.810518 804.961297
1 548.627846 793.185977
1 562.278597 797.613960
1 571.998115 799.433039
1 566.964520 801.578735
1 572.089694 783.789241
1 570.978102 799.174940
1 576.423917 815.735739
1 592.906930 809.881322
1 592.085861 806.001343
1 575.887485 815.058752
1 574.647485 814.706093
1 562.839817 799.521881
1 565.419632 797.485520
1 555.859829 792.941726
1 582.643007 781.605743
1 586.486928 795.935543
1 569.199946 795.767835
1 580.683493 819.967901
1 571.582199 797.383136
1 590.387599 797.733528
1 577.335586 808.401524
1 580.041311 806.092403
1 567.753650 797.303679
1 570.353356 805.491408
2 577.914558 714.854242
2 601.527925 716.441812
2 443.770658 934.503837
2 373.322691 854.021838
2 574.700117 858.400583
2 642.694306 910.732831
2 659.645040 947.878012
2 526.803464 864.987154
2 486.398273 802.952947
2 349.544459 746.803773
2 381.538185 894.107693
2 339.589366 723.918474
2 412.598899 810.795338
2 382.367949 691.752045
2 448.318685 952.522040
2 503.259611 871.763370
2 408.423329 772.895511
2 520.087113 997.883590
2 496.779949 667.697406
2 447.291469 719.800295
2 646.125732 813.346760
2 648.836860 787.895538
2 622.243191 962.189270
2 524.971951 840.720524
2 430.984447 864.594218
2 583.814646 844.751735
2 616.138961 886.174952
1 617.645581 770.693921
2 411.135299 836.585130
1 536.573561 817.854306
2 574.776416 867.234626
1 525.731914 796.067831
2 625.303180 777.435911
1 612.980541 785.726465
2 439.398246 909.563256
1 550.347294 781.439717
1 554.983869 808.431378
1 591.877585 787.226006
1 564.561552 806.691974
2 592.712182 743.928395
1 579.607062 792.771352
1 553.359978 829.260589
1 581.068263 793.209534
1 584.511655 768.545393
1 566.541821 816.968359
1 619.979735 822.095158
1 591.512991 797.580586
1 562.006114 774.715338
1 587.046677 795.282463
2 628.010855 837.524131
1 550.398440 804.832675
2 340.928801 768.781038
1 398.098431 720.790515
2 577.015708 835.248962
1 570.224751 829.365030
1 562.027597 772.838366
1 573.026520 817.538324
1 606.894324 798.876224
1 622.711071 799.592689
2 593.616722 826.957630
2 509.152780 831.584617
2 543.503161 785.388367
1 470.211943 810.741513
2 360.214514 891.811918
1 583.989550 834.083673
1 542.328211 778.970102
1 638.159745 788.451538
1 577.733560 786.787370
1 386.043255 692.992768
1 542.476398 772.226751
1 365.494394 666.966594
2 387.561377 819.246179
2 573.353016 832.140347
1 537.129136 811.845309
1 610.137387 777.939298
1 414.273583 688.008841
2 517.519655 898.603457
1 524.391310 841.736884
2 597.949633 740.527498
1 580.162343 782.191026
1 418.931822 680.185925
2 611.959918 854.123444
1 570.026349 815.150184
2 612.790904 743.667993
2 415.242212 715.775205
1 516.724659 871.368501
1 597.389507 834.257695
1 627.223560 809.588840
1 560.855227 796.610731
2 607.115295 725.532942
2 428.647066 924.088813
1 584.618863 802.685968
1 573.313235 754.872334
1 391.143708 697.305115
2 555.572502 814.517804
1 593.199502 828.105241
2 596.871635 838.897853
2 542.972072 731.110626
1 583.723192 813.416898
2 623.139294 748.231999
2 542.275384 842.676029
2 567.853993 859.834587
1 574.608320 818.812271
2 647.597402 947.279322
2 465.388003 802.604000
1 550.966196 804.904732
1 392.077088 677.151774
1 572.666453 811.392107
1 585.505805 783.627291
1 573.358705 821.133768
2 554.832626 899.223460
1 566.534354 809.828540
1 581.301339 789.680628
1 584.723973 784.410932
2 559.186940 722.485297
1 559.870437 776.180481
1 604.269506 787.885950
2 617.996494 819.167901
1 570.895165 796.089435
2 397.963307 736.396192
1 501.357764 822.065565
2 577.906233 787.448847
1 536.078295 817.235868
1 545.393097 746.827651
2 576.348945 771.653213
2 563.821143 879.420451
1 574.910875 841.811207
1 588.168865 803.052491
2 590.648762 723.353185
1 606.906218 790.863292
2 446.222170 711.590564
2 562.265091 813.336819
1 515.592358 824.382381
1 542.474959 850.111488
1 616.820069 818.419595
2 625.746781 803.032778
1 590.284259 801.376864
1 641.580612 787.833623
2 552.613835 815.451133
1 454.241078 672.213090
1 615.152620 801.432287
1 549.579902 761.673508
1 583.570045 822.112660
1 520.429896 842.932349
1 628.592657 771.104743
2 634.554535 862.977426
1 348.609056 677.451770
1 570.246203 826.030337
2 438.355683 815.687004
2 446.953703 874.877185
1 590.772786 802.412724
1 603.397681 791.325441
1 550.737840 854.603136
1 574.412436 755.004963
1 586.995077 812.330098
1 560.088246 718.746615
2 590.672411 868.677940
1 548.029028 857.787756
1 381.906827 669.819275
1 590.961898 758.344048
1 514.096345 785.741554
1 583.846599 795.119050
2 601.433717 841.383620
1 387.073434 719.882804
1 558.392388 791.628673
1 577.849554 762.638487
2 586.371201 798.295196
2 505.949137 729.095565
1 543.543734 824.504565
1 547.371435 808.542693
2 537.276028 783.726354
1 597.214558 762.931952
2 349.201996 667.796099
2 520.184844 842.310060
1 615.723599 799.383561
1 592.104714 833.587283
1 582.888631 757.040461
2 634.970005 804.315558
2 625.112408 854.125064
2 618.148966 817.010868
2 476.755986 724.789161
2 551.541047 906.248691
1 570.174536 808.406833
2 570.813439 800.497687
2 631.169676 819.831924
1 351.781762 689.194669
1 593.174292 839.271125
2 634.956909 853.903786
2 524.935827 739.520157
2 561.822275 737.915074
2 606.972226 770.768482
2 595.896757 748.374771
1 426.736109 689.550825
1 590.209611 834.080088
1 534.916155 779.083917
2 600.540262 830.834478
2 566.480515 730.092158
1 586.596850 828.276261
2 593.726359 847.827755
1 361.951616 674.895356
1 573.750008 834.655931
1 418.104545 685.049842
2 354.219414 749.641940
1 546.197830 792.738335
2 556.146667 719.780024
1 579.484966 823.790371
1 544.168059 800.192104
1 576.009628 921.817855
2 567.001349 871.908507
1 554.699758 772.689277
2 538.692401 747.211349
2 389.284730 760.991804
2 612.570725 762.426330
2 415.420700 678.838601
1 425.636516 686.153300
1 572.231620 806.875686
2 431.239348 957.728272
2 608.540794 861.966962
2 649.745695 857.770302
2 630.123640 783.537091
2 573.602717 773.484698
2 569.504957 833.465133
2 545.767022 715.869022
2 584.765396 856.355768
2 548.247714 815.683671
1 583.733656 763.753254
1 569.963627 793.287897
2 602.329117 765.697146
1 575.066521 770.567967
2 447.454216 949.102943
2 642.333265 833.150259
1 592.305220 773.951488
2 631.512494 918.330803
1 583.942147 786.459083
2 345.113452 687.935537
2 615.651348 913.243029
1 588.004788 847.844328
1 585.135632 816.540008
2 572.424301 857.713660
1 557.754280 777.522857
1 557.365509 801.126481
1 646.773339 788.575595
2 502.053181 869.437943
1 607.461892 801.031275
2 563.820954 865.311956
1 600.327735 788.915773
2 340.305205 791.754473
2 594.681177 772.480083
1 505.758826 782.281817
2 579.763744 744.204084
1 406.024675 703.855661
1 566.613661 851.345459
2 628.145108 753.085977
1 557.184830 763.907933
1 566.637258 879.378731
2 656.057828 786.002651
2 435.648117 880.326918
1 575.464902 800.014598
2 575.883878 709.405958
1 537.905853 855.772921
2 605.906522 850.268064
1 537.162204 828.945661
2 592.849343 786.323748
1 825.323420 313.131564
1 817.333145 301.770809
1 812.226200 290.236725
1 830.429414 297.607845
1 824.995430 303.209579
1 814.043604 287.613507
1 833.030645 316.684872
1 831.667684 295.476292
1 814.058431 301.075981
1 834.044190 283.999700
1 827.473053 308.571495
1 819.691371 300.488439
1 820.776003 303.481807
1 835.591285 300.783414
1 807.626186 302.934711
1 820.155986 304.158386
1 822.841290 275.549347
1 802.061386 300.942897
1 818.328382 301.953430
1 830.789986 321.305360
1 821.461269 298.275657
1 837.939457 290.559085
1 799.208382 306.913418
1 822.190965 301.146311
1 828.619228 297.276916
1 824.871657 302.618242
1 822.031434 305.360813
1 822.383471 302.747937
1 809.235061 314.367895
1 817.915434 307.558264
1 838.150705 307.822859
1 817.894563 302.926957
1 820.400217 300.308929
1 833.266366 306.872088
1 824.072163 310.451970
1 820.862003 300.408726
1 818.762404 303.936763
1 812.497967 279.106009
1 829.669497 290.198884
1 832.419664 315.356267
1 797.302606 305.825083
1 843.686914 295.652230
1 836.313379 292.914827
2 666.798979 177.648918
2 799.967573 112.965367
2 893.464066 245.978228
2 967.740334 176.295514
2 847.526756 47.555112
2 882.950573 98.002196
2 919.808063 177.226763
2 777.515608 169.121337
2 830.285743 135.188482
2 995.768737 265.352777
2 675.563414 185.947463
2 844.330495 166.834008
2 792.672124 105.940476
2 786.455709 275.805450
2 909.989381 231.012482
2 721.232896 113.150164
2 850.339335 302.945682
2 955.189126 119.127902
2 923.431828 272.093459
2 921.373790 74.377634
2 809.899771 309.508034
2 700.217118 149.705557
2 923.879637 114.424918
2 799.230402 268.265659
2 725.838965 321.164163
2 826.266588 220.737925
2 746.763665 98.818846
2 942.296089 88.085685
2 992.212422 18.595498
2 961.750529 170.609145
2 747.794707 283.159653
2 743.638688 290.934731
2 956.166791 183.478844
2 708.912274 273.785931
1 804.668798 325.413388
2 832.738193 276.929675
1 788.574494 313.105885
2 889.000212 279.013143
2 919.145281 195.006927
2 821.348848 296.958163
1 808.064809 294.758171
1 778.275516 302.988281
1 830.635705 301.563877
1 834.954971 299.140934
2 853.458864 257.465413
2 668.115538 248.321546
1 796.953319 289.893151
1 864.385676 288.303743
1 788.064308 323.088971
2 831.771757 277.698735
1 854.131995 315.287349
2 782.076479 307.506323
1 815.244136 275.959069
1 798.236394 309.599175
2 793.229040 129.032543
2 917.121424 196.297945
1 793.286161 261.592136
2 800.732830 320.385166
1 790.975155 254.614468
2 923.644460 296.959489
1 803.080852 264.214605
2 881.319582 318.411861
2 698.311570 272.018073
1 805.647850 258.010238
1 809.284791 246.175983
1 814.370458 308.888214
1 874.490860 326.827558
2 761.634166 301.339697
1 793.748690 322.695919
2 917.265754 221.771702
1 833.408750 329.253284
1 840.364461 280.781502
1 808.169747 320.408443
2 704.955506 279.165038
1 764.148875 255.035936
1 813.365133 227.258036
1 824.185723 314.239995
2 742.509552 298.030822
1 833.930885 282.974005
1 866.957672 329.307667
1 845.729284 298.320679
2 850.468530 244.208430
1 832.206869 288.080242
1 820.521148 269.603374
1 780.820721 270.980845
2 836.453363 320.566026
1 819.716275 309.172198
1 860.537832 287.420938
1 882.501587 296.259408
1 775.694290 322.562737
2 826.542909 273.937634
1 884.122186 330.044799
2 790.569533 104.542576
2 811.897372 260.164442
2 905.455565 301.571567
2 757.265548 330.503163
2 761.820187 320.396683
2 746.451707 298.867054
2 866.747465 177.962148
2 825.815139 323.718573
2 834.995283 239.639934
1 860.685430 290.189506
2 753.964761 310.470400
1 832.620581 311.300374
1 781.827112 283.687641
2 882.225358 236.751827
1 790.241484 333.103443
1 805.819965 312.789416
1 822.369027 275.435008
2 810.904197 263.967114
2 824.917810 153.268950
2 916.082570 264.769387
1 806.273929 313.324175
2 847.845008 237.607608
1 805.500161 318.021418
2 808.844296 291.229494
1 833.342905 276.880752
2 846.757471 209.186375
1 795.757651 329.439986
2 798.100821 88.380649
1 926.808168 332.780545
1 811.282850 286.867262
1 824.048241 303.841968
1 821.737235 296.864301
1 877.439202 284.466680
2 972.058002 164.124073
2 942.168830 173.971766
2 861.578453 255.560925
1 812.193312 298.023713
1 805.234902 263.615072
2 758.485530 281.920974
1 810.175827 321.983417
2 823.883529 291.681685
2 881.619784 291.218224
1 745.990371 296.590077
1 851.192221 315.653983
2 780.138897 328.532840
2 700.760679 167.179289
2 800.487044 249.089854
1 838.269048 306.579567
2 793.156498 180.722536
1 839.840439 322.645743
1 768.992821 285.705706
1 860.488727 279.308024
2 828.546680 311.147581
2 831.216364 305.672724
1 840.242084 301.555535
2 774.993442 323.306983
2 836.830261 312.401267
1 866.737087 284.702518
2 849.829584 271.082535
1 857.508709 329.943892
1 847.278557 319.743033
1 799.681557 300.211552
1 801.316449 290.186258
1 887.169199 316.087538
2 852.311274 269.459334
2 718.200788 302.870416
1 757.749416 298.927579
2 949.579684 223.055884
1 773.285979 274.622131
2 989.813122 253.535242
2 825.245893 291.114818
2 812.114003 162.908142
2 924.822934 360.146150
2 853.461554 617.476469
2 898.600168 540.882315
2 677.775509 342.930127
2 750.100477 352.702020
2 867.559483 627.575568
2 968.121624 355.378469
2 921.326964 580.380160
2 857.254788 594.139169
2 977.632657 440.842494
2 720.361765 580.513346
2 772.892698 525.418582
2 958.985674 356.512416
2 813.839232 641.817628
2 864.808386 501.433124
2 922.861860 409.129112
2 757.961885 346.761935
2 921.044725 367.612915
2 821.702857 505.467745
2 923.699222 340.109950
2 857.317670 417.800218
1 839.474721 365.123094
2 922.580074 338.464901
2 925.616154 335.601723
2 916.861142 351.113949
2 855.036602 385.629531
1 876.480923 345.552783
1 825.573623 337.302455
1 774.873925 335.820914
1 864.342002 363.035047
2 713.155825 356.632304
1 778.885887 334.636450
1 764.669287 341.806829
1 814.437199 373.573935
2 813.915782 337.389711
2 994.990880 356.351259
2 902.755543 337.303537
1 795.295785 339.479633
2 901.334097 365.570944
2 901.145797 359.141047
2 786.363614 359.811683
2 929.998405 416.688482
2 849.923603 418.023856
1 810.356883 347.736890
1 811.892374 348.987346
2 730.879782 942.588539
2 817.317326 740.240759
2 728.193996 675.485181
2 737.304823 749.460525
2 836.032604 668.933878
2 977.535892 947.458170
2 922.795936 866.236940
2 906.207141 929.633314
2 970.266889 912.324051
2 841.109441 723.509132
2 975.466924 771.741003
2 981.902447 834.698518
2 864.426634 915.553717
2 960.869334 752.871921
2 761.362816 885.111847
2 693.274694 781.004788
2 666.953286 932.102326
2 741.835712 871.078402
2 780.253001 708.401185
2 806.801612 766.132397
2 671.307772 836.000910
2 703.398508 797.286624
2 743.755066 739.259180
2 691.738671 840.443972
2 720.265089 784.733264
2 675.130726 844.609390
2 742.353615 785.827178
2 677.437398 940.660964
2 759.426298 902.773668
