1 202.078525 179.315206
1 186.819888 180.064576
1 214.176846 164.074055
1 182.952212 174.534474
1 206.669392 164.939290
1 196.768541 177.505941
1 204.328503 189.087506
1 210.958168 179.125455
1 203.527437 163.832954
1 193.067098 161.343859
1 201.970054 177.160632
1 209.442568 186.467994
1 193.107182 173.501593
1 196.032144 186.401373
1 216.060535 192.472274
1 198.853969 176.148251
1 192.250519 197.907028
1 194.037276 181.435106
1 181.725132 173.312320
1 183.153069 197.091140
1 188.637822 183.889312
1 190.123317 178.772194
1 211.479674 193.053529
1 201.737982 180.358956
1 199.410362 165.275356
1 200.678000 184.928028
1 178.902086 190.791062
1 210.518514 165.218820
1 201.121318 185.842062
1 198.505473 182.127880
1 182.344040 172.955946
1 194.792092 166.717099
1 186.702925 186.835629
1 203.281993 182.508794
1 215.404842 195.972708
1 209.131122 169.530986
1 205.148379 156.622375
1 210.067252 172.806962
1 180.768839 175.212533
1 167.527000 187.511982
1 219.223644 217.693901
1 170.140032 171.311500
1 204.182418 189.661349
1 174.395990 214.217066
1 235.862089 203.692984
1 209.992289 197.354686
1 176.812591 180.360571
1 156.082693 201.650708
1 218.539041 157.715334
1 176.721438 157.626330
1 205.887403 191.388664
1 216.479393 189.569734
1 212.573508 194.019414
1 193.703070 157.001491
1 180.711605 149.122478
1 179.805269 171.728577
1 152.143204 159.106360
1 189.858686 213.813073
1 210.621834 164.651935
1 238.274112 112.542656
1 206.906330 200.330766
1 215.711374 117.299906
1 196.506796 134.459933
1 215.758781 236.557187
1 167.874341 142.431304
1 197.255086 189.824107
1 246.377676 149.045510
1 196.372348 162.993137
1 233.603574 201.919324
1 197.920648 195.002723
1 226.645460 190.254697
1 207.229850 165.650581
1 201.364979 204.392797
1 150.564896 178.270973
1 225.219108 230.312799
1 209.045367 182.834625
1 194.345456 196.338108
1 229.906504 180.318387
1 189.779089 203.465434
1 212.342451 188.083316
1 200.894405 223.400799
1 149.296965 155.930897
1 211.892320 177.256235
1 176.441603 137.109143
1 169.551299 178.276166
1 143.456787 156.616462
1 213.453094 223.206991
1 221.978357 171.317285
1 197.464084 131.631447
1 188.838177 216.972541
1 199.954550 227.860860
1 143.333497 137.918268
1 195.573831 169.884138
1 172.815368 199.091699
1 204.071887 183.045556
1 238.363697 201.192903
1 186.726310 161.294104
1 171.171782 198.709070
1 165.737910 140.746501
1 224.457417 175.696522
1 198.276087 183.075147
1 258.996892 183.551180
1 218.884537 166.127397
1 197.324708 190.161252
1 189.654808 158.284138
1 229.346917 137.435226
1 176.584334 107.699604
1 199.171662 155.271729
1 141.541470 129.403940
1 235.414151 169.575043
1 182.291312 165.391172
1 206.194569 145.584997
1 244.939553 213.890388
1 185.408324 163.898270
1 219.338899 211.834651
1 214.771255 175.681643
1 220.231237 172.269692
1 208.194094 182.858892
1 238.826875 153.971569
1 220.558791 162.678799
1 196.323983 193.074621
1 263.417931 165.078676
1 219.414450 188.312998
1 147.176833 197.941900
1 176.426699 188.224389
1 138.708049 116.581056
1 193.707185 199.827795
1 210.826694 180.121822
1 162.955251 138.721522
1 242.331282 174.750273
1 156.608179 197.889891
1 223.147955 174.084373
1 177.266765 172.360982
1 200.212938 192.723212
1 182.273943 199.260333
1 198.222070 152.961977
1 210.727643 136.308776
1 172.302758 205.064651
1 239.202655 240.019128
1 182.291877 138.434589
1 252.078684 246.520274
1 152.632904 139.827711
1 177.285747 170.786046
1 216.167821 172.362394
1 228.662965 179.999017
1 273.785761 242.206872
1 212.544375 192.566922
1 193.336404 187.744355
1 178.731744 210.290635
1 133.825772 154.721915
1 177.258117 194.838436
1 236.994997 162.687121
1 198.276087 183.075147
1 202.759938 142.821377
1 213.610777 166.606680
1 148.512487 212.031816
1 179.877221 175.895210
1 206.519933 175.310477
1 167.468773 168.961296
1 241.776553 243.112247
1 203.868536 211.475806
1 169.134467 123.377326
1 211.714976 172.784574
1 241.089099 234.384579
1 185.501759 171.869132
1 226.220022 186.881051
1 213.723632 196.712873
1 210.111124 173.167132
1 176.469642 220.016996
1 261.429019 205.467555
1 241.906440 222.398159
1 232.995548 141.313382
1 278.978451 214.621139
1 150.445609 160.575926
1 184.738112 126.037674
1 210.403131 179.284296
1 156.494379 168.097803
1 184.707304 173.248911
1 208.799369 156.735799
1 206.063415 212.857748
1 257.428671 178.741329
1 176.239255 204.624101
1 187.299435 157.166153
1 188.318929 155.963305
1 106.384719 117.530034
1 215.656324 160.240953
1 207.131311 190.416595
1 190.533612 186.216366
1 185.487953 195.372528
1 148.338907 184.004535
1 176.236057 130.347974
1 205.208589 150.503752
1 242.554403 182.680752
1 190.556986 184.117171
1 147.714618 161.715485
2 58.482343 434.984402
2 51.425367 440.837784
2 75.720087 415.002922
2 63.347146 425.863559
2 60.732494 408.726670
2 72.406240 438.663397
2 68.614963 418.307461
2 50.591738 412.758446
2 64.626408 427.958435
2 74.532559 427.224107
2 45.398665 416.726962
2 64.010856 425.553187
2 59.602518 430.313672
2 64.184752 413.590620
2 80.182577 438.192942
2 70.931752 442.930283
2 60.792721 428.363508
2 61.668450 429.694248
2 53.810192 419.722364
2 56.705041 425.612133
2 56.175670 411.315359
2 63.494198 428.757342
2 83.436392 431.710276
2 56.345963 431.619136
2 62.089104 430.141319
2 43.408837 443.731623
2 62.548742 428.029501
2 65.727367 424.865274
2 71.831915 415.201987
2 61.552714 420.683760
2 54.176240 408.216230
2 54.332525 422.651007
2 65.391002 431.691994
2 45.589576 434.050779
2 63.955935 438.324871
2 40.333242 444.457525
2 47.776520 438.419990
2 83.859896 425.730642
2 82.250173 466.574478
2 92.671775 459.089248
1 309.213215 655.156412
1 325.188683 613.636202
1 310.419102 658.964464
1 318.857454 603.645106
1 307.932279 634.293761
1 318.446584 647.636371
1 328.605804 576.502142
1 154.195366 773.573497
1 148.767415 779.060031
1 139.421185 798.342218
1 138.908182 789.084680
1 146.418749 784.457072
1 160.131038 787.909778
1 150.308837 780.140365
1 157.117436 792.632554
1 158.460107 771.246079
1 146.027089 803.146904
1 157.586055 786.824144
1 151.165851 778.942263
1 153.580006 777.188003
1 164.555545 789.736037
1 150.928066 781.749938
1 149.508251 763.863873
1 163.909595 777.338638
1 135.578839 792.133503
1 135.556030 777.083723
1 153.267474 780.133094
1 150.762099 774.299002
1 129.636304 786.653029
1 147.859911 793.014543
1 150.481933 780.709372
1 130.425149 772.329319
1 147.324617 770.897743
1 143.297630 795.898551
1 161.861036 758.807051
1 157.033526 783.322430
1 171.076966 768.126136
1 155.137713 786.289303
1 144.477388 777.595097
1 165.961065 763.317471
1 160.573092 762.600482
1 111.595872 803.477197
1 192.420024 764.771541
1 129.353119 798.569127
1 172.843219 829.826618
1 116.119540 742.527981
1 166.025932 847.385284
1 98.686498 816.039488
1 160.757316 774.644998
1 118.282543 841.902391
1 207.501157 798.142899
1 90.409901 837.005983
2 328.873324 812.573055
1 188.469430 819.430472
1 178.517881 758.694818
1 185.213794 818.588743
1 162.019480 806.331400
1 168.544154 826.308583
1 117.165610 827.652883
1 106.343946 753.767682
1 168.575672 774.594416
1 174.623038 773.821667
1 165.822067 757.492446
1 173.836425 775.526157
1 146.212528 822.937790
1 111.617160 807.814604
1 92.095121 789.403959
1 117.527047 829.006245
1 166.306332 779.394514
1 158.213548 757.642171
1 157.646555 763.528212
1 121.048610 810.465760
1 173.811542 769.565819
1 175.453502 763.943867
1 137.659783 809.990493
1 192.691182 776.761415
1 167.967190 766.501776
1 139.091101 785.451728
1 118.799310 816.882540
1 188.368003 821.168416
1 131.513180 786.176978
1 136.288356 783.029701
1 154.648207 776.020556
1 184.776788 770.283204
1 121.573314 870.345062
1 138.190634 805.449510
1 150.018678 784.804251
1 323.265187 672.816329
1 162.638053 762.517687
1 195.907539 816.533955
1 144.038109 759.723781
1 160.210284 811.755195
1 188.125837 835.514163
1 132.738096 829.912217
1 96.646025 741.068255
1 153.516462 840.627333
1 151.305985 762.670671
1 166.770499 770.274572
1 206.122100 818.232355
1 187.612507 808.272270
1 119.753795 760.521629
1 67.661183 791.426713
1 143.087219 793.965116
1 220.238732 881.577334
1 170.729523 840.125706
1 108.735177 727.567134
1 129.802553 800.285322
1 125.443787 865.667685
1 187.554226 842.240848
1 109.940919 794.681052
1 149.018777 754.873646
1 139.883855 826.733908
1 108.721520 887.114377
1 176.678702 734.172006
1 121.634171 740.854412
1 188.536011 786.552425
1 161.504319 786.084842
1 179.743737 834.257445
1 132.995975 755.676844
1 175.641211 811.814164
1 193.173712 781.507593
1 320.290014 693.577225
1 151.754893 781.486860
1 159.619253 802.982963
1 79.027536 832.116512
1 174.927819 806.214854
1 192.783207 708.482453
1 166.287689 788.090452
1 154.957205 813.646745
1 190.826834 738.707265
1 198.381960 761.425345
1 178.281196 857.106975
1 196.287833 832.114664
1 168.880124 777.648899
1 169.229423 768.946101
1 189.026459 787.447010
1 73.585620 845.452873
1 78.211475 792.404902
1 135.882886 818.455012
1 183.306205 781.948234
1 157.043218 739.306616
1 171.774110 787.191356
1 200.084178 815.038909
1 95.305470 785.730068
1 122.708721 777.826499
1 175.640953 777.415514
1 297.629651 668.123088
1 184.412593 780.848994
1 131.978596 817.160661
1 147.953129 785.582084
2 499.585782 134.991032
2 483.869978 133.688808
2 506.632547 149.885286
2 518.370217 137.655406
2 487.886167 155.139001
2 493.720714 134.765195
2 509.219396 138.393067
2 509.805614 158.859363
2 494.685072 156.280964
2 516.707945 155.811111
2 493.952420 155.236588
2 512.198795 143.865391
2 503.031665 142.810787
2 503.838197 164.691625
2 496.084056 144.129262
2 493.997559 149.054409
2 505.718363 140.086895
2 516.354893 141.664266
2 492.726283 160.391446
2 497.273132 140.416961
2 487.985610 127.781588
2 480.665799 140.519273
2 491.863470 139.404843
2 500.296424 143.208910
2 502.431803 130.208756
2 488.163780 137.309645
2 507.653555 163.648638
2 497.665782 137.406016
2 504.235634 136.967520
2 507.121802 126.362128
2 504.037112 143.205893
2 507.237126 134.154348
2 495.384363 140.921447
2 497.827101 132.321328
2 520.065446 142.572758
2 495.878229 119.440463
2 499.532163 145.276059
2 508.349716 154.016417
1 414.159271 654.484542
1 396.965906 656.429721
1 407.023245 639.978443
1 393.944144 650.141133
1 399.197276 650.149638
1 399.486811 646.725757
1 400.259023 649.944374
1 399.088965 649.256337
1 395.487644 652.575963
1 411.968041 650.520766
1 398.848586 635.686138
1 391.609420 665.205160
1 408.133576 630.837110
1 409.607785 663.929181
1 389.841955 658.005263
1 400.774781 650.308213
1 399.641320 649.664334
1 400.950645 653.944074
1 396.371375 649.914623
1 381.955513 645.056636
1 398.298446 654.480653
1 405.424793 638.575822
1 381.367666 653.613494
1 410.397212 637.327155
1 401.354440 647.757411
1 390.971265 647.465206
1 405.861198 641.062399
1 398.602001 647.378318
1 393.340697 642.555826
1 411.539163 654.654595
1 401.664526 639.774492
1 408.226809 628.395687
1 395.338749 637.154486
1 403.421915 634.225238
1 415.984239 646.909203
1 399.215922 650.971434
1 423.036678 654.281203
2 556.654560 492.168320
2 566.327921 479.929622
2 559.645556 478.749257
2 542.108217 474.036524
2 573.381410 471.477110
2 557.486451 481.565274
2 556.840378 498.166857
2 563.704203 473.647680
2 558.899972 479.781194
2 548.343974 488.373185
2 559.745212 479.979779
2 569.635254 470.297255
2 565.753896 479.453980
2 568.280122 458.401332
2 552.993692 480.154732
2 536.452940 475.645585
2 545.797056 473.774194
2 567.445625 494.042759
2 562.460124 483.713340
2 543.069621 483.761617
2 558.284391 476.821103
2 547.655082 458.294657
2 561.074381 495.485274
2 566.168079 497.857587
2 560.512513 470.929234
2 563.243376 477.289553
2 542.971177 465.114985
2 544.830961 464.668945
2 564.947799 458.268381
2 567.193653 481.763242
2 564.631733 472.059136
2 580.142647 476.366680
2 565.634408 455.665149
2 557.992754 503.939145
2 580.160206 485.271098
2 544.664903 471.243575
2 545.146850 474.591171
2 568.669514 482.475636
1 359.129694 599.311680
2 551.782686 447.035866
1 407.973552 644.257342
1 447.322813 633.849680
1 418.000976 600.466471
1 399.166639 647.217777
1 337.722119 581.510569
1 350.816237 662.662979
1 387.727405 639.472545
1 402.860312 601.081296
1 405.899164 638.042631
1 396.843475 636.922581
1 424.293643 635.808833
1 377.262258 631.287496
1 373.541493 572.662295
1 336.958214 629.317774
1 385.120857 633.313009
1 411.989160 618.877994
1 346.118481 605.536428
2 586.168626 465.879149
1 379.866227 643.161356
1 392.926931 570.846163
1 372.051714 638.546746
1 398.669318 648.939889
1 357.178341 642.682518
1 384.714938 665.588949
1 385.193036 662.980723
1 429.175410 665.793848
1 473.105827 635.779246
1 348.947831 612.646867
1 354.180203 657.936287
1 358.033765 664.391388
1 406.989071 654.249080
1 409.886182 660.829054
1 363.024062 650.547320
1 377.304777 633.450955
1 417.215984 651.471598
1 386.886747 632.000169
1 401.501965 659.172105
1 400.994681 644.871806
1 383.687495 633.061771
1 345.783520 663.691362
1 367.725933 628.837902
1 473.634646 653.072178
1 442.445371 629.411730
1 394.918331 623.105501
1 402.060479 606.629490
1 412.094598 629.174908
1 397.261472 660.116122
1 426.006979 615.285170
1 415.936715 666.012348
1 413.418417 623.075016
1 373.510756 605.304391
1 368.711438 627.294879
1 386.454605 658.604775
1 416.532490 651.369840
1 434.596391 625.290866
1 338.987628 643.953427
1 393.671496 638.756421
1 465.213676 608.088825
1 413.615806 616.965809
1 491.428958 628.687074
1 417.495581 646.947430
1 375.632766 648.295046
1 383.223473 622.508351
1 450.652631 589.415258
1 406.398338 611.019505
1 437.102899 656.608517
1 466.991816 626.049639
1 348.309606 601.607248
1 351.471420 665.674999
1 417.104956 660.957557
1 370.610575 630.792891
2 611.477664 482.576895
1 390.578709 665.042951
1 406.052985 666.203424
2 540.939673 540.463638
1 391.183405 665.766870
1 366.211353 661.578126
1 427.115408 624.359297
1 343.723410 625.612686
1 414.956252 646.004862
1 424.663971 636.696770
1 376.993293 630.403707
1 354.742442 656.856168
1 403.764199 571.132879
2 568.977169 470.731462
1 465.742495 625.381757
1 339.627642 642.904571
1 428.706511 630.841437
1 412.798519 637.203379
1 419.723881 658.827099
1 392.490093 662.747711
1 411.116570 657.769995
1 453.966530 591.885781
1 488.165148 625.289132
1 410.312861 594.757344
1 414.437650 664.953690
2 552.860397 466.890492
1 383.647302 604.658144
1 405.718278 649.501201
1 375.842065 634.263392
2 596.155435 505.056349
1 404.227674 621.562114
1 411.207041 611.359850
1 369.900783 655.615469
1 407.415226 664.504979
1 393.993411 638.095255
1 382.345931 619.278295
1 466.205602 617.448834
1 393.661862 590.247373
1 336.233259 659.439713
1 412.852624 646.834147
1 404.484587 648.405253
1 395.094357 604.881294
1 399.558823 619.027846
1 387.564653 651.375464
1 388.875187 661.026615
2 589.978020 492.964141
1 396.495564 644.357185
1 380.553035 589.255167
1 415.046372 636.653012
1 353.026148 653.318934
1 438.546302 653.650365
1 363.498495 644.625082
2 546.945512 495.578767
1 467.036241 584.104177
1 370.232670 584.457942
1 417.917911 642.792237
1 410.673282 631.847898
1 399.733930 606.044539
1 401.644632 634.002441
1 403.337987 610.152784
1 352.231482 605.554411
2 534.146519 474.069790
1 401.713174 641.559979
2 569.160925 487.514955
1 357.133431 655.923321
1 383.231242 659.907286
1 409.311213 632.128779
1 412.682568 660.712370
1 374.423479 608.123341
1 388.183906 661.174118
1 432.484974 608.341853
2 554.868506 485.468612
1 400.590339 632.138849
1 381.556274 631.559049
1 365.812722 611.116133
1 340.906905 656.538546
1 393.839561 617.001240
1 369.495308 588.758403
1 447.372993 606.405495
1 393.898658 637.578335
1 392.114856 668.457714
1 410.850476 670.035768
1 395.577588 668.116983
1 394.221399 669.527537
1 575.661683 787.109299
1 581.751516 787.336215
1 560.549366 808.971070
1 587.251436 782.693528
1 587.747347 813.579480
1 583.242380 791.272099
1 572.751738 801.405733
1 552.745377 812.852118
1 564.153244 803.367135
1 566.634687 799.764181
1 572.759855 799.243772
1 577.898006 790.170492
1 574.622078 798.789140
1 583.571398 807.125762
1 573.053080 813.579015
1 584.509425 787.087501
1 572.145453 786.877142
1 555.463841 818.504065
1 589.863390 791.962140
1 568.084256 806.421477
1 556.173005 808.304817
1 572.362892 786.040284
1 559.722450 798.231480
1 554.189676 788.492689
1 565.268759 792.765162
1 570.431892 804.553449
1 558.457108 801.771453
1 551.165307 798.782531
1 564.321143 806.739449
1 563.309108 788.919077
1 546.552111 799.804377
1 578.038975 812.878854
1 570.841369 788.925269
1 569.494965 799.816144
1 577.269699 796.321275
2 389.538227 833.879714
2 402.161750 844.896420
2 378.960659 833.429814
2 411.442228 835.670410
2 409.237313 811.380150
2 387.390942 851.011779
2 400.025746 809.960347
2 405.207302 850.738799
2 397.114311 827.173351
2 397.580039 831.068220
2 401.636197 813.259206
2 401.312932 830.117661
2 387.290173 814.781166
2 399.712033 820.898581
2 402.382769 830.642689
2 397.509522 816.278095
2 395.711069 837.208026
2 390.150597 825.066402
2 399.501159 818.059710
2 398.257724 839.003859
2 376.583223 838.678080
2 382.307555 837.874612
2 416.083383 812.282884
2 385.918454 817.639902
2 399.456228 830.895849
2 413.065501 846.807698
2 415.642324 835.764118
2 408.008256 824.890422
2 390.094158 829.951194
2 398.878255 849.165779
2 401.175089 840.522349
2 405.832256 845.406995
2 402.179150 831.091748
2 400.384027 826.575821
2 391.501291 844.196585
2 402.664223 816.254259
2 402.357607 815.581699
2 393.088402 831.176945
2 397.917414 854.296024
2 388.306593 841.258806
2 382.629465 844.753000
1 590.655946 793.695128
1 590.004354 852.083583
2 340.857203 820.138625
2 405.625587 884.343499
2 392.531017 835.289802
1 622.807409 804.364152
1 371.904628 666.841737
1 597.483110 818.798555
2 404.755185 824.189763
2 437.754030 870.320486
2 396.997774 766.924708
2 423.587474 865.801034
2 364.133286 832.142526
1 517.880809 763.004550
1 345.546531 686.561066
1 584.715690 791.399320
1 611.628087 786.843604
1 608.450259 769.310024
1 443.313647 707.495913
1 469.284415 702.090149
1 557.802617 835.106642
1 401.307256 722.233103
1 407.859029 670.722944
1 628.460594 805.206522
1 590.224893 794.674149
1 550.371830 748.732872
1 409.166170 668.832759
2 408.591950 871.035508
1 589.476250 779.788035
2 389.499310 841.619763
1 406.609061 675.946511
1 607.685708 823.706949
1 406.958104 679.634471
1 613.324865 746.228367
1 471.868095 711.203140
1 563.334464 754.472168
1 622.129043 771.061065
2 371.246064 780.982758
1 572.336560 769.446030
1 550.016036 750.103763
1 404.350476 679.803319
2 452.709606 856.629976
1 576.597836 805.124999
2 390.625622 822.930616
1 582.636513 826.249891
1 559.647731 781.887437
1 390.540743 668.062719
1 391.125086 675.625999
1 561.158780 848.936537
1 514.311900 821.349152
1 587.666292 817.833036
1 384.526390 674.049217
2 431.371493 809.468038
1 575.545794 786.641945
1 599.292072 808.615706
2 401.150901 862.413800
1 633.188088 825.740855
1 613.129704 826.165247
1 537.274357 772.054979
2 334.041670 843.200799
1 509.909236 852.902181
2 412.767855 837.152975
1 560.635184 825.476891
1 414.143291 683.412881
1 573.712382 792.003194
1 423.690303 667.431794
1 588.839003 743.802476
2 403.105359 828.998005
1 566.303575 859.691162
1 576.209716 801.496078
1 398.868290 713.150068
1 548.868440 829.090403
1 515.720154 812.493785
2 405.526860 812.641781
2 431.860992 849.040827
1 514.417078 790.113461
1 389.204739 707.121516
1 366.920427 713.739863
1 555.919358 799.385176
2 410.080629 857.732099
1 603.966825 756.921208
1 580.244757 779.279683
2 388.762388 832.044098
1 471.640105 699.505186
1 575.229996 776.688306
1 384.497936 708.935478
1 540.794124 819.100829
2 367.414744 831.059815
1 341.836899 688.987391
2 437.676931 874.491306
1 427.791758 697.986356
1 453.762526 692.580593
2 402.910142 820.212217
2 451.916380 868.609106
1 663.467194 831.946960
1 599.982380 728.546516
2 451.588540 850.702939
1 412.350098 677.683766
1 400.837327 677.403491
1 574.192185 831.850427
2 424.966930 840.703226
1 528.954251 780.857198
1 583.407262 742.734271
1 604.138176 842.519153
1 573.497243 798.300917
1 500.173931 685.791816
2 418.729711 834.583643
2 425.468451 824.066723
1 396.851996 673.592030
1 384.900607 716.814352
2 381.922094 805.382220
1 602.354975 831.226692
1 379.232020 681.385185
1 521.281860 841.807306
1 621.174299 807.204036
2 356.915689 822.530768
1 573.733352 820.209574
1 584.134193 752.202004
2 426.549798 843.843372
2 421.046865 856.163688
1 586.538377 875.070144
2 390.575252 831.054751
1 412.787102 684.823435
2 390.748010 839.952631
1 598.515680 797.413577
1 589.284194 812.181482
1 544.580927 813.111534
1 440.688560 752.095747
2 391.539911 815.826351
1 596.939644 796.354083
1 585.227326 808.750002
1 560.051411 827.184759
1 364.778573 667.451896
2 382.843091 885.938956
1 636.087056 756.447834
1 528.297728 787.260115
1 617.262343 776.305183
2 423.085476 834.150912
1 460.774602 721.205674
2 389.453190 802.378539
1 606.121938 825.819531
2 438.020346 763.350787
1 604.923986 788.970311
1 413.522845 704.806650
1 411.224949 683.329886
2 411.791230 778.027331
2 384.677144 839.722553
1 583.896172 817.221036
1 580.695740 811.857019
1 389.515386 685.392432
1 623.568653 815.570359
1 394.263004 686.141255
1 353.022875 707.713719
1 540.273247 800.555034
1 579.699035 819.727802
1 546.614385 821.648366
1 359.100368 684.119958
1 550.808241 784.681850
2 451.639894 818.331929
1 429.696722 718.244944
2 426.459760 851.341547
2 357.446095 795.615375
1 394.962587 666.951275
1 620.909583 755.057438
1 393.070429 688.695150
1 410.997607 711.109545
1 579.142150 736.596904
2 456.950216 832.675013
1 439.252064 734.339787
1 413.558941 691.411085
2 446.467365 826.290191
2 395.036775 855.617284
2 411.202570 811.398271
1 585.394228 885.556492
1 414.006537 720.654942
2 420.110193 753.498195
1 398.445521 688.057284
1 362.593076 681.404436
1 417.511468 673.709116
1 397.131208 669.675336
2 374.194797 807.618888
2 438.801619 877.435542
2 443.203661 816.580127
1 627.044961 807.141770
1 457.168540 677.343914
1 362.785841 697.351572
1 464.571295 682.200738
1 581.704676 859.077695
1 409.234956 696.927520
1 585.069171 812.374450
1 390.887953 672.009570
2 394.999904 782.972123
1 356.980854 666.807877
1 379.388657 694.843920
1 364.281617 680.649336
1 535.552441 818.047305
1 602.621110 793.713703
2 386.276402 827.325378
1 478.349963 824.134929
1 822.570945 295.209373
1 821.036917 304.551643
1 821.918281 286.535242
1 819.703925 311.468283
1 819.562622 309.232983
1 802.629404 300.577595
1 819.550908 293.675277
1 816.029020 288.743721
1 823.478148 298.508401
1 818.087407 302.558102
1 825.283169 296.602609
1 818.450751 282.660983
1 819.187439 300.062221
1 804.173060 292.202385
1 820.841994 316.170513
1 815.418058 296.885520
1 819.024018 294.624643
1 831.099042 306.238499
1 819.454788 297.964086
1 839.922837 300.968418
1 814.089782 286.227806
1 825.252307 296.898763
1 809.983797 301.390875
1 823.426854 290.314283
1 799.510615 313.051670
1 837.694861 287.564907
1 831.735188 292.686087
1 805.251090 281.217554
1 834.640377 300.015460
1 819.206725 279.764840
1 822.409595 321.539671
1 817.297562 303.155753
1 814.325253 299.945888
1 798.634234 318.506232
1 823.997868 308.124695
1 821.950194 306.752558
1 831.138175 263.568319
1 792.377134 282.685961
1 766.376988 255.712737
1 784.846271 293.333685
1 804.020473 264.510752
1 812.720830 286.343244
1 834.900899 316.368819
1 852.903740 318.194926
1 793.122723 257.101789
1 773.945197 284.798889
1 871.748261 321.123172
1 840.161803 317.800760
1 814.423550 330.352040
1 829.331807 332.872416
1 775.970485 277.267210
1 844.423202 294.712664
1 791.801742 298.810456
1 766.076436 278.243401
1 769.110993 265.643095
1 773.357656 282.236981
1 794.845853 278.842312
1 742.543466 252.390335
1 787.602533 314.051412
1 761.576598 244.475717
1 820.627987 252.368292
1 828.184258 279.916116
1 830.003223 320.378413
1 804.065898 315.357214
1 833.646460 327.594751
1 811.510146 266.283793
1 841.559813 224.238966
1 787.686418 297.033441
1 821.023287 254.596819
1 802.972154 299.291822
1 774.163134 259.908314
1 791.711795 288.783638
1 823.596540 324.129332
1 853.768933 310.166709
1 803.701533 268.858226
1 789.914884 283.186034
1 843.200480 303.732291
1 716.242768 247.947775
1 836.472102 263.806111
1 810.155099 309.160651
1 798.841301 286.339421
1 819.096701 290.361648
1 835.145163 314.547397
1 800.062162 304.689138
1 789.855598 270.908084
1 824.800357 251.749763
1 806.662404 301.796773
1 837.687312 304.623433
1 869.730325 240.014115
1 796.168562 219.398500
1 787.385413 315.276239
1 854.319801 286.078417
1 792.562637 300.265259
1 786.156785 276.266283
1 786.157707 236.348328
1 774.846377 250.374446
1 845.547014 254.215964
1 844.530992 296.911047
1 844.714294 291.899864
1 801.267351 266.503379
2 840.676232 608.621616
2 852.475574 633.410839
2 846.066883 625.840064
2 851.954105 627.968782
2 854.026035 648.220403
2 839.991632 615.530566
2 853.077069 632.163393
2 841.955730 613.519406
2 837.016986 614.694498
2 843.478089 641.697435
2 838.721206 644.038280
2 863.400528 639.149061
2 859.753973 642.335668
2 837.233535 635.162835
2 853.881323 619.546542
2 850.632442 625.157595
2 853.359522 611.015333
2 850.418268 615.658842
2 857.351504 643.163369
2 831.556330 614.604932
2 850.077215 631.957816
2 856.027421 643.177058
2 852.373098 634.690302
2 851.245743 630.290808
2 836.293860 616.051164
2 853.265255 626.674026
2 848.812040 628.612968
2 850.192135 635.737483
2 854.054095 633.278565
2 846.559716 642.299393
2 834.979246 636.262926
2 846.730506 607.687930
2 852.717873 632.804110
2 842.090755 638.151091
2 850.444308 630.218780
2 831.691895 631.432495
1 818.680209 359.889335
1 859.469585 340.344382
1 795.321589 362.369257
1 797.320532 363.697348
1 782.060891 379.523969
1 828.446181 367.244441
1 763.024587 357.307751
