1 210.114308 186.948301
1 188.380839 167.329228
1 212.278736 161.253949
1 195.050289 171.076614
1 203.705688 176.662764
1 191.860712 185.192797
1 204.553109 188.063940
1 220.977149 175.115079
1 196.939850 198.505773
1 199.999612 180.015226
1 196.346362 175.409721
1 182.203108 183.478241
1 198.891638 173.225857
1 180.106523 173.681083
1 212.946587 178.048028
1 209.544623 167.571960
1 181.902077 174.280506
1 179.717881 187.837870
1 214.856571 170.711981
1 202.955266 172.699582
1 221.555916 184.444234
1 204.039642 182.773306
2 147.719864 139.178096
2 171.706898 110.554810
2 245.197685 60.614106
2 294.372177 189.389279
2 123.511157 300.565481
2 304.332227 62.381701
2 318.756259 57.705115
2 240.868928 171.431778
2 6.988644 146.061295
2 317.447416 179.969107
2 89.577762 289.336909
2 225.903249 289.597707
2 18.138077 109.929903
2 129.998060 280.385958
2 31.140934 115.490686
2 265.037625 240.178044
1 179.194818 184.379276
1 158.920502 187.603933
1 186.504098 164.336466
2 145.857436 146.503389
1 212.529082 187.975433
1 230.359129 135.388117
2 243.679461 275.284667
1 214.405204 199.048866
1 149.078737 173.426807
1 206.511958 225.547535
2 299.738067 155.467942
2 149.673680 18.633136
1 197.792460 128.076259
1 197.744937 165.822624
2 310.505192 333.307862
1 229.374820 115.052066
1 219.658047 183.062851
1 172.459329 189.378881
1 177.092750 149.134702
1 172.232211 186.378657
2 220.527711 151.954179
2 90.270849 42.328044
1 245.370087 207.486297
1 156.788692 149.420821
1 181.296241 180.112496
1 218.946298 157.881608
2 155.597818 210.030595
2 222.447990 238.851779
1 198.465635 123.741707
1 214.374638 173.734439
1 148.611959 182.137042
1 180.948769 194.581008
2 263.278078 34.748274
2 138.106014 124.834839
1 173.856713 175.220473
2 60.545301 318.605319
2 303.148067 196.842686
2 236.193791 273.825454
1 210.245943 138.321885
1 227.244608 137.710071
1 207.805527 172.857036
2 173.265728 246.061909
1 128.170178 145.325150
1 138.056164 166.689076
2 201.843275 140.597491
1 223.938334 139.357567
2 151.592997 130.431115
2 184.129850 149.006581
2 226.348258 146.041350
1 181.802983 141.595503
2 225.887105 250.904997
1 249.672236 144.694643
1 156.997841 122.282702
1 259.768807 141.113645
2 108.480421 259.943252
1 195.868314 179.168764
1 217.498256 140.952031
1 196.916851 154.006069
1 236.472842 154.133716
1 160.464054 183.010554
1 210.430905 130.705611
1 223.941896 127.660278
1 206.311318 182.648127
1 195.275308 151.578262
1 253.828275 169.317778
1 186.946832 152.150413
1 194.831265 197.387514
1 182.123362 161.204309
1 174.005595 191.640864
1 186.244282 194.601493
1 227.590683 213.009286
1 203.548086 164.401852
1 160.124336 141.348006
2 257.698077 293.411922
1 235.166125 198.151499
2 171.244360 543.570455
2 66.088670 339.827348
2 153.389716 641.988353
2 215.846863 380.439899
2 197.668517 576.454287
2 142.015951 484.013842
2 28.754951 434.886062
2 258.849622 571.780342
2 285.577834 399.682199
2 243.642724 359.433039
2 119.399959 429.388510
2 73.254313 598.941207
2 99.191083 646.504344
2 207.408084 475.388057
2 175.878546 664.310229
2 167.849941 571.334346
2 174.221127 611.439906
2 158.745103 572.896638
2 279.344910 645.230565
1 308.777217 642.849040
2 117.891041 643.959263
2 256.928130 388.869523
2 168.129146 586.051698
2 251.753526 647.667739
2 138.353010 640.598245
2 206.805750 536.997471
2 236.310851 579.062671
2 288.975326 645.365970
2 303.521053 597.054366
1 145.030728 772.537774
1 143.108860 781.374177
1 152.529190 780.121808
1 147.016255 764.763246
1 140.785421 784.378476
1 129.883861 767.236260
1 148.994945 781.462857
1 139.319658 769.947154
1 150.635253 800.337475
1 139.604911 775.162807
1 130.097206 782.724603
1 145.398130 795.977175
1 138.434013 794.852440
1 148.886593 775.785309
1 151.684056 759.675614
1 172.323697 786.749599
1 143.634279 768.792677
1 171.706840 790.920699
1 154.831874 780.177508
1 139.070384 777.583477
1 147.781349 780.633312
1 142.264031 791.512781
1 156.685346 781.153872
1 144.954823 801.106475
2 45.445622 846.788738
2 144.085517 872.816056
2 179.601668 815.345060
2 235.255087 804.442660
2 25.964187 815.865713
2 66.431093 926.363874
2 226.630879 780.766078
2 168.179667 893.592700
2 206.757819 820.565459
2 95.990597 827.499648
2 97.995087 682.932946
2 109.632884 844.386862
2 186.317673 845.551338
2 251.392151 680.540094
2 92.891069 894.358573
2 292.569065 875.351900
1 112.909905 745.449928
1 128.750043 783.428829
1 171.764427 779.573080
1 177.405669 740.295497
1 153.886263 735.116405
1 182.085374 755.528146
1 93.704972 729.908170
1 137.258009 820.020232
2 17.181968 822.921289
1 163.348121 762.880360
2 45.243683 918.968899
1 140.147682 779.840341
1 175.071801 815.548248
2 102.590172 750.733758
1 122.006389 779.178800
1 149.882121 766.460655
1 127.007104 809.591826
1 153.113295 778.703964
1 182.730206 799.301689
1 162.495467 812.447850
2 73.670682 797.252174
1 123.494055 818.082980
1 119.914896 739.612686
1 157.604282 768.799964
2 214.007905 885.522139
2 262.920028 810.283796
1 183.538593 813.715042
1 147.554387 811.564857
1 163.394778 721.300685
2 214.737996 699.862677
1 140.741166 788.675535
1 101.228429 750.625507
1 161.594978 770.225529
1 149.314799 820.546234
1 147.650152 735.757147
2 321.239023 791.440131
2 189.546110 841.505336
1 130.911011 744.071531
1 61.743873 740.709356
1 124.872422 783.716617
2 159.800331 877.202647
1 84.151968 753.231247
2 138.052627 874.472309
1 154.856708 770.207954
2 133.389351 776.421496
1 200.121821 807.288438
1 111.058949 751.168268
1 114.401961 724.254124
2 65.135089 924.568444
1 172.138587 822.743334
1 161.409251 729.075213
2 132.297493 881.369783
2 161.608771 800.072679
2 101.403957 862.980120
2 119.543806 854.936777
2 97.514939 785.244251
2 136.527628 876.687110
1 184.651312 769.783313
1 167.853947 758.079630
1 168.897370 815.253287
1 155.952345 797.058337
2 204.896581 846.254297
1 136.028623 842.209104
1 178.204332 774.645178
1 62.693346 762.722939
2 111.150483 708.848766
2 231.198168 799.570531
1 151.689364 756.276804
2 207.119030 886.293684
1 199.371949 746.649513
1 189.889397 857.421580
1 141.516020 793.218593
2 312.376191 818.999057
2 146.268038 754.031749
1 195.109019 847.001633
1 100.489080 832.213691
1 136.239308 805.014934
2 128.560123 747.597555
1 198.367569 811.854019
2 222.176192 831.381435
2 243.380126 767.054941
2 247.554727 770.872859
1 170.510245 748.255663
1 154.735976 783.981436
1 152.665168 807.291647
2 306.893747 816.188991
2 145.782431 790.433072
1 108.644559 751.748819
1 105.264036 718.273514
1 137.846891 801.718344
2 231.142910 752.374592
1 131.617566 810.827132
2 200.176999 798.805910
1 90.613257 758.049493
1 118.289243 778.421657
1 183.991424 771.963236
1 91.028648 738.287331
1 90.872592 829.899688
1 146.038249 763.660420
2 199.113708 861.539950
2 115.764361 770.987287
2 194.344956 779.414297
1 69.725830 729.040728
2 207.778517 868.746159
2 91.385416 790.229908
2 150.295546 803.571791
1 120.474997 867.108363
2 110.265341 782.635851
2 195.381821 872.100016
1 101.168139 750.601747
1 103.342463 750.701369
2 349.778605 9.205542
2 581.120796 112.089809
2 665.653347 275.935088
2 363.834378 164.526498
2 527.996854 292.824059
2 666.366008 82.483431
2 649.420891 250.178670
2 429.921659 60.700783
2 578.546029 74.844074
2 608.180601 176.614387
2 584.759719 8.514276
2 406.604858 243.912258
2 393.617551 91.206526
2 390.672135 228.799509
2 371.782737 51.913341
2 578.766748 22.419243
2 359.118803 312.431477
2 544.404860 34.988105
2 342.922078 191.761806
1 382.260213 656.654334
1 414.979481 651.653271
1 397.298582 643.386521
1 408.363581 655.378863
1 387.102474 631.882672
1 385.087245 644.224714
1 408.893194 651.784645
1 398.053061 653.189044
1 398.752565 649.912308
1 397.250624 649.699913
1 380.873523 652.353149
1 392.518443 649.812297
1 394.418308 649.889421
1 395.472651 631.200161
1 394.118353 663.469716
1 402.351592 650.678890
1 393.106662 639.004447
1 401.110278 649.500800
2 455.653924 403.258451
2 363.487086 575.203866
2 407.654692 539.267475
2 545.309700 599.809725
2 569.053141 516.305782
2 472.503920 468.156992
2 638.136057 382.283967
2 337.238754 627.361551
2 514.384405 514.909617
2 567.767176 623.068481
2 346.897906 350.992522
2 603.739266 638.164720
2 501.170248 578.989438
2 439.302773 543.991638
2 622.657885 589.764738
2 418.523773 349.099599
2 651.343269 665.120359
2 400.695022 591.662895
2 356.809001 521.837604
2 516.726749 492.892884
2 585.099355 596.914918
2 504.847052 514.047100
1 400.957455 637.572853
1 382.239077 655.104298
1 409.032578 630.419839
1 369.493117 594.772789
1 374.264202 637.434853
1 399.562522 662.147650
1 421.865782 620.153935
1 377.582989 628.958320
2 339.421562 659.391878
2 413.795907 554.986730
1 394.262279 635.870642
1 397.607485 598.731675
1 434.482916 652.592583
1 407.839552 665.231029
2 409.794400 666.041402
1 349.098648 650.507223
2 363.914076 559.007509
1 399.324792 662.061395
2 451.765357 528.819400
2 534.615155 459.360156
2 440.853036 598.440600
2 396.457219 567.161913
1 419.388008 625.273990
2 420.587514 572.862927
2 394.278025 554.903239
1 400.333670 563.927324
2 413.171032 536.991399
2 570.664051 664.636914
1 426.268798 622.892176
1 389.488852 643.001679
1 372.657956 635.262566
2 571.801363 613.394359
2 595.640480 664.586398
2 552.164380 570.891349
2 382.660544 652.327520
1 411.766513 628.269602
1 407.839552 665.231029
1 387.776912 647.487907
1 396.741540 618.618170
2 391.131379 624.241178
1 427.991181 646.876958
2 619.663129 649.967834
2 363.137152 587.261175
2 396.718130 543.646020
2 354.442944 543.954715
1 369.888678 654.311605
2 436.285263 615.011176
2 356.512397 644.930660
1 403.452679 612.306327
2 479.479558 525.728526
2 353.647303 609.183000
1 402.450158 635.956724
2 478.822904 633.463135
1 395.935943 663.017654
1 419.160168 627.012268
2 648.170713 572.377761
1 407.020252 645.289472
2 642.918290 606.448940
1 419.951429 637.646361
2 437.535748 522.994583
2 637.983068 605.218594
1 462.711745 603.821985
2 417.293215 568.097078
2 377.562715 584.443490
2 409.895487 600.102518
2 381.245502 517.019575
1 381.302631 645.874074
1 352.286407 623.437846
1 403.158965 628.729237
1 414.721121 618.005489
1 414.154450 591.182030
1 395.389325 605.754298
1 430.288522 553.632058
2 454.771571 664.862455
2 405.889620 652.936784
2 433.066127 522.864923
1 382.587296 634.836719
1 372.754398 571.702251
1 390.325607 636.193840
1 396.812843 653.610988
1 411.668134 668.368042
1 581.619194 791.499844
1 569.629502 802.786922
1 577.599504 805.651019
1 569.200985 800.474026
1 576.727973 810.336564
1 548.627846 793.185977
1 571.998115 799.433039
1 574.470780 783.193272
1 570.978102 799.174940
1 576.423917 815.735739
1 592.906930 809.881322
1 555.859829 792.941726
1 582.643007 781.605743
1 586.486928 795.935543
1 571.754810 812.072489
1 590.387599 797.733528
1 567.753650 797.303679
2 601.527925 716.441812
2 443.770658 934.503837
2 373.322691 854.021838
2 610.104511 840.210379
2 526.803464 864.987154
2 486.398273 802.952947
2 349.544459 746.803773
2 412.598899 810.795338
2 382.367949 691.752045
2 503.259611 871.763370
2 408.423329 772.895511
2 520.087113 997.883590
2 496.779949 667.697406
2 447.291469 719.800295
2 646.125732 813.346760
2 572.124382 759.782192
2 542.324607 680.102779
2 524.971951 840.720524
2 430.984447 864.594218
2 583.814646 844.751735
1 529.910114 847.799377
2 630.248650 764.301044
2 391.086254 766.927096
1 577.316859 809.629199
1 561.625016 804.988778
1 560.490327 796.925941
1 559.210564 833.491275
2 569.834739 836.641766
2 488.342297 780.061906
1 600.113829 764.957669
2 588.388271 847.486414
1 590.169104 808.987132
1 566.058133 793.187029
2 460.641686 761.800760
1 575.721880 771.794675
2 525.690182 806.645794
2 497.079217 851.669624
1 540.155355 808.560545
1 606.539372 839.521311
1 546.161727 795.910782
2 579.799051 785.284624
2 420.030690 683.656246
1 589.403471 785.177059
1 629.460617 716.459811
2 420.018064 786.543728
1 573.120943 802.468168
2 523.979496 910.348482
1 531.865295 810.913512
1 521.658087 785.714334
1 512.398282 804.170462
2 501.326599 847.429933
1 527.973403 791.242792
2 594.021600 864.930935
1 544.017990 816.851900
1 608.447863 826.900226
2 337.954090 684.751150
2 585.800204 726.529596
1 574.914763 752.297963
1 567.508247 759.763550
2 461.530949 775.500522
1 530.710782 797.279071
2 389.958205 820.596037
2 637.154351 798.667688
1 584.167427 751.971518
1 587.156996 782.439024
1 544.154178 761.703019
1 603.459541 774.084130
1 408.553613 670.689996
1 594.943719 785.865441
1 546.409638 830.364008
2 530.116369 850.039398
1 591.091869 764.323138
2 571.606095 825.868198
1 571.367514 788.533103
2 621.084521 835.633929
1 566.537448 807.389516
1 611.308367 799.764469
1 531.267180 801.174217
2 509.180859 854.229988
1 576.438323 728.243664
1 569.388919 822.875469
2 531.781774 816.142312
1 589.359145 793.943818
2 649.549330 733.569890
1 436.464365 709.042282
2 597.365901 669.438516
1 568.899640 804.171949
1 584.173045 739.668475
1 576.400104 824.411494
1 557.807937 776.101657
1 527.053922 862.945377
2 610.609322 836.048251
2 525.366527 803.736125
1 598.711203 772.867097
2 494.145296 693.085919
2 338.638716 918.819872
1 533.861213 801.492950
1 567.092954 870.932838
1 604.176865 801.730131
1 549.538767 772.881488
2 497.901599 861.796606
1 597.894015 801.118383
2 596.513625 800.790475
2 516.902621 846.860187
1 579.111443 823.403314
1 551.567888 757.571283
1 422.983694 717.053715
2 403.069796 684.013961
1 430.995260 690.170873
1 545.469892 801.084126
1 576.530089 807.142804
1 563.343103 801.778636
2 648.860769 750.434104
2 590.074416 835.480099
2 541.525354 849.849396
1 547.041837 743.883159
2 487.017800 814.682242
1 600.917806 814.866718
1 525.453664 797.403008
1 521.390923 793.505456
1 542.315679 805.714635
1 564.836470 739.886025
1 587.946812 795.638029
1 561.566150 820.140978
2 531.723416 841.016059
1 566.330033 808.138225
1 576.310297 846.817602
2 507.433308 851.214573
2 408.233809 925.070436
1 490.957816 780.024124
1 625.152484 782.461699
2 514.934270 876.013618
1 518.890995 760.401106
1 594.274931 805.333203
1 594.182991 795.548389
2 642.646541 855.746675
1 577.359913 783.481453
1 554.872054 831.373520
1 622.362049 819.766644
2 539.726444 799.185597
2 588.895120 835.144597
2 350.528882 742.825542
1 591.462763 780.452889
1 419.124862 776.877915
1 583.153670 780.186044
2 591.008197 857.266673
1 538.053508 849.265972
2 526.832507 899.709841
1 591.603785 819.390061
1 591.974087 751.987928
1 559.950100 799.680149
2 386.789984 834.903344
1 427.497491 680.582554
1 530.244044 791.882559
1 576.116725 807.160193
2 472.365513 802.615216
1 579.403956 771.261643
2 608.541435 853.080124
1 554.972374 792.195334
1 570.210536 747.754150
2 616.389247 678.773167
2 571.670750 812.402807
1 541.286831 784.906505
1 537.917723 801.715125
1 532.275723 834.263574
2 533.382942 835.185977
1 506.201218 793.604865
2 486.662625 698.505925
2 389.664527 762.853738
1 572.367953 717.665882
1 529.940022 736.176295
1 634.028340 827.760602
2 600.354732 871.429950
2 556.265088 777.554878
2 378.290652 752.665265
2 521.881784 833.388760
2 498.066087 843.728962
2 465.778187 673.347187
2 509.489132 885.936298
1 580.603123 805.252044
1 566.845330 822.846320
2 592.047144 832.233044
1 546.467606 805.278940
1 527.024471 912.216387
2 561.451420 809.810733
2 477.427417 667.833279
2 495.598260 827.005694
2 418.961412 798.217129
2 570.165208 844.685093
2 374.243959 701.632642
1 490.534106 849.437678
1 592.847620 848.727472
2 461.041736 700.416925
2 633.096253 789.267577
1 580.310757 870.247704
2 546.089527 867.152606
2 633.307564 701.697497
1 579.730392 837.399572
2 476.736834 836.056213
1 550.372195 837.286324
2 545.878438 836.325394
2 497.100740 892.159582
1 565.774747 832.411051
2 577.926458 853.739188
1 603.232807 815.298391
1 557.644116 772.044440
1 591.274628 843.673511
1 573.221787 787.937912
2 623.567517 790.981508
1 570.758828 842.191044
1 528.020357 801.581844
1 579.934965 812.260017
1 599.385193 780.510974
1 572.307233 750.872458
1 576.593542 774.237698
1 642.906178 809.092798
1 643.297827 807.797670
2 541.681071 820.093127
1 547.104345 819.941653
1 553.218598 809.653246
2 605.180349 838.775939
1 549.948106 785.061456
2 551.113216 901.320618
2 519.915587 901.253493
1 589.133361 815.617927
1 560.480545 857.448066
1 534.407225 797.200747
1 563.538105 769.630020
2 478.415565 778.265722
1 506.391674 749.515138
1 530.085695 864.303394
1 549.872662 770.315674
1 542.898317 797.837625
2 561.544601 803.027733
1 573.534286 778.670038
2 493.095517 673.011053
1 576.095847 741.521776
1 606.865304 739.359078
2 595.090482 834.012287
1 610.440485 893.433900
2 624.079583 854.517401
1 603.974870 768.242021
1 563.710011 783.410596
2 520.772332 836.074565
1 530.373819 751.830443
1 538.442691 828.203746
2 524.512805 882.328689
1 377.455178 670.654893
2 514.764072 902.008884
1 516.520517 829.342723
1 488.913301 876.578581
2 498.435013 909.378449
2 616.784485 811.915615
1 547.708975 754.824583
2 376.280257 820.767797
2 592.263431 744.608713
1 613.778339 767.216921
1 573.982201 800.294791
1 611.265598 758.567980
2 427.658648 682.997094
1 531.456446 841.884130
2 537.065513 884.903642
2 581.451565 753.969994
2 586.259879 857.321766
1 493.393264 787.814394
2 650.190386 757.167614
2 490.138040 848.940975
1 560.446018 751.046585
1 582.091576 762.312225
1 588.544686 791.157928
1 595.166450 820.644210
1 634.227868 792.788897
1 588.113799 801.367139
2 605.667712 758.013221
1 605.924166 812.973183
2 552.386272 860.935100
1 610.117374 730.960122
1 557.796779 819.264301
2 536.951679 814.758460
1 812.226200 290.236725
1 824.995430 303.209579
1 814.043604 287.613507
1 833.030645 316.684872
1 814.058431 301.075981
1 826.779512 299.570688
1 830.789986 321.305360
1 821.461269 298.275657
1 837.939457 290.559085
1 809.734327 290.916042
1 799.208382 306.913418
1 824.871657 302.618242
1 818.187449 299.010597
1 822.383471 302.747937
1 809.235061 314.367895
1 817.915434 307.558264
1 817.894563 302.926957
1 820.400217 300.308929
1 825.397005 287.726416
1 820.862003 300.408726
1 812.497967 279.106009
1 797.302606 305.825083
2 666.798979 177.648918
2 722.194114 196.170142
2 893.464066 245.978228
2 755.215109 262.818065
2 896.554048 172.220755
2 919.808063 177.226763
2 777.515608 169.121337
2 763.118143 314.693327
2 830.285743 135.188482
2 801.264136 178.192910
2 900.574006 251.836751
2 786.455709 275.805450
2 909.989381 231.012482
2 921.373790 74.377634
2 700.217118 149.705557
2 799.230402 268.265659
2 725.838965 321.164163
2 998.183651 278.084384
2 992.212422 18.595498
2 743.638688 290.934731
2 820.345234 203.320440
2 782.084501 180.866159
1 812.002793 314.425228
2 772.857639 312.030034
1 805.010691 321.841829
1 848.720277 302.047639
1 821.491157 268.771597
2 778.662655 259.250400
2 860.141561 237.274348
1 819.203003 286.611891
1 840.481477 297.371801
2 871.368033 241.104501
1 859.327926 307.774768
2 924.391999 245.789306
1 835.175760 267.399328
2 842.369740 186.050332
1 852.163330 280.986634
2 769.019191 282.341376
1 826.125976 274.990648
2 817.268952 282.053723
1 801.642651 297.384726
2 964.417497 188.288270
2 932.660919 242.750798
1 834.013372 278.903080
1 823.653620 308.529218
1 794.119362 295.672214
2 733.238070 325.426321
2 774.976020 330.237471
1 782.216011 299.054693
2 720.740139 284.261819
1 800.418713 269.356773
1 879.666126 287.865474
2 832.690513 190.547444
2 901.301564 180.396357
1 876.057464 253.026494
1 802.240762 279.529838
1 799.739750 270.682323
1 839.873872 280.354637
2 852.573650 236.780280
2 905.024882 144.134413
1 844.358732 328.074885
2 787.664714 282.561137
2 882.701462 227.823404
2 769.212241 311.036669
1 833.212945 270.367645
2 762.716468 276.046511
2 937.825449 244.702843
1 819.003231 319.088605
1 802.745550 288.841122
2 761.823765 164.480916
1 804.076256 269.854923
2 791.143477 244.775090
1 827.238218 300.087184
2 781.533397 303.865446
1 840.132917 256.075641
2 734.898252 320.421979
2 906.545393 175.915459
1 798.065962 287.126500
1 778.179984 273.241798
2 782.544671 263.696955
1 845.709962 313.610291
2 904.062005 252.962523
1 815.443711 296.498786
1 800.836934 298.078040
1 800.125548 280.143322
1 831.604113 301.051911
1 808.195222 292.117460
1 749.898874 285.691257
1 811.859275 301.626806
2 798.514934 230.241751
2 810.528523 295.607962
2 840.556045 230.302960
1 845.846897 280.849527
2 785.701899 285.529454
2 878.997371 239.672225
1 805.139675 261.525696
2 885.274968 310.027526
1 787.721581 277.330575
2 772.783600 329.410158
1 851.196095 316.455262
1 792.370923 236.600863
1 859.883737 261.047978
1 845.296310 311.964310
1 812.020688 321.139189
2 761.069560 252.130513
2 772.302633 311.103501
1 788.282134 295.984839
2 836.781252 189.770598
1 793.547043 304.169605
2 812.251407 293.342930
2 793.757174 197.947326
2 759.685819 326.614935
1 808.102914 263.010471
2 767.759035 324.742334
2 762.212416 327.492148
2 842.007312 308.802554
2 732.277377 295.786878
1 736.645159 252.551582
1 827.234949 283.915936
2 861.199959 315.010634
1 828.956290 308.750922
2 759.290307 303.551566
2 758.861382 307.602066
1 812.599120 267.226274
2 876.352202 146.744735
1 766.123446 331.565026
1 827.200517 268.520423
2 906.125037 165.982610
2 803.302857 181.964999
2 853.154540 250.573252
2 809.785769 327.490458
2 855.864535 196.320544
1 808.147682 330.012696
1 829.405921 283.355862
2 760.553389 327.221795
2 739.416037 249.441157
2 855.028734 143.899759
1 825.625090 310.189499
1 821.021046 321.116626
1 762.810946 268.543978
1 832.402348 317.189197
1 716.304181 248.513442
1 835.792503 269.169729
2 924.822934 360.146150
2 898.600168 540.882315
2 977.632657 440.842494
2 958.985674 356.512416
2 813.839232 641.817628
2 864.808386 501.433124
2 923.699222 340.109950
1 874.714261 335.596054
2 806.773165 416.414007
1 812.855029 336.088684
2 996.782819 380.239860
2 824.608799 393.151607
1 807.484296 364.849481
1 841.100500 345.590955
2 790.496888 342.253404
1 862.125527 351.434991
1 808.068894 333.674530
2 697.997240 349.598795
2 809.267789 382.055613
2 869.567114 500.365510
2 719.126319 348.899832
1 857.017081 333.796200
1 797.127308 346.176468
2 841.376680 414.124816
1 823.646875 350.468883
1 810.645771 358.814259
1 843.153313 335.826100
1 743.302605 353.541615
2 749.590804 358.562521
1 861.673304 351.779245
1 826.566121 354.008606
2 805.131969 350.908424
2 815.535228 372.388674
1 827.853765 333.965631
2 764.482725 333.492458
2 789.545177 343.319966
1 858.895599 358.170289
1 781.047531 344.547536
2 773.891348 361.914423
1 874.681634 351.096736
2 781.959924 338.545565
2 790.116197 363.765309
1 790.449887 354.531539
2 793.716495 340.671784
1 883.033467 361.270990
2 731.818502 339.403238
2 797.554678 398.903522
1 856.663217 384.629081
2 791.806192 378.141608
1 767.247604 335.357890
1 785.389041 334.772365
2 730.879782 942.588539
2 728.193996 675.485181
2 676.107195 838.903866
2 922.795936 866.236940
2 906.207141 929.633314
2 970.266889 912.324051
2 841.109441 723.509132
2 975.466924 771.741003
2 981.902447 834.698518
2 864.426634 915.553717
2 761.362816 885.111847
2 693.274694 781.004788
2 741.835712 871.078402
2 780.253001 708.401185
2 710.779139 733.967702
2 701.407737 763.913234
2 960.492868 803.836078
2 689.750380 885.834090
2 779.069262 684.787847
2 669.296243 822.724490
2 675.968087 835.966269
2 983.813031 789.926754
2 690.535216 668.858191
