1 199.269705 173.437265
1 210.114308 186.948301
1 205.196307 190.114481
1 201.889364 166.244283
1 200.028815 178.904122
1 195.050289 171.076614
1 220.372450 167.082820
1 208.432975 176.476157
1 190.286978 163.249754
1 191.860712 185.192797
1 199.578806 182.418145
1 186.174945 200.079040
1 180.475691 186.882647
1 220.977149 175.115079
1 196.939850 198.505773
1 199.999612 180.015226
1 196.346362 175.409721
1 193.785615 175.874331
1 201.650211 166.035300
1 182.203108 183.478241
1 198.891638 173.225857
1 180.544847 186.930235
1 186.504118 179.103378
1 180.106523 173.681083
1 212.387992 187.255458
1 212.946587 178.048028
1 209.544623 167.571960
1 181.902077 174.280506
1 205.334414 178.161422
1 212.620355 185.058393
1 188.913952 189.585743
1 204.101071 172.079548
1 179.717881 187.837870
1 207.066242 193.777773
1 214.856571 170.711981
1 202.955266 172.699582
1 184.536981 177.049929
1 194.252804 187.623283
1 201.516642 175.161366
1 221.555916 184.444234
1 204.039642 182.773306
1 209.057956 178.535843
2 147.719864 139.178096
2 293.914801 136.273860
2 171.706898 110.554810
2 294.372177 189.389279
2 247.747488 300.629079
2 123.511157 300.565481
2 304.332227 62.381701
2 318.756259 57.705115
2 240.868928 171.431778
2 158.408097 123.982872
2 238.095347 173.144910
2 6.988644 146.061295
2 317.447416 179.969107
2 225.903249 289.597707
2 18.138077 109.929903
2 3.136457 219.714821
2 129.998060 280.385958
2 198.110545 10.437739
2 246.814734 268.601933
2 31.140934 115.490686
2 265.037625 240.178044
2 114.672760 10.294318
2 140.521718 239.398896
2 24.569977 251.627972
2 87.105782 18.602916
2 203.383335 10.801702
1 215.173710 127.855527
2 151.534515 143.063229
1 224.831461 205.568944
1 155.317341 212.667811
1 193.821993 185.073551
2 234.002777 280.557792
1 230.419381 151.783132
2 115.529120 305.471147
1 207.436665 168.546450
2 291.301079 152.316799
1 264.540216 218.472747
2 141.030115 106.073890
1 186.117330 218.319215
2 305.150977 154.449133
2 142.711982 147.486507
2 293.024867 106.250471
2 257.210812 119.141407
1 213.841982 117.782590
1 190.072580 146.829316
1 200.772552 177.143431
1 201.970751 95.908572
1 225.629977 148.671026
1 209.738235 163.488414
1 217.943052 172.776703
2 177.690061 167.067827
1 242.914724 88.765113
2 216.661418 196.278742
2 137.659116 143.049113
2 314.801218 234.524498
2 234.092452 58.958026
1 266.534023 175.727417
1 221.493707 164.260655
1 255.690768 169.639261
1 211.010834 112.823627
1 208.956155 188.963735
2 300.760001 135.215114
1 185.419607 168.295807
1 221.767145 147.417109
2 131.270989 314.611851
2 158.353053 73.625379
1 180.546332 188.374043
2 86.283474 47.300118
2 143.662791 32.341519
1 203.282572 184.313311
1 161.528754 185.677587
1 162.941856 179.970183
1 229.713820 132.145984
2 160.966077 105.119527
1 194.749822 124.569017
1 161.600353 247.307949
1 184.149240 165.524597
1 157.881169 152.558768
1 225.002167 184.484427
2 287.903365 141.968348
1 198.368266 126.044384
2 276.929677 250.200765
2 249.097670 165.324898
1 211.235962 110.644672
2 250.402284 203.430828
2 225.320403 203.960478
1 252.403874 98.222707
1 224.671699 128.145178
1 157.651214 206.239499
2 209.169789 13.312852
1 203.884055 144.570493
1 259.978858 186.806123
1 153.472457 161.043677
1 176.459726 216.604659
2 240.946825 155.328186
2 262.030537 203.385234
2 151.794316 79.021668
1 182.057321 125.966680
1 200.403384 163.941867
1 191.754575 159.181346
2 187.760586 117.087230
1 160.690552 217.172723
2 171.244360 543.570455
2 20.994490 632.140718
2 66.088670 339.827348
2 153.389716 641.988353
2 215.846863 380.439899
2 197.668517 576.454287
2 176.469311 624.306723
2 142.015951 484.013842
2 162.585077 510.800457
2 28.754951 434.886062
2 258.849622 571.780342
2 28.433730 395.907137
2 285.577834 399.682199
2 206.003233 444.655875
2 119.399959 429.388510
2 73.254313 598.941207
2 134.954239 645.637362
2 99.191083 646.504344
2 207.408084 475.388057
2 175.878546 664.310229
2 62.675188 600.886610
2 256.566518 428.612924
2 102.682026 632.140092
2 229.461159 645.151320
2 311.547765 418.599472
2 78.536344 666.001821
2 129.600500 643.301912
2 325.262311 597.228651
2 189.299931 611.609220
2 125.452902 402.980371
1 145.030728 772.537774
1 157.487720 793.321122
1 126.746203 786.033927
1 143.108860 781.374177
1 154.390032 786.035741
1 152.529190 780.121808
1 142.908453 785.024548
1 147.016255 764.763246
1 140.785421 784.378476
1 149.145823 789.074265
1 164.059055 789.500816
1 129.883861 767.236260
1 162.035259 791.309183
1 143.341848 761.361544
1 157.305392 776.514772
1 148.994945 781.462857
1 139.319658 769.947154
1 150.635253 800.337475
1 139.604911 775.162807
1 139.669431 765.674780
1 148.445724 798.992661
1 161.454364 774.691989
1 145.115120 801.068668
1 147.551750 782.847987
1 130.097206 782.724603
1 144.572743 765.796607
1 165.210033 792.478869
1 145.398130 795.977175
1 137.038868 779.913534
1 148.886593 775.785309
1 151.684056 759.675614
1 141.519321 797.625571
1 172.323697 786.749599
1 143.634279 768.792677
1 171.706840 790.920699
1 150.302771 764.452877
1 154.831874 780.177508
1 165.169143 762.646692
1 139.070384 777.583477
1 164.121171 782.791520
1 131.403224 778.324781
1 147.781349 780.633312
1 142.264031 791.512781
1 156.685346 781.153872
1 144.954823 801.106475
2 45.445622 846.788738
2 314.745031 695.223919
2 144.085517 872.816056
2 179.601668 815.345060
2 235.255087 804.442660
2 25.964187 815.865713
2 66.431093 926.363874
2 304.534268 779.614386
2 226.630879 780.766078
2 168.179667 893.592700
2 155.089063 886.894080
2 206.757819 820.565459
2 95.990597 827.499648
2 100.781039 780.964956
2 251.927141 815.949635
2 97.995087 682.932946
2 186.317673 845.551338
2 54.460575 712.218472
2 132.847880 719.890740
2 251.392151 680.540094
2 92.891069 894.358573
2 78.445487 880.182434
2 292.569065 875.351900
1 144.973235 746.254991
1 124.720903 787.150426
2 99.263470 853.178066
1 98.344971 778.030647
1 166.125341 782.664069
1 134.003510 786.404215
2 234.929709 682.160115
1 157.251392 776.046171
1 159.823353 762.007287
1 134.093740 754.282783
1 139.437343 782.657229
1 140.364972 789.667280
2 125.337546 724.719916
2 25.925747 825.564828
1 70.693692 722.157404
1 136.118956 784.240817
1 133.418721 765.734827
2 235.605417 701.761616
2 178.746085 738.765064
2 69.444121 706.719361
1 138.265330 738.031483
1 115.597284 789.170188
1 96.672672 791.242340
1 138.868989 781.347620
1 102.171970 791.230253
1 111.202441 722.247279
1 140.375631 804.856878
1 202.624591 822.229782
2 140.341389 857.650687
1 117.208399 761.688035
2 94.603460 778.034984
1 86.315782 782.735732
1 184.177267 768.173128
1 78.023840 814.611363
1 133.400936 765.836812
1 174.836732 798.758312
1 121.386296 747.974669
1 82.321834 712.602784
1 95.569718 834.911997
1 140.487439 799.261004
1 131.774937 759.563943
1 157.212425 787.422285
1 204.609983 757.606975
1 148.956014 783.942344
1 147.785428 799.173729
1 111.865689 743.782497
1 165.042465 799.973291
2 117.921169 733.753884
1 142.401857 807.870237
2 250.622992 808.251378
1 81.412149 756.302958
2 216.381225 797.108414
1 120.998745 774.824297
1 120.046275 757.191579
1 109.813689 801.940985
2 349.778605 9.205542
2 605.066590 47.788371
2 589.443399 329.344407
2 581.120796 112.089809
2 665.653347 275.935088
2 363.834378 164.526498
2 527.996854 292.824059
2 666.366008 82.483431
2 649.420891 250.178670
2 429.921659 60.700783
2 442.269964 137.611678
2 578.546029 74.844074
2 463.885595 159.578450
2 340.834231 314.390766
2 608.180601 176.614387
2 581.659812 104.667085
2 584.759719 8.514276
2 406.604858 243.912258
2 393.617551 91.206526
2 530.761359 200.478255
2 390.672135 228.799509
2 623.500289 78.874461
2 371.782737 51.913341
2 402.867411 243.143525
2 334.950622 271.238755
2 444.498006 305.325461
2 571.288115 214.680961
2 459.060437 293.612571
2 658.253240 176.680699
2 355.131069 237.935636
2 406.179963 194.190074
1 382.260213 656.654334
1 400.060358 664.114563
1 405.111228 654.743552
1 414.979481 651.653271
1 403.504982 652.571265
1 390.688447 647.845610
1 405.143784 645.741016
1 397.298582 643.386521
1 408.363581 655.378863
1 407.056579 652.214464
1 387.102474 631.882672
1 385.087245 644.224714
1 412.893603 637.657770
1 405.531501 633.996536
1 408.893194 651.784645
1 398.156383 646.538719
1 400.441090 649.314884
1 397.339133 647.323642
1 399.327124 649.262928
1 400.506485 650.383943
1 395.364842 649.921690
1 398.053061 653.189044
1 397.250624 649.699913
1 406.456430 640.285232
1 397.868197 650.876934
1 400.504314 653.885126
1 421.667448 648.733453
1 422.983944 640.758248
1 380.384746 651.717041
1 411.925322 644.440037
1 408.039858 649.382839
1 394.418308 649.889421
1 406.652711 633.066539
1 394.377634 647.022654
1 394.835188 662.032331
1 395.472651 631.200161
1 402.283887 655.352194
1 414.147286 642.437744
1 412.439738 656.811921
1 394.118353 663.469716
1 402.351592 650.678890
1 411.733015 641.469493
1 401.110278 649.500800
2 455.653924 403.258451
2 363.487086 575.203866
2 554.207542 524.403726
2 407.654692 539.267475
2 422.263068 585.874800
2 409.899350 583.813836
2 569.053141 516.305782
2 472.503920 468.156992
2 638.136057 382.283967
2 337.238754 627.361551
2 514.384405 514.909617
2 421.769390 657.734760
2 567.767176 623.068481
2 531.947152 538.399774
2 414.301767 487.742486
2 346.897906 350.992522
2 515.624875 369.475080
2 379.458646 395.931238
2 501.170248 578.989438
2 493.003781 406.135317
2 622.657885 589.764738
2 418.523773 349.099599
2 651.343269 665.120359
2 356.809001 521.837604
1 405.555386 616.212424
1 446.668167 623.072794
2 505.335453 574.486349
2 497.920263 604.516304
1 379.917837 625.204772
1 418.370055 662.734313
1 347.398676 666.333728
2 446.838684 591.250021
1 422.291439 620.815169
1 432.217044 605.728314
1 420.146969 617.518799
2 437.702097 546.912744
1 405.454915 664.475558
2 392.043943 657.627613
2 458.514015 662.056727
2 622.013798 611.060734
1 409.750853 646.393787
1 402.863539 614.482195
2 614.319627 636.316113
1 365.493240 649.816765
2 466.926478 512.021106
1 368.587135 660.366205
1 407.245987 665.204717
2 405.663324 572.912482
2 491.582009 654.002806
2 358.808114 551.963366
2 537.578165 632.280862
2 413.180524 661.184683
1 422.384367 648.122348
1 451.627046 594.009637
2 405.939652 640.249450
2 404.591719 539.783695
1 403.728817 640.872370
2 582.945176 657.379154
2 399.167580 663.817679
1 456.948168 595.636819
2 374.352162 636.934670
1 416.609295 630.868471
2 362.773682 635.682425
2 550.087797 528.928957
1 422.352742 643.912720
1 443.794062 654.643132
1 424.083054 609.522317
1 381.148107 664.840465
1 407.762481 637.773336
1 411.668134 668.368042
1 592.269184 788.914880
1 591.487549 810.596792
1 569.833038 799.846903
1 572.212885 807.626350
1 562.838830 823.133327
1 581.619194 791.499844
1 562.109298 801.404777
1 575.479506 794.895237
1 550.314057 812.352350
1 585.959880 788.115219
1 564.241788 810.020203
1 569.629502 802.786922
1 577.599504 805.651019
1 564.053403 790.297419
1 553.192257 793.616418
1 549.161840 788.600295
1 576.378288 808.759825
1 569.200985 800.474026
1 576.727973 810.336564
1 548.627846 793.185977
1 562.278597 797.613960
1 571.998115 799.433039
1 566.964520 801.578735
1 574.470780 783.193272
1 572.089694 783.789241
1 570.978102 799.174940
1 576.423917 815.735739
1 592.906930 809.881322
1 592.085861 806.001343
1 575.887485 815.058752
1 574.647485 814.706093
1 562.839817 799.521881
1 565.419632 797.485520
1 582.643007 781.605743
1 586.486928 795.935543
1 571.754810 812.072489
1 569.199946 795.767835
1 571.582199 797.383136
1 590.387599 797.733528
1 577.335586 808.401524
1 580.041311 806.092403
1 567.753650 797.303679
1 561.438024 797.509067
1 570.353356 805.491408
2 577.914558 714.854242
2 436.675419 920.930438
2 443.770658 934.503837
2 373.322691 854.021838
2 574.700117 858.400583
2 610.104511 840.210379
2 642.694306 910.732831
2 659.645040 947.878012
2 526.803464 864.987154
2 486.398273 802.952947
2 381.538185 894.107693
2 339.589366 723.918474
2 412.598899 810.795338
2 382.367949 691.752045
2 448.318685 952.522040
2 503.259611 871.763370
2 408.423329 772.895511
2 650.792042 795.792364
2 520.087113 997.883590
2 496.779949 667.697406
2 447.291469 719.800295
2 646.125732 813.346760
2 473.722511 702.352219
2 648.836860 787.895538
2 572.124382 759.782192
2 542.324607 680.102779
2 622.243191 962.189270
2 524.971951 840.720524
2 430.984447 864.594218
2 583.814646 844.751735
2 616.138961 886.174952
1 583.409734 753.047161
2 424.044457 823.780757
1 570.075122 823.103286
2 438.747699 994.792750
1 545.791730 815.728009
1 638.986503 805.877550
1 599.263933 805.463132
1 613.154019 772.482129
1 536.683116 824.498506
1 568.718539 787.419268
1 520.733955 800.295633
1 539.949450 824.330754
1 610.704657 842.027701
2 581.465769 931.294473
1 558.992455 795.535996
2 399.094238 715.465409
1 556.709687 782.204530
1 606.391742 790.614041
1 622.981615 792.829743
1 562.349024 820.101340
2 615.167130 822.157936
1 573.635228 791.068706
2 638.992926 896.787934
1 369.050207 677.484347
1 572.219538 755.026075
1 384.843597 670.450791
1 583.680099 784.739254
2 445.448561 790.364274
1 400.059585 705.445219
1 553.956722 798.425314
1 576.010605 814.584762
2 370.708348 859.975410
2 554.922514 824.923849
2 473.320031 735.422060
2 398.526036 698.264050
1 399.209474 708.574750
1 603.105953 854.224241
2 495.773177 739.998542
1 602.580734 764.415195
2 520.678842 714.562255
2 519.582824 678.911316
1 593.656313 797.044270
1 394.780020 686.820537
1 575.292116 819.729402
1 587.619021 762.666420
1 518.404550 845.377001
1 592.090483 824.300161
2 445.515004 768.198619
1 391.953632 673.193468
1 394.266690 681.818224
1 581.543078 804.786776
1 591.930430 871.331493
1 593.093398 804.106453
1 396.400503 720.440842
2 598.791873 809.565310
1 570.270753 850.770591
1 516.995394 810.862548
1 377.062399 680.638495
2 477.114480 911.178103
1 639.411133 717.803305
2 351.197739 752.586455
2 394.192510 729.612615
1 533.671674 817.956990
2 470.181457 746.648845
2 572.910572 858.115253
2 627.169947 902.181694
1 607.783884 857.858752
1 542.769662 814.653394
2 614.023353 864.975623
1 550.199389 789.554752
2 361.993250 703.824649
1 541.642313 814.952329
1 577.115396 806.413217
1 564.601569 788.060219
1 604.987425 748.277163
1 599.684242 777.619767
1 534.206882 812.470279
1 547.037296 797.365004
1 378.539856 709.619127
1 560.887353 785.456642
1 608.324791 819.784178
2 596.100026 807.835081
1 372.647844 694.061509
1 825.323420 313.131564
1 817.333145 301.770809
1 812.226200 290.236725
1 830.429414 297.607845
1 814.043604 287.613507
1 833.030645 316.684872
1 831.667684 295.476292
1 814.058431 301.075981
1 834.044190 283.999700
1 827.473053 308.571495
1 819.691371 300.488439
1 820.776003 303.481807
1 835.591285 300.783414
1 807.626186 302.934711
1 820.155986 304.158386
1 822.841290 275.549347
1 802.061386 300.942897
1 818.328382 301.953430
1 830.789986 321.305360
1 821.461269 298.275657
1 837.939457 290.559085
1 809.734327 290.916042
1 799.208382 306.913418
1 827.960425 295.295719
1 822.190965 301.146311
1 828.619228 297.276916
1 824.871657 302.618242
1 818.187449 299.010597
1 822.383471 302.747937
1 820.658663 284.509079
1 809.235061 314.367895
1 817.915434 307.558264
1 838.150705 307.822859
1 817.894563 302.926957
1 820.400217 300.308929
1 833.266366 306.872088
1 825.397005 287.726416
1 824.072163 310.451970
1 820.862003 300.408726
1 818.762404 303.936763
1 812.497967 279.106009
1 829.669497 290.198884
1 820.978513 300.690964
1 797.302606 305.825083
1 836.313379 292.914827
2 722.194114 196.170142
2 799.967573 112.965367
2 893.464066 245.978228
2 755.215109 262.818065
2 967.740334 176.295514
2 847.526756 47.555112
2 896.554048 172.220755
2 919.808063 177.226763
2 777.515608 169.121337
2 763.118143 314.693327
2 830.285743 135.188482
2 995.768737 265.352777
2 801.264136 178.192910
2 675.563414 185.947463
2 900.574006 251.836751
2 792.672124 105.940476
2 786.455709 275.805450
2 909.989381 231.012482
2 721.232896 113.150164
2 850.339335 302.945682
2 955.189126 119.127902
2 923.431828 272.093459
2 921.373790 74.377634
2 809.899771 309.508034
2 700.217118 149.705557
2 923.879637 114.424918
2 746.763665 98.818846
2 998.183651 278.084384
2 992.212422 18.595498
2 961.750529 170.609145
2 747.794707 283.159653
2 743.638688 290.934731
1 807.447861 287.750031
1 834.854757 262.781585
1 841.607460 314.806600
2 910.957095 241.911422
2 803.945180 328.418137
1 813.139169 312.854724
2 910.822876 230.916064
2 785.589486 258.761820
1 799.155462 263.328576
2 805.412587 267.773475
2 687.433473 325.478228
2 760.125156 283.786969
1 784.474512 257.075931
1 876.922572 312.195502
1 831.115515 307.658010
1 800.856516 265.146487
1 792.742484 313.425341
1 823.580555 298.539384
1 803.576554 327.760497
1 776.685107 305.777409
2 797.336542 243.242464
1 789.536874 295.405833
1 794.467960 295.803346
1 779.452245 323.190036
1 771.486766 282.228109
2 747.622275 247.022324
1 810.605361 328.382185
1 794.163943 294.554301
1 826.119596 285.188004
2 731.262904 325.059146
1 779.001416 274.094957
2 905.918800 193.382722
1 793.470498 314.942957
2 903.527400 219.772570
1 781.481413 285.456916
2 918.079175 264.307887
1 760.218934 286.742692
1 858.750596 285.881785
1 835.713889 306.508816
1 787.164079 305.268984
1 819.245547 259.936426
2 916.602281 222.019381
1 775.974323 276.376187
2 884.407639 144.044849
2 785.721835 275.901753
2 784.596369 287.387940
2 787.823096 204.018395
1 833.241731 306.469579
1 823.788757 284.480220
1 814.263164 314.265424
1 876.922572 312.195502
2 898.171376 215.140338
1 820.986095 265.349901
1 834.043417 325.330356
2 853.461554 617.476469
2 898.600168 540.882315
2 677.775509 342.930127
2 750.100477 352.702020
2 867.559483 627.575568
2 910.013623 458.782088
2 968.121624 355.378469
2 909.437058 404.824141
2 921.326964 580.380160
2 857.254788 594.139169
2 977.632657 440.842494
2 720.361765 580.513346
2 772.892698 525.418582
2 958.985674 356.512416
2 952.169677 569.099599
2 813.839232 641.817628
2 864.808386 501.433124
2 922.861860 409.129112
2 757.961885 346.761935
2 921.044725 367.612915
2 710.275476 501.749901
2 821.702857 505.467745
2 923.699222 340.109950
2 857.317670 417.800218
2 911.497308 345.873122
2 919.530546 371.264088
2 907.812936 420.653995
1 851.772593 335.673365
2 774.306314 392.864703
1 758.275861 349.140987
2 770.078864 391.182296
2 894.558295 347.149671
2 918.805152 437.929378
2 749.101426 366.259032
1 792.958754 341.519707
2 846.120354 435.377600
2 687.175188 338.046444
1 820.275861 333.806741
2 797.833369 350.384406
1 744.262453 338.615361
1 794.898195 379.753472
2 719.861250 370.454661
2 844.496232 451.207454
2 971.723752 367.458921
2 730.879782 942.588539
2 817.317326 740.240759
2 728.193996 675.485181
2 737.304823 749.460525
2 676.107195 838.903866
2 836.032604 668.933878
2 977.535892 947.458170
2 922.795936 866.236940
2 906.207141 929.633314
2 970.266889 912.324051
2 841.109441 723.509132
2 975.466924 771.741003
2 981.902447 834.698518
2 864.426634 915.553717
2 960.869334 752.871921
2 761.362816 885.111847
2 693.274694 781.004788
2 666.953286 932.102326
2 741.835712 871.078402
2 780.253001 708.401185
2 806.801612 766.132397
2 755.635844 773.022859
2 700.963336 974.895942
2 749.550623 826.127358
2 781.552669 733.871069
2 671.449243 822.649071
2 684.030392 791.111575
