1 202.078525 179.315206
1 186.819888 180.064576
1 214.176846 164.074055
1 182.952212 174.534474
1 206.669392 164.939290
1 196.768541 177.505941
1 204.328503 189.087506
1 210.958168 179.125455
1 189.331589 163.877402
1 203.527437 163.832954
1 193.067098 161.343859
1 199.534577 179.521387
1 201.970054 177.160632
1 209.442568 186.467994
1 180.724814 194.967207
1 203.531713 193.973627
1 193.107182 173.501593
1 216.060535 192.472274
1 198.853969 176.148251
1 192.250519 197.907028
1 194.037276 181.435106
1 199.799649 178.648621
1 181.725132 173.312320
1 183.153069 197.091140
1 188.637822 183.889312
1 189.229870 181.374885
1 199.026631 174.339036
1 211.479674 193.053529
1 201.737982 180.358956
1 199.410362 165.275356
1 200.678000 184.928028
1 178.902086 190.791062
1 199.439138 173.536568
1 210.518514 165.218820
1 201.121318 185.842062
1 185.497611 180.646397
1 198.505473 182.127880
1 182.344040 172.955946
1 194.792092 166.717099
1 186.702925 186.835629
1 203.281993 182.508794
1 215.404842 195.972708
1 209.131122 169.530986
1 205.148379 156.622375
1 203.190361 193.766879
1 201.587909 182.185522
1 210.067252 172.806962
1 211.560093 207.717450
1 208.934302 162.607623
1 180.017700 203.219452
1 182.928780 174.729441
1 154.056602 225.190782
1 211.929359 146.924132
1 192.542614 179.232196
1 178.753356 193.345773
1 190.135398 149.508863
1 199.116086 195.666268
1 251.190737 157.358806
1 233.487131 129.195553
1 148.628012 155.305825
1 221.890501 173.895598
1 222.062041 217.972308
1 178.539892 126.313461
1 195.171128 194.966054
1 147.835362 150.823800
1 145.708302 155.695422
1 209.399904 168.375251
1 177.896687 199.325302
1 199.046580 167.409220
1 255.126618 168.196785
1 143.905183 179.205338
1 320.808709 178.772767
1 229.104124 151.389846
1 127.901994 208.891496
1 220.492906 181.501539
1 204.872274 148.524173
1 167.060718 125.753931
1 200.301698 232.555609
1 165.083213 217.266752
1 188.271531 179.757171
1 201.917133 190.071952
1 232.988124 203.096590
1 199.492156 154.314859
1 177.846255 138.688064
1 177.964771 130.685052
1 197.013592 130.933528
1 162.402523 141.285516
1 159.794356 196.647160
1 188.703450 186.906563
1 182.016219 140.833091
1 248.925354 141.198615
1 142.931332 118.110405
1 240.233132 191.035632
1 216.342348 195.667776
1 181.263931 178.139065
1 133.590505 168.516723
1 184.673430 150.884547
1 177.952366 144.093151
1 220.150907 170.023316
1 186.948385 147.754789
1 236.134303 182.513694
1 157.253574 230.604532
1 198.766167 209.813004
1 226.940042 236.165202
1 197.999646 191.818886
1 209.644174 135.778917
1 203.769604 158.918246
1 210.632985 165.245402
1 240.261222 204.583031
1 185.315659 211.282084
1 252.315309 171.318844
1 216.674158 205.097938
1 209.972050 161.059212
1 213.157910 180.237364
1 191.442342 191.391457
1 161.695409 149.537761
1 121.572722 151.979133
1 206.213705 165.962977
1 303.059489 168.574180
1 201.571324 226.998221
1 104.408390 235.369948
1 195.360080 155.945989
1 186.303989 194.096189
1 206.686271 169.333320
1 126.642576 117.803965
1 207.703100 171.497172
1 228.012597 116.256298
1 227.151215 217.412997
1 202.736153 260.310386
1 209.756073 186.647317
1 172.437248 184.290294
1 173.729605 120.286929
1 215.675000 191.236065
1 247.196322 182.756541
1 220.579942 152.980374
1 199.402749 185.681285
1 255.667725 153.478125
1 225.348096 240.922914
1 269.880751 176.762787
1 255.214744 148.373777
1 190.044746 198.997398
1 203.175471 151.646093
1 151.144127 166.123675
1 251.259744 183.111602
1 224.491106 204.006460
1 199.312152 178.225097
1 243.379133 167.489063
1 263.241392 156.443125
1 210.610741 199.004266
1 282.091804 200.235831
1 229.859114 187.295037
1 196.952678 141.636279
1 188.864987 202.764723
1 223.766301 199.834924
1 231.631609 184.857431
1 127.487600 120.707857
2 59.664177 453.414726
2 50.576305 436.787278
2 58.482343 434.984402
2 51.425367 440.837784
2 75.720087 415.002922
2 58.804816 428.815023
2 63.347146 425.863559
2 60.732494 408.726670
2 72.406240 438.663397
2 78.024736 442.886722
2 67.604440 409.186050
2 50.591738 412.758446
2 64.626408 427.958435
2 74.532559 427.224107
2 45.398665 416.726962
2 56.673980 431.836704
2 39.766784 432.656259
2 54.629899 427.696813
2 39.445893 422.065107
2 64.010856 425.553187
2 59.602518 430.313672
2 64.184752 413.590620
2 80.182577 438.192942
2 70.931752 442.930283
2 61.246465 421.775181
2 60.792721 428.363508
2 61.668450 429.694248
2 53.810192 419.722364
2 56.705041 425.612133
2 56.175670 411.315359
2 63.494198 428.757342
2 83.436392 431.710276
2 56.345963 431.619136
2 62.089104 430.141319
2 43.408837 443.731623
2 62.548742 428.029501
2 65.727367 424.865274
2 71.831915 415.201987
2 61.552714 420.683760
2 54.332525 422.651007
2 65.391002 431.691994
2 45.589576 434.050779
2 63.955935 438.324871
2 40.333242 444.457525
2 47.776520 438.419990
2 83.859896 425.730642
2 51.654523 417.155285
2 51.715478 398.192922
2 118.129036 396.535130
2 40.671731 441.944659
2 34.533584 433.689272
2 49.653249 441.099122
2 49.677796 420.760776
2 62.598985 376.768566
1 137.580917 790.113407
1 154.195366 773.573497
1 148.767415 779.060031
1 148.218661 777.629893
1 139.421185 798.342218
1 138.908182 789.084680
1 146.418749 784.457072
1 160.131038 787.909778
1 150.308837 780.140365
1 157.117436 792.632554
1 146.027089 803.146904
1 157.586055 786.824144
1 154.737368 774.207855
1 153.580006 777.188003
1 164.555545 789.736037
1 150.928066 781.749938
1 161.261873 761.410870
1 149.508251 763.863873
1 144.243613 785.552113
1 163.909595 777.338638
1 146.093343 790.984559
1 136.628337 785.524255
1 140.338804 770.199865
1 135.578839 792.133503
1 153.267474 780.133094
1 150.762099 774.299002
1 129.636304 786.653029
1 147.859911 793.014543
1 150.481933 780.709372
1 130.425149 772.329319
1 147.324617 770.897743
1 170.979326 792.811980
1 143.297630 795.898551
1 154.225798 768.676333
1 146.283493 780.222102
1 156.864742 796.891839
1 161.861036 758.807051
1 128.360333 771.670554
1 157.033526 783.322430
1 171.076966 768.126136
1 155.137713 786.289303
1 144.477388 777.595097
1 165.961065 763.317471
1 160.573092 762.600482
1 151.172280 770.727470
1 111.911938 774.961736
1 116.811480 803.580972
1 147.902313 814.759940
1 163.716265 761.395248
1 180.807763 772.944752
1 179.457971 755.868011
1 216.403529 774.292238
1 140.694011 740.056048
1 161.180405 802.275344
1 129.080279 740.407768
1 135.850289 794.221533
1 149.325496 835.931658
1 114.084655 779.201246
1 162.211182 751.237124
1 157.040940 750.770876
1 199.819299 742.597676
1 149.373002 777.221486
1 144.202227 825.890383
1 144.519242 769.774169
1 160.054802 754.292353
1 148.910767 755.488106
1 155.647588 757.128640
1 122.552649 808.215740
1 179.394364 772.334555
1 178.689061 755.702126
1 147.324822 786.678460
1 160.969293 739.635473
1 126.786528 763.971077
1 138.665850 764.859883
1 137.640719 797.433963
1 160.039049 786.172100
1 115.565951 761.624070
1 124.108526 758.475355
1 123.932962 797.738734
1 145.227177 814.277617
1 183.147171 771.327908
1 168.982960 739.981033
1 153.468630 798.356701
1 195.983909 782.559985
1 223.473260 789.765580
1 156.543103 746.255200
1 181.542730 769.334048
1 130.827998 758.067243
1 158.809256 829.526182
1 158.184284 743.550720
1 161.184568 714.780034
1 210.322593 734.411742
2 499.585782 134.991032
2 484.248733 151.095240
2 487.072859 134.072046
2 483.869978 133.688808
2 506.632547 149.885286
2 518.370217 137.655406
2 500.372290 132.347817
2 487.886167 155.139001
2 493.720714 134.765195
2 500.592111 143.538737
2 509.219396 138.393067
2 509.805614 158.859363
2 516.707945 155.811111
2 493.952420 155.236588
2 512.198795 143.865391
2 498.891104 142.434045
2 503.031665 142.810787
2 482.063822 143.746553
2 496.084056 144.129262
2 491.287710 130.238975
2 493.997559 149.054409
2 516.354893 141.664266
2 492.726283 160.391446
2 497.273132 140.416961
2 487.985610 127.781588
2 480.665799 140.519273
2 491.863470 139.404843
2 484.169628 124.939385
2 500.296424 143.208910
2 502.431803 130.208756
2 488.163780 137.309645
2 507.653555 163.648638
2 490.172815 141.775291
2 504.235634 136.967520
2 507.121802 126.362128
2 504.037112 143.205893
2 519.923327 144.451390
2 497.827101 132.321328
2 520.065446 142.572758
2 485.296409 121.877189
2 495.878229 119.440463
2 499.532163 145.276059
2 486.023560 139.868389
2 494.481890 133.628015
1 414.159271 654.484542
1 396.965906 656.429721
1 407.023245 639.978443
1 393.944144 650.141133
1 399.197276 650.149638
1 405.431374 649.333913
1 391.300101 656.779568
1 399.486811 646.725757
1 399.088965 649.256337
1 395.487644 652.575963
1 399.326209 652.158784
1 411.968041 650.520766
1 398.848586 635.686138
1 391.609420 665.205160
1 408.133576 630.837110
1 399.173399 644.191207
1 409.607785 663.929181
1 389.841955 658.005263
1 400.774781 650.308213
1 399.641320 649.664334
1 400.950645 653.944074
1 396.906714 642.965381
1 396.371375 649.914623
1 398.298446 654.480653
1 381.367666 653.613494
1 410.397212 637.327155
1 398.660293 649.819049
1 401.354440 647.757411
1 390.971265 647.465206
1 405.861198 641.062399
1 398.602001 647.378318
1 394.385557 654.002274
1 393.340697 642.555826
1 411.539163 654.654595
1 401.664526 639.774492
1 408.226809 628.395687
1 395.338749 637.154486
1 403.421915 634.225238
1 415.984239 646.909203
1 399.215922 650.971434
1 423.036678 654.281203
2 556.654560 492.168320
2 566.327921 479.929622
2 559.645556 478.749257
2 542.108217 474.036524
2 563.369408 490.282628
2 573.381410 471.477110
2 559.161220 474.688788
2 557.486451 481.565274
2 556.840378 498.166857
2 563.704203 473.647680
2 558.252617 486.808067
2 558.899972 479.781194
2 559.745212 479.979779
2 569.635254 470.297255
2 565.753896 479.453980
2 547.504747 473.173566
2 568.280122 458.401332
2 552.993692 480.154732
2 536.452940 475.645585
2 545.797056 473.774194
2 567.445625 494.042759
2 562.460124 483.713340
2 558.284391 476.821103
2 547.655082 458.294657
2 561.074381 495.485274
2 563.167474 480.654356
2 566.168079 497.857587
2 557.684401 461.115869
2 552.590856 490.349685
2 560.512513 470.929234
2 563.243376 477.289553
2 542.971177 465.114985
2 544.830961 464.668945
2 553.586758 461.895545
2 564.947799 458.268381
2 567.193653 481.763242
2 564.631733 472.059136
2 580.142647 476.366680
2 565.634408 455.665149
2 557.992754 503.939145
2 580.160206 485.271098
2 564.291244 478.719299
2 544.664903 471.243575
2 545.146850 474.591171
2 568.669514 482.475636
1 399.941275 643.686548
1 414.112434 596.138246
1 381.174490 661.207608
1 415.036305 655.899458
1 439.577011 644.151558
1 410.192386 653.865342
1 346.940920 647.715176
1 371.882603 658.525147
1 458.173826 650.831822
1 437.712226 659.341685
1 412.252987 612.142915
1 417.868097 649.802565
1 456.569386 648.837963
2 583.503746 452.465054
1 388.691531 616.685922
1 394.113641 652.771693
1 364.998641 643.553836
1 417.825498 638.111038
1 446.869444 608.666754
1 403.434774 659.346603
1 372.506469 638.860356
1 422.425363 614.244695
2 514.979354 476.379221
1 398.516808 642.189294
1 383.975425 644.642147
1 377.434748 621.661930
1 360.695845 636.758712
1 406.411517 566.277915
1 425.842680 591.626188
1 376.750977 643.385305
1 404.003290 634.419475
1 404.206109 636.999848
1 380.204860 627.088007
1 445.498799 615.629835
1 415.330132 632.966663
1 403.291953 653.424564
1 360.625904 641.089684
1 343.276860 621.850121
1 384.899854 623.617453
1 416.468589 665.378901
1 412.377154 586.738358
1 394.200830 646.950455
1 392.700476 648.700830
1 382.271201 601.727335
1 392.114856 668.457714
1 394.954126 674.308099
1 410.850476 670.035768
1 395.577588 668.116983
1 394.221399 669.527537
1 575.661683 787.109299
1 554.016372 799.904415
1 581.751516 787.336215
1 566.340280 801.260464
1 570.123937 800.021367
1 567.376086 804.549630
1 560.549366 808.971070
1 587.251436 782.693528
1 587.747347 813.579480
1 583.242380 791.272099
1 552.745377 812.852118
1 564.153244 803.367135
1 569.401358 802.703440
1 581.768991 798.964816
1 572.759855 799.243772
1 577.898006 790.170492
1 574.622078 798.789140
1 583.571398 807.125762
1 573.053080 813.579015
1 584.509425 787.087501
1 572.145453 786.877142
1 574.188549 798.183811
1 555.463841 818.504065
1 589.863390 791.962140
1 560.629967 802.699365
1 568.084256 806.421477
1 556.173005 808.304817
1 572.362892 786.040284
1 569.348468 803.664456
1 559.722450 798.231480
1 554.189676 788.492689
1 565.268759 792.765162
1 570.431892 804.553449
1 553.812317 802.677720
1 566.122417 793.535738
1 556.450136 801.912863
1 558.457108 801.771453
1 553.909713 813.565870
1 551.165307 798.782531
1 588.384833 811.338194
1 564.321143 806.739449
1 563.309108 788.919077
1 546.552111 799.804377
1 578.038975 812.878854
1 570.841369 788.925269
1 569.494965 799.816144
1 577.269699 796.321275
2 389.538227 833.879714
2 402.161750 844.896420
2 378.960659 833.429814
2 411.442228 835.670410
2 409.237313 811.380150
2 399.890100 830.041025
2 387.390942 851.011779
2 400.025746 809.960347
2 397.114311 827.173351
2 397.580039 831.068220
2 401.636197 813.259206
2 401.312932 830.117661
2 387.290173 814.781166
2 399.712033 820.898581
2 402.382769 830.642689
2 397.509522 816.278095
2 411.152661 844.794265
2 390.150597 825.066402
2 399.501159 818.059710
2 398.257724 839.003859
2 376.583223 838.678080
2 382.307555 837.874612
2 416.083383 812.282884
2 385.918454 817.639902
2 412.266138 813.407596
2 399.456228 830.895849
2 413.065501 846.807698
2 408.008256 824.890422
2 390.094158 829.951194
2 398.878255 849.165779
2 401.366324 848.649844
2 401.175089 840.522349
2 405.832256 845.406995
2 402.179150 831.091748
2 418.329704 828.496631
2 400.384027 826.575821
2 391.501291 844.196585
2 402.664223 816.254259
2 404.526549 830.470441
2 393.088402 831.176945
2 397.917414 854.296024
2 388.306593 841.258806
2 382.629465 844.753000
1 542.080051 809.265450
2 401.021797 805.538002
2 392.138338 818.420194
1 516.468780 854.116834
1 538.594775 802.944608
1 577.104303 777.011462
1 565.186565 797.189636
2 425.937606 814.017712
2 400.284494 856.392038
2 371.969398 834.657272
2 361.605615 841.599554
1 628.204145 832.732773
1 536.590199 829.664986
1 566.900435 801.389663
1 507.342714 844.695499
1 550.272423 793.012140
1 358.979848 692.294602
2 411.416388 799.866833
1 535.237850 792.449805
1 564.783252 799.084752
1 402.986827 669.235424
1 604.444726 783.879448
1 574.689840 800.509176
1 552.740113 769.875518
2 382.552993 816.121380
1 365.134759 674.149907
1 569.160668 855.626736
1 566.426075 764.428781
1 588.327550 821.175194
1 616.428972 845.531462
2 369.187761 871.243181
1 580.703486 764.825154
2 366.290645 886.576612
2 408.605521 834.920428
2 387.001730 783.009956
1 584.642057 809.790586
1 393.738981 667.599035
1 359.542893 667.116692
1 585.800458 822.245806
2 398.233576 853.979296
1 586.591489 814.652447
1 590.256700 791.526509
2 416.666084 785.351948
1 579.015322 849.596016
2 427.303489 823.671373
1 383.430084 681.863810
1 573.233235 787.863862
1 400.064819 670.640179
1 613.467377 855.584521
2 363.872070 834.267826
1 599.492842 825.282687
2 425.797552 780.383072
1 587.866933 764.320605
2 408.314155 801.093018
1 552.814638 813.353623
1 540.910289 831.111302
2 432.840437 865.313983
2 373.761616 788.750240
1 505.036669 783.064049
1 559.306051 802.718470
2 423.615101 797.363096
1 533.524635 801.416518
1 360.224949 725.243189
1 572.223311 832.464461
1 571.465562 750.023923
1 573.338779 752.930577
1 389.123345 678.983940
2 429.962292 833.590382
1 559.584343 833.001649
2 406.242265 809.540110
1 576.643001 797.859988
2 424.889112 827.777261
2 401.471934 823.544910
1 555.713337 758.621648
1 568.053796 800.848719
1 605.602752 840.435459
2 424.997675 817.093858
1 574.996185 825.031775
1 522.510450 794.373343
2 372.076478 848.235478
1 634.917043 825.207890
2 386.588110 823.575655
1 566.793405 825.621897
1 561.806190 827.138595
1 585.547103 837.330189
1 548.897038 799.676481
1 550.754827 748.095756
2 397.925771 821.796239
1 614.375660 821.493307
1 574.837663 806.744843
2 381.117551 817.456587
2 398.767209 765.895099
2 420.139451 857.727031
1 564.943072 815.959346
2 421.068688 837.830560
2 372.608278 818.345998
1 408.128462 678.366508
1 580.233821 842.638968
1 621.786266 831.690058
2 403.150486 820.859549
2 437.204554 788.432685
1 584.628845 819.975493
1 561.733727 779.560539
1 583.786570 794.194955
1 535.263685 818.448182
1 579.814901 731.229549
1 624.237206 837.820718
1 373.001092 671.358558
2 442.749354 871.064296
1 579.516557 813.535588
1 612.934505 818.420547
1 586.094924 784.359172
2 359.059108 856.289319
1 537.827412 781.740648
2 377.542132 810.203254
1 574.434350 808.639959
2 405.982232 813.983271
1 522.228457 833.469209
1 561.924963 780.023792
1 548.607514 759.937240
1 637.784761 879.093224
1 577.390736 799.905003
2 443.513568 807.018718
1 652.200580 832.770354
1 639.176564 805.819964
2 412.245193 813.246128
1 586.546677 759.489164
2 433.876226 848.352224
1 559.139781 799.478420
1 599.571336 781.542119
2 442.197195 870.119980
1 604.061278 842.659989
1 363.086564 675.421475
1 414.353524 671.715663
1 601.413900 799.226045
2 416.928017 862.327447
1 607.414356 823.413165
1 543.974934 800.893318
2 391.974105 807.908794
2 388.440456 825.010899
1 822.570945 295.209373
1 796.388864 306.657840
1 821.036917 304.551643
1 829.830806 294.046739
1 821.918281 286.535242
1 827.008361 306.982318
1 819.703925 311.468283
1 819.562622 309.232983
1 802.629404 300.577595
1 839.125300 303.166866
1 819.550908 293.675277
1 823.128751 297.453261
1 823.478148 298.508401
1 821.751465 291.149601
1 825.283169 296.602609
1 818.450751 282.660983
1 820.312877 300.045297
1 819.187439 300.062221
1 820.927539 293.228590
1 822.934482 292.983958
1 820.841994 316.170513
1 819.024018 294.624643
1 818.992631 313.060734
1 819.454788 297.964086
1 839.922837 300.968418
1 814.089782 286.227806
1 814.952164 321.010370
1 825.252307 296.898763
1 803.852044 302.353583
1 809.983797 301.390875
1 823.426854 290.314283
1 799.510615 313.051670
1 837.694861 287.564907
1 831.735188 292.686087
1 805.251090 281.217554
1 834.640377 300.015460
1 819.206725 279.764840
1 822.409595 321.539671
1 803.484546 312.865743
1 821.588987 277.873229
1 817.297562 303.155753
1 814.325253 299.945888
1 806.867651 256.812303
1 809.279911 288.630133
1 802.834498 284.304057
1 833.085723 267.728929
1 779.414056 279.797168
1 785.311588 293.964619
1 827.204883 295.316197
1 802.076591 256.602977
1 810.460223 324.234833
1 825.890065 260.459351
1 834.992046 289.722050
1 798.372901 313.809887
1 804.506300 265.875294
1 824.860163 301.272027
1 817.170774 274.940432
1 841.784237 295.422371
1 832.636547 294.821643
1 838.354174 301.417392
1 865.695387 325.787977
1 834.614427 317.523988
1 836.014319 296.719901
1 798.642031 272.045262
1 849.430768 258.950320
1 843.788728 241.735121
1 737.257301 261.723154
1 815.804780 295.575508
1 787.833059 331.476838
1 782.884918 258.007341
1 812.687164 272.247510
1 797.187366 276.151813
1 800.441715 251.166456
1 832.939228 315.806110
1 782.115476 304.224221
1 815.837345 246.654746
1 868.168343 287.763761
1 790.427223 279.448803
1 857.661499 275.861416
1 859.542788 252.261883
1 820.657128 327.576874
1 799.155347 295.077654
1 856.924262 314.529984
1 806.368609 331.926685
1 762.207585 279.526026
1 762.662791 292.912917
1 789.176736 295.007264
1 792.834879 216.303236
1 756.027180 315.765435
1 811.066364 264.115902
1 819.599527 276.917476
1 766.932566 271.871340
1 869.080783 267.468588
1 845.382196 279.647545
1 810.317037 275.063784
1 845.001467 256.755109
1 740.353114 242.541806
1 872.676580 231.636216
1 773.648025 277.501494
1 901.126037 277.231820
1 817.959198 294.724856
1 833.578090 291.930153
1 842.172255 265.059523
1 805.430075 280.362175
1 767.522562 285.119598
1 785.315578 280.392947
2 840.676232 608.621616
2 852.475574 633.410839
2 846.066883 625.840064
2 851.954105 627.968782
2 854.026035 648.220403
2 839.991632 615.530566
2 853.077069 632.163393
2 838.369887 634.561641
2 841.955730 613.519406
2 866.584727 624.813974
2 828.963805 622.449259
2 852.416090 642.763955
2 837.016986 614.694498
2 840.738615 643.357703
2 843.478089 641.697435
2 838.721206 644.038280
2 863.400528 639.149061
2 859.753973 642.335668
2 837.233535 635.162835
2 853.881323 619.546542
2 850.632442 625.157595
2 853.359522 611.015333
2 850.418268 615.658842
2 858.067359 619.559308
2 850.318600 639.521488
2 835.521914 631.914579
2 831.556330 614.604932
2 850.077215 631.957816
2 856.027421 643.177058
2 852.373098 634.690302
2 851.245743 630.290808
2 836.293860 616.051164
2 837.884820 636.400251
2 853.265255 626.674026
2 848.812040 628.612968
2 850.192135 635.737483
2 854.054095 633.278565
2 849.995893 630.763458
2 846.559716 642.299393
2 834.979246 636.262926
2 855.763583 644.513919
2 856.436795 633.342058
2 852.717873 632.804110
2 842.090755 638.151091
2 850.444308 630.218780
2 850.868218 630.077384
2 841.498960 633.550477
1 823.236623 335.470998
1 880.399268 352.167261
1 894.893896 358.499605
1 827.106397 336.764434
