1 202.078525 179.315206
1 214.176846 164.074055
1 182.952212 174.534474
1 210.958168 179.125455
1 211.836927 174.842533
1 189.331589 163.877402
1 203.527437 163.832954
1 193.067098 161.343859
1 199.534577 179.521387
1 209.442568 186.467994
1 193.107182 173.501593
1 198.853969 176.148251
1 192.250519 197.907028
1 194.037276 181.435106
1 199.799649 178.648621
1 188.637822 183.889312
1 189.229870 181.374885
1 211.479674 193.053529
1 201.737982 180.358956
1 199.410362 165.275356
1 200.678000 184.928028
1 178.902086 190.791062
1 201.121318 185.842062
1 185.497611 180.646397
1 198.505473 182.127880
1 182.344040 172.955946
1 194.792092 166.717099
1 186.702925 186.835629
1 203.281993 182.508794
1 215.404842 195.972708
1 205.148379 156.622375
1 203.190361 193.766879
1 201.587909 182.185522
1 210.067252 172.806962
1 205.809682 189.331649
1 226.684713 189.163781
1 240.627449 169.053672
1 190.491981 181.796271
1 247.428597 157.265579
1 231.424476 136.147202
1 208.349819 217.703859
1 183.307363 140.454994
1 160.885499 178.749683
1 216.958319 176.740042
1 169.693316 186.200192
1 213.451518 235.858951
1 164.432107 143.915650
1 154.402112 220.554560
1 209.486642 175.091737
1 176.823386 166.215142
1 192.487483 197.832098
1 253.321207 159.329913
1 181.748511 159.904092
1 241.046438 182.928286
1 256.714324 152.732097
1 205.536789 159.209721
1 221.138110 204.678491
1 184.554559 165.413868
1 232.390062 186.193879
1 134.141037 157.843037
1 182.933208 165.075047
1 201.924842 136.892484
1 186.518547 152.065235
1 158.018838 224.959287
1 196.733362 176.032911
1 152.148564 150.094477
1 254.172529 166.997867
1 231.480191 143.162532
1 241.475102 143.649946
1 189.256935 145.659119
1 164.746883 247.771942
1 162.400454 204.955223
1 208.293329 217.750044
1 142.664761 267.508969
1 255.394243 133.467032
1 211.639276 160.519700
1 239.482960 159.498208
1 178.833248 189.661295
1 196.890391 152.929546
1 150.911523 154.077466
1 158.443371 208.909830
1 192.195273 207.684344
1 179.041183 194.102036
1 177.523295 188.860177
1 207.831260 189.847570
1 172.529932 151.731922
1 223.579211 157.249228
1 202.086595 214.980290
1 209.273216 177.297980
1 210.170571 191.175981
1 212.177909 211.961286
1 192.635026 197.409898
1 214.653634 183.147264
1 208.238854 209.377291
1 202.598961 183.041642
1 205.075261 211.906448
1 199.266576 138.449019
1 219.261953 162.460129
1 208.709026 145.832489
1 200.070358 163.727852
1 186.395441 141.373636
1 227.470564 155.001084
1 192.725183 127.176578
1 186.773774 203.134636
1 186.773248 194.430100
1 206.497330 196.777678
1 212.279009 158.280889
1 164.047978 169.325030
1 217.557901 180.469177
1 220.232701 216.093420
1 199.640396 166.631949
1 210.385271 219.188201
1 303.697799 103.240491
1 235.184250 166.044622
2 59.664177 453.414726
2 58.482343 434.984402
2 43.175214 434.119097
2 75.720087 415.002922
2 58.804816 428.815023
2 63.347146 425.863559
2 60.732494 408.726670
2 78.024736 442.886722
2 50.591738 412.758446
2 64.626408 427.958435
2 74.532559 427.224107
2 56.673980 431.836704
2 39.766784 432.656259
2 59.602518 430.313672
2 64.184752 413.590620
2 80.182577 438.192942
2 70.931752 442.930283
2 61.668450 429.694248
2 53.810192 419.722364
2 56.175670 411.315359
2 83.436392 431.710276
2 56.345963 431.619136
2 43.408837 443.731623
2 65.727367 424.865274
2 71.831915 415.201987
2 54.332525 422.651007
2 45.589576 434.050779
2 63.955935 438.324871
2 40.333242 444.457525
2 47.776520 438.419990
2 83.859896 425.730642
2 64.406547 395.942342
1 308.369662 613.494667
1 137.580917 790.113407
1 154.195366 773.573497
1 148.767415 779.060031
1 148.218661 777.629893
1 138.908182 789.084680
1 146.418749 784.457072
1 160.131038 787.909778
1 150.308837 780.140365
1 158.460107 771.246079
1 146.027089 803.146904
1 151.165851 778.942263
1 153.580006 777.188003
1 161.261873 761.410870
1 144.243613 785.552113
1 163.909595 777.338638
1 146.093343 790.984559
1 136.628337 785.524255
1 140.338804 770.199865
1 135.578839 792.133503
1 135.556030 777.083723
1 153.267474 780.133094
1 150.762099 774.299002
1 130.425149 772.329319
1 147.324617 770.897743
1 165.789670 780.267917
1 170.979326 792.811980
1 154.225798 768.676333
1 146.283493 780.222102
1 156.864742 796.891839
1 157.033526 783.322430
1 154.356766 782.354495
1 171.076966 768.126136
1 144.477388 777.595097
1 160.573092 762.600482
1 153.302821 819.065536
1 106.588763 812.607031
1 114.036249 765.540190
1 130.410371 767.221922
1 172.177232 725.725256
1 197.415044 708.777169
1 132.261087 793.688367
1 115.771121 801.511021
1 121.050950 789.200695
1 204.342839 733.146791
1 147.557880 812.991407
1 188.025572 814.873403
2 325.424911 813.570065
1 148.634729 862.973124
1 127.563246 744.886733
1 143.017539 853.047284
1 217.818226 781.869053
1 224.930908 697.260506
1 193.648879 775.766409
1 176.410093 753.498462
1 95.592281 811.214221
1 181.100924 764.374111
1 120.587601 764.304590
2 333.189066 835.474052
1 131.474311 794.578181
1 123.086884 831.914662
1 144.299550 752.912286
1 204.037029 723.138094
1 158.414256 790.346801
1 194.995062 817.785296
1 109.446738 788.103733
1 157.796886 748.070927
1 96.871706 770.549549
1 211.101377 810.172880
1 117.859114 776.690314
1 84.405392 812.015030
2 309.528182 828.458575
1 206.185483 733.740380
1 70.053653 840.583223
1 166.127496 805.021346
1 207.345178 742.613123
1 149.069576 765.770330
1 131.231147 815.199837
1 133.850327 774.297841
1 170.878373 789.765555
1 180.039216 743.320853
1 124.305960 829.953603
1 147.265085 759.173823
1 130.683252 783.596516
1 194.757556 785.828691
1 174.536023 813.689272
1 162.112641 774.459777
1 200.365268 770.649242
1 170.420016 765.401114
1 135.978793 786.531805
1 132.089411 771.592114
1 125.492275 767.968775
1 167.345900 805.678642
1 180.647685 823.462982
1 151.867208 744.018463
2 303.074582 806.952794
2 309.187894 843.513399
2 330.223532 874.844662
2 499.585782 134.991032
2 484.248733 151.095240
2 487.072859 134.072046
2 483.869978 133.688808
2 506.632547 149.885286
2 492.965995 129.845313
2 500.372290 132.347817
2 487.886167 155.139001
2 500.592111 143.538737
2 509.219396 138.393067
2 509.805614 158.859363
2 494.685072 156.280964
2 516.707945 155.811111
2 493.952420 155.236588
2 512.198795 143.865391
2 498.891104 142.434045
2 503.031665 142.810787
2 482.063822 143.746553
2 491.287710 130.238975
2 493.997559 149.054409
2 516.354893 141.664266
2 492.726283 160.391446
2 497.273132 140.416961
2 487.985610 127.781588
2 484.169628 124.939385
2 500.296424 143.208910
2 502.431803 130.208756
2 488.163780 137.309645
2 507.653555 163.648638
2 497.665782 137.406016
2 504.235634 136.967520
2 519.923327 144.451390
2 495.384363 140.921447
2 499.532163 145.276059
2 486.023560 139.868389
2 461.933615 153.363565
1 396.965906 656.429721
1 409.232629 630.668999
1 407.023245 639.978443
1 393.944144 650.141133
1 405.431374 649.333913
1 399.486811 646.725757
1 400.259023 649.944374
1 399.326209 652.158784
1 411.968041 650.520766
1 398.848586 635.686138
1 408.133576 630.837110
1 399.173399 644.191207
1 389.841955 658.005263
1 400.774781 650.308213
1 400.950645 653.944074
1 396.371375 649.914623
1 381.955513 645.056636
1 398.298446 654.480653
1 405.424793 638.575822
1 410.397212 637.327155
1 390.971265 647.465206
1 405.861198 641.062399
1 398.602001 647.378318
1 394.385557 654.002274
1 393.340697 642.555826
1 411.539163 654.654595
1 408.226809 628.395687
1 395.338749 637.154486
1 403.421915 634.225238
1 415.984239 646.909203
1 399.215922 650.971434
2 556.654560 492.168320
2 566.327921 479.929622
2 559.645556 478.749257
2 542.108217 474.036524
2 559.685605 487.433473
2 563.369408 490.282628
2 573.381410 471.477110
2 559.161220 474.688788
2 557.486451 481.565274
2 556.840378 498.166857
2 563.704203 473.647680
2 548.343974 488.373185
2 559.745212 479.979779
2 569.635254 470.297255
2 568.280122 458.401332
2 552.993692 480.154732
2 536.452940 475.645585
2 567.445625 494.042759
2 562.460124 483.713340
2 543.069621 483.761617
2 558.284391 476.821103
2 547.655082 458.294657
2 561.074381 495.485274
2 563.167474 480.654356
2 566.168079 497.857587
2 557.684401 461.115869
2 552.590856 490.349685
2 560.512513 470.929234
2 542.971177 465.114985
2 544.830961 464.668945
2 553.586758 461.895545
2 567.193653 481.763242
2 564.631733 472.059136
2 559.099342 479.038836
2 580.142647 476.366680
2 557.992754 503.939145
2 580.160206 485.271098
2 568.669514 482.475636
1 400.851917 629.397569
1 407.341005 646.850167
1 417.491544 664.246104
1 364.071165 649.715923
1 406.873232 628.718717
1 450.217495 630.717728
1 379.227067 630.489585
1 394.070545 644.525192
1 400.701311 622.595413
1 387.705764 648.719928
1 383.708425 636.931697
1 387.763525 599.446586
1 397.243055 649.710427
1 432.556297 639.852473
1 449.135283 652.354745
1 443.398393 641.084824
1 370.585917 635.952122
1 433.699206 634.975928
1 364.120177 624.590706
1 362.231707 571.895332
1 363.507474 623.268451
2 544.317458 491.417295
1 399.057844 642.169818
1 400.280748 651.994750
1 375.379270 650.768443
1 387.757564 653.171262
1 431.569082 599.388231
1 405.650138 646.604247
1 410.128609 606.496655
1 385.938415 657.191140
1 360.515855 665.993167
1 372.590040 663.056472
1 433.905869 663.323056
1 453.883009 656.942223
2 533.726157 505.915712
1 394.257075 655.618317
1 447.075051 651.583023
2 577.775023 462.105986
1 363.262570 567.035630
1 382.378655 649.048464
1 382.180152 657.737334
1 404.300385 641.217144
1 424.973290 653.130032
1 405.158754 640.559211
1 344.965357 653.238997
1 447.769532 602.447129
1 391.150088 645.519842
1 367.973506 652.999636
1 396.089643 647.258601
1 412.098645 642.688650
1 544.815361 653.253561
1 460.617103 606.593533
1 472.985612 647.164735
1 462.083684 658.179469
1 451.316324 655.920949
1 378.529495 644.854071
1 422.754622 569.880806
1 376.601407 628.385715
1 370.478350 653.714132
1 384.973876 612.437053
1 416.091877 642.763207
1 413.358445 604.143511
1 423.830764 566.506338
1 372.636436 638.024599
1 402.380572 637.545926
1 380.105535 632.589946
1 471.255198 613.383481
1 483.329383 610.446786
1 419.563427 648.002649
2 556.543162 508.298768
1 452.587861 612.929416
1 370.748331 648.825675
1 480.514663 627.594811
1 402.481436 663.788577
1 387.963625 646.648822
1 380.926750 642.778744
2 574.359757 493.220345
1 394.231406 643.516499
1 399.922340 624.773956
1 367.697313 658.479880
1 420.253079 604.620167
1 456.700815 647.114872
1 454.846432 615.283628
1 435.612837 638.916832
1 383.427238 652.796189
1 382.463017 653.237989
1 427.903618 666.630197
2 562.038761 517.588616
1 396.492178 622.947078
1 389.416142 607.855442
1 393.299440 631.139798
1 400.813678 639.530381
1 398.643743 653.684777
2 590.358251 484.516037
1 413.101503 635.366658
1 382.905983 639.810901
1 375.044679 634.650062
1 372.187126 657.335736
1 416.033186 651.532662
1 397.183281 579.538216
1 370.905669 656.889632
1 336.910121 623.456577
1 457.212938 625.260850
1 399.228611 645.480435
1 393.640269 602.211315
1 410.060920 662.740696
1 409.440103 622.696829
1 370.212960 653.925550
1 387.250024 643.421906
1 445.136403 644.801494
1 460.047373 649.130391
1 366.294339 663.003964
2 569.094368 459.023936
1 413.544874 650.998594
1 402.348215 619.001676
1 459.573311 638.776615
1 464.928671 660.751239
1 463.532533 574.247847
1 337.472039 615.609011
1 424.493603 579.916401
1 382.620264 641.606769
1 530.307812 649.132098
1 373.901551 597.964955
1 413.725119 656.925853
1 402.248485 620.390447
1 374.055538 604.167114
1 423.196053 644.299882
1 410.181160 651.202100
1 357.192696 660.179889
1 364.899643 635.486539
1 457.211108 589.720623
1 409.814774 633.619251
1 456.304400 634.638700
1 354.955643 651.665234
1 406.389380 636.615437
1 361.809490 637.402726
1 391.311725 648.787574
1 460.501011 652.939618
1 447.484516 659.628379
1 369.640539 629.805920
1 500.717191 578.139080
1 372.907069 663.291216
1 375.923150 641.571452
1 411.058773 578.816288
1 375.293081 658.706199
1 455.041590 665.824678
1 429.632322 661.872664
1 423.789416 662.006158
1 468.353030 643.093523
1 412.286647 618.977273
1 358.993689 655.416873
1 392.114856 668.457714
1 394.954126 674.308099
1 410.850476 670.035768
1 395.577588 668.116983
1 394.221399 669.527537
1 575.661683 787.109299
1 554.016372 799.904415
1 581.751516 787.336215
1 566.340280 801.260464
1 570.123937 800.021367
1 591.474880 793.367133
1 567.376086 804.549630
1 560.549366 808.971070
1 587.251436 782.693528
1 587.747347 813.579480
1 572.751738 801.405733
1 552.745377 812.852118
1 566.634687 799.764181
1 569.401358 802.703440
1 572.759855 799.243772
1 577.898006 790.170492
1 574.622078 798.789140
1 583.571398 807.125762
1 573.053080 813.579015
1 584.509425 787.087501
1 574.188549 798.183811
1 555.463841 818.504065
1 589.863390 791.962140
1 560.629967 802.699365
1 568.084256 806.421477
1 556.173005 808.304817
1 572.362892 786.040284
1 569.348468 803.664456
1 559.722450 798.231480
1 554.189676 788.492689
1 565.268759 792.765162
1 570.431892 804.553449
1 553.812317 802.677720
1 566.122417 793.535738
1 558.457108 801.771453
1 553.909713 813.565870
1 551.165307 798.782531
1 588.384833 811.338194
1 564.321143 806.739449
1 563.309108 788.919077
1 578.038975 812.878854
1 570.841369 788.925269
1 569.494965 799.816144
2 402.161750 844.896420
2 411.442228 835.670410
2 409.237313 811.380150
2 387.390942 851.011779
2 400.025746 809.960347
2 405.207302 850.738799
2 397.114311 827.173351
2 397.580039 831.068220
2 401.312932 830.117661
2 387.290173 814.781166
2 402.382769 830.642689
2 397.509522 816.278095
2 390.150597 825.066402
2 399.501159 818.059710
2 398.257724 839.003859
2 376.583223 838.678080
2 382.307555 837.874612
2 416.083383 812.282884
2 385.918454 817.639902
2 412.266138 813.407596
2 413.065501 846.807698
2 415.642324 835.764118
2 408.008256 824.890422
2 390.094158 829.951194
2 398.878255 849.165779
2 401.175089 840.522349
2 399.819838 837.191383
2 405.832256 845.406995
2 398.449407 821.013905
2 405.133892 836.167852
2 418.329704 828.496631
2 402.664223 816.254259
2 393.088402 831.176945
2 382.629465 844.753000
1 566.239082 785.980939
1 561.350336 808.546374
1 571.693997 770.447319
1 382.181608 670.879455
2 423.890739 847.151575
1 562.499916 790.480422
2 407.284873 849.187060
1 600.023449 800.007921
1 551.399713 792.838268
1 583.877722 805.831631
1 551.382301 799.287191
2 385.957128 810.131584
2 393.654056 833.972612
2 350.992316 821.566134
2 414.695460 858.209897
1 593.498972 818.400507
2 348.465762 809.598028
2 386.801244 894.460662
1 428.222976 692.298188
1 533.374958 817.841732
1 565.269000 844.576461
2 392.578119 790.568224
1 584.435518 810.860805
1 594.719946 808.122761
2 424.543149 846.931538
1 561.626372 837.090518
1 581.728343 798.750591
1 583.968297 805.046428
1 567.739399 838.457049
2 444.873972 824.091918
1 585.909754 760.163112
1 603.493236 865.301485
1 547.519394 792.010258
1 414.885026 697.938211
2 370.863149 774.738099
1 550.343506 809.257421
1 584.873062 758.663115
1 383.483520 670.620155
2 341.321866 874.745286
1 541.198355 830.943277
2 412.737730 789.054001
1 541.167115 835.612305
1 593.514000 762.754486
1 407.848691 701.527981
2 392.041207 784.623380
1 579.499601 808.011723
2 388.578064 823.473460
2 391.953122 857.315511
1 513.923961 833.686052
2 376.077724 851.948164
2 419.740331 763.116075
1 553.522881 835.746030
1 370.339958 709.903427
1 392.643281 679.815932
1 528.669369 858.169731
1 556.052612 803.522960
1 585.374471 796.820808
1 559.592455 778.297365
2 486.391830 828.379103
2 383.726712 839.991074
1 392.557650 689.609516
1 347.830174 667.764579
2 365.993499 772.450550
2 414.831647 822.318017
1 391.459077 670.516962
2 336.277905 859.345058
2 539.429127 855.212550
1 587.323416 801.340921
1 613.558236 796.080905
1 446.166215 692.895511
2 345.917716 842.448982
1 588.756173 840.094825
2 405.338784 817.016075
2 387.509061 835.295309
1 397.325750 667.891808
1 570.780025 805.854585
2 419.431927 861.757189
2 440.928645 864.020344
1 546.428438 784.757859
1 584.482807 807.037930
1 583.240941 812.639404
1 651.497427 792.422178
1 560.737510 783.643234
1 398.607363 695.402166
2 379.541088 774.348060
2 414.777341 758.719627
1 626.616552 802.861192
2 392.209082 800.384777
2 382.223786 811.897285
2 366.966056 756.793875
1 542.982150 798.323014
1 580.606744 776.896125
2 428.218604 829.361769
1 573.998145 777.489244
1 586.110574 787.862281
1 414.182749 679.797330
1 381.153845 673.201324
1 604.355263 763.174435
1 412.199860 678.908114
1 557.528729 842.802140
1 529.889656 790.434483
2 375.152786 883.597251
2 412.173239 852.008599
2 435.562861 855.356082
1 582.916647 782.749257
2 433.011705 876.918470
2 400.614536 843.988848
1 491.305332 797.022905
2 432.689028 878.853833
2 410.710097 864.367314
2 431.856531 786.863777
2 386.368991 818.945407
1 383.654008 698.418910
2 560.393921 850.580223
1 543.085213 839.033922
2 382.937021 800.822086
1 588.160521 819.429054
1 619.084545 837.338980
2 372.574085 826.968840
1 589.623761 801.557360
1 586.682078 808.946703
1 593.017606 835.294777
2 390.252584 840.239507
1 591.190772 823.166060
1 397.041016 678.359274
2 373.714872 820.402268
2 381.003782 790.232524
1 610.820389 762.488492
1 592.729234 822.193365
2 376.760148 840.533610
2 384.523457 872.819622
1 419.628715 698.441661
1 589.499534 825.326050
1 393.725253 722.488705
1 538.377152 839.957884
2 450.190550 828.638004
1 588.406763 745.155563
2 446.367549 807.331584
1 484.726909 759.997667
2 394.503990 871.874764
1 404.255976 688.794822
1 563.588958 813.422152
1 561.369585 811.851250
1 505.782810 781.955308
1 452.466286 703.754172
1 586.118017 806.676871
1 582.753283 787.795242
2 427.984898 894.596194
1 589.412793 764.442078
1 612.628320 800.613952
2 552.861203 846.570772
1 400.113861 669.959750
1 497.544854 797.689349
1 608.056416 811.234672
1 548.114271 841.091769
2 424.388934 807.566117
2 395.902422 824.952484
1 446.405962 678.452939
1 610.690309 809.856765
1 410.680404 680.934566
1 596.858542 864.488340
2 365.075884 773.714249
2 472.890993 775.242706
2 390.402337 766.553315
2 430.609522 772.157928
2 434.101699 856.890184
1 616.139987 802.878457
1 565.849567 747.836844
2 361.997712 794.375989
2 405.990288 802.563552
1 540.530334 842.420078
2 439.790470 822.481398
2 485.464479 804.853178
1 476.766427 802.710894
2 400.444649 856.751446
1 526.802433 818.663162
1 369.099605 741.337121
1 583.414082 794.219765
2 433.758685 862.100847
1 537.756944 813.200812
1 604.951071 809.517637
1 545.102535 819.935032
2 390.479680 824.176782
1 587.069667 746.122447
1 587.640459 836.356386
1 586.365643 805.302369
1 389.737913 677.908307
1 603.217194 810.825742
1 610.462103 721.717725
2 351.231622 780.037113
1 408.504881 700.639980
1 554.234190 780.921699
2 408.528874 856.323580
1 522.465505 817.551387
1 593.579516 823.794952
2 432.983815 847.781821
2 387.780697 830.332490
1 399.624733 680.180319
1 593.780034 798.983371
1 553.611764 810.561453
1 567.188495 816.262846
1 498.125410 825.050299
1 602.284392 770.694165
1 567.568567 798.397342
2 403.377088 786.436111
2 487.150535 815.624014
1 558.787208 826.838796
1 558.513886 848.218239
1 528.060018 764.893979
1 540.859310 815.674342
1 615.403638 764.477252
1 601.648522 808.896328
1 472.018748 742.523141
1 625.878677 756.073264
1 600.760049 720.226744
1 535.597359 791.119781
1 577.633795 877.842330
1 364.620962 690.408352
2 347.992171 805.164040
1 403.384143 701.189013
2 395.676483 923.450597
1 537.903285 804.438660
1 345.726548 710.282822
1 577.091484 856.067674
1 527.272209 809.186132
2 490.656103 808.426374
1 568.443198 756.095914
1 551.339433 782.680581
2 399.863697 769.508184
1 604.207821 762.293247
1 570.231758 766.989625
1 583.206947 832.627236
1 390.001350 692.679465
1 599.874014 820.586345
1 528.057793 801.407538
2 376.065336 805.688800
1 583.033953 830.886315
1 578.143451 777.714521
1 409.972676 721.982771
1 522.259890 771.484622
1 526.968750 775.152344
2 395.688058 816.400417
1 575.734921 765.703265
1 385.269487 697.191997
1 579.395689 843.736641
2 403.754254 870.575380
2 445.804756 799.508488
1 562.725809 813.753993
2 413.905741 783.984109
1 540.431053 766.407581
1 381.085642 686.377919
1 400.034045 677.394447
1 570.512031 890.066927
2 471.454522 703.008459
1 611.478266 793.737069
1 559.619631 838.524762
1 555.782761 808.387207
1 593.169323 749.284412
1 591.073093 811.465574
2 358.884118 813.513103
1 583.774611 759.654957
1 549.690982 759.903649
2 402.481340 826.860615
2 466.056189 803.488727
2 451.457246 822.412756
1 560.362665 832.120704
1 578.231972 805.342119
1 589.777124 778.692078
2 354.332510 856.277636
1 543.901874 726.946468
1 537.121366 778.791867
2 418.125226 821.171301
2 405.420449 782.210099
1 557.971201 813.489045
1 581.733959 831.326755
1 594.821384 815.127388
1 511.071921 844.743683
1 535.570458 802.406992
1 549.214851 848.585115
1 600.562063 736.971799
1 534.439308 784.528565
2 450.618833 753.165025
1 563.682857 826.990413
1 593.623001 759.043258
1 395.648585 730.131048
1 563.780302 861.276816
1 567.611332 871.227016
1 501.154636 765.330329
1 420.168196 674.958057
1 601.695581 787.058380
1 550.012288 768.522979
1 365.707096 671.016121
1 549.624466 752.796687
2 453.632958 853.117809
2 402.777694 843.347382
1 452.343892 668.151110
1 405.628488 681.450843
2 402.910379 796.748157
2 441.214188 847.750744
1 578.259674 798.212155
1 555.808768 795.988716
1 656.560305 803.925478
1 388.377271 689.877566
1 529.613563 802.630962
1 560.957435 836.348443
2 567.498978 856.331333
1 540.915712 839.840594
2 417.761524 840.504758
1 562.998354 850.266218
1 359.923943 704.718993
2 400.606978 915.000143
1 598.434874 806.301292
1 401.165503 696.535529
1 573.833871 782.941840
1 568.870743 792.096900
1 361.708398 671.445897
1 394.666564 690.615713
2 481.287542 866.391382
1 574.087665 828.932388
1 595.862455 821.446590
1 539.297949 809.103976
2 356.405463 836.438786
1 519.574923 766.999248
2 354.411094 824.350601
1 554.543370 797.386599
2 533.369313 845.250232
1 545.738217 797.157587
1 623.057161 761.352525
1 369.656369 696.642763
1 397.214192 730.436902
2 405.288121 849.497787
2 339.311606 772.086214
1 615.041107 783.821791
1 526.906188 828.567226
1 530.859212 785.590451
1 564.020460 882.225947
2 392.028467 790.975627
2 348.892943 855.721097
1 550.491844 812.708122
1 561.623841 834.249458
1 588.657917 798.300217
1 539.451620 868.663827
1 537.391572 774.183135
1 357.056564 681.916372
1 648.235271 736.828756
2 343.653287 798.472174
1 630.037136 776.393447
1 411.906089 667.924978
1 558.808200 835.027398
2 434.817967 784.850343
1 528.135231 838.360834
1 412.311156 707.976714
1 533.869147 806.784011
1 396.133908 701.591556
1 534.719527 771.546360
1 595.306836 786.828910
1 581.454122 775.951544
2 413.968150 809.424869
1 525.014014 851.633513
2 416.965621 880.928318
1 527.244868 793.752741
1 546.146546 794.360310
1 548.055974 828.448153
1 406.902508 676.590429
2 381.603284 851.752172
2 441.138823 852.988050
1 419.167431 678.060651
1 421.022672 682.232170
1 570.208239 784.628568
2 412.022395 875.810986
1 424.566963 685.083701
1 559.635443 731.951389
1 578.902763 804.993290
1 429.730219 700.862923
1 472.981199 810.202653
1 585.131496 752.019495
1 380.083911 669.004392
1 582.428576 742.083196
1 603.676534 801.645589
2 360.835935 882.903686
1 527.803402 812.558668
2 351.626334 742.001170
2 353.991529 857.752824
2 405.637160 868.621854
1 555.656796 862.640026
2 567.512928 875.630438
1 429.124522 681.443919
1 636.114108 787.160099
2 425.077945 792.926673
1 629.139562 771.523686
1 598.802176 879.477966
1 583.843862 854.164173
2 507.832438 796.675234
2 424.251450 836.758659
1 542.770882 755.643297
1 446.731185 690.001416
1 591.930699 797.638200
1 624.784757 791.766378
1 612.960023 869.424850
1 545.050819 840.348562
2 489.680949 713.426314
1 384.803129 688.894992
1 582.478619 746.960756
1 470.647794 746.115500
1 551.193100 788.905017
1 613.139793 820.116314
1 581.269076 761.065674
1 522.429637 782.742315
2 411.164537 877.240152
2 519.403440 834.164005
2 390.247163 889.417268
1 601.287725 763.282551
1 586.709577 812.685684
1 523.258786 853.101138
2 403.818732 854.255910
2 370.293013 770.496886
2 447.073048 800.252277
1 496.379917 833.686264
1 490.992535 802.410695
1 390.262346 679.355993
2 412.678068 889.241745
1 389.565635 686.173970
1 604.478085 822.433400
2 464.964193 756.923762
2 362.902395 774.731707
2 557.420498 871.582497
1 560.032144 795.958247
1 499.260427 786.640561
2 452.346160 764.670498
1 548.114852 750.835726
2 498.902775 800.368949
1 446.016847 720.759297
1 526.722899 810.363608
2 573.661352 895.937049
1 402.905730 682.034270
2 562.217949 904.967788
1 560.125938 735.298095
1 477.118661 780.872614
1 358.930336 689.401590
1 407.429850 699.745117
1 623.881217 717.764342
2 416.992395 820.950508
1 447.849985 720.744005
2 492.172255 810.935000
2 423.939916 833.849169
1 543.155824 719.438126
1 406.694704 671.244046
1 534.436188 742.204625
2 409.527051 773.269863
2 491.026364 808.720469
1 483.024633 689.433450
1 599.416951 773.063192
1 511.714714 804.430740
1 553.306416 839.994487
1 552.430469 815.876376
1 503.341102 819.163934
1 425.574194 696.069739
2 461.962679 779.659623
1 584.570797 788.951824
1 542.248701 789.339707
2 400.544882 847.809610
2 375.137481 875.582874
2 415.043884 858.104089
1 447.791174 674.314565
1 822.570945 295.209373
1 796.388864 306.657840
1 821.036917 304.551643
1 829.830806 294.046739
1 821.918281 286.535242
1 827.008361 306.982318
1 819.703925 311.468283
1 819.562622 309.232983
1 802.629404 300.577595
1 839.125300 303.166866
1 819.550908 293.675277
1 816.029020 288.743721
1 823.478148 298.508401
1 818.087407 302.558102
1 815.426318 276.391480
1 825.283169 296.602609
1 819.187439 300.062221
1 804.173060 292.202385
1 820.927539 293.228590
1 822.934482 292.983958
1 828.970412 303.746897
1 820.841994 316.170513
1 815.418058 296.885520
1 818.992631 313.060734
1 819.454788 297.964086
1 839.922837 300.968418
1 814.089782 286.227806
1 814.952164 321.010370
1 803.852044 302.353583
1 809.983797 301.390875
1 823.426854 290.314283
1 799.510615 313.051670
1 837.694861 287.564907
1 831.735188 292.686087
1 805.251090 281.217554
1 834.640377 300.015460
1 819.206725 279.764840
1 822.409595 321.539671
1 803.484546 312.865743
1 817.297562 303.155753
1 814.325253 299.945888
1 826.184956 286.264424
1 788.690583 300.806285
1 827.759587 289.391261
1 806.675639 318.317837
1 829.884801 322.097444
1 772.970818 300.050674
1 802.540523 293.452998
1 880.562437 298.069902
1 862.268854 284.981038
1 839.206979 290.269357
1 856.321252 286.764032
1 832.795699 317.545832
1 799.945024 280.307441
1 815.665484 325.380877
1 771.318687 251.435430
1 868.194173 278.319143
1 816.943328 245.719180
1 853.984848 315.077263
1 843.477143 316.025104
1 843.077491 286.782950
1 843.011439 292.110993
1 856.021074 312.899721
1 812.917104 252.331512
1 815.938612 322.754282
1 775.246011 247.212291
1 831.233608 265.555270
1 778.605487 302.630185
1 859.642025 250.193543
1 825.349201 292.423402
1 807.921246 288.889350
1 867.572053 263.077256
1 827.576572 322.311890
1 813.338636 298.700088
1 789.567623 282.755864
1 889.979131 317.014103
1 810.489210 326.555539
1 813.268167 303.964780
1 853.302393 313.037047
1 817.275316 298.271244
1 876.606108 317.961425
1 774.526467 268.363377
1 854.252197 312.979128
1 764.018762 269.311218
1 803.836831 233.915615
1 869.613416 306.827381
1 805.279828 275.842939
1 777.407518 276.074281
1 837.257066 286.950195
1 850.836295 306.107161
1 844.906479 261.620985
1 790.043993 289.965896
1 773.348915 264.431757
1 774.956513 319.030391
1 801.099750 308.057100
1 801.560837 280.328450
1 820.299523 301.303559
1 812.088625 275.391771
1 800.393586 284.009094
1 820.711190 276.521531
1 779.588656 279.450470
1 792.208788 322.491938
1 798.108968 320.265109
1 868.242190 276.497756
1 795.808274 310.648814
1 813.217374 315.784677
1 854.464784 325.170935
1 800.845523 246.749519
1 854.826549 279.116661
1 778.873794 331.782682
1 816.707881 293.636782
1 874.421180 309.264449
1 798.533903 277.844139
1 826.438930 299.053467
1 805.990810 283.587060
1 800.469978 326.488852
1 803.719703 313.867281
1 785.126449 291.575047
1 799.987412 269.048238
1 799.414339 323.847058
1 819.233285 316.003712
1 832.150869 309.255287
1 822.638593 284.227812
1 842.982506 290.871671
1 779.948478 314.166120
1 866.976895 218.589334
1 875.588257 260.503209
1 868.100355 305.995192
2 840.676232 608.621616
2 852.475574 633.410839
2 846.066883 625.840064
2 851.954105 627.968782
2 854.026035 648.220403
2 839.991632 615.530566
2 853.077069 632.163393
2 838.369887 634.561641
2 866.584727 624.813974
2 828.963805 622.449259
2 840.738615 643.357703
2 843.478089 641.697435
2 863.400528 639.149061
2 859.753973 642.335668
2 853.881323 619.546542
2 853.359522 611.015333
2 857.351504 643.163369
2 831.556330 614.604932
2 856.027421 643.177058
2 851.245743 630.290808
2 836.293860 616.051164
2 837.884820 636.400251
2 853.265255 626.674026
2 850.192135 635.737483
2 846.559716 642.299393
2 834.979246 636.262926
2 855.763583 644.513919
2 846.730506 607.687930
2 856.436795 633.342058
2 852.717873 632.804110
2 850.444308 630.218780
2 850.868218 630.077384
2 841.498960 633.550477
1 832.452765 359.763633
1 830.845008 339.841011
1 849.849640 391.247949
1 829.192418 358.737374
1 861.658675 342.294458
1 812.711428 347.461049
1 850.363347 341.212575
1 822.513009 347.178948
1 830.961651 372.079161
1 737.968465 338.926401
1 826.388559 347.883693
1 846.107920 345.941305
1 785.270445 340.911330
1 814.651614 336.757230
1 741.786095 360.859553
1 779.114500 375.988257
1 677.921030 722.240424
