1 202.078525 179.315206
1 186.819888 180.064576
1 182.952212 174.534474
1 204.328503 189.087506
1 210.958168 179.125455
1 189.331589 163.877402
1 201.970054 177.160632
1 209.442568 186.467994
1 180.724814 194.967207
1 203.531713 193.973627
1 216.060535 192.472274
1 192.250519 197.907028
1 194.037276 181.435106
1 199.799649 178.648621
1 188.637822 183.889312
1 189.229870 181.374885
1 199.026631 174.339036
1 211.479674 193.053529
1 201.737982 180.358956
1 178.902086 190.791062
1 210.518514 165.218820
1 201.121318 185.842062
1 198.505473 182.127880
1 182.344040 172.955946
1 194.792092 166.717099
1 186.702925 186.835629
1 203.281993 182.508794
1 215.404842 195.972708
1 209.131122 169.530986
1 205.148379 156.622375
1 203.190361 193.766879
1 196.414460 144.753135
1 191.788581 184.294191
1 211.638692 167.376359
1 204.291518 187.779527
1 173.881123 137.382074
1 211.291008 161.184090
1 192.957399 132.720736
1 204.079285 204.158814
1 210.273111 179.808914
1 204.130875 181.608221
1 210.677397 163.710381
1 200.751763 149.240514
1 200.401742 224.446595
1 269.343196 174.356856
1 161.101432 146.825512
1 136.152071 154.304262
1 142.305302 169.511461
1 163.141441 159.234703
1 206.301516 140.199850
1 174.628468 171.892968
1 149.759578 169.468503
1 226.340626 127.188584
1 185.205895 167.325077
1 213.682076 232.148265
1 194.324930 203.808184
1 156.410635 169.116469
1 190.148599 208.849101
1 192.328845 205.459917
1 208.337364 196.855174
1 242.250288 175.499204
1 194.085593 163.100250
1 195.689635 196.512533
1 176.219269 190.555110
1 217.422156 151.131594
1 225.546059 213.411718
1 199.431848 157.690504
1 191.576357 143.424696
1 175.315754 177.845063
1 173.625937 138.050407
1 158.732644 167.419058
1 235.645487 139.795104
1 215.491601 149.129201
1 172.052539 127.034598
1 195.988260 177.082731
1 173.600406 166.846950
1 197.497067 214.735480
1 196.583843 174.992682
1 206.906498 191.690430
1 241.325439 98.214986
1 228.986927 162.895101
1 237.059491 113.758783
1 166.120273 146.870627
1 249.997357 196.452423
1 219.010316 117.432432
1 176.172347 142.768316
1 186.801535 181.485891
2 59.664177 453.414726
2 50.576305 436.787278
2 51.425367 440.837784
2 75.720087 415.002922
2 58.804816 428.815023
2 63.347146 425.863559
2 60.732494 408.726670
2 72.406240 438.663397
2 78.024736 442.886722
2 67.604440 409.186050
2 50.591738 412.758446
2 64.626408 427.958435
2 74.532559 427.224107
2 45.398665 416.726962
2 56.673980 431.836704
2 39.766784 432.656259
2 54.629899 427.696813
2 39.445893 422.065107
2 64.010856 425.553187
2 59.602518 430.313672
2 64.184752 413.590620
2 80.182577 438.192942
2 70.931752 442.930283
2 61.246465 421.775181
2 60.792721 428.363508
2 61.668450 429.694248
2 56.705041 425.612133
2 56.175670 411.315359
2 63.494198 428.757342
2 83.436392 431.710276
2 56.345963 431.619136
2 62.089104 430.141319
2 43.408837 443.731623
2 62.548742 428.029501
2 71.831915 415.201987
2 61.552714 420.683760
2 54.176240 408.216230
2 54.332525 422.651007
2 65.391002 431.691994
2 45.589576 434.050779
2 63.955935 438.324871
2 40.333242 444.457525
2 83.859896 425.730642
2 68.112156 395.791424
1 137.580917 790.113407
1 154.195366 773.573497
1 139.421185 798.342218
1 160.131038 787.909778
1 157.117436 792.632554
1 158.460107 771.246079
1 146.027089 803.146904
1 157.586055 786.824144
1 151.165851 778.942263
1 154.737368 774.207855
1 153.580006 777.188003
1 164.555545 789.736037
1 150.928066 781.749938
1 161.261873 761.410870
1 146.093343 790.984559
1 135.578839 792.133503
1 135.556030 777.083723
1 153.267474 780.133094
1 150.762099 774.299002
1 129.636304 786.653029
1 150.481933 780.709372
1 130.425149 772.329319
1 147.324617 770.897743
1 165.789670 780.267917
1 170.979326 792.811980
1 143.297630 795.898551
1 154.225798 768.676333
1 146.283493 780.222102
1 156.864742 796.891839
1 161.861036 758.807051
1 128.360333 771.670554
1 157.033526 783.322430
1 154.356766 782.354495
1 171.076966 768.126136
1 149.792901 793.426537
1 144.477388 777.595097
1 165.961065 763.317471
1 160.573092 762.600482
1 156.369432 745.872539
1 145.817866 747.116388
1 134.278682 754.492294
1 122.307121 780.400080
1 80.884007 775.922267
1 110.960194 740.545653
1 181.662356 801.819662
1 149.540391 821.163863
1 141.878469 768.545323
1 108.275429 799.913904
1 161.769515 767.022237
1 123.796564 775.645594
1 166.004054 790.411075
1 147.972972 740.500039
1 127.646834 795.700437
1 154.836299 777.763057
1 147.938040 777.446905
1 142.749433 801.444881
1 154.517713 783.397043
1 195.102731 820.413944
1 94.525903 810.319028
1 172.379398 729.797600
1 131.534912 737.765161
1 125.206664 785.184057
1 112.399038 768.893057
1 144.997830 766.472715
1 146.873336 789.335329
1 140.415879 770.059040
1 159.414823 764.632700
1 129.705748 780.061496
1 44.446781 742.323165
1 156.384497 771.172903
1 165.016390 829.597867
1 135.749007 816.244662
1 99.689017 794.153118
1 180.554763 791.421205
1 112.340672 773.360677
1 153.637706 805.979016
1 188.329147 835.007236
1 123.036604 757.754196
1 178.751175 817.833507
1 105.562292 766.026890
1 157.656489 805.918974
1 165.947427 801.267389
1 138.314417 802.025310
1 177.659577 788.299932
1 142.093595 785.189684
1 154.136485 736.867171
1 105.176057 819.725461
1 143.869853 803.698819
1 131.194482 732.946270
1 116.293621 786.775954
1 159.775420 765.893286
1 89.599319 753.806528
1 109.444524 795.065623
1 111.329501 779.031301
1 67.502144 786.156067
1 170.363036 773.611226
1 146.454059 761.477408
1 131.867196 765.606555
1 169.653217 768.346003
1 106.579002 762.608269
1 170.975225 761.664363
1 148.342196 772.481224
1 86.668870 764.404404
1 128.901701 786.690001
1 157.416931 778.402016
1 175.509680 828.139904
1 107.642653 775.050816
1 114.931270 750.609535
1 200.615482 781.298770
1 90.472148 715.710125
2 499.585782 134.991032
2 484.248733 151.095240
2 487.072859 134.072046
2 483.869978 133.688808
2 506.632547 149.885286
2 492.965995 129.845313
2 500.372290 132.347817
2 487.886167 155.139001
2 493.720714 134.765195
2 500.592111 143.538737
2 509.219396 138.393067
2 509.805614 158.859363
2 494.685072 156.280964
2 516.707945 155.811111
2 493.952420 155.236588
2 512.198795 143.865391
2 498.891104 142.434045
2 503.031665 142.810787
2 503.838197 164.691625
2 482.063822 143.746553
2 496.084056 144.129262
2 491.287710 130.238975
2 493.997559 149.054409
2 516.354893 141.664266
2 492.726283 160.391446
2 497.273132 140.416961
2 487.985610 127.781588
2 480.665799 140.519273
2 491.863470 139.404843
2 484.169628 124.939385
2 500.296424 143.208910
2 502.431803 130.208756
2 488.163780 137.309645
2 507.653555 163.648638
2 490.172815 141.775291
2 497.665782 137.406016
2 504.235634 136.967520
2 507.121802 126.362128
2 519.923327 144.451390
2 507.237126 134.154348
2 495.384363 140.921447
2 497.827101 132.321328
2 520.065446 142.572758
2 485.296409 121.877189
2 495.878229 119.440463
2 499.532163 145.276059
2 486.023560 139.868389
2 467.734497 120.292447
1 396.965906 656.429721
1 407.023245 639.978443
1 393.944144 650.141133
1 399.197276 650.149638
1 405.431374 649.333913
1 391.300101 656.779568
1 399.486811 646.725757
1 400.259023 649.944374
1 399.088965 649.256337
1 395.487644 652.575963
1 399.326209 652.158784
1 411.968041 650.520766
1 398.848586 635.686138
1 391.609420 665.205160
1 408.133576 630.837110
1 399.173399 644.191207
1 409.607785 663.929181
1 389.841955 658.005263
1 400.774781 650.308213
1 399.641320 649.664334
1 400.950645 653.944074
1 396.906714 642.965381
1 396.371375 649.914623
1 398.298446 654.480653
1 410.397212 637.327155
1 390.971265 647.465206
1 405.861198 641.062399
1 398.602001 647.378318
1 394.385557 654.002274
1 393.340697 642.555826
1 411.539163 654.654595
1 401.664526 639.774492
1 408.226809 628.395687
1 395.338749 637.154486
1 403.421915 634.225238
1 415.984239 646.909203
1 399.215922 650.971434
1 423.036678 654.281203
2 556.654560 492.168320
2 566.327921 479.929622
2 559.645556 478.749257
2 542.108217 474.036524
2 559.685605 487.433473
2 563.369408 490.282628
2 573.381410 471.477110
2 559.161220 474.688788
2 557.486451 481.565274
2 556.840378 498.166857
2 563.704203 473.647680
2 558.252617 486.808067
2 558.899972 479.781194
2 548.343974 488.373185
2 559.745212 479.979779
2 569.635254 470.297255
2 565.753896 479.453980
2 547.504747 473.173566
2 568.280122 458.401332
2 552.993692 480.154732
2 536.452940 475.645585
2 545.797056 473.774194
2 567.445625 494.042759
2 562.460124 483.713340
2 543.069621 483.761617
2 558.284391 476.821103
2 561.074381 495.485274
2 563.167474 480.654356
2 557.684401 461.115869
2 542.971177 465.114985
2 544.830961 464.668945
2 553.586758 461.895545
2 564.947799 458.268381
2 567.193653 481.763242
2 564.631733 472.059136
2 580.142647 476.366680
2 557.992754 503.939145
2 580.160206 485.271098
2 564.291244 478.719299
2 548.831643 495.501298
2 544.664903 471.243575
2 545.146850 474.591171
2 568.669514 482.475636
2 598.826404 465.781105
1 420.813764 630.672944
1 422.329655 633.554553
2 523.308997 526.274020
1 395.709728 628.203213
1 407.124111 654.373997
1 383.627247 583.194609
1 407.958634 592.894078
1 397.386334 622.881108
1 412.310496 611.019328
1 402.097748 653.777100
1 410.352479 643.447347
1 382.424562 630.401827
1 443.794804 602.178898
1 401.991142 590.059266
1 394.513080 614.862386
1 454.077222 655.237418
1 423.649664 621.472158
1 387.897590 631.778173
1 377.709684 642.649325
1 420.387309 636.575752
1 416.628290 585.671510
1 429.558351 645.446908
1 407.748696 623.545419
1 383.468545 638.053942
1 403.151196 656.358227
1 411.723328 656.300930
1 402.587295 655.125823
1 398.811869 639.379587
1 440.565886 596.633034
1 374.581001 590.007761
1 416.242227 634.704546
1 381.438524 606.209013
2 519.265048 505.597937
1 408.646614 646.622920
1 390.711143 664.611066
1 469.691917 576.952804
1 364.212634 632.876858
1 371.950265 624.624410
1 423.142779 623.641611
1 428.828375 630.748482
1 409.471550 608.211353
1 407.905154 637.553952
1 412.600031 607.595447
1 358.969024 590.118832
1 378.700538 647.641190
1 350.194729 645.727965
1 389.461805 657.888528
1 410.975941 637.256231
1 371.483819 619.014462
1 406.974401 658.062095
1 441.523631 656.391513
1 448.834534 640.823791
1 407.126602 621.439683
1 403.047558 582.988399
2 566.452525 458.080253
1 358.521035 660.730131
1 398.620282 642.082785
1 428.085725 646.456507
1 456.166481 648.810761
1 395.075775 618.409398
1 395.268997 639.495768
1 404.382008 662.435532
1 392.114856 668.457714
1 394.954126 674.308099
1 395.577588 668.116983
1 394.221399 669.527537
1 554.016372 799.904415
1 581.751516 787.336215
1 566.340280 801.260464
1 570.123937 800.021367
1 567.376086 804.549630
1 587.747347 813.579480
1 583.242380 791.272099
1 564.153244 803.367135
1 569.401358 802.703440
1 573.053080 813.579015
1 584.509425 787.087501
1 572.145453 786.877142
1 555.463841 818.504065
1 560.629967 802.699365
1 568.084256 806.421477
1 556.173005 808.304817
1 572.362892 786.040284
1 559.722450 798.231480
1 554.189676 788.492689
1 565.268759 792.765162
1 570.431892 804.553449
1 566.122417 793.535738
1 556.450136 801.912863
1 558.457108 801.771453
1 551.165307 798.782531
1 588.384833 811.338194
1 564.321143 806.739449
1 563.309108 788.919077
1 578.038975 812.878854
1 570.841369 788.925269
2 389.538227 833.879714
2 402.161750 844.896420
2 378.960659 833.429814
2 411.442228 835.670410
2 409.237313 811.380150
2 399.890100 830.041025
2 387.390942 851.011779
2 400.025746 809.960347
2 405.207302 850.738799
2 397.114311 827.173351
2 397.580039 831.068220
2 401.636197 813.259206
2 401.312932 830.117661
2 399.712033 820.898581
2 402.382769 830.642689
2 397.509522 816.278095
2 395.711069 837.208026
2 390.150597 825.066402
2 399.501159 818.059710
2 398.257724 839.003859
2 376.583223 838.678080
2 382.307555 837.874612
2 416.083383 812.282884
2 385.918454 817.639902
2 412.266138 813.407596
2 399.456228 830.895849
2 413.065501 846.807698
2 415.642324 835.764118
2 408.008256 824.890422
2 398.878255 849.165779
2 401.366324 848.649844
2 401.175089 840.522349
2 399.819838 837.191383
2 405.832256 845.406995
2 398.449407 821.013905
2 402.179150 831.091748
2 405.133892 836.167852
2 418.329704 828.496631
2 400.384027 826.575821
2 391.501291 844.196585
2 402.664223 816.254259
2 402.357607 815.581699
2 393.088402 831.176945
2 388.306593 841.258806
2 382.629465 844.753000
2 364.632878 861.762820
2 419.994445 831.446616
2 408.687829 796.043954
1 559.790950 837.186678
2 394.401277 826.595695
1 567.932054 795.342711
2 398.913101 804.353474
1 553.005958 787.191246
1 604.473554 743.616925
1 543.010530 801.312317
1 592.028795 863.305464
1 428.765892 667.670914
2 447.078134 799.119889
1 525.427732 819.866006
1 540.477978 789.741186
1 590.209070 809.478910
2 376.816729 817.301544
1 577.372420 839.719279
1 655.424367 767.698238
1 548.339610 771.197344
2 381.117915 819.102140
1 524.854050 791.329973
2 427.533144 791.613819
1 394.417389 672.868285
2 443.966748 884.324377
1 526.606491 840.827477
1 558.390888 827.368829
1 543.120590 791.985328
2 375.813559 848.753495
1 567.966988 818.646300
1 580.576521 752.086580
1 578.216009 773.332442
1 527.983214 776.593352
2 413.918484 832.093825
2 412.778886 805.004846
1 522.477801 860.827026
2 405.696471 789.582553
1 589.629205 790.763041
1 514.384282 794.423714
1 398.650330 683.520600
1 594.681183 819.224941
1 590.735623 782.539242
1 524.650354 845.840261
1 439.966862 668.204692
2 411.083220 817.146153
2 403.849662 824.597678
1 398.147379 700.423493
1 619.095868 721.154594
1 521.250177 773.431695
2 399.457382 839.888232
1 579.603646 792.736921
2 430.162711 773.238690
1 588.233644 783.216683
1 523.503301 831.754485
1 499.930732 836.543078
2 390.818818 821.273903
1 583.140206 773.129424
2 423.835573 819.058039
2 384.106607 880.714266
1 530.145127 875.888419
2 433.569292 857.112569
1 580.562538 829.535904
1 551.436773 820.044522
1 539.811008 764.650405
1 395.448717 683.308337
1 594.434822 811.268833
2 362.688811 875.788766
1 577.708772 801.176448
2 418.371202 821.185437
1 581.201064 751.399099
2 355.807617 856.072875
1 543.482717 787.559367
1 557.641340 763.689638
1 410.904907 716.752503
1 598.871759 813.084837
2 370.952366 828.815247
2 384.554686 815.048516
1 375.173079 689.094215
2 395.330600 798.278066
2 393.480082 842.885240
1 559.352170 791.366843
1 536.408519 842.377373
2 407.204773 871.632100
1 562.425066 786.288246
2 403.428368 777.776977
1 540.055677 803.711572
2 371.922401 834.731861
1 553.647910 812.493004
2 371.628878 863.232712
1 361.124338 669.213577
2 364.836674 861.956206
1 577.491141 821.252853
1 537.253853 801.536246
1 553.301467 785.312675
2 385.808043 781.313213
1 381.443550 729.059948
1 533.830606 773.760424
1 396.592117 670.266419
2 386.394131 781.628569
1 394.014685 722.055273
1 395.740983 669.572990
2 402.346129 804.202787
2 398.305380 803.847586
1 529.812824 783.398001
1 547.647735 763.771307
2 393.301800 826.316750
2 462.534610 841.168964
1 577.249385 744.787905
1 529.158288 794.513185
2 392.514240 811.882438
2 429.746659 809.666143
2 421.580635 762.136538
1 578.957626 746.778393
2 416.726532 816.376391
1 501.754543 757.927452
2 414.672631 886.911125
1 482.290325 846.412744
1 570.826853 811.991473
1 575.720020 760.782695
1 431.334227 672.697937
1 604.736591 780.026134
1 581.973266 792.745487
2 348.501694 794.081139
2 402.785718 864.383455
1 563.092203 751.039638
1 538.404730 820.228905
1 589.675216 807.656226
1 513.145860 783.062747
1 615.097386 780.850990
2 389.772913 816.538983
1 532.446861 804.903868
2 397.238133 790.739888
1 401.078166 689.510627
1 604.321179 743.801075
1 563.786153 796.582869
1 552.175513 793.731911
1 605.758107 768.204148
1 530.223947 781.295609
2 348.918894 836.310375
1 420.408520 677.529052
2 425.669784 805.564548
1 539.608949 787.081178
1 505.092271 779.259113
1 547.511400 822.137014
1 629.955650 819.018934
2 389.896530 822.471909
2 397.205574 849.820457
1 567.542590 803.169150
2 374.049409 866.821841
1 393.004641 688.949900
1 408.142049 709.763982
1 531.514242 857.334137
1 504.374456 769.337136
2 394.654332 827.000768
1 519.407093 796.504300
1 555.154309 784.953577
2 417.871888 853.834717
2 367.789692 822.837605
2 387.033694 846.533950
1 516.181933 830.941427
2 454.210856 786.886307
2 412.104715 810.991979
1 574.143025 765.228093
1 395.804378 667.845870
1 593.030751 806.374550
1 634.305173 776.750349
1 510.858020 809.913870
1 438.194871 688.381050
1 612.379947 827.184677
1 559.269728 754.779670
1 575.622360 785.270332
2 436.137149 822.358164
1 514.105371 820.960524
1 537.564022 833.580533
2 393.071097 835.628929
1 503.989623 781.448944
2 358.083574 785.377573
1 550.763983 786.116814
1 453.492457 670.827704
1 518.124341 807.092143
1 574.653926 782.705132
2 393.851540 805.313926
1 623.920319 812.506103
2 434.603364 838.678826
1 430.855539 688.828444
1 492.051326 876.074400
2 396.276075 795.272375
2 437.292101 866.566808
1 588.017757 799.295595
1 541.898093 852.426657
2 427.977623 854.176809
2 429.766918 813.150168
2 370.597561 803.108161
2 394.015488 835.688419
2 425.497251 778.996812
2 426.906623 868.211202
1 507.538478 748.566403
1 540.942869 756.569911
2 399.451064 786.851447
2 425.745999 858.153947
2 371.500542 864.393431
1 546.052204 807.859053
1 822.570945 295.209373
1 796.388864 306.657840
1 821.036917 304.551643
1 829.830806 294.046739
1 821.918281 286.535242
1 827.008361 306.982318
1 819.703925 311.468283
1 819.562622 309.232983
1 819.550908 293.675277
1 823.128751 297.453261
1 816.029020 288.743721
1 821.751465 291.149601
1 815.426318 276.391480
1 825.283169 296.602609
1 818.450751 282.660983
1 819.187439 300.062221
1 820.927539 293.228590
1 822.934482 292.983958
1 820.841994 316.170513
1 815.418058 296.885520
1 819.024018 294.624643
1 831.099042 306.238499
1 839.922837 300.968418
1 814.089782 286.227806
1 825.252307 296.898763
1 803.852044 302.353583
1 809.983797 301.390875
1 823.426854 290.314283
1 799.510615 313.051670
1 837.694861 287.564907
1 831.735188 292.686087
1 805.251090 281.217554
1 834.640377 300.015460
1 822.409595 321.539671
1 821.588987 277.873229
1 817.297562 303.155753
1 814.325253 299.945888
1 826.184956 286.264424
1 796.806535 286.817238
1 779.800014 289.705641
1 828.068907 253.037648
1 834.128243 322.066010
1 797.772650 268.494733
1 785.765538 303.234924
1 848.940955 296.155783
1 828.105599 327.691720
1 790.843305 315.301082
1 818.905865 316.095722
1 818.023738 300.884728
1 850.114347 283.411203
1 821.090370 249.764045
1 768.282148 266.788314
1 874.905517 287.598613
1 829.211272 301.556754
1 804.360436 332.636018
1 813.439833 292.822848
1 846.998292 320.041074
1 868.226445 263.412053
1 829.833435 246.065085
1 867.347829 295.812696
1 804.488178 293.197795
1 825.109351 299.527115
1 832.215732 304.143518
1 746.342520 331.736997
1 840.858411 310.366348
1 817.541575 302.235073
1 828.023309 258.317376
1 850.795226 264.361541
1 802.220356 322.319617
1 846.464375 272.267538
1 842.956278 326.092821
1 793.724087 327.047452
1 838.946478 243.753170
1 789.969832 326.240608
1 800.867637 331.618662
1 797.583370 300.409400
1 835.648880 288.170978
1 772.307082 323.179827
1 783.241622 312.105591
1 842.673262 322.706011
1 795.352383 306.086615
1 827.979351 255.877138
1 869.152850 293.906904
2 840.676232 608.621616
2 852.475574 633.410839
2 846.066883 625.840064
2 851.954105 627.968782
2 854.026035 648.220403
2 839.991632 615.530566
2 853.077069 632.163393
2 841.955730 613.519406
2 866.584727 624.813974
2 852.416090 642.763955
2 837.016986 614.694498
2 840.738615 643.357703
2 843.478089 641.697435
2 838.721206 644.038280
2 863.400528 639.149061
2 837.233535 635.162835
2 853.881323 619.546542
2 850.632442 625.157595
2 853.359522 611.015333
2 850.418268 615.658842
2 858.067359 619.559308
2 857.351504 643.163369
2 835.521914 631.914579
2 831.556330 614.604932
2 850.077215 631.957816
2 852.373098 634.690302
2 851.245743 630.290808
2 836.293860 616.051164
2 837.884820 636.400251
2 853.265255 626.674026
2 848.812040 628.612968
2 850.192135 635.737483
2 854.054095 633.278565
2 849.995893 630.763458
2 846.559716 642.299393
2 834.979246 636.262926
2 855.763583 644.513919
2 856.436795 633.342058
2 852.717873 632.804110
2 842.090755 638.151091
2 850.444308 630.218780
2 850.868218 630.077384
2 831.691895 631.432495
1 813.941920 334.438037
1 776.570216 338.074482
1 777.040068 344.552506
1 820.388458 356.211036
1 774.104200 355.010679
1 807.880322 398.827637
1 684.088539 791.418766
