1 197.585379 68.536473
1 227.392955 302.192280
1 313.969586 315.599614
1 230.003390 178.856653
1 314.414491 210.164995
1 33.712336 314.647254
1 67.476189 260.100194
1 140.683214 156.090703
1 327.772860 137.490116
1 24.904997 303.394023
1 173.588134 18.022255
1 95.152191 45.713199
1 104.480227 300.510895
1 48.617216 75.470187
1 61.422672 151.633035
1 239.003649 113.693761
1 118.284728 190.161764
1 69.832090 331.992364
1 263.906661 32.168027
1 85.354037 176.337397
1 188.429640 110.722341
1 85.447888 324.330994
1 241.341109 212.649048
2 311.303603 181.219448
2 296.287722 49.767000
2 304.295869 104.174248
2 218.346695 214.268148
2 22.485585 138.729812
2 260.349239 159.039324
2 6.199062 263.813075
2 324.061254 12.367633
2 274.374649 192.921543
2 111.295531 220.133324
2 262.440707 310.060783
2 23.491015 238.615023
2 208.130459 204.658832
2 160.450556 37.472569
2 327.701120 223.464263
2 226.152450 34.390305
2 84.408012 75.818389
2 186.346612 292.779963
2 49.404244 283.744333
2 259.220601 265.894176
2 27.811361 294.507556
2 232.037100 224.366833
2 70.388703 330.014283
2 75.593692 277.491447
2 68.494765 61.885264
2 138.617246 81.614730
2 129.997594 243.710430
2 82.412880 141.234770
2 159.875039 88.026675
2 69.140203 105.949610
2 28.657664 4.273275
2 298.526617 264.681685
2 56.607664 307.899096
2 312.166270 137.625010
2 26.267607 21.270480
2 316.370337 74.529812
2 321.298975 54.299931
2 264.232769 249.187822
1 69.873065 78.369711
2 109.030238 54.030794
2 293.951973 323.928811
1 97.921381 307.321051
1 231.774055 204.987773
2 291.119248 36.821167
2 27.091168 263.658602
2 1.507254 267.427998
1 204.233254 81.938565
1 279.430614 162.138338
1 290.760216 247.398111
2 64.127603 291.041163
2 82.141487 247.197565
2 50.281132 251.465724
1 105.642106 71.057317
2 62.170057 317.023382
1 291.451041 188.621387
2 297.882932 136.211856
2 35.673284 30.451261
2 324.556441 54.900134
2 153.305830 63.578376
1 254.509026 250.939028
2 268.784539 100.556522
2 307.268262 170.557184
2 309.063533 186.535628
2 49.032408 303.523953
2 83.676654 97.408274
2 226.084944 23.478116
2 88.754221 127.810147
1 162.836304 24.482980
1 163.491249 479.108492
1 58.795044 497.863921
1 38.816802 662.589717
1 219.538441 433.763289
1 193.193735 378.532522
1 221.169798 380.067057
1 194.360526 412.161575
1 259.142315 558.966514
1 189.382456 509.944123
1 299.019580 518.467157
1 230.529024 558.307207
1 218.647039 658.015779
1 206.277293 379.037724
1 193.212425 450.287582
1 235.155047 472.810310
1 180.265875 471.780884
1 149.900140 516.909154
1 105.358924 407.332115
1 204.424429 617.270977
1 152.879955 490.706121
1 30.461587 417.075698
1 283.232829 381.018830
1 0.480891 612.236223
1 146.920984 561.102274
1 47.585308 647.157558
1 315.283949 603.734123
1 196.074973 595.980173
1 184.756866 572.805023
1 33.137175 649.557979
1 276.358118 413.278334
1 284.242584 396.271092
1 102.107081 634.761869
1 316.598961 383.804521
2 299.201049 449.494960
2 173.855350 592.209000
2 260.483380 481.198041
2 115.556649 362.056388
2 252.749137 558.805498
2 273.631074 376.147589
2 255.596079 399.658589
2 134.712736 598.533107
2 330.712272 586.209813
2 197.531141 498.212117
2 233.907174 613.206898
2 304.892282 625.772198
2 281.478477 407.085735
2 27.028763 525.779509
2 60.834130 666.560717
2 22.493793 578.740681
2 314.257561 665.376860
2 62.149583 504.820760
2 231.058875 589.727769
2 205.058867 651.079323
2 242.136558 463.384920
2 254.849018 547.807566
2 208.381219 581.376326
2 206.069341 333.801522
2 64.670478 522.482213
2 91.462422 610.635597
2 284.807814 501.714916
2 90.035731 550.198436
2 92.715450 413.027946
2 115.716863 364.597075
1 91.064081 663.423505
1 269.326606 366.032652
1 178.615536 472.197424
1 161.809367 463.908364
1 255.232839 411.857342
2 142.703822 617.765515
1 191.362029 572.156015
1 190.298206 368.911279
1 242.470755 599.140318
2 160.317565 665.098197
1 177.407534 591.284247
2 252.879604 485.585947
1 288.442502 426.176727
1 143.385287 463.655574
2 299.236944 565.187274
1 311.973009 408.603946
1 163.693824 392.533031
1 154.256596 697.091081
1 321.284877 954.658500
1 175.153870 719.705380
1 74.087412 798.805581
1 114.278012 944.504855
1 273.741613 784.874202
1 63.229111 954.847485
1 19.453530 890.267033
1 263.934164 694.517496
1 136.924088 691.493316
1 36.741120 839.077199
1 265.422237 881.274801
1 91.065556 770.707594
1 127.126240 953.447158
1 167.710973 983.034401
1 131.248527 879.788805
1 318.283908 854.352679
1 203.245367 953.596296
1 64.373245 872.201101
1 182.175276 940.294038
1 219.812535 708.683614
1 44.055137 933.189976
1 250.228455 871.586628
1 203.154321 897.236786
1 18.933626 746.526430
1 290.334198 928.099551
1 274.301190 683.853948
1 102.448526 768.324268
2 87.527853 892.257136
2 278.084093 919.242683
2 131.113662 912.742586
2 180.811485 721.035935
2 296.334759 892.508787
2 240.171921 802.840766
2 107.076504 909.006980
2 204.323078 741.582202
2 213.138510 672.667877
2 155.575248 687.687698
2 181.319500 985.091133
2 116.215981 692.181778
2 173.237317 928.117672
2 274.114663 758.089276
2 236.881243 788.766236
2 240.933586 706.704299
2 217.341167 932.283425
2 277.356968 681.089350
2 0.594326 910.431778
2 13.041661 803.003318
2 316.195059 764.532779
2 205.393524 890.153634
2 118.604955 699.130390
2 61.644076 900.865378
2 168.701846 780.767669
2 165.308361 678.683242
2 245.606666 798.682587
2 219.097761 795.967136
2 21.331296 998.623514
1 205.204860 895.890286
2 241.360920 742.200930
2 225.050217 951.761454
1 73.811347 891.228725
2 273.376025 729.461845
1 232.864104 807.348575
1 164.604255 953.423675
1 118.241509 895.625364
1 328.705260 843.800931
1 281.125235 820.426151
1 174.206027 674.994719
2 239.045088 778.110192
2 215.544094 810.519245
2 278.633018 674.700535
2 137.726317 705.853279
2 257.454745 802.669425
1 212.331984 687.345625
1 193.760580 840.969949
2 60.351168 853.989877
1 121.229730 676.323039
1 154.253583 936.772771
1 437.672608 243.588201
1 554.275334 217.325744
1 659.482798 27.387874
1 554.549485 150.343773
1 494.573009 201.953483
1 366.801041 295.120732
1 624.710932 4.766620
1 399.545331 170.074996
1 554.231944 143.679682
1 538.309617 284.726028
1 337.443010 171.977115
1 555.786333 203.063245
1 333.861333 157.776151
1 617.951880 303.828925
1 600.836980 316.081911
1 400.372799 10.856292
1 415.575331 234.658095
1 378.244299 230.097020
1 506.271850 286.688390
1 387.232029 36.243329
1 400.507023 34.230554
1 469.101412 153.836452
1 494.527024 169.923801
1 639.038861 132.143028
1 400.560107 254.793233
1 343.499290 58.704461
1 480.077981 178.862291
1 376.892342 172.228952
1 560.683041 218.215616
1 414.725986 88.442162
1 489.112664 165.513744
1 409.032608 238.411885
2 545.232714 69.819280
2 497.057436 147.554779
2 396.730953 108.485341
2 617.156866 302.006276
2 346.692532 131.045582
2 547.567860 119.249576
2 352.786408 298.573828
2 568.405990 298.771720
2 403.785010 190.942886
2 386.675433 147.413109
2 485.581418 1.609562
2 389.899839 75.260711
2 629.392762 195.655718
2 535.392808 232.240501
2 487.276280 269.425335
2 617.622418 208.299237
2 452.664790 48.360798
2 616.741788 12.729389
2 551.283602 2.600051
2 345.087822 55.576289
2 553.615903 138.542809
2 508.720626 78.371781
2 583.254824 9.354457
2 341.019188 293.961635
2 629.694619 226.715719
2 375.697774 56.666100
2 467.638588 215.260343
1 360.780755 160.794723
1 640.547598 319.102133
1 367.213401 160.671292
2 496.524789 9.617878
1 557.662181 3.456456
2 576.289991 15.754209
2 338.361156 301.529842
1 511.358010 123.423766
1 367.503467 170.739969
2 594.146595 170.095725
1 369.105302 98.514036
1 372.037120 323.425941
1 653.704660 6.501204
1 338.091274 200.255657
1 415.192364 12.189959
1 417.305224 36.898959
2 410.599097 120.158216
1 378.987324 307.929640
2 453.032443 151.623802
1 503.182326 173.597837
2 513.483096 151.120166
2 374.154008 102.766017
1 355.637386 312.073927
1 576.169884 116.135454
1 406.687502 258.596668
1 418.155902 222.852386
1 610.274084 3.728398
2 544.994362 164.988194
1 427.426445 37.249126
1 400.627405 354.314444
1 479.796687 394.757654
1 531.729551 438.009189
1 465.860585 497.771392
1 530.813643 627.469104
1 439.673418 455.271631
1 605.222508 510.639681
1 538.450583 385.941499
1 634.484924 386.131854
1 636.274505 643.814850
1 536.492319 547.066807
1 476.762103 405.179591
1 582.233200 512.266875
1 611.870395 354.925545
1 428.424631 359.832228
1 372.358615 528.288930
1 649.120156 403.353534
1 580.333194 508.599401
1 575.767190 358.325627
1 616.376797 646.466445
1 508.200340 343.851177
1 597.926505 594.775631
1 414.058782 537.756811
1 607.111084 487.176608
1 532.285224 549.423580
1 471.975369 344.255530
2 533.400303 599.213708
2 641.172031 627.485645
2 576.459885 523.426468
2 448.339665 568.537646
2 453.971741 647.496468
2 379.576731 453.259534
2 650.687050 406.399743
2 338.545480 618.229938
2 644.760365 509.502881
2 616.722677 420.477605
2 488.089405 503.064856
2 411.144280 406.662058
2 623.372161 468.380917
2 552.020073 656.825809
2 467.628122 554.710692
2 548.055822 583.751248
2 557.924016 394.976669
2 487.438303 384.154701
2 528.320052 391.491566
2 562.553138 558.126708
2 616.423212 525.475439
2 598.103253 453.918760
2 403.064486 466.049517
2 398.533265 589.718275
2 540.981224 355.940442
2 662.607590 345.115221
2 485.703986 362.582031
2 562.142221 505.821971
1 486.307563 465.562499
2 348.147647 351.407705
1 495.243896 353.409464
2 486.606126 590.616681
1 660.692412 435.855843
2 640.768872 584.591500
2 572.913223 537.638940
1 491.175986 429.745468
1 638.743371 355.287439
1 335.776695 338.531347
1 551.351041 487.838293
1 503.666419 629.530870
1 424.952270 339.026199
2 381.462995 427.648039
1 574.355609 376.525730
1 561.306137 395.266600
2 483.000246 414.246929
1 519.339281 739.861842
1 662.544581 850.616544
1 595.691517 676.109538
1 543.640552 695.150826
1 450.262727 972.000762
1 514.578574 810.166524
1 573.766390 747.255712
1 631.519930 765.158865
1 372.598587 849.859184
1 633.561672 927.470537
1 489.580713 845.742489
1 555.375538 872.662250
1 386.681430 967.360749
1 534.212399 935.118961
1 632.818256 867.544517
1 575.931702 827.643372
1 445.027406 693.433344
1 514.116324 880.708123
1 560.013102 804.072625
1 526.179331 995.142182
1 540.790254 809.096258
1 583.042329 701.874352
1 397.046499 880.540643
1 416.923185 703.356275
1 412.347251 890.888053
1 635.012244 862.428616
1 635.301028 902.354209
2 458.647282 888.125089
2 358.843302 932.203177
2 486.158226 701.801227
2 459.009833 947.583832
2 387.540374 943.278405
2 510.628871 687.380767
2 502.008098 803.772595
2 658.978667 687.662515
2 376.102059 924.033618
2 410.316333 800.393337
2 501.907144 883.835943
2 465.223297 959.861419
2 372.024948 827.011581
2 372.156638 796.222384
2 510.447942 846.363111
2 579.728320 968.079010
2 605.570660 885.512517
2 557.632724 776.662259
2 479.682360 718.267100
2 586.682614 740.667829
2 424.326101 922.616785
2 573.949316 771.258111
2 444.632350 769.252331
2 427.137828 896.014539
2 432.330753 767.295837
2 647.750576 935.049148
2 634.725527 904.321227
2 490.173772 705.255456
2 345.161844 771.372761
2 492.872069 763.559999
2 498.443482 716.257522
1 541.077774 919.468028
1 553.512404 717.237755
1 656.001306 822.462423
1 553.000008 747.681770
1 349.634792 937.505073
2 385.022826 806.266761
2 512.105305 669.229375
1 638.139843 765.475342
1 546.224891 915.697864
1 599.786275 863.176119
1 582.312702 850.474085
1 625.888641 686.190528
1 563.023407 729.760052
2 364.269935 946.886191
1 492.460962 853.773262
1 481.512499 945.585163
1 624.687527 762.919119
2 367.600613 910.123031
1 619.767573 671.470010
2 469.361935 877.831636
1 585.946802 817.278705
1 589.719120 806.213902
1 619.538685 915.680518
1 560.585221 736.476092
1 556.355370 707.463712
1 946.685645 109.988788
1 827.422182 105.188145
1 766.849249 309.958389
1 767.907736 98.066569
1 723.442000 85.014089
1 917.625834 122.586314
1 900.365892 54.065705
1 788.971267 268.132435
1 974.755801 146.535561
1 691.561735 314.308697
1 980.420592 68.781357
1 962.258994 313.001479
1 672.372467 90.696022
1 841.535291 300.881902
1 886.028776 301.519180
1 848.896776 101.239247
1 983.302944 111.420018
1 929.245363 145.278844
1 893.361030 289.998926
1 857.788573 22.876179
1 778.319062 153.347837
1 699.510087 290.988315
1 727.528044 274.202015
1 799.138123 243.896612
1 679.509416 176.519714
1 839.545475 84.013812
1 866.157609 248.868468
1 980.670262 100.503480
1 928.259221 68.468331
1 925.703512 260.486935
2 761.223703 188.258693
2 825.531417 308.638669
2 722.519278 299.405164
2 822.344151 161.353950
2 802.479489 279.875984
2 712.757922 330.332361
2 879.787301 294.005986
2 785.736209 193.188338
2 670.936081 239.491144
2 875.924621 256.132601
2 803.246346 171.690774
2 980.532567 95.485614
2 827.670306 273.804941
2 893.840095 186.712941
2 963.742458 276.499814
2 832.603590 18.087352
2 804.450220 289.370520
2 837.232900 322.303772
2 931.047050 81.067241
2 748.202896 54.657703
2 985.729523 320.669806
2 848.235397 11.428255
2 893.714932 139.460270
2 752.627736 165.661173
2 835.685507 164.206653
2 672.715336 96.579324
2 772.732596 169.926988
2 941.315398 214.493748
1 924.340656 54.094195
1 733.049485 72.805496
1 869.273325 328.801397
1 897.968543 240.080627
1 852.502932 283.178812
1 839.336482 44.885367
1 827.011572 219.579215
2 955.923176 287.082523
2 818.595510 295.463816
1 716.806816 87.588926
1 706.968137 44.168447
2 811.532625 262.044184
2 833.413563 297.817358
1 882.518455 118.877874
2 784.547140 254.316379
2 794.327388 289.523279
1 957.920052 91.868280
1 809.708410 221.212114
2 838.388534 314.944368
1 831.396643 38.179347
2 837.802464 326.318374
2 875.384018 210.793254
2 843.520052 33.034635
1 806.720514 324.515380
1 907.344691 106.324118
2 861.118825 163.947219
2 850.221827 285.495453
1 897.060344 547.312910
1 735.501662 492.877225
1 788.146643 665.920776
1 732.729678 562.481058
1 874.550603 338.888955
1 772.921251 442.633022
1 933.083970 644.164863
1 701.520157 588.107285
1 818.778591 659.622318
1 785.529985 378.422290
1 793.020601 467.315333
1 996.085707 409.312371
1 795.199957 354.587125
1 894.956407 462.415673
1 849.637310 379.541859
1 713.646393 559.191219
1 969.534941 365.967606
1 927.313567 450.265303
1 820.994823 456.586847
1 689.472887 423.828622
1 832.153658 388.326459
1 739.328962 440.117238
1 973.331642 581.856048
2 960.949527 569.570709
2 935.966839 653.051092
2 888.106214 369.840557
2 927.315655 378.736469
2 683.668105 524.249998
2 761.356937 492.751501
2 691.004191 582.766931
2 979.082283 493.955603
2 828.378831 474.763314
2 848.086646 586.213854
2 811.866568 632.505143
2 778.108954 615.200695
2 732.608011 515.422528
2 879.844751 592.811505
2 735.073520 632.649006
2 896.992502 567.010741
2 751.724726 452.877944
2 697.186770 591.876354
2 773.996828 552.161962
2 933.404402 379.427592
2 816.502501 606.469002
2 902.932218 421.229533
1 810.139291 479.240370
1 794.752003 463.189246
2 905.084039 407.939229
1 746.170928 449.110683
1 745.105230 440.291477
2 839.883605 604.653606
2 834.992384 487.145343
2 815.829171 333.677129
2 962.477695 633.155971
2 684.559782 634.024861
1 986.327488 460.737090
2 714.562679 584.783795
2 921.242466 433.249820
2 894.926528 350.952224
1 714.792926 552.271065
2 764.773647 533.507197
1 711.319775 545.064757
1 965.754075 395.591736
2 717.276112 507.097257
2 670.137516 545.655914
2 791.764736 571.279261
2 949.058611 657.406113
1 808.579794 372.447417
1 771.908950 405.599116
2 750.626339 488.038776
2 744.036941 621.701046
1 861.143791 557.344623
2 675.823380 500.486388
1 881.746410 519.426440
2 815.517201 336.769425
1 671.134277 347.391054
1 818.843501 903.990710
1 777.875427 961.349815
1 784.662348 807.976081
1 713.883973 681.871294
1 698.351632 832.887170
1 861.669362 870.495413
1 884.976513 967.340616
1 776.948956 925.669527
1 985.729791 736.182174
1 705.506024 782.124510
1 752.682000 760.811311
1 889.445493 755.067427
1 991.276271 928.139018
1 774.961623 824.542234
1 761.411600 684.993317
1 742.257953 755.718707
1 948.075843 711.627920
1 790.947674 667.164776
1 787.572453 772.058655
1 753.908400 957.381225
1 729.567595 828.907751
1 804.312989 796.868233
1 992.452014 887.245723
1 973.469796 973.959822
1 984.950837 781.143714
2 806.888779 903.158509
2 719.869456 922.801414
2 711.178231 902.302355
2 910.685141 887.346740
2 955.729005 752.378792
2 824.573524 951.077650
2 688.667302 741.599192
2 851.580954 973.453359
2 751.369956 730.967509
2 901.751763 901.376158
2 961.570173 672.819592
2 828.199575 803.765985
2 730.353121 806.652293
2 851.828095 829.326335
2 957.127626 945.695485
2 670.284679 670.533588
2 900.559246 691.848082
2 673.480700 875.861290
2 853.446083 923.633050
2 994.985813 971.801199
1 774.303437 747.216332
1 788.683555 800.066233
1 791.645001 821.537993
2 710.105260 896.561615
1 690.901261 836.452425
2 869.417090 693.394262
2 702.470766 846.006152
2 737.980981 710.380817
2 717.933495 864.412312
1 968.330526 742.368571
2 701.107303 689.639526
1 753.776028 950.672226
1 741.757390 742.958075
2 698.741846 707.778800
