1 202.078525 179.315206
1 186.819888 180.064576
1 182.952212 174.534474
1 206.669392 164.939290
1 210.958168 179.125455
1 211.836927 174.842533
1 189.331589 163.877402
1 203.527437 163.832954
1 201.970054 177.160632
1 209.442568 186.467994
1 180.724814 194.967207
1 203.531713 193.973627
1 193.107182 173.501593
1 196.032144 186.401373
1 216.060535 192.472274
1 198.853969 176.148251
1 192.250519 197.907028
1 194.037276 181.435106
1 199.799649 178.648621
1 181.725132 173.312320
1 183.153069 197.091140
1 188.637822 183.889312
1 189.229870 181.374885
1 199.026631 174.339036
1 190.123317 178.772194
1 211.479674 193.053529
1 201.737982 180.358956
1 199.410362 165.275356
1 200.678000 184.928028
1 178.902086 190.791062
1 199.439138 173.536568
1 201.121318 185.842062
1 198.505473 182.127880
1 194.792092 166.717099
1 203.281993 182.508794
1 215.404842 195.972708
1 205.148379 156.622375
1 203.190361 193.766879
1 201.587909 182.185522
1 210.067252 172.806962
1 152.358089 169.195766
1 143.045226 222.864909
1 182.691064 182.967326
1 216.353814 194.810836
1 192.557407 137.833252
1 166.231172 173.241582
1 232.308848 222.503563
1 203.962172 181.352624
1 199.890033 138.296405
1 179.038285 183.142828
1 205.670497 171.105137
1 237.502847 233.371794
1 187.251683 177.177513
1 186.891705 187.779739
1 192.962300 184.577080
1 204.201356 171.694699
1 202.828204 186.473404
1 184.783194 141.705152
1 191.805960 192.147589
1 260.172507 166.864391
1 191.849150 254.324982
1 166.301462 176.265693
1 161.979362 132.646837
1 178.819251 203.137502
1 192.840809 161.458543
1 196.756403 172.024217
1 217.126172 217.766453
1 171.739873 177.087807
1 177.354879 139.813196
1 149.628109 191.155854
1 194.062213 163.139709
1 244.055185 191.999242
1 213.048843 221.690952
1 169.178583 231.206034
1 178.321078 194.144215
1 204.454183 175.456864
1 122.548557 149.425774
1 173.251688 206.532971
1 238.102964 159.756397
1 238.839859 196.039530
1 210.028682 154.558741
1 205.156155 171.641252
1 178.354832 157.770972
1 146.266632 137.680917
1 193.334245 198.580641
1 242.855500 156.881518
1 180.524895 178.105712
1 204.282259 153.384538
1 255.153052 184.950955
1 197.308540 195.304065
1 229.920789 177.620298
1 212.563624 160.728631
1 187.413901 191.139541
1 203.367755 189.645452
1 185.569765 154.305131
1 191.215050 194.687368
1 200.939821 214.316622
1 223.511657 208.633287
1 171.354603 204.222843
1 208.983824 187.776066
1 154.349024 220.315656
1 180.708142 158.179908
1 185.743969 155.920577
1 227.401490 193.601938
1 191.957953 143.651122
1 162.071960 155.316243
1 160.005519 157.179826
1 168.807985 178.842591
1 248.189005 157.043324
1 248.628119 229.329217
1 256.696519 204.617774
1 220.508992 204.307096
1 181.219600 182.036856
1 146.822143 143.251607
1 173.324880 233.299762
1 189.198247 211.496960
1 196.381975 178.551807
1 226.570553 129.141458
1 221.309014 124.657136
1 158.064237 175.534250
1 265.594237 138.102412
1 253.452632 183.054658
1 191.831373 150.917224
1 247.138302 185.563490
1 150.443463 161.087116
1 168.658871 159.814559
1 115.126365 147.066332
1 220.000516 166.238477
1 223.586623 242.136441
1 243.238534 176.218797
1 154.569390 191.924721
1 220.769768 158.218549
1 173.327482 201.521182
1 188.452400 253.561456
1 226.304583 186.531235
1 144.622656 234.049038
1 185.272120 204.746014
1 233.233999 169.145343
1 233.145808 215.051082
1 232.480371 173.639034
1 208.261406 153.310920
1 218.162465 158.701203
1 213.514977 230.933935
2 59.664177 453.414726
2 50.576305 436.787278
2 58.482343 434.984402
2 51.425367 440.837784
2 43.175214 434.119097
2 75.720087 415.002922
2 58.804816 428.815023
2 63.347146 425.863559
2 60.732494 408.726670
2 68.614963 418.307461
2 67.604440 409.186050
2 74.532559 427.224107
2 45.398665 416.726962
2 56.673980 431.836704
2 39.766784 432.656259
2 54.629899 427.696813
2 39.445893 422.065107
2 64.010856 425.553187
2 59.602518 430.313672
2 64.184752 413.590620
2 80.182577 438.192942
2 70.931752 442.930283
2 53.810192 419.722364
2 56.705041 425.612133
2 56.175670 411.315359
2 63.494198 428.757342
2 83.436392 431.710276
2 56.345963 431.619136
2 62.089104 430.141319
2 43.408837 443.731623
2 62.548742 428.029501
2 65.727367 424.865274
2 71.831915 415.201987
2 54.332525 422.651007
2 65.391002 431.691994
2 63.955935 438.324871
2 40.333242 444.457525
2 44.756878 384.790993
2 65.249540 418.236464
2 54.859275 446.480778
2 10.946640 416.677259
1 137.580917 790.113407
1 154.195366 773.573497
1 148.767415 779.060031
1 148.218661 777.629893
1 139.421185 798.342218
1 138.908182 789.084680
1 160.131038 787.909778
1 150.308837 780.140365
1 157.117436 792.632554
1 146.027089 803.146904
1 157.586055 786.824144
1 151.165851 778.942263
1 154.737368 774.207855
1 164.555545 789.736037
1 144.243613 785.552113
1 146.093343 790.984559
1 136.628337 785.524255
1 140.338804 770.199865
1 135.578839 792.133503
1 135.556030 777.083723
1 153.267474 780.133094
1 150.762099 774.299002
1 147.859911 793.014543
1 130.425149 772.329319
1 147.324617 770.897743
1 170.979326 792.811980
1 154.225798 768.676333
1 146.283493 780.222102
1 156.864742 796.891839
1 161.861036 758.807051
1 128.360333 771.670554
1 157.033526 783.322430
1 154.356766 782.354495
1 171.076966 768.126136
1 144.477388 777.595097
1 165.772957 783.410554
1 144.512609 807.328646
1 146.033996 774.821072
1 144.874052 767.090004
1 119.442821 788.325116
1 127.828289 813.306700
1 132.302606 793.011296
1 188.074953 730.397229
1 136.846473 755.404671
1 162.744712 704.793052
1 111.115529 868.661787
1 149.927905 785.526758
1 142.602251 786.136484
1 128.093007 749.698097
1 110.720560 788.138638
1 146.975390 799.016842
1 193.772167 764.131627
1 141.076372 773.855141
1 166.755464 783.470298
1 183.598072 761.920617
1 127.876611 779.154081
1 97.673401 768.737264
1 107.235088 744.022355
1 145.028829 823.873647
1 157.023427 773.010623
1 123.102852 812.970956
1 159.902261 801.664653
1 137.419525 752.454186
1 160.840981 813.015281
1 167.912333 798.776615
1 120.496014 795.342171
1 147.430794 770.439488
1 204.786531 778.768868
1 152.738303 778.953690
1 192.931958 784.310558
1 143.665798 755.961018
1 125.726727 807.957606
1 176.934405 810.242269
1 119.782890 773.180206
1 184.335327 802.575274
1 113.840263 787.757443
1 101.875038 787.466200
1 115.687579 838.398093
1 155.261659 795.943630
1 152.694553 804.772223
1 126.374962 780.497230
1 88.252874 752.067828
1 101.049707 787.551277
2 332.462043 806.128348
1 157.083716 770.169918
1 153.075501 778.106145
1 179.366758 730.199023
1 157.092661 748.930760
1 70.080028 756.177816
1 92.450880 783.620709
1 133.845549 771.627905
1 215.129959 798.599018
1 185.535069 773.508946
1 188.801216 755.717022
1 117.208413 795.390471
1 162.432180 707.738143
1 174.318969 792.377422
1 148.964440 818.620755
1 179.134899 774.733363
1 40.109707 756.935920
1 118.643179 793.813397
1 147.285717 785.453204
1 185.699695 763.111448
1 181.464976 780.325532
1 121.156622 789.563972
1 177.966509 799.866181
1 162.400263 823.086398
1 196.217106 755.422941
1 163.708917 819.409464
1 194.572954 748.920904
1 143.028619 814.648318
1 178.394444 790.892550
1 166.742562 671.642017
1 164.988443 767.985636
1 78.823922 784.821685
1 149.496570 714.324210
1 102.435070 852.391376
1 91.061525 793.814797
1 107.334834 776.144346
1 125.768849 684.596044
1 110.889264 795.931027
1 95.637968 811.539455
1 204.396329 776.431061
1 151.189417 828.920208
1 124.073673 764.337983
1 58.402215 754.399970
1 144.273035 742.172948
1 120.996276 797.129041
1 129.070587 783.922052
1 186.621860 838.313453
1 48.079723 809.197495
1 127.476289 819.441886
1 144.061380 790.841606
1 151.081359 785.492895
1 151.999120 788.266309
1 145.469334 724.397964
1 127.899026 753.970134
1 195.553804 786.958256
1 166.025601 865.229540
1 193.239045 746.942635
1 123.333620 819.775062
1 120.972068 764.725661
1 179.057712 779.922851
1 167.843891 795.691651
1 157.378638 818.350122
1 156.614866 802.404007
1 114.036375 815.465813
1 116.412649 821.465956
1 216.973474 788.812551
1 167.617842 803.640453
1 205.672845 818.861669
1 138.003581 821.942081
1 159.734593 820.348017
1 177.703112 735.387623
1 122.445355 807.567932
1 191.657006 783.240816
1 90.719268 804.804692
1 141.465265 771.795489
1 143.980827 825.691009
1 118.554397 772.041801
1 199.162411 778.903910
1 169.235881 807.690239
1 210.445390 781.441138
1 80.487399 795.323698
1 199.203303 855.933659
1 173.832240 733.465261
1 328.002715 703.458144
1 108.270033 773.499426
1 118.165912 763.144975
1 142.306942 803.474015
1 144.931220 764.843759
1 130.788756 786.127066
1 146.394714 805.751069
1 171.428670 777.828510
1 41.308341 721.573374
1 117.925622 759.770308
1 330.539829 682.959658
1 166.065153 768.612117
1 188.446139 770.602720
1 130.976618 835.600737
1 190.337784 791.828530
1 183.016323 760.150611
1 134.745170 838.939900
1 115.432318 762.760892
1 193.985939 776.550861
1 175.824650 778.578365
1 156.707609 837.185854
1 120.292127 773.957182
1 172.416235 797.440734
2 499.585782 134.991032
2 484.248733 151.095240
2 487.072859 134.072046
2 483.869978 133.688808
2 506.632547 149.885286
2 518.370217 137.655406
2 500.372290 132.347817
2 487.886167 155.139001
2 493.720714 134.765195
2 500.592111 143.538737
2 509.219396 138.393067
2 509.805614 158.859363
2 494.685072 156.280964
2 516.707945 155.811111
2 493.952420 155.236588
2 512.198795 143.865391
2 498.891104 142.434045
2 491.287710 130.238975
2 493.997559 149.054409
2 505.718363 140.086895
2 516.354893 141.664266
2 492.726283 160.391446
2 497.273132 140.416961
2 480.665799 140.519273
2 491.863470 139.404843
2 484.169628 124.939385
2 500.296424 143.208910
2 502.431803 130.208756
2 488.163780 137.309645
2 497.665782 137.406016
2 507.121802 126.362128
2 504.037112 143.205893
2 519.923327 144.451390
2 495.384363 140.921447
2 497.827101 132.321328
2 485.296409 121.877189
2 495.878229 119.440463
2 486.023560 139.868389
1 414.159271 654.484542
1 396.965906 656.429721
1 409.232629 630.668999
1 407.023245 639.978443
1 393.944144 650.141133
1 399.197276 650.149638
1 399.486811 646.725757
1 400.259023 649.944374
1 399.088965 649.256337
1 399.326209 652.158784
1 398.848586 635.686138
1 391.609420 665.205160
1 409.607785 663.929181
1 400.774781 650.308213
1 400.950645 653.944074
1 396.906714 642.965381
1 398.298446 654.480653
1 405.424793 638.575822
1 381.367666 653.613494
1 410.397212 637.327155
1 401.354440 647.757411
1 390.971265 647.465206
1 405.861198 641.062399
1 398.602001 647.378318
1 394.385557 654.002274
1 393.340697 642.555826
1 411.539163 654.654595
1 408.226809 628.395687
1 395.338749 637.154486
1 415.984239 646.909203
1 399.215922 650.971434
2 556.654560 492.168320
2 566.327921 479.929622
2 559.645556 478.749257
2 542.108217 474.036524
2 559.685605 487.433473
2 563.369408 490.282628
2 573.381410 471.477110
2 559.161220 474.688788
2 557.486451 481.565274
2 558.252617 486.808067
2 558.899972 479.781194
2 559.745212 479.979779
2 569.635254 470.297255
2 565.753896 479.453980
2 568.280122 458.401332
2 536.452940 475.645585
2 545.797056 473.774194
2 567.445625 494.042759
2 543.069621 483.761617
2 558.284391 476.821103
2 561.074381 495.485274
2 563.167474 480.654356
2 566.168079 497.857587
2 557.684401 461.115869
2 560.512513 470.929234
2 544.830961 464.668945
2 553.586758 461.895545
2 564.947799 458.268381
2 567.193653 481.763242
2 564.631733 472.059136
2 559.099342 479.038836
2 557.992754 503.939145
2 564.291244 478.719299
2 548.831643 495.501298
2 544.664903 471.243575
2 568.669514 482.475636
1 416.650475 659.630720
1 393.099193 648.128906
1 381.232788 627.650884
2 518.678908 503.171264
1 372.707033 629.264801
1 417.303358 624.009370
1 445.923706 643.792834
1 447.333126 601.494310
2 596.335707 467.737880
1 452.696359 648.491061
1 422.629728 658.106312
1 369.700008 604.875515
2 568.595518 471.477649
1 395.343129 586.487547
1 407.462889 631.642198
1 418.098690 617.759084
1 403.756769 637.083201
2 507.235080 519.411305
1 393.937870 662.706347
1 437.737046 618.845920
1 407.323016 641.959275
1 413.980234 620.098239
2 523.155666 492.280661
1 422.419101 642.403623
1 386.485920 627.659389
1 364.750600 656.074720
1 403.376951 652.811871
1 457.541330 641.861837
1 458.523754 610.270209
2 560.431416 495.479922
1 371.925320 618.417856
2 480.016855 505.411465
2 485.463781 486.860748
1 435.376830 637.356128
1 403.628424 611.958542
1 415.485406 662.811833
1 393.937870 662.706347
1 412.434328 646.935400
2 560.233345 470.211402
1 413.180311 654.512981
1 403.847625 650.842543
1 390.057198 637.691863
1 449.782089 631.124198
1 430.261120 646.435963
1 427.387674 661.274960
1 429.273493 662.621241
1 435.085807 650.881412
2 527.131200 476.134068
1 387.795062 631.736015
1 386.512735 629.064536
1 441.817356 621.796921
1 350.542204 650.166783
1 422.800140 644.403007
1 409.779383 631.338387
1 382.546364 610.293818
1 395.623504 652.261895
1 392.666934 648.065496
1 428.135556 654.348326
1 401.622450 658.907865
1 394.428198 653.157048
1 418.593743 651.938820
1 384.834456 575.912384
1 428.253377 622.852422
1 402.498207 629.755456
1 353.150875 600.877503
1 412.795234 657.955164
1 452.942103 629.380467
1 387.458070 643.261661
1 402.840103 623.748150
1 409.747803 666.280546
1 398.922862 651.385299
1 398.080879 634.325805
1 425.394608 645.653028
1 404.674925 630.368139
1 378.316120 660.001594
1 461.083849 646.591483
1 421.775918 646.978145
1 375.591119 650.169505
1 393.532881 655.088299
1 417.014733 661.164690
1 424.808149 637.405840
1 390.440909 655.152622
1 371.045238 641.149995
1 392.114856 668.457714
1 394.954126 674.308099
1 395.577588 668.116983
1 575.661683 787.109299
1 554.016372 799.904415
1 581.751516 787.336215
1 566.340280 801.260464
1 567.376086 804.549630
1 560.549366 808.971070
1 587.251436 782.693528
1 583.242380 791.272099
1 572.751738 801.405733
1 564.153244 803.367135
1 566.634687 799.764181
1 569.401358 802.703440
1 581.768991 798.964816
1 572.759855 799.243772
1 574.622078 798.789140
1 583.571398 807.125762
1 572.145453 786.877142
1 574.188549 798.183811
1 560.629967 802.699365
1 568.084256 806.421477
1 556.173005 808.304817
1 569.348468 803.664456
1 559.722450 798.231480
1 554.189676 788.492689
1 570.431892 804.553449
1 553.812317 802.677720
1 556.450136 801.912863
1 558.457108 801.771453
1 588.384833 811.338194
1 564.321143 806.739449
1 563.309108 788.919077
1 546.552111 799.804377
1 578.038975 812.878854
1 570.841369 788.925269
1 577.269699 796.321275
2 389.538227 833.879714
2 402.161750 844.896420
2 409.237313 811.380150
2 399.890100 830.041025
2 405.207302 850.738799
2 397.580039 831.068220
2 401.636197 813.259206
2 401.312932 830.117661
2 399.712033 820.898581
2 402.382769 830.642689
2 397.509522 816.278095
2 411.152661 844.794265
2 395.711069 837.208026
2 390.150597 825.066402
2 399.501159 818.059710
2 398.257724 839.003859
2 376.583223 838.678080
2 382.307555 837.874612
2 399.456228 830.895849
2 413.065501 846.807698
2 415.642324 835.764118
2 390.094158 829.951194
2 398.878255 849.165779
2 401.366324 848.649844
2 399.819838 837.191383
2 398.449407 821.013905
2 402.179150 831.091748
2 418.329704 828.496631
2 400.384027 826.575821
2 402.664223 816.254259
2 404.526549 830.470441
2 397.917414 854.296024
2 388.306593 841.258806
2 382.629465 844.753000
1 435.601665 709.628443
1 552.625410 779.468106
1 574.130740 823.674069
2 405.157919 850.582319
1 537.171430 801.930966
2 415.524611 824.689584
1 600.683778 787.354492
1 543.439103 768.872652
1 581.719886 842.910308
2 404.060003 819.775982
1 557.831182 833.328456
1 566.078854 840.615697
2 393.926117 836.491681
1 580.716835 791.917944
1 540.981766 833.484789
2 453.488761 838.630068
1 592.580361 798.690565
1 562.698187 788.905517
1 568.980911 785.705207
2 385.249660 805.643702
1 589.460765 868.474789
1 605.554431 784.192223
1 588.043308 810.508804
2 391.024221 789.359711
2 401.819054 819.894259
2 411.997149 832.856105
2 415.256456 854.173609
1 570.768659 888.907655
1 374.935552 701.771688
1 385.317668 697.320427
1 586.070851 801.437836
2 417.473569 826.724229
2 427.495809 817.586678
1 589.912686 787.731981
1 566.273851 782.611223
1 579.429923 898.417991
1 596.472376 811.963411
1 625.124754 765.225676
1 611.959921 797.712955
1 565.047180 780.610886
1 530.825277 778.457611
2 386.196515 829.655017
1 547.839528 784.912220
1 337.164815 692.181796
1 510.525831 859.636386
1 518.655842 798.278196
1 584.223071 797.415380
1 566.187507 821.447912
1 604.052521 827.469571
1 372.490663 671.116639
1 554.573339 796.795289
1 563.420519 800.350108
2 402.533871 864.068999
2 472.940272 828.885184
2 359.978154 829.810008
1 643.517236 802.807517
1 577.726679 781.569574
1 578.647303 821.265101
1 615.806593 817.989000
1 526.781870 815.643594
2 400.936844 808.750044
1 406.585601 679.734845
1 439.104589 675.384179
1 542.573958 802.417693
1 591.045652 908.748111
2 412.447448 828.388521
1 600.418514 806.306857
1 576.399123 819.528766
2 419.855962 822.215486
1 596.128710 805.744836
1 374.352795 670.893426
1 582.636947 841.713743
2 401.532000 823.280290
1 390.416180 667.412235
2 413.786756 838.272326
1 591.196824 791.535104
1 583.880469 825.369716
1 411.288926 670.422678
1 403.075874 676.616208
1 571.673039 844.429682
2 381.294110 857.733639
2 391.775877 843.712256
1 586.652481 802.464724
2 404.386445 865.410347
1 558.274793 816.552366
1 561.567343 796.418453
2 439.699370 806.259387
1 566.428042 847.426269
1 576.211397 835.779604
2 410.857557 808.497940
1 590.486814 890.091294
2 405.918695 851.388655
1 575.512839 809.871772
1 650.708554 770.634483
1 589.497453 827.628310
1 450.034158 690.679350
2 383.694382 782.600521
2 385.540899 783.467619
1 583.303506 828.811926
1 576.792839 791.606365
1 598.042101 902.984211
1 588.745190 841.149732
1 429.686128 670.744426
2 383.872540 812.878608
1 603.977788 801.517805
1 611.450185 833.860521
1 536.293518 828.413366
1 561.966794 802.783252
1 401.258083 700.365880
1 582.539318 834.537948
1 602.100467 832.054722
2 403.060469 796.387955
1 565.659444 778.818168
1 569.471604 813.634224
2 370.858438 835.898350
1 519.764360 788.229129
1 421.972052 725.374827
1 560.848266 774.270169
1 617.349813 825.526200
1 589.810146 841.636574
1 552.264667 818.601944
1 553.222263 763.656318
1 616.368292 843.690863
2 404.115144 813.777494
1 566.817262 818.684802
1 606.321479 785.810195
2 344.743595 831.900280
2 427.624995 805.565333
2 418.054917 849.064090
1 400.735276 684.055951
1 586.161249 758.910802
1 637.656365 824.548488
2 429.203405 800.236328
1 442.695998 708.289595
1 595.347398 785.717145
2 360.225223 815.292584
1 663.564074 824.740625
1 533.056284 761.167934
1 580.851105 807.753707
1 595.369040 808.456720
1 545.796887 820.332097
1 553.928443 750.069383
1 564.326465 821.674779
1 599.811759 775.017460
1 553.609174 784.788149
1 566.251043 810.419159
1 627.563054 816.531548
1 550.408972 770.658412
1 604.987643 803.043123
2 461.909994 843.136345
1 565.589985 809.342058
1 586.177497 779.474591
1 543.995296 836.538645
1 570.486299 793.975725
1 574.136647 801.473073
1 579.364627 782.300786
1 578.892736 803.156898
2 359.155978 802.817934
1 526.061471 819.012171
1 557.545031 781.980385
1 590.619231 844.239173
1 367.229514 697.152700
1 576.762011 785.359480
1 607.295953 765.613668
1 578.105392 882.664141
1 566.633453 822.953532
1 543.347800 750.760710
2 436.496185 825.678041
1 547.029285 855.504758
1 579.466631 823.110510
2 427.269660 865.879949
1 415.135430 681.646243
1 544.777869 765.390573
2 405.944873 833.885889
1 573.453869 790.188100
2 457.518083 792.169433
2 383.958742 859.989079
1 528.085230 764.110813
1 638.803557 816.634384
1 587.364355 746.813776
2 474.003035 842.169610
1 564.867593 891.888650
1 530.259471 760.881020
1 526.776363 799.657035
2 476.268768 841.752896
2 389.521515 810.033235
1 565.424140 788.792548
2 360.899936 814.240966
1 496.767327 792.311961
2 426.794806 810.440648
1 579.093209 804.752012
1 580.717967 792.733716
1 594.902397 758.272338
2 476.387475 857.084293
1 575.578318 835.508243
1 548.941011 790.950721
1 564.128795 842.194442
2 406.955320 860.202396
1 575.250857 783.697784
2 403.821506 740.740064
1 556.552672 830.186440
1 571.160689 838.210625
1 560.734642 801.564623
1 601.406188 842.039401
2 463.100709 836.315377
1 607.669150 746.018373
1 574.919549 819.396000
2 390.432128 807.135044
1 580.774835 765.342872
1 409.422352 673.016205
1 490.933919 757.699161
1 542.802195 797.709991
1 560.691313 785.704054
2 449.508806 847.248960
2 398.506539 832.497243
1 501.161297 797.619451
1 430.344172 676.968617
1 568.103457 781.736357
1 577.295883 755.686955
1 388.131591 689.536673
1 596.492873 874.346556
1 577.197027 777.767407
1 582.856782 801.337615
1 599.070811 891.731950
1 568.240380 771.503969
2 356.913512 849.124902
1 574.388716 771.834104
1 566.874127 815.002487
1 575.899104 817.721270
1 560.716900 832.183801
1 563.359429 786.495525
1 434.571091 691.281231
1 338.654749 675.983415
2 412.285214 820.570244
2 416.403255 868.879650
1 574.313625 745.210938
1 425.935896 720.228301
2 389.875911 777.450752
2 414.653482 823.746260
1 539.709971 813.770792
2 375.620910 842.967162
2 404.051670 814.748880
2 424.214405 800.683694
2 381.878308 824.203775
2 410.340957 833.928453
1 657.069663 853.002239
1 564.962794 732.466358
2 373.819057 832.612641
1 555.095361 801.185838
1 796.388864 306.657840
1 821.036917 304.551643
1 829.830806 294.046739
1 821.918281 286.535242
1 827.008361 306.982318
1 819.562622 309.232983
1 802.629404 300.577595
1 839.125300 303.166866
1 819.550908 293.675277
1 823.128751 297.453261
1 821.751465 291.149601
1 818.087407 302.558102
1 815.426318 276.391480
1 818.450751 282.660983
1 820.312877 300.045297
1 819.187439 300.062221
1 804.173060 292.202385
1 822.934482 292.983958
1 820.841994 316.170513
1 815.418058 296.885520
1 819.454788 297.964086
1 814.089782 286.227806
1 814.952164 321.010370
1 825.252307 296.898763
1 803.852044 302.353583
1 823.426854 290.314283
1 837.694861 287.564907
1 831.735188 292.686087
1 834.640377 300.015460
1 819.206725 279.764840
1 822.409595 321.539671
1 817.297562 303.155753
1 814.325253 299.945888
1 826.184956 286.264424
1 879.300324 299.319400
1 828.676144 280.564447
1 798.414712 329.588798
1 793.460630 292.919033
1 820.269388 289.731016
1 848.519553 264.608348
1 832.405969 307.080815
1 861.242660 299.072296
1 824.607019 331.676467
1 794.388599 310.144725
1 867.256423 323.496794
1 853.679660 315.470832
1 811.468010 263.766672
1 776.633819 288.353743
1 834.339796 313.849144
1 820.865645 324.149023
1 826.090756 316.801429
1 845.774074 308.209410
1 849.104817 280.345286
1 853.240014 283.394676
1 864.430794 329.257139
1 787.501767 281.013057
1 831.885487 267.782559
1 776.712954 262.818810
1 872.404506 322.528055
1 796.977635 317.576650
1 798.027916 309.800224
1 816.080352 250.962153
1 828.060497 300.401990
1 839.153045 260.776370
1 830.181891 309.205632
1 831.308073 298.723354
1 844.271908 247.711436
1 818.655536 269.748763
1 814.053488 226.179694
1 823.461253 268.215232
1 815.735094 274.236057
1 871.060759 326.754112
1 790.637124 332.421979
1 884.054986 295.533884
1 844.915985 306.128199
1 808.077706 235.284532
1 795.115085 308.919472
1 873.654665 260.947266
1 812.278202 312.569500
1 871.953822 259.967270
1 740.569657 314.072829
1 810.985976 289.511302
1 840.253077 258.280489
1 811.120664 324.784848
1 916.849203 292.513031
1 833.414749 299.310650
1 819.030697 315.880809
1 813.224307 254.172082
1 869.346611 314.641135
1 810.852729 272.867412
1 777.708402 277.350387
1 809.322039 291.613163
1 851.913320 320.133702
1 868.505334 321.914409
1 820.965275 327.798456
1 877.642907 254.931087
1 839.403607 267.596755
1 841.947515 245.171363
1 834.440765 256.038066
1 774.383041 231.581642
1 829.525749 320.290752
1 856.877418 329.821758
1 858.777827 253.391332
1 835.193479 313.411583
1 830.002860 255.273770
1 806.664459 329.172959
1 852.562191 328.587052
1 830.742773 243.620041
1 801.671276 326.334786
1 893.546135 246.084043
1 891.607315 241.668109
2 840.676232 608.621616
2 852.475574 633.410839
2 846.066883 625.840064
2 841.955730 613.519406
2 866.584727 624.813974
2 828.963805 622.449259
2 837.016986 614.694498
2 840.738615 643.357703
2 838.721206 644.038280
2 859.753973 642.335668
2 837.233535 635.162835
2 853.881323 619.546542
2 853.359522 611.015333
2 850.418268 615.658842
2 858.067359 619.559308
2 857.351504 643.163369
2 850.318600 639.521488
2 835.521914 631.914579
2 850.077215 631.957816
2 856.027421 643.177058
2 852.373098 634.690302
2 851.245743 630.290808
2 837.884820 636.400251
2 853.265255 626.674026
2 848.812040 628.612968
2 850.192135 635.737483
2 849.995893 630.763458
2 846.559716 642.299393
2 855.763583 644.513919
2 846.730506 607.687930
2 856.436795 633.342058
2 852.717873 632.804110
2 842.090755 638.151091
2 850.444308 630.218780
2 850.868218 630.077384
2 841.498960 633.550477
1 824.682558 333.592338
1 830.995270 334.342189
1 812.837608 340.945122
2 818.505568 629.004711
1 830.913430 339.077981
1 879.437208 339.433614
1 803.866935 344.772444
1 847.136589 344.122849
1 811.334692 341.455563
1 856.634467 339.046417
1 800.139988 383.834965
1 850.344369 361.050796
1 817.809396 335.120255
2 831.975201 604.455370
1 817.407803 343.512760
1 780.966077 342.525671
1 818.863155 357.281703
1 842.227378 333.700726
1 826.875623 336.494286
1 851.386467 368.461569
