1 210.114308 186.948301
1 205.196307 190.114481
1 200.028815 178.904122
1 212.483211 172.490510
1 179.145205 192.423152
1 203.705688 176.662764
1 220.372450 167.082820
1 190.286978 163.249754
1 180.475691 186.882647
1 204.553109 188.063940
1 196.939850 198.505773
1 199.999612 180.015226
1 196.346362 175.409721
1 193.785615 175.874331
1 186.504118 179.103378
1 212.946587 178.048028
1 209.544623 167.571960
1 181.902077 174.280506
1 205.334414 178.161422
1 188.913952 189.585743
1 207.066242 193.777773
1 214.856571 170.711981
1 202.955266 172.699582
1 184.536981 177.049929
1 184.258736 186.863044
1 194.252804 187.623283
1 201.516642 175.161366
1 221.555916 184.444234
1 204.039642 182.773306
1 209.057956 178.535843
1 198.418725 169.288476
2 293.914801 136.273860
2 245.197685 60.614106
2 294.372177 189.389279
2 123.511157 300.565481
2 304.332227 62.381701
2 158.408097 123.982872
2 238.095347 173.144910
2 6.988644 146.061295
2 89.577762 289.336909
2 225.903249 289.597707
2 18.138077 109.929903
2 3.136457 219.714821
2 129.998060 280.385958
2 31.140934 115.490686
2 140.521718 239.398896
2 87.105782 18.602916
2 203.383335 10.801702
1 181.097483 152.640316
2 143.183842 111.717142
2 207.305578 21.471236
1 177.405335 156.454888
2 263.736653 185.847894
1 162.393404 195.670923
1 188.316363 157.042329
1 210.880904 187.590802
2 168.559444 85.068236
1 205.123276 164.934718
1 238.639987 224.552386
1 217.281277 223.904048
1 199.265973 123.866837
1 223.237345 182.889194
2 146.082396 146.745966
1 200.906086 170.256340
2 161.109073 172.595241
1 234.231640 167.454292
1 107.219844 121.591630
1 204.576067 189.949806
1 173.467674 192.802449
2 71.691364 325.666829
1 206.527931 148.926467
1 174.700134 188.199889
1 193.721684 171.099970
2 77.101990 153.955018
1 246.148222 163.229291
1 176.322295 164.888850
2 131.128690 106.188878
1 216.746224 184.964397
1 210.772533 168.971042
1 174.020379 153.517047
2 257.880450 176.972922
1 206.883874 180.009978
1 214.996215 203.858731
1 185.240608 209.466056
1 203.767105 204.621711
1 207.582338 156.398191
1 190.319080 172.663866
2 163.847736 164.157094
1 157.651889 201.241372
2 266.256475 156.192008
1 171.738881 65.959998
2 116.891197 139.153085
2 261.128549 103.404334
1 203.846290 201.626693
1 151.391243 200.182027
1 250.779160 210.938123
1 178.869817 129.424517
1 173.716806 188.075241
1 233.826153 151.170904
2 108.137910 123.483289
2 186.539522 168.881392
2 146.933286 112.103721
1 230.190697 192.204301
1 256.983222 148.468767
2 254.841959 178.094081
1 276.433072 198.750618
1 169.454140 150.098144
1 216.057792 143.846468
1 252.146611 176.187554
2 313.699904 140.101872
1 136.057329 166.013517
1 121.754344 139.397827
1 247.266366 238.573285
1 217.007123 167.585408
2 116.210269 255.045152
1 223.305129 173.701122
2 112.888838 201.253703
2 262.622126 211.891653
1 155.518022 217.763389
2 165.128327 211.221681
1 163.971436 215.166562
2 149.951897 115.023269
1 202.814233 203.632510
1 193.833032 199.126814
1 158.728010 184.140795
2 132.872286 261.540534
1 221.649347 217.205990
1 193.277699 178.876068
1 195.641236 198.113143
1 255.046281 241.347959
1 225.378052 150.256589
2 229.488664 169.971218
1 231.417967 146.023488
2 168.538383 224.415876
1 181.952673 165.519375
1 226.064030 165.822016
2 130.685263 119.991193
1 185.623321 236.107686
1 193.607296 169.057898
2 207.873602 234.361518
2 259.606338 175.847544
2 167.372085 144.887333
1 202.082046 131.406864
2 323.885122 219.037513
1 213.704351 221.895920
1 262.615330 260.077251
2 151.628237 145.024852
1 212.249037 166.432224
1 230.871912 193.312373
2 313.010217 233.306744
1 195.487527 210.003098
2 97.941930 272.083659
1 242.729019 171.040735
2 171.244360 543.570455
2 20.994490 632.140718
2 66.088670 339.827348
2 153.389716 641.988353
2 197.668517 576.454287
2 142.015951 484.013842
2 162.585077 510.800457
2 28.754951 434.886062
2 28.433730 395.907137
2 285.577834 399.682199
2 243.642724 359.433039
2 206.003233 444.655875
2 119.399959 429.388510
2 73.254313 598.941207
2 99.191083 646.504344
2 207.408084 475.388057
2 175.878546 664.310229
2 288.142278 641.402465
2 169.215524 656.912732
2 330.067070 599.981003
1 325.934942 658.197745
2 270.964133 656.903639
2 325.354673 614.748308
2 265.140431 666.455277
1 332.041823 646.850510
2 77.942740 615.183840
2 114.052819 666.664567
1 321.734686 656.865609
2 220.668215 643.704550
2 298.849618 611.424315
2 270.737808 657.258613
1 311.790328 603.470619
2 145.998951 664.438606
1 157.487720 793.321122
1 143.108860 781.374177
1 152.529190 780.121808
1 140.785421 784.378476
1 129.883861 767.236260
1 148.994945 781.462857
1 139.319658 769.947154
1 139.604911 775.162807
1 139.669431 765.674780
1 145.115120 801.068668
1 147.551750 782.847987
1 130.097206 782.724603
1 165.210033 792.478869
1 145.398130 795.977175
1 154.683136 787.143884
1 143.634279 768.792677
1 171.706840 790.920699
1 154.831874 780.177508
1 131.403224 778.324781
1 142.264031 791.512781
1 156.685346 781.153872
1 168.558070 768.279076
2 278.842459 682.923933
2 144.085517 872.816056
2 179.601668 815.345060
2 235.255087 804.442660
2 25.964187 815.865713
2 304.534268 779.614386
2 168.179667 893.592700
2 155.089063 886.894080
2 206.757819 820.565459
2 95.990597 827.499648
2 251.927141 815.949635
2 97.995087 682.932946
2 186.317673 845.551338
2 54.460575 712.218472
2 132.847880 719.890740
2 251.392151 680.540094
2 92.891069 894.358573
2 78.445487 880.182434
2 292.569065 875.351900
2 77.476669 820.379680
1 89.119619 804.637219
1 158.000346 796.010718
2 122.160029 839.849909
2 164.948090 702.363107
1 131.834507 781.652987
1 172.396350 760.505520
1 123.772650 764.300056
1 178.377429 794.265362
1 112.125359 774.029428
1 150.662653 809.532918
2 75.280240 684.459739
1 184.596838 787.105853
2 262.688954 679.189639
2 140.063638 900.707475
1 159.106332 754.083258
1 83.950637 803.258429
1 123.435014 797.195287
1 153.154903 796.195915
1 152.931292 727.735892
2 326.218210 728.006921
1 216.304184 770.787742
1 159.410374 775.998111
1 169.509769 781.749089
1 160.192702 803.126257
1 128.778500 779.390928
1 187.989902 857.710454
1 123.603926 818.128228
1 137.310690 815.178787
2 310.505006 734.768037
2 99.796409 819.887395
1 162.323217 775.042028
1 62.810965 783.814207
1 152.820037 788.135428
1 153.083551 778.626476
2 95.871320 702.876106
1 193.041864 745.621537
2 153.450208 854.726984
2 214.194890 832.251869
1 193.016592 787.966574
1 158.616653 809.396065
1 119.737301 834.803262
2 320.470863 755.208917
1 120.406914 734.534770
2 101.966678 795.918042
2 129.462362 840.283644
1 74.124472 784.131318
2 172.639388 981.912779
2 255.448114 801.702260
2 239.343741 830.911236
1 173.136857 709.464166
2 113.850570 683.312576
2 90.072450 846.993388
1 149.340232 805.249806
1 180.765819 813.595099
1 100.310700 753.286029
2 39.425764 778.967969
2 315.087127 725.069269
2 202.052203 835.618497
2 191.705722 844.250520
1 210.489712 763.814406
2 160.894623 839.232457
1 179.550093 759.423948
2 126.950111 826.104107
2 213.593764 852.596619
1 142.415962 813.274616
1 182.503054 811.717193
1 190.376232 797.985324
1 131.984281 774.448794
2 121.714330 879.695669
1 123.726087 743.237373
1 320.874767 681.523428
1 158.190166 799.057120
2 55.098267 858.347560
1 88.005468 772.041409
1 176.922186 795.680505
1 182.275934 826.713525
2 146.326440 867.991379
2 294.780022 719.375833
1 130.513337 754.251099
2 151.450638 894.940306
1 110.914055 800.412212
2 349.778605 9.205542
2 363.834378 164.526498
2 527.996854 292.824059
2 666.366008 82.483431
2 429.921659 60.700783
2 442.269964 137.611678
2 578.546029 74.844074
2 463.885595 159.578450
2 608.180601 176.614387
2 581.659812 104.667085
2 584.759719 8.514276
2 406.604858 243.912258
2 390.672135 228.799509
2 623.500289 78.874461
2 371.782737 51.913341
2 402.867411 243.143525
2 334.950622 271.238755
2 444.498006 305.325461
2 571.288115 214.680961
2 459.060437 293.612571
2 354.686813 262.352038
2 357.589295 176.293521
2 348.331118 233.045322
2 344.760306 39.676795
1 403.504982 652.571265
1 390.688447 647.845610
1 405.143784 645.741016
1 399.545928 650.646476
1 387.102474 631.882672
1 385.087245 644.224714
1 405.531501 633.996536
1 408.893194 651.784645
1 397.339133 647.323642
1 394.188539 646.559336
1 397.250624 649.699913
1 406.456430 640.285232
1 397.868197 650.876934
1 408.039858 649.382839
1 394.377634 647.022654
1 394.835188 662.032331
1 414.147286 642.437744
1 402.351592 650.678890
1 393.106662 639.004447
1 401.110278 649.500800
2 455.653924 403.258451
2 554.207542 524.403726
2 422.263068 585.874800
2 545.309700 599.809725
2 569.053141 516.305782
2 638.136057 382.283967
2 514.384405 514.909617
2 421.769390 657.734760
2 567.767176 623.068481
2 414.301767 487.742486
2 346.897906 350.992522
2 515.624875 369.475080
2 379.458646 395.931238
2 603.739266 638.164720
2 493.003781 406.135317
2 439.302773 543.991638
2 622.657885 589.764738
2 624.977644 549.091301
2 418.523773 349.099599
2 651.343269 665.120359
2 356.809001 521.837604
2 428.645589 575.460718
1 394.903775 646.814456
1 391.919851 618.424653
1 378.262592 624.763248
2 394.741154 575.875340
2 416.114856 572.434976
1 403.133878 572.479240
1 382.317651 655.226966
1 406.570366 581.854521
1 402.970938 604.666935
2 403.318276 543.330787
2 518.621710 619.326803
1 453.207416 638.802640
1 393.531085 613.284413
2 407.782762 550.653000
1 436.617471 609.589872
2 561.943474 632.620119
1 376.555264 573.361095
2 433.184066 535.953535
1 415.316525 648.116179
1 369.792341 639.379436
2 442.578781 650.706838
1 460.587028 630.298177
1 347.311949 638.607135
2 645.573144 624.875261
1 421.045763 624.631579
1 361.553763 658.990650
1 418.386996 656.733790
2 502.224068 584.960428
1 375.933159 664.964592
1 384.872727 620.304159
2 348.320348 639.206986
1 374.352624 654.135614
1 396.960193 563.602763
1 397.448766 543.970192
1 366.721759 644.068371
1 381.136238 610.042231
1 369.612237 651.896434
1 372.760410 656.536834
1 384.393127 627.484413
1 364.601722 639.995071
1 388.124291 574.260057
1 411.043589 581.832166
1 345.339432 596.927041
1 464.542485 641.359811
1 411.474256 625.154273
2 416.536190 549.424137
1 394.495615 659.880072
2 437.546810 560.508262
1 453.870344 627.748684
1 450.226832 645.885561
1 383.336454 650.629807
1 379.856970 566.538792
1 380.220201 652.068276
1 407.124590 606.679485
1 450.529847 635.444206
1 592.269184 788.914880
1 569.833038 799.846903
1 585.959880 788.115219
1 569.629502 802.786922
1 577.599504 805.651019
1 574.622168 791.722488
1 576.378288 808.759825
1 576.727973 810.336564
1 548.627846 793.185977
1 592.906930 809.881322
1 592.085861 806.001343
1 575.887485 815.058752
1 565.419632 797.485520
1 582.643007 781.605743
1 571.754810 812.072489
1 571.582199 797.383136
1 590.387599 797.733528
1 577.335586 808.401524
1 580.041311 806.092403
1 561.438024 797.509067
2 577.914558 714.854242
2 436.675419 920.930438
2 443.770658 934.503837
2 373.322691 854.021838
2 574.700117 858.400583
2 610.104511 840.210379
2 642.694306 910.732831
2 659.645040 947.878012
2 381.538185 894.107693
2 339.589366 723.918474
2 412.598899 810.795338
2 382.367949 691.752045
2 503.259611 871.763370
2 408.423329 772.895511
2 520.087113 997.883590
2 496.779949 667.697406
2 447.291469 719.800295
2 473.722511 702.352219
2 572.124382 759.782192
2 542.324607 680.102779
2 622.243191 962.189270
2 524.971951 840.720524
2 583.814646 844.751735
2 616.138961 886.174952
1 578.694180 803.128069
1 592.605691 790.880595
1 603.454713 800.073349
1 632.475195 781.314386
2 601.793876 857.712476
2 384.483197 777.598067
1 582.668240 789.049545
1 577.255229 830.829595
1 587.348537 814.900038
1 582.277633 800.654055
1 568.419486 883.876749
2 438.692754 968.420520
1 567.776381 819.988166
1 395.096547 683.823501
1 599.419946 797.615116
1 559.383765 823.867873
1 556.197460 804.502148
1 604.381310 813.307666
1 572.849725 752.004370
2 660.920812 881.933703
1 553.861733 799.114361
1 395.598572 670.768861
2 665.311014 770.973340
1 580.967824 788.340815
1 592.207381 784.473754
1 521.921230 797.797125
2 641.278900 834.842332
1 537.501567 845.035203
2 661.421887 927.468260
1 398.559045 727.817249
2 455.486131 922.912839
2 649.903294 803.883656
1 545.328085 821.052440
2 339.442165 710.433768
2 362.581728 702.563275
2 382.278132 675.346997
2 515.820731 872.408300
1 569.900931 761.879956
2 479.857691 758.288366
2 582.520360 881.930067
1 625.377492 815.983296
2 422.994331 698.174183
1 550.743137 801.411749
1 402.880287 669.066376
2 404.049839 735.393989
1 632.913370 821.003096
2 624.118141 670.740698
1 563.412300 789.589514
1 595.353545 746.106243
1 599.237798 786.250369
1 539.381583 733.378497
1 554.294242 855.686131
2 624.244004 797.576052
2 410.735244 733.908952
1 613.081761 802.216169
1 551.949257 783.327965
1 639.118971 768.276136
1 528.443200 864.474379
1 577.161387 764.535700
1 611.627243 728.882391
1 531.773532 809.131941
2 373.123107 670.651647
1 541.241965 757.443333
2 383.809916 672.785323
1 548.086356 809.431562
1 552.411553 788.802443
1 641.663851 745.113283
1 437.300864 680.788902
1 579.323287 746.059594
2 607.545462 823.527027
1 559.153765 858.929338
2 416.195152 769.476343
2 446.671927 713.277769
1 543.680571 822.988871
1 650.970973 810.780564
2 582.122050 875.523226
1 475.039509 768.921997
1 565.747557 769.244087
1 533.117354 782.649971
1 543.474417 747.660487
1 548.976451 765.739552
2 509.079714 898.135075
1 595.126163 853.051745
1 634.285027 808.147408
1 569.594661 797.178952
2 616.784092 700.443428
2 417.818486 810.498412
2 586.147024 717.353461
1 641.872654 716.076080
2 376.482822 695.020118
1 617.663094 776.687939
2 341.020070 706.411891
2 587.163328 912.766167
1 575.585422 782.961024
2 497.898279 884.424221
2 568.435265 916.647216
1 577.531042 797.301031
1 583.629820 801.054894
2 361.209305 724.185719
2 409.454995 870.767188
1 497.521292 850.355187
1 595.149092 776.482746
1 570.931989 800.218394
2 407.037368 762.470253
2 595.170443 785.148889
1 534.663151 767.934625
2 551.236852 802.757836
2 584.867525 837.231487
1 608.912661 753.891547
1 595.257108 755.463803
2 621.195648 859.956739
2 360.631159 685.438465
2 438.290460 763.839583
1 530.347911 740.540659
2 358.711664 746.531584
2 504.678611 884.821601
2 491.327470 686.297212
1 563.217245 832.436750
2 631.138585 707.514865
2 350.063901 737.856474
1 570.159558 822.119981
1 567.682842 821.443459
1 558.365784 828.635920
2 417.481345 767.923660
1 543.008347 832.212166
1 513.266858 777.096413
1 582.417254 751.379188
2 419.393071 810.976946
1 568.618789 748.117489
1 573.962188 842.295138
2 582.406695 716.017976
1 382.989972 692.419651
1 624.585238 858.225452
1 558.482391 842.862152
1 560.296962 768.096612
2 366.151440 729.520702
1 562.569025 806.150712
1 554.582359 823.498000
1 571.503938 863.981737
2 340.710881 709.115831
1 561.039421 814.816467
2 633.640082 897.631916
2 378.664269 836.283291
1 558.770238 788.389850
2 577.490956 807.425313
1 584.961324 781.983842
2 625.658942 962.945023
2 646.743963 926.878027
1 589.792755 860.989241
2 409.210122 709.576416
1 581.282067 731.393733
1 611.923387 732.132629
1 581.023131 757.728247
1 663.494782 780.223777
1 555.097510 766.191866
1 567.170074 762.122742
1 595.972895 789.702958
2 581.932335 834.841959
2 430.405366 690.132241
2 616.798030 793.571814
2 433.217546 790.848431
2 614.929470 826.225719
2 429.914361 780.392178
2 482.785262 888.195460
1 524.166717 803.980141
2 622.282614 792.662923
1 557.184468 741.080591
1 588.749240 797.061644
1 632.328693 813.001430
2 623.321973 761.306247
1 625.819599 861.142944
2 528.438428 846.273028
1 601.054533 784.896108
1 649.711425 782.606703
2 597.965654 797.178280
1 576.576190 765.255575
2 485.223761 884.705487
1 592.688400 805.573489
1 587.128747 757.062853
2 466.559628 675.606226
2 429.598136 783.001098
1 562.074219 810.563374
2 471.362997 726.309001
2 422.965431 677.554715
1 600.673033 709.086177
1 550.134226 806.259042
2 588.132590 974.498299
1 617.582659 829.381980
2 630.766378 825.045652
2 640.633237 810.507107
1 596.861791 780.462180
2 606.872113 847.800278
1 825.323420 313.131564
1 817.333145 301.770809
1 824.995430 303.209579
1 814.043604 287.613507
1 834.044190 283.999700
1 819.691371 300.488439
1 820.155986 304.158386
1 802.061386 300.942897
1 818.328382 301.953430
1 830.789986 321.305360
1 837.939457 290.559085
1 827.960425 295.295719
1 822.190965 301.146311
1 828.619228 297.276916
1 824.871657 302.618242
1 820.658663 284.509079
1 817.915434 307.558264
1 820.400217 300.308929
1 824.072163 310.451970
1 818.762404 303.936763
1 812.497967 279.106009
1 829.669497 290.198884
1 797.302606 305.825083
2 666.798979 177.648918
2 893.464066 245.978228
2 755.215109 262.818065
2 967.740334 176.295514
2 847.526756 47.555112
2 896.554048 172.220755
2 777.515608 169.121337
2 763.118143 314.693327
2 830.285743 135.188482
2 995.768737 265.352777
2 801.264136 178.192910
2 844.330495 166.834008
2 792.672124 105.940476
2 786.455709 275.805450
2 909.989381 231.012482
2 721.232896 113.150164
2 955.189126 119.127902
2 923.879637 114.424918
2 799.230402 268.265659
2 725.838965 321.164163
2 826.266588 220.737925
2 992.212422 18.595498
2 747.794707 283.159653
2 743.638688 290.934731
2 763.306436 291.687699
2 849.307460 120.425744
1 811.720328 322.576981
2 842.640396 278.647259
2 823.972761 280.127798
2 939.377407 331.542358
2 858.060699 189.782219
1 814.173402 259.402422
2 748.335368 302.540189
1 881.849278 289.352520
1 867.204886 291.737963
1 817.315365 313.644296
2 852.018588 268.197519
1 845.372948 327.926924
1 820.754969 295.818512
2 704.675620 313.373447
1 882.385409 279.913581
2 890.930424 114.757543
1 778.372968 315.613305
1 819.690367 254.024064
2 699.227949 102.972416
1 814.815588 329.588592
2 733.289278 284.024745
1 880.925594 308.188545
1 889.155492 295.404715
2 788.450113 313.885244
1 811.875136 312.043774
1 782.823038 296.541588
2 767.722499 238.642984
1 844.133280 312.424390
2 788.298148 159.022599
2 725.701417 250.269883
2 727.109877 300.568167
1 816.153195 250.279131
1 782.521932 265.379204
2 847.288795 257.275307
2 745.256348 263.516957
1 876.964890 317.998462
2 885.906456 182.282099
1 816.860768 277.701939
2 718.136374 253.729837
2 685.476983 287.383159
1 846.763316 281.652666
1 746.863985 309.773106
1 878.958353 323.703903
1 777.727859 265.699648
1 834.164544 300.582613
2 775.518101 303.844516
2 871.474339 225.856413
2 859.901112 268.881349
1 771.689728 265.136500
1 846.889282 252.837325
2 924.822934 360.146150
2 853.461554 617.476469
2 898.600168 540.882315
2 677.775509 342.930127
2 867.559483 627.575568
2 857.254788 594.139169
2 772.892698 525.418582
2 813.839232 641.817628
2 864.808386 501.433124
2 710.275476 501.749901
2 923.699222 340.109950
2 857.317670 417.800218
2 964.958860 377.922429
1 796.298855 346.590018
2 730.660311 370.064527
2 935.791103 333.537830
1 787.514165 366.309243
2 939.741525 336.472974
2 926.830420 368.609368
2 803.683122 342.150593
1 773.193256 412.794594
2 957.547526 426.463594
1 859.198566 337.072417
2 916.483058 353.626582
2 977.838537 371.818599
2 848.808258 403.145513
2 951.804296 408.950706
2 886.866372 380.205770
2 728.193996 675.485181
2 676.107195 838.903866
2 970.266889 912.324051
2 841.109441 723.509132
2 975.466924 771.741003
2 864.426634 915.553717
2 960.869334 752.871921
2 693.274694 781.004788
2 741.835712 871.078402
2 806.801612 766.132397
2 670.892870 800.541441
2 740.513613 762.360623
2 686.933073 848.547672
2 990.650652 979.257044
2 992.114319 946.663678
2 703.948159 791.240176
2 743.303212 762.418788
2 699.684518 734.037798
2 717.255146 779.514231
2 680.128972 855.044393
2 727.986326 804.702898
2 752.352520 758.827390
2 697.373181 947.412448
2 685.363609 780.523150
2 670.432993 898.681184
2 778.179572 729.172960
2 745.690205 829.149679
2 745.025982 802.636374
2 674.138065 863.523136
2 680.118239 877.433429
