1 199.269705 173.437265
1 210.114308 186.948301
1 205.196307 190.114481
1 201.889364 166.244283
1 200.028815 178.904122
1 188.380839 167.329228
1 212.278736 161.253949
1 212.483211 172.490510
1 179.145205 192.423152
1 203.705688 176.662764
1 220.372450 167.082820
1 208.432975 176.476157
1 190.286978 163.249754
1 191.860712 185.192797
1 199.578806 182.418145
1 180.475691 186.882647
1 204.553109 188.063940
1 196.939850 198.505773
1 199.999612 180.015226
1 196.346362 175.409721
1 193.785615 175.874331
1 201.650211 166.035300
1 182.203108 183.478241
1 198.891638 173.225857
1 180.544847 186.930235
1 180.106523 173.681083
1 212.387992 187.255458
1 212.946587 178.048028
1 209.544623 167.571960
1 181.902077 174.280506
1 205.334414 178.161422
1 212.620355 185.058393
1 188.913952 189.585743
1 204.101071 172.079548
1 179.717881 187.837870
1 214.856571 170.711981
1 202.955266 172.699582
1 184.536981 177.049929
1 184.258736 186.863044
1 194.252804 187.623283
1 201.516642 175.161366
1 221.555916 184.444234
1 204.039642 182.773306
1 209.057956 178.535843
1 198.418725 169.288476
2 147.719864 139.178096
2 293.914801 136.273860
2 171.706898 110.554810
2 245.197685 60.614106
2 247.747488 300.629079
2 123.511157 300.565481
2 304.332227 62.381701
2 318.756259 57.705115
2 240.868928 171.431778
2 158.408097 123.982872
2 6.988644 146.061295
2 317.447416 179.969107
2 89.577762 289.336909
2 18.138077 109.929903
2 3.136457 219.714821
2 129.998060 280.385958
2 246.814734 268.601933
2 31.140934 115.490686
2 265.037625 240.178044
2 140.521718 239.398896
2 24.569977 251.627972
2 87.105782 18.602916
2 203.383335 10.801702
2 271.833711 42.635669
1 241.056273 202.981268
1 170.592071 165.986228
1 157.236081 198.021488
1 226.156262 186.332399
1 188.669577 135.013035
1 205.368546 156.479087
1 189.665883 168.940755
2 244.317828 181.616211
1 268.311025 156.487324
2 312.610442 169.257879
1 153.230142 163.630642
1 171.260286 197.932856
1 180.891293 214.561623
1 208.288952 214.495133
2 230.416900 239.899670
1 207.540174 223.661518
2 148.259130 79.016386
1 219.478351 166.059686
1 161.824859 175.778281
1 168.166777 181.846401
1 178.180655 202.369067
1 198.681195 166.421586
2 117.916050 277.681631
2 304.912179 133.883443
1 156.002489 170.379465
1 193.990809 212.093224
1 165.570790 157.783826
1 205.363218 189.896170
2 238.344292 200.687398
1 200.993375 152.234389
1 216.637988 201.538064
1 177.026396 136.582824
2 236.754669 271.841840
2 271.256401 85.597701
2 102.161422 301.461081
1 160.726499 183.112483
1 193.712084 178.321003
1 165.335532 148.808121
1 228.382485 164.037443
1 189.078142 192.389460
1 188.193156 191.870604
2 179.671943 93.250261
1 215.957156 168.476836
1 219.837329 161.442088
2 226.413338 102.532490
1 151.904125 136.907010
1 177.816164 170.440372
2 117.651276 263.739301
1 114.749039 169.446677
2 306.187914 211.699632
1 141.757210 174.525107
1 179.359736 148.719489
1 172.560411 116.647616
1 153.028235 147.738047
2 210.033339 188.745922
1 143.055134 207.213203
1 234.514009 170.800807
1 223.107246 202.015506
1 209.792610 132.214260
2 225.351637 162.350108
1 194.927486 170.493775
1 245.508066 186.710266
1 180.320445 228.251563
1 178.470527 195.231819
2 171.244360 543.570455
2 20.994490 632.140718
2 66.088670 339.827348
2 153.389716 641.988353
2 215.846863 380.439899
2 197.668517 576.454287
2 176.469311 624.306723
2 142.015951 484.013842
2 162.585077 510.800457
2 28.754951 434.886062
2 28.433730 395.907137
2 285.577834 399.682199
2 243.642724 359.433039
2 206.003233 444.655875
2 119.399959 429.388510
2 134.954239 645.637362
2 99.191083 646.504344
2 207.408084 475.388057
2 175.878546 664.310229
2 67.542972 455.712398
2 235.108259 374.454297
2 227.083980 361.627803
2 118.264195 646.832489
2 162.156376 637.514445
2 325.028909 622.549129
2 91.049139 362.562869
2 118.526665 643.965599
2 310.061495 338.276052
1 145.030728 772.537774
1 157.487720 793.321122
1 154.390032 786.035741
1 145.163527 789.729331
1 142.908453 785.024548
1 147.016255 764.763246
1 140.785421 784.378476
1 149.145823 789.074265
1 164.059055 789.500816
1 129.883861 767.236260
1 162.035259 791.309183
1 143.341848 761.361544
1 157.305392 776.514772
1 139.319658 769.947154
1 139.604911 775.162807
1 139.669431 765.674780
1 148.445724 798.992661
1 161.454364 774.691989
1 145.115120 801.068668
1 147.551750 782.847987
1 130.097206 782.724603
1 146.637271 794.320656
1 165.210033 792.478869
1 145.398130 795.977175
1 137.038868 779.913534
1 148.886593 775.785309
1 154.683136 787.143884
1 151.684056 759.675614
1 141.519321 797.625571
1 143.634279 768.792677
1 171.706840 790.920699
1 150.302771 764.452877
1 154.831874 780.177508
1 165.169143 762.646692
1 139.070384 777.583477
1 164.121171 782.791520
1 147.781349 780.633312
1 156.685346 781.153872
1 144.954823 801.106475
1 168.558070 768.279076
2 45.445622 846.788738
2 314.745031 695.223919
2 278.842459 682.923933
2 144.085517 872.816056
2 179.601668 815.345060
2 235.255087 804.442660
2 25.964187 815.865713
2 66.431093 926.363874
2 304.534268 779.614386
2 226.630879 780.766078
2 168.179667 893.592700
2 155.089063 886.894080
2 206.757819 820.565459
2 95.990597 827.499648
2 100.781039 780.964956
2 251.927141 815.949635
2 97.995087 682.932946
2 54.460575 712.218472
2 132.847880 719.890740
2 251.392151 680.540094
2 92.891069 894.358573
2 78.445487 880.182434
2 292.569065 875.351900
1 138.418914 787.457239
1 157.203427 796.725430
1 127.162713 793.309166
1 145.409375 780.881487
2 60.171726 671.844452
1 182.773007 786.658981
1 198.402941 764.358263
1 152.920069 777.051410
1 189.817116 758.742786
1 194.425063 799.297829
1 177.025770 814.789222
1 129.053639 818.862722
1 163.951936 767.007244
1 125.906272 765.349495
1 167.844789 739.903640
2 123.573435 996.240842
1 135.619433 823.226035
2 276.568486 697.081541
1 114.073339 790.363214
1 173.687646 786.079589
1 162.329479 771.174923
2 32.523727 854.630703
1 181.988640 764.673504
1 139.425520 772.279160
1 198.109626 751.027935
1 188.945209 755.820336
1 155.721417 717.610208
1 141.491057 800.430397
2 109.160743 688.249316
1 188.747232 792.431071
1 161.586685 805.214458
1 147.528779 790.037195
1 145.208645 754.885198
1 98.071315 822.433852
1 188.812396 750.923117
1 129.756348 773.037460
2 303.765163 802.923813
1 134.084510 816.794419
1 134.113819 805.487365
1 169.976140 808.764721
1 97.865430 800.578601
1 133.222712 751.179122
1 145.394145 712.281550
1 128.994848 717.678809
1 188.902598 803.595732
1 161.594219 815.692041
1 193.887825 781.102434
2 275.112360 749.527226
1 227.284202 786.369750
1 201.469022 757.308079
1 76.337662 759.969444
2 69.036309 695.127531
1 172.159855 789.608575
1 119.458798 783.037471
1 141.309695 803.163275
2 78.180326 842.205661
2 61.387888 689.146581
1 177.640325 757.540474
1 167.039154 755.249062
1 147.965161 758.829537
1 187.361262 736.778708
1 131.298028 779.832518
2 54.891789 860.691600
1 173.107984 737.515353
1 135.895229 792.273818
1 150.927955 820.675159
1 149.901349 761.122869
1 114.636639 804.766773
1 175.477509 733.158045
1 171.887577 822.219073
1 153.134639 811.990890
1 190.283559 814.324080
1 183.012306 797.357909
1 139.847861 735.202103
2 19.459553 795.579813
1 162.036444 765.583120
1 175.131312 805.289772
1 236.029483 773.032670
2 177.300987 778.716659
1 178.036268 761.199520
1 97.867731 835.289298
2 152.301726 851.410430
2 312.848374 712.019002
2 70.389690 701.671495
1 184.713522 791.234317
1 201.190331 790.354385
1 213.736540 829.087566
1 150.534587 754.351946
1 158.349823 779.530488
2 221.690673 829.271745
2 284.250179 850.969255
1 173.489145 776.339726
1 168.560222 775.149009
1 181.925763 725.043965
2 50.308599 733.356941
1 111.721118 791.275565
1 115.613333 797.884615
2 301.946862 750.922107
2 45.830034 843.851367
1 112.845443 776.924045
1 137.986971 789.254208
1 162.798307 781.494296
1 186.064087 784.362111
1 148.625589 756.777058
1 158.315445 751.161188
2 161.030887 815.849347
1 133.076088 704.724660
1 152.285279 716.769778
1 213.384857 739.975350
1 146.001098 809.405200
1 137.541212 842.037801
2 118.212612 788.277548
2 164.076486 671.200216
1 126.221017 799.672411
1 131.541115 779.739251
1 164.210722 838.067683
2 130.922590 803.723280
1 73.948991 782.002017
1 188.746381 788.700590
2 224.226014 793.101644
1 123.236568 813.313648
2 176.426119 842.724474
2 68.549263 798.818954
1 106.837270 818.710907
1 192.250635 779.395939
1 223.917482 736.698324
2 58.353847 845.339110
1 107.908165 767.425173
2 297.409600 762.742816
2 246.659357 879.412072
1 172.847885 777.552389
2 172.397858 773.132398
1 204.892117 801.421119
2 323.242416 710.914038
1 195.247706 786.647914
1 190.298249 748.840508
1 151.879537 794.124481
1 119.349320 739.570723
2 154.516376 841.299659
2 129.471455 789.578871
1 142.561183 735.627438
1 170.679588 742.437355
1 144.504063 767.068178
1 137.123027 758.352837
1 187.312824 791.413827
2 349.778605 9.205542
2 605.066590 47.788371
2 589.443399 329.344407
2 581.120796 112.089809
2 665.653347 275.935088
2 363.834378 164.526498
2 647.042743 256.695106
2 527.996854 292.824059
2 666.366008 82.483431
2 649.420891 250.178670
2 429.921659 60.700783
2 442.269964 137.611678
2 578.546029 74.844074
2 463.885595 159.578450
2 340.834231 314.390766
2 581.659812 104.667085
2 584.759719 8.514276
2 406.604858 243.912258
2 393.617551 91.206526
2 390.672135 228.799509
2 623.500289 78.874461
2 371.782737 51.913341
2 402.867411 243.143525
2 334.950622 271.238755
2 444.498006 305.325461
2 459.060437 293.612571
2 643.589026 274.012870
2 665.509308 318.929915
2 404.732370 85.649979
2 392.035388 51.463694
1 382.260213 656.654334
1 400.060358 664.114563
1 405.111228 654.743552
1 414.979481 651.653271
1 403.504982 652.571265
1 390.688447 647.845610
1 405.143784 645.741016
1 397.298582 643.386521
1 399.545928 650.646476
1 408.363581 655.378863
1 407.056579 652.214464
1 387.102474 631.882672
1 385.087245 644.224714
1 412.893603 637.657770
1 405.531501 633.996536
1 408.893194 651.784645
1 398.156383 646.538719
1 400.441090 649.314884
1 397.339133 647.323642
1 399.327124 649.262928
1 400.506485 650.383943
1 395.364842 649.921690
1 398.053061 653.189044
1 394.188539 646.559336
1 398.752565 649.912308
1 397.250624 649.699913
1 406.456430 640.285232
1 380.873523 652.353149
1 397.868197 650.876934
1 400.504314 653.885126
1 421.667448 648.733453
1 422.983944 640.758248
1 380.384746 651.717041
1 392.518443 649.812297
1 411.925322 644.440037
1 408.039858 649.382839
1 394.418308 649.889421
1 406.652711 633.066539
1 394.377634 647.022654
1 394.835188 662.032331
1 395.472651 631.200161
1 402.283887 655.352194
1 414.147286 642.437744
1 412.439738 656.811921
1 394.118353 663.469716
1 402.351592 650.678890
1 393.106662 639.004447
1 401.110278 649.500800
2 455.653924 403.258451
2 554.207542 524.403726
2 407.654692 539.267475
2 545.309700 599.809725
2 409.899350 583.813836
2 569.053141 516.305782
2 472.503920 468.156992
2 638.136057 382.283967
2 514.384405 514.909617
2 421.769390 657.734760
2 567.767176 623.068481
2 531.947152 538.399774
2 414.301767 487.742486
2 515.624875 369.475080
2 379.458646 395.931238
2 501.170248 578.989438
2 493.003781 406.135317
2 439.302773 543.991638
2 622.657885 589.764738
2 624.977644 549.091301
2 418.523773 349.099599
2 651.343269 665.120359
2 400.695022 591.662895
2 356.809001 521.837604
2 427.573770 546.904456
1 414.637984 664.574928
1 417.415629 624.463063
1 368.315879 618.316586
2 528.055323 481.339438
2 465.976195 531.764943
1 390.825738 647.916956
1 379.584423 661.029013
1 429.313616 652.182943
2 606.571641 621.302755
1 425.202394 666.432810
1 427.591330 642.437410
1 371.303723 628.407249
1 405.123847 651.613497
1 414.196775 634.837069
1 429.231983 643.721508
2 429.159146 557.637925
1 437.918878 663.005820
1 368.773211 586.132931
1 380.715757 655.199296
2 555.199208 632.200478
1 418.441209 658.236685
1 402.661400 636.989360
2 541.249061 600.897913
1 414.514279 649.173902
1 353.902937 626.071402
1 386.784123 642.517003
2 504.329653 526.261118
1 384.419201 621.949620
1 397.670399 661.217388
1 427.316876 651.083832
1 417.679842 653.988653
1 425.459186 649.459234
2 351.845853 541.531961
1 400.036681 661.117052
1 449.165921 658.177760
1 449.523223 611.027287
2 423.423059 518.449884
1 418.359936 629.653544
1 402.097974 632.962165
1 383.940702 635.474442
2 526.138932 629.129765
1 402.741425 603.829951
1 414.270773 636.806308
1 364.052397 630.018387
1 420.681957 655.709495
1 370.447762 609.797422
1 412.243931 635.184811
1 375.588339 640.580845
1 360.000305 656.256748
1 413.760781 645.773633
1 388.335862 615.381939
1 462.371354 618.607821
1 411.480498 649.196635
1 387.822721 646.679403
2 443.569175 572.823481
1 442.901728 601.828173
2 424.662180 586.252819
2 512.731473 598.476943
1 376.290250 624.557870
1 449.480762 580.013190
2 446.406857 578.853758
1 400.375257 605.544353
1 411.412903 600.250721
1 463.547962 574.558147
1 437.489749 635.548995
2 496.796803 507.329196
1 431.995609 646.618462
2 403.259329 587.465234
1 335.198822 648.263415
2 478.530371 513.632563
1 371.508583 574.499058
1 369.216431 660.837952
1 437.389655 664.492798
1 448.592447 620.069437
1 413.379964 640.295320
1 393.763296 595.210276
2 652.126977 562.335067
1 456.395775 639.658618
1 419.594951 642.087750
1 418.427601 637.000219
1 423.103132 640.360219
2 555.109989 590.862840
1 403.258611 646.642660
2 501.232110 637.279376
1 382.972521 609.725453
1 413.973300 644.010850
1 386.945195 621.379401
2 449.057693 547.352641
1 454.847425 622.810436
1 383.579090 656.214581
1 401.762214 635.589661
2 500.518436 658.679846
1 410.345415 660.678537
1 420.186213 665.555283
1 441.661854 639.021377
1 411.064353 651.089073
1 372.107617 619.042367
2 388.618746 592.776460
1 381.845426 644.766925
2 440.124175 490.476581
1 341.795403 618.874012
1 352.318652 623.392291
1 391.114195 623.877094
2 587.120968 657.543904
1 400.006153 599.620352
1 405.854612 609.512378
1 389.547420 650.928529
1 486.736105 635.107337
2 413.829872 565.520729
1 405.906606 610.391435
2 483.796308 511.731127
1 443.824873 658.867538
1 412.904821 627.163807
1 396.463185 621.996021
1 342.097379 593.771393
2 501.806008 515.060400
2 555.230459 560.117435
1 376.293335 620.386203
1 334.863299 615.047800
1 397.362125 630.252321
1 414.001654 646.271285
1 420.232000 612.457996
1 408.548253 644.463162
1 401.805713 647.740740
1 466.607786 621.121948
1 397.989526 644.272968
1 406.402915 660.182039
1 401.057582 631.597458
2 481.162030 514.642409
1 391.074430 647.889511
1 357.895703 556.054542
1 592.269184 788.914880
1 591.487549 810.596792
1 569.833038 799.846903
1 572.212885 807.626350
1 562.838830 823.133327
1 581.619194 791.499844
1 562.109298 801.404777
1 569.393378 799.362321
1 550.314057 812.352350
1 585.959880 788.115219
1 564.241788 810.020203
1 569.629502 802.786922
1 577.599504 805.651019
1 574.622168 791.722488
1 564.053403 790.297419
1 553.192257 793.616418
1 549.161840 788.600295
1 576.378288 808.759825
1 569.200985 800.474026
1 576.727973 810.336564
1 553.858209 800.021254
1 559.810518 804.961297
1 548.627846 793.185977
1 566.964520 801.578735
1 574.470780 783.193272
1 572.089694 783.789241
1 570.978102 799.174940
1 576.423917 815.735739
1 592.906930 809.881322
1 592.085861 806.001343
1 575.887485 815.058752
1 574.647485 814.706093
1 562.839817 799.521881
1 565.419632 797.485520
1 555.859829 792.941726
1 582.643007 781.605743
1 571.754810 812.072489
1 569.199946 795.767835
1 580.683493 819.967901
1 571.582199 797.383136
1 590.387599 797.733528
1 577.335586 808.401524
1 580.041311 806.092403
1 567.753650 797.303679
1 561.438024 797.509067
1 570.353356 805.491408
2 577.914558 714.854242
2 436.675419 920.930438
2 601.527925 716.441812
2 373.322691 854.021838
2 574.700117 858.400583
2 610.104511 840.210379
2 642.694306 910.732831
2 659.645040 947.878012
2 526.803464 864.987154
2 486.398273 802.952947
2 349.544459 746.803773
2 381.538185 894.107693
2 339.589366 723.918474
2 412.598899 810.795338
2 382.367949 691.752045
2 448.318685 952.522040
2 503.259611 871.763370
2 408.423329 772.895511
2 650.792042 795.792364
2 520.087113 997.883590
2 496.779949 667.697406
2 646.125732 813.346760
2 473.722511 702.352219
2 648.836860 787.895538
2 572.124382 759.782192
2 542.324607 680.102779
2 622.243191 962.189270
2 524.971951 840.720524
2 430.984447 864.594218
2 583.814646 844.751735
2 616.138961 886.174952
1 398.485732 683.733807
1 587.749513 794.146765
1 577.498213 770.927284
1 573.466725 813.046369
1 585.802168 751.393326
1 518.442953 756.612650
1 528.240245 835.814746
2 643.809051 822.395937
1 562.376062 789.987355
1 592.641593 800.358939
1 554.243412 779.325678
2 526.310266 687.339122
2 627.215019 752.070876
2 560.660950 820.082587
2 553.864878 871.989535
1 584.281914 824.810017
1 598.635459 805.505064
1 412.137168 688.053242
1 621.854637 762.535693
1 429.888822 673.936869
1 545.631119 801.278094
2 625.582781 762.540711
2 543.993567 817.377901
1 369.211531 671.619327
1 569.898309 802.215218
1 595.448800 784.693762
1 551.843133 782.460076
1 533.614149 778.108033
1 493.051833 822.457121
2 478.796404 715.314297
1 617.693877 747.709954
2 645.229492 985.092711
1 542.654804 828.053469
1 406.510803 681.658806
1 543.991531 792.013201
1 567.791890 781.279859
2 542.227426 822.123806
1 422.622977 677.054696
1 559.803261 770.083157
1 592.715127 782.392767
1 594.360142 821.495357
2 525.427798 716.865006
2 627.454511 693.504967
1 546.241877 812.400785
1 566.207118 807.070312
1 437.428343 672.826909
1 372.091141 683.982284
1 592.935681 863.574015
1 356.264126 672.804216
1 564.559724 787.775059
1 560.694834 771.013282
1 586.764167 820.526773
1 626.230334 767.690302
2 383.231118 714.918572
1 541.590891 757.409716
1 405.872117 707.352894
1 411.286408 680.996806
2 494.808963 761.244388
1 540.449029 822.409240
1 391.574138 675.917149
1 373.122904 694.280451
1 526.635761 813.647308
1 519.914941 774.977707
1 588.830519 792.482369
2 486.794707 896.780430
1 418.719279 690.457735
1 552.930732 871.418009
2 544.299732 776.534269
2 559.866306 826.917102
2 551.150365 721.111258
1 392.680724 680.716809
1 565.038260 786.540744
1 582.961269 801.511840
1 562.061122 797.126904
1 601.860738 793.450248
2 549.105907 910.778291
1 562.050369 793.119069
1 364.017493 719.317262
1 365.544731 676.925164
2 415.896673 775.435433
1 548.361040 794.909988
1 588.464676 754.429713
1 599.031819 793.143893
2 560.917015 698.746483
1 433.243683 666.686804
1 553.669209 801.089336
1 410.482519 703.772996
1 577.136753 754.373722
1 564.006661 808.619319
1 542.141240 837.796934
2 544.249399 709.013974
1 582.164613 792.951374
1 348.055754 673.118685
1 399.639769 668.649606
2 451.643806 823.066645
1 452.494960 674.933391
2 546.785339 697.138855
1 375.535432 693.580408
2 473.772178 700.949600
1 544.051946 837.444315
1 432.891257 671.866484
1 584.451352 848.271716
1 545.713964 864.496477
1 543.237983 769.272799
2 480.393289 760.440960
2 437.974068 793.245725
1 576.032269 798.072427
1 568.116063 794.433163
2 415.416855 833.740596
1 579.691064 828.154275
1 542.431086 792.950655
2 579.066454 810.003014
1 351.043598 683.209348
1 511.433644 741.697972
1 574.131832 820.845976
1 552.888951 833.068189
2 443.967935 798.391850
1 588.348732 786.276293
1 604.099934 742.428332
2 510.062571 745.253578
2 603.831429 832.326386
1 405.414279 678.810909
2 398.544371 749.687711
2 632.641273 765.234048
2 361.307148 780.419368
1 610.446750 726.077106
1 399.284648 697.753554
2 522.150453 772.185596
1 605.514780 804.444118
1 578.761856 767.649039
1 458.854358 762.876999
2 609.215893 815.980572
1 572.700443 799.924522
1 573.761010 801.993315
1 434.850840 685.568313
1 468.693592 691.702961
1 513.732425 793.703854
2 539.682280 831.837244
2 533.994460 789.438100
1 573.199810 837.959976
1 602.108661 805.323760
2 541.019758 828.002539
1 440.652544 702.618818
1 518.478598 792.341497
1 584.103719 819.121547
1 579.277382 813.598099
2 581.000385 703.017380
1 352.507022 679.210019
1 386.755123 708.779774
1 430.425364 736.921164
1 543.664431 812.038083
2 529.253890 851.357436
1 556.577410 793.311418
1 606.785125 799.694030
2 604.306385 823.528345
2 579.286885 915.969576
2 503.921562 832.026231
1 550.135601 765.222243
1 429.991414 674.886524
1 547.804896 783.422898
2 459.012697 804.448234
2 360.653699 683.989862
2 524.232330 971.391093
2 564.246432 690.951024
2 588.264827 832.240948
2 590.179774 748.407667
2 663.070451 778.147854
1 600.413394 781.740113
1 401.594148 718.564003
1 574.941213 743.164897
1 406.642389 690.395991
2 500.203723 847.595459
2 531.495858 798.789945
1 582.715836 849.205907
2 559.755968 822.314688
2 528.507967 805.368271
2 375.806418 833.841745
2 573.199890 806.616083
1 817.333145 301.770809
1 812.226200 290.236725
1 824.995430 303.209579
1 814.043604 287.613507
1 833.030645 316.684872
1 831.667684 295.476292
1 814.058431 301.075981
1 834.044190 283.999700
1 827.473053 308.571495
1 819.691371 300.488439
1 820.776003 303.481807
1 835.591285 300.783414
1 807.626186 302.934711
1 820.155986 304.158386
1 822.841290 275.549347
1 826.779512 299.570688
1 802.061386 300.942897
1 818.328382 301.953430
1 821.461269 298.275657
1 809.734327 290.916042
1 799.208382 306.913418
1 827.960425 295.295719
1 822.190965 301.146311
1 828.619228 297.276916
1 824.871657 302.618242
1 818.187449 299.010597
1 822.031434 305.360813
1 822.383471 302.747937
1 820.658663 284.509079
1 809.235061 314.367895
1 838.150705 307.822859
1 817.894563 302.926957
1 820.400217 300.308929
1 833.266366 306.872088
1 825.397005 287.726416
1 824.072163 310.451970
1 820.862003 300.408726
1 818.762404 303.936763
1 812.497967 279.106009
1 832.419664 315.356267
1 820.978513 300.690964
1 797.302606 305.825083
1 843.686914 295.652230
1 836.313379 292.914827
2 666.798979 177.648918
2 722.194114 196.170142
2 799.967573 112.965367
2 893.464066 245.978228
2 755.215109 262.818065
2 847.526756 47.555112
2 896.554048 172.220755
2 919.808063 177.226763
2 777.515608 169.121337
2 995.768737 265.352777
2 801.264136 178.192910
2 675.563414 185.947463
2 900.574006 251.836751
2 844.330495 166.834008
2 792.672124 105.940476
2 909.989381 231.012482
2 721.232896 113.150164
2 850.339335 302.945682
2 955.189126 119.127902
2 923.431828 272.093459
2 923.879637 114.424918
2 799.230402 268.265659
2 725.838965 321.164163
2 826.266588 220.737925
2 746.763665 98.818846
2 998.183651 278.084384
2 961.750529 170.609145
2 747.794707 283.159653
2 743.638688 290.934731
2 797.996567 118.757088
1 799.219625 298.190344
2 809.226400 184.795226
1 774.142162 266.168810
2 848.987111 214.113596
1 815.312809 306.419731
1 789.681720 283.599125
2 914.856113 284.845269
2 765.959747 318.304120
1 812.701214 330.917373
1 810.882913 278.915667
1 811.199100 326.078030
1 779.827594 320.541406
1 804.859772 333.000383
1 837.792669 252.854971
1 785.678884 318.953469
2 711.485406 180.085745
1 800.927708 327.301436
2 786.347367 88.952981
1 786.535489 277.105295
1 820.090706 323.959037
2 809.692473 249.898025
1 858.140610 329.872003
1 780.036825 315.459225
1 837.175023 324.313307
1 817.851639 332.508583
2 818.328185 261.148838
1 765.788489 314.965058
1 819.834816 300.957452
1 840.765940 322.466954
1 842.285917 271.527981
1 878.536686 302.857253
1 863.386348 306.134965
2 798.864300 326.178562
1 846.225201 332.737149
2 798.254884 313.105569
1 814.847192 270.797763
1 793.685627 327.718254
2 831.479291 290.002893
1 791.960682 247.023448
2 670.687884 314.144242
1 808.619100 270.038508
2 845.360537 232.990508
1 828.981889 330.608567
2 826.439320 68.131228
1 800.509531 290.508820
1 816.741729 261.281708
1 821.824554 331.804551
1 812.911723 283.302123
1 845.245267 307.312931
2 957.933140 279.278087
1 830.562266 279.619440
2 976.132687 124.600693
1 853.774963 304.349389
1 816.811522 316.883678
1 828.304193 304.784797
1 788.625273 258.392664
1 782.078978 238.399133
2 791.130707 312.675138
2 933.253077 276.520673
2 725.336332 328.877138
1 821.191211 317.249568
1 840.397257 315.768972
1 805.062550 293.275169
1 754.208538 264.832620
1 800.161833 312.902414
2 872.456302 179.495360
2 745.638191 216.964925
1 815.458943 290.936889
1 853.033665 318.337919
1 813.725563 302.275973
2 812.897091 242.516724
1 856.522001 283.869353
1 853.599577 264.066169
1 812.488034 325.219313
1 833.454908 292.537456
1 836.215310 304.652011
1 801.495216 296.432074
1 806.070967 312.226682
1 826.642091 313.200153
1 838.568960 298.238884
2 853.461554 617.476469
2 898.600168 540.882315
2 677.775509 342.930127
2 750.100477 352.702020
2 867.559483 627.575568
2 910.013623 458.782088
2 909.437058 404.824141
2 921.326964 580.380160
2 857.254788 594.139169
2 977.632657 440.842494
2 772.892698 525.418582
2 952.169677 569.099599
2 813.839232 641.817628
2 864.808386 501.433124
2 922.861860 409.129112
2 757.961885 346.761935
2 921.044725 367.612915
2 710.275476 501.749901
2 821.702857 505.467745
2 923.699222 340.109950
2 857.317670 417.800218
2 880.348631 442.278906
1 868.482195 343.881524
2 930.659616 379.427994
2 908.406416 354.644364
2 837.576786 394.863803
2 870.085949 439.637904
2 877.663331 460.427794
2 858.064173 458.350355
1 802.492304 341.069451
1 849.541278 334.022574
2 760.245929 375.365579
1 803.352136 340.804407
1 816.935092 340.746525
1 856.661697 366.090217
1 856.075359 335.892176
1 796.446028 339.832809
2 932.875962 354.916517
2 677.274748 605.177643
2 801.077517 349.352869
2 917.540247 406.980637
1 870.868808 389.258175
1 825.192880 366.634623
1 819.464396 361.415643
1 769.630517 349.063161
2 736.301980 400.048773
2 864.356895 435.995891
1 782.514292 376.964946
1 854.178864 388.524952
1 745.854194 341.857768
2 874.117292 539.244938
2 943.751572 388.802295
2 732.456751 360.944782
2 778.121813 337.445357
2 675.127568 336.441799
2 730.879782 942.588539
2 728.193996 675.485181
2 676.107195 838.903866
2 836.032604 668.933878
2 922.795936 866.236940
2 906.207141 929.633314
2 970.266889 912.324051
2 841.109441 723.509132
2 975.466924 771.741003
2 981.902447 834.698518
2 864.426634 915.553717
2 960.869334 752.871921
2 761.362816 885.111847
2 693.274694 781.004788
2 741.835712 871.078402
2 780.253001 708.401185
2 806.801612 766.132397
2 714.613491 748.500523
2 743.111173 812.976558
2 960.639662 863.043357
2 739.535659 846.786623
2 694.052760 683.012887
2 716.335947 673.215756
