1 186.819888 180.064576
1 214.176846 164.074055
1 182.952212 174.534474
1 206.669392 164.939290
1 196.768541 177.505941
1 204.328503 189.087506
1 210.958168 179.125455
1 211.836927 174.842533
1 203.527437 163.832954
1 199.534577 179.521387
1 209.442568 186.467994
1 203.531713 193.973627
1 193.107182 173.501593
1 196.032144 186.401373
1 216.060535 192.472274
1 198.853969 176.148251
1 192.250519 197.907028
1 194.037276 181.435106
1 199.799649 178.648621
1 183.153069 197.091140
1 188.637822 183.889312
1 189.229870 181.374885
1 199.026631 174.339036
1 190.123317 178.772194
1 211.479674 193.053529
1 201.737982 180.358956
1 199.410362 165.275356
1 199.439138 173.536568
1 185.497611 180.646397
1 182.344040 172.955946
1 194.792092 166.717099
1 203.281993 182.508794
1 215.404842 195.972708
1 205.148379 156.622375
1 210.067252 172.806962
1 183.735954 168.292734
1 211.131093 234.806754
1 216.384679 189.247215
1 190.597880 177.886884
1 229.649258 162.357233
1 271.638712 224.962433
1 182.075424 194.846923
1 189.452584 208.079754
1 205.904178 189.569749
1 181.881134 232.988564
1 228.871063 143.598168
1 168.330159 226.540062
1 198.607043 192.770352
1 157.340595 186.895414
1 214.726112 199.693143
1 179.372850 153.966633
1 210.423121 201.637801
1 240.887903 201.784948
1 185.195168 171.595558
1 181.211209 190.006115
1 185.632357 253.218875
1 194.260985 173.941343
1 161.780385 160.054509
1 227.483671 147.910334
1 176.869193 156.642195
1 212.281857 163.758672
1 185.565239 158.550383
1 202.713278 191.154125
1 206.938663 184.121532
1 171.228923 250.552473
1 230.496078 200.628308
1 211.845282 155.877332
1 253.724354 162.015641
1 237.788421 176.090152
1 152.987282 192.504537
1 192.735730 215.406903
2 59.664177 453.414726
2 50.576305 436.787278
2 58.482343 434.984402
2 43.175214 434.119097
2 75.720087 415.002922
2 58.804816 428.815023
2 60.732494 408.726670
2 72.406240 438.663397
2 68.614963 418.307461
2 78.024736 442.886722
2 67.604440 409.186050
2 50.591738 412.758446
2 64.626408 427.958435
2 74.532559 427.224107
2 45.398665 416.726962
2 56.673980 431.836704
2 64.811656 413.906890
2 39.766784 432.656259
2 39.445893 422.065107
2 64.010856 425.553187
2 59.602518 430.313672
2 64.184752 413.590620
2 80.182577 438.192942
2 70.931752 442.930283
2 61.246465 421.775181
2 60.792721 428.363508
2 61.668450 429.694248
2 53.810192 419.722364
2 56.705041 425.612133
2 56.175670 411.315359
2 83.436392 431.710276
2 56.345963 431.619136
2 62.089104 430.141319
2 62.548742 428.029501
2 65.727367 424.865274
2 71.831915 415.201987
2 61.552714 420.683760
2 54.176240 408.216230
2 54.332525 422.651007
2 65.391002 431.691994
2 45.589576 434.050779
2 63.955935 438.324871
2 40.333242 444.457525
2 47.776520 438.419990
2 83.859896 425.730642
2 19.746635 419.475383
2 90.268722 412.230187
2 50.715577 449.458926
2 24.445901 406.309919
1 137.580917 790.113407
1 154.195366 773.573497
1 148.767415 779.060031
1 139.421185 798.342218
1 138.908182 789.084680
1 146.418749 784.457072
1 157.117436 792.632554
1 158.460107 771.246079
1 146.027089 803.146904
1 157.586055 786.824144
1 151.165851 778.942263
1 150.928066 781.749938
1 161.261873 761.410870
1 149.508251 763.863873
1 146.093343 790.984559
1 140.338804 770.199865
1 165.789670 780.267917
1 146.283493 780.222102
1 161.861036 758.807051
1 154.356766 782.354495
1 171.076966 768.126136
1 155.137713 786.289303
1 160.573092 762.600482
1 115.134754 749.289224
1 111.662850 779.643360
1 126.426129 816.464505
1 130.175374 796.863266
1 109.773089 815.043495
1 187.561916 754.768973
1 148.330154 784.472208
1 99.959877 763.916516
1 144.244529 786.699894
1 171.559424 813.495239
1 135.292856 764.939921
1 330.820736 668.550259
1 176.263136 808.090283
1 140.672140 811.529844
1 163.531468 807.898442
1 217.434091 813.744822
1 121.251039 765.981477
1 164.092433 808.267419
1 124.581655 742.956952
1 125.036403 781.010352
1 170.812705 777.962547
1 199.619595 705.284855
1 71.652187 750.749608
1 141.985464 773.662786
1 109.808809 749.206016
1 170.143833 814.203330
1 160.340165 772.077890
1 131.084723 765.815620
2 328.257151 729.873307
1 161.122155 781.730636
1 197.238110 774.345921
1 108.659078 786.567492
1 182.630051 778.344082
1 115.005567 765.428043
1 152.959097 779.862323
1 157.396563 764.171064
2 305.393634 875.488433
1 171.884329 761.050478
1 136.207028 777.005496
1 155.078901 822.596553
1 103.039823 853.265574
1 191.681808 788.629033
1 109.751851 791.536193
1 153.084401 758.170835
1 136.416050 768.820843
1 156.905641 791.812550
1 152.410431 819.516822
1 174.713052 707.141735
1 108.042494 817.320869
1 223.720290 777.210166
1 165.793053 819.360180
2 484.248733 151.095240
2 487.072859 134.072046
2 483.869978 133.688808
2 506.632547 149.885286
2 492.965995 129.845313
2 518.370217 137.655406
2 500.372290 132.347817
2 487.886167 155.139001
2 493.720714 134.765195
2 500.592111 143.538737
2 509.219396 138.393067
2 509.805614 158.859363
2 494.685072 156.280964
2 516.707945 155.811111
2 493.952420 155.236588
2 498.891104 142.434045
2 503.031665 142.810787
2 503.838197 164.691625
2 482.063822 143.746553
2 496.084056 144.129262
2 491.287710 130.238975
2 493.997559 149.054409
2 505.718363 140.086895
2 516.354893 141.664266
2 492.726283 160.391446
2 487.985610 127.781588
2 480.665799 140.519273
2 491.863470 139.404843
2 484.169628 124.939385
2 500.296424 143.208910
2 502.431803 130.208756
2 488.163780 137.309645
2 507.653555 163.648638
2 497.665782 137.406016
2 507.121802 126.362128
2 504.037112 143.205893
2 519.923327 144.451390
2 507.237126 134.154348
2 495.384363 140.921447
2 497.827101 132.321328
2 520.065446 142.572758
2 495.878229 119.440463
2 499.532163 145.276059
2 486.023560 139.868389
2 457.437261 102.298047
2 481.037613 145.078113
1 414.159271 654.484542
1 396.965906 656.429721
1 399.197276 650.149638
1 391.300101 656.779568
1 399.486811 646.725757
1 400.259023 649.944374
1 399.088965 649.256337
1 395.487644 652.575963
1 411.968041 650.520766
1 398.848586 635.686138
1 409.607785 663.929181
1 399.641320 649.664334
1 400.950645 653.944074
1 381.955513 645.056636
1 398.298446 654.480653
1 405.424793 638.575822
1 381.367666 653.613494
1 398.660293 649.819049
1 405.861198 641.062399
1 398.602001 647.378318
1 394.385557 654.002274
1 395.338749 637.154486
1 403.421915 634.225238
1 415.984239 646.909203
1 399.215922 650.971434
2 556.654560 492.168320
2 566.327921 479.929622
2 559.645556 478.749257
2 559.685605 487.433473
2 563.369408 490.282628
2 573.381410 471.477110
2 559.161220 474.688788
2 557.486451 481.565274
2 556.840378 498.166857
2 558.252617 486.808067
2 558.899972 479.781194
2 548.343974 488.373185
2 559.745212 479.979779
2 569.635254 470.297255
2 565.753896 479.453980
2 547.504747 473.173566
2 568.280122 458.401332
2 552.993692 480.154732
2 536.452940 475.645585
2 545.797056 473.774194
2 562.460124 483.713340
2 543.069621 483.761617
2 558.284391 476.821103
2 547.655082 458.294657
2 561.074381 495.485274
2 563.167474 480.654356
2 566.168079 497.857587
2 557.684401 461.115869
2 552.590856 490.349685
2 560.512513 470.929234
2 563.243376 477.289553
2 542.971177 465.114985
2 544.830961 464.668945
2 553.586758 461.895545
2 564.947799 458.268381
2 567.193653 481.763242
2 564.631733 472.059136
2 580.142647 476.366680
2 565.634408 455.665149
2 557.992754 503.939145
2 580.160206 485.271098
2 564.291244 478.719299
2 548.831643 495.501298
2 544.664903 471.243575
2 545.146850 474.591171
2 568.669514 482.475636
1 411.849255 658.388635
1 412.415695 627.475616
1 383.016761 630.834402
2 537.721472 470.394799
1 383.122851 662.893335
1 390.132611 643.068107
1 360.212936 615.930999
1 375.655108 602.324260
2 518.161729 479.666201
1 379.348322 614.208003
1 426.632715 660.917801
1 360.892986 625.115926
1 429.197496 662.342277
1 364.944426 650.009582
1 460.684826 657.363411
1 364.552077 626.413005
1 386.877781 632.021808
1 474.816276 649.943080
1 419.038878 662.209672
1 440.440728 643.221536
1 362.689292 645.873698
2 562.491398 448.776450
2 530.091993 486.254231
1 452.294393 652.707277
1 381.192649 654.515557
1 408.734318 644.441973
1 426.905708 628.902014
1 386.871560 632.123658
1 370.234956 653.354023
2 585.783655 458.882898
1 345.448353 643.722491
1 416.497188 652.135579
1 414.761145 659.824208
2 605.783450 486.352686
2 610.179939 514.322594
1 412.517507 665.437898
1 436.892170 656.006175
1 392.670640 650.239806
1 394.599536 597.724534
1 435.278281 641.659233
1 418.850846 625.319660
1 390.080328 661.676362
1 406.190510 647.591452
1 418.396313 657.194708
1 373.184107 656.504922
1 384.885495 619.276378
1 454.986951 625.998259
1 411.441440 657.185501
1 443.866394 630.901511
1 381.722186 652.546803
1 473.277281 630.601560
1 422.159134 661.803944
1 405.996585 631.494069
1 350.243178 623.803674
1 377.637455 559.322010
1 409.940354 648.312955
1 427.732986 636.439851
1 419.115503 657.026126
1 426.125781 645.167975
1 402.508078 650.576021
1 416.962790 654.056062
1 426.324937 641.259727
1 411.758925 636.937903
2 521.773853 492.972399
1 370.721885 641.901866
1 394.954126 674.308099
1 410.850476 670.035768
1 395.577588 668.116983
1 566.340280 801.260464
1 567.376086 804.549630
1 587.251436 782.693528
1 587.747347 813.579480
1 572.751738 801.405733
1 552.745377 812.852118
1 569.401358 802.703440
1 572.759855 799.243772
1 583.571398 807.125762
1 573.053080 813.579015
1 572.145453 786.877142
1 574.188549 798.183811
1 555.463841 818.504065
1 560.629967 802.699365
1 568.084256 806.421477
1 572.362892 786.040284
1 570.431892 804.553449
1 553.812317 802.677720
1 566.122417 793.535738
1 558.457108 801.771453
1 553.909713 813.565870
1 588.384833 811.338194
1 564.321143 806.739449
1 578.038975 812.878854
1 570.841369 788.925269
1 569.494965 799.816144
1 577.269699 796.321275
2 389.538227 833.879714
2 402.161750 844.896420
2 378.960659 833.429814
2 411.442228 835.670410
2 409.237313 811.380150
2 399.890100 830.041025
2 387.390942 851.011779
2 400.025746 809.960347
2 397.114311 827.173351
2 397.580039 831.068220
2 401.636197 813.259206
2 387.290173 814.781166
2 399.712033 820.898581
2 402.382769 830.642689
2 397.509522 816.278095
2 411.152661 844.794265
2 395.711069 837.208026
2 390.150597 825.066402
2 399.501159 818.059710
2 398.257724 839.003859
2 376.583223 838.678080
2 382.307555 837.874612
2 416.083383 812.282884
2 412.266138 813.407596
2 399.456228 830.895849
2 413.065501 846.807698
2 415.642324 835.764118
2 408.008256 824.890422
2 390.094158 829.951194
2 398.878255 849.165779
2 401.366324 848.649844
2 401.175089 840.522349
2 399.819838 837.191383
2 405.832256 845.406995
2 398.449407 821.013905
2 402.179150 831.091748
2 405.133892 836.167852
2 418.329704 828.496631
2 400.384027 826.575821
2 391.501291 844.196585
2 402.664223 816.254259
2 402.357607 815.581699
2 393.088402 831.176945
2 397.917414 854.296024
2 388.306593 841.258806
2 382.629465 844.753000
1 589.556877 816.774956
2 422.495599 828.653383
2 374.976700 851.840371
1 392.946708 669.443303
2 413.410915 817.091234
1 499.185697 787.883881
2 387.150877 791.172951
1 420.808229 675.284271
2 414.671676 855.702025
2 396.956086 854.037981
2 394.128405 851.472044
1 411.472517 671.997066
1 614.845380 807.573976
1 540.036595 818.875697
1 583.311822 791.498820
1 421.106536 671.030818
2 396.199993 857.355693
1 570.259653 803.781760
1 384.770647 688.002526
1 554.532450 785.738693
2 374.080855 820.324995
1 391.625887 683.546513
1 590.668448 818.419671
1 618.040567 832.576783
1 414.556997 684.693287
1 606.312110 805.375909
1 421.401923 736.256776
1 590.461276 827.054671
1 595.447181 774.182431
2 413.395719 800.214434
2 463.842277 840.700775
1 592.373194 789.127922
1 371.417540 688.620801
1 549.492560 835.593071
1 608.686434 755.487609
2 417.746111 829.121989
1 470.709406 682.127720
1 538.290091 799.479828
1 548.052055 795.039773
2 393.783212 851.857724
2 416.835563 876.816634
1 577.877012 810.958711
1 547.119254 778.655560
1 588.337824 820.619435
2 402.545191 806.910462
1 448.093931 711.083706
1 624.297480 800.686101
1 614.514646 769.811486
1 396.604684 693.241913
2 358.360430 775.309049
2 406.848490 836.907882
1 580.582966 804.104700
2 381.584847 805.549699
1 539.656515 827.204264
2 400.352741 725.231020
2 359.647823 789.011618
1 548.156469 835.741999
2 363.684351 767.300303
1 592.286891 824.741540
2 434.513420 854.251049
1 575.003540 738.356675
1 550.432523 814.464977
2 377.392589 715.059269
2 425.687039 779.792017
2 399.953078 817.926526
1 588.684356 835.777516
2 366.725557 734.330402
1 607.494038 828.255621
2 398.476535 839.482148
2 412.326763 777.202431
2 437.641782 886.130317
1 563.105667 809.784531
1 388.608953 670.634442
2 347.017911 875.237584
1 511.300596 819.674204
2 425.652066 853.197472
1 517.954420 859.102221
1 589.268302 845.638439
2 413.326830 830.909064
1 573.628604 816.144794
1 514.134546 815.266769
1 559.911640 755.374680
2 355.867219 770.459808
1 556.897942 804.365783
2 383.349524 865.336718
2 430.487194 788.114673
1 560.039295 764.369779
1 559.471003 799.398337
1 573.673514 813.548565
2 375.588126 797.996969
2 460.405340 896.954584
2 355.555135 787.680287
2 386.624015 868.156245
1 615.886663 845.534478
1 414.556997 684.693287
1 529.705386 803.745140
1 595.498836 803.661344
2 408.460716 805.896337
1 388.747255 673.617229
1 622.020674 747.981542
2 358.002674 827.163572
1 634.955926 805.751177
2 423.154932 854.777936
2 394.813057 805.391829
1 430.989640 683.842146
1 583.503022 861.587895
1 546.258842 800.778620
1 579.526313 763.027699
1 565.101932 792.783978
1 543.937888 834.933248
2 403.101436 779.422440
2 429.384636 816.796107
1 525.451850 865.011733
1 537.561608 894.975133
2 425.865985 845.988291
2 422.836236 816.065333
2 421.072981 767.055663
1 457.170863 740.510796
2 440.720308 848.681630
1 484.406229 681.695781
1 537.477835 780.635730
2 393.892912 861.470732
1 571.417315 808.626602
2 431.126867 831.920010
1 570.679682 807.248352
1 613.912431 842.070455
2 395.690277 786.545506
1 599.172764 768.833051
2 400.919612 776.232236
1 366.519875 695.124131
1 586.946892 812.012833
1 583.653597 789.024898
2 373.126010 862.472860
1 405.816746 701.873147
2 427.090760 860.863466
1 453.106293 677.460312
1 433.269019 719.588991
2 341.060598 816.988212
2 384.533373 850.015834
2 414.787672 837.942065
2 377.040055 866.969830
2 433.208524 824.746013
2 372.135970 893.257661
2 456.556489 861.047367
2 443.729694 826.197740
1 582.991663 763.203266
1 586.668984 804.006747
2 379.463727 793.594659
2 437.945275 844.515361
1 588.117446 861.416503
2 397.846888 844.705296
1 565.713929 783.500381
1 433.934045 675.107213
1 653.674224 818.198829
1 574.057447 799.726091
1 440.862388 700.546850
2 381.805919 812.111053
2 448.297640 794.042231
1 558.617044 728.606694
2 437.877029 822.318099
1 572.696282 777.643908
2 422.930594 839.117134
2 398.743355 770.241337
2 338.070555 777.296725
2 391.563463 761.533902
2 382.648769 808.549104
2 456.338477 851.726861
1 552.104120 771.330690
2 428.558666 823.763298
1 560.167599 771.417233
1 553.311497 816.571723
2 385.414241 806.363075
2 379.240061 935.148133
1 822.570945 295.209373
1 829.830806 294.046739
1 819.562622 309.232983
1 802.629404 300.577595
1 819.550908 293.675277
1 816.029020 288.743721
1 823.478148 298.508401
1 821.751465 291.149601
1 825.283169 296.602609
1 818.450751 282.660983
1 822.934482 292.983958
1 828.970412 303.746897
1 815.418058 296.885520
1 819.024018 294.624643
1 831.099042 306.238499
1 818.992631 313.060734
1 819.454788 297.964086
1 839.922837 300.968418
1 814.089782 286.227806
1 814.952164 321.010370
1 825.252307 296.898763
1 803.852044 302.353583
1 823.426854 290.314283
1 837.694861 287.564907
1 831.735188 292.686087
1 822.409595 321.539671
1 821.588987 277.873229
1 814.325253 299.945888
1 794.438270 299.687799
1 824.079787 263.905374
1 834.266877 295.124755
1 832.985501 300.219674
1 804.868501 327.180972
1 801.514639 298.024462
1 783.874151 314.581959
1 785.407791 308.635514
1 795.702427 316.117499
1 840.344157 306.628122
1 845.280019 301.087228
1 848.928512 282.752749
1 869.930728 315.357451
1 798.897567 267.647693
1 883.946015 264.997808
1 773.739112 256.846901
1 852.074387 284.450418
1 774.700987 302.027136
1 805.109433 266.075603
1 819.720193 303.837235
1 808.692717 325.909135
1 815.086716 276.604465
1 815.231070 330.953753
1 853.173751 246.431660
1 779.909774 330.582969
1 821.925693 229.758131
1 838.621268 299.212738
1 817.580023 278.462210
1 877.011685 276.945319
1 836.683143 283.851586
1 797.060646 323.679341
1 818.756101 250.164800
1 820.983239 299.833909
1 778.549701 306.895872
1 804.168323 310.788537
1 880.570259 243.076854
1 808.770109 322.507991
1 821.473934 305.267720
1 814.545378 235.073869
1 845.851183 289.745380
1 827.873755 309.839475
1 831.053579 276.938713
1 776.239034 298.327327
1 811.822150 311.118212
1 796.335835 288.120114
1 892.445601 231.987527
1 815.182949 281.446665
1 843.588918 307.426594
1 817.340085 296.481993
1 872.699453 293.387183
1 845.380645 324.830540
1 862.085154 262.828256
1 845.620508 323.635913
1 819.289687 327.238199
1 901.714992 303.017967
1 766.831510 306.426126
1 885.095336 259.972600
1 805.977712 331.323575
1 909.713439 309.183223
1 828.532060 303.595997
1 922.676882 280.158873
1 791.003709 309.497688
1 863.290035 249.315000
1 875.291660 287.418895
1 817.531867 324.262805
1 806.325344 333.049170
1 899.164850 211.456281
1 834.382288 265.582236
1 840.174147 286.571587
1 845.881129 298.050104
1 776.102115 279.131998
1 771.549584 325.200473
1 821.145412 303.266511
1 852.296547 311.738019
1 831.032581 315.173111
1 940.743383 296.173006
1 777.432348 293.011612
1 837.881212 299.533595
1 846.395661 329.997525
1 849.373728 290.641210
1 819.953072 317.346197
1 881.062736 314.320819
1 830.519834 308.700724
1 804.464735 330.632869
1 816.308409 306.122616
1 812.383060 324.570428
1 780.142016 318.886948
1 888.134333 292.059166
2 840.676232 608.621616
2 852.475574 633.410839
2 851.954105 627.968782
2 854.026035 648.220403
2 839.991632 615.530566
2 853.077069 632.163393
2 838.369887 634.561641
2 841.955730 613.519406
2 866.584727 624.813974
2 828.963805 622.449259
2 852.416090 642.763955
2 837.016986 614.694498
2 840.738615 643.357703
2 843.478089 641.697435
2 838.721206 644.038280
2 863.400528 639.149061
2 859.753973 642.335668
2 837.233535 635.162835
2 853.881323 619.546542
2 850.632442 625.157595
2 853.359522 611.015333
2 850.418268 615.658842
2 858.067359 619.559308
2 857.351504 643.163369
2 850.318600 639.521488
2 835.521914 631.914579
2 831.556330 614.604932
2 850.077215 631.957816
2 852.373098 634.690302
2 851.245743 630.290808
2 836.293860 616.051164
2 837.884820 636.400251
2 853.265255 626.674026
2 848.812040 628.612968
2 850.192135 635.737483
2 854.054095 633.278565
2 846.559716 642.299393
2 834.979246 636.262926
2 855.763583 644.513919
2 846.730506 607.687930
2 856.436795 633.342058
2 852.717873 632.804110
2 842.090755 638.151091
2 841.498960 633.550477
2 831.691895 631.432495
1 839.150566 346.386851
1 837.149924 359.523405
1 824.432963 339.957046
1 787.704179 365.368925
1 751.817989 369.189806
1 777.596727 363.104913
1 841.649346 348.890404
1 823.766106 361.127497
1 842.813816 359.830152
1 810.028154 340.949227
1 875.247344 336.080099
