1 199.269705 173.437265
1 210.114308 186.948301
1 205.196307 190.114481
1 201.889364 166.244283
1 200.028815 178.904122
1 188.380839 167.329228
1 212.278736 161.253949
1 212.483211 172.490510
1 195.050289 171.076614
1 179.145205 192.423152
1 203.705688 176.662764
1 208.432975 176.476157
1 190.286978 163.249754
1 199.578806 182.418145
1 186.174945 200.079040
1 180.475691 186.882647
1 204.553109 188.063940
1 220.977149 175.115079
1 196.939850 198.505773
1 199.999612 180.015226
1 196.346362 175.409721
1 193.785615 175.874331
1 201.650211 166.035300
1 182.203108 183.478241
1 198.891638 173.225857
1 180.544847 186.930235
1 186.504118 179.103378
1 180.106523 173.681083
1 212.387992 187.255458
1 212.946587 178.048028
1 209.544623 167.571960
1 181.902077 174.280506
1 205.334414 178.161422
1 212.620355 185.058393
1 188.913952 189.585743
1 204.101071 172.079548
1 179.717881 187.837870
1 207.066242 193.777773
1 214.856571 170.711981
1 202.955266 172.699582
1 184.536981 177.049929
1 184.258736 186.863044
1 194.252804 187.623283
1 201.516642 175.161366
1 221.555916 184.444234
1 204.039642 182.773306
1 209.057956 178.535843
1 198.418725 169.288476
2 147.719864 139.178096
2 293.914801 136.273860
2 171.706898 110.554810
2 245.197685 60.614106
2 294.372177 189.389279
2 247.747488 300.629079
2 123.511157 300.565481
2 304.332227 62.381701
2 318.756259 57.705115
2 240.868928 171.431778
2 158.408097 123.982872
2 238.095347 173.144910
2 6.988644 146.061295
2 317.447416 179.969107
2 89.577762 289.336909
2 225.903249 289.597707
2 18.138077 109.929903
2 3.136457 219.714821
2 129.998060 280.385958
2 198.110545 10.437739
2 246.814734 268.601933
2 31.140934 115.490686
2 265.037625 240.178044
2 114.672760 10.294318
2 140.521718 239.398896
2 24.569977 251.627972
2 87.105782 18.602916
2 203.383335 10.801702
1 188.616359 165.021553
1 202.111357 182.229960
1 187.380395 183.566071
1 225.220437 177.454768
2 4.823216 290.913180
1 175.097795 155.885514
2 300.486292 55.820254
1 234.604709 158.133522
1 205.289132 206.232360
1 184.633883 173.094496
1 242.707075 128.221111
1 195.119534 160.608048
1 160.567086 197.223426
1 192.827307 183.463901
1 131.344890 129.045595
2 182.685767 1.768118
1 236.872705 173.730370
1 177.556412 169.136968
1 218.375594 161.538386
1 205.917133 193.373527
2 299.583290 276.154760
2 138.777573 185.254325
2 102.861008 234.311965
1 172.617952 147.965742
1 142.090064 167.176893
1 204.585092 169.953975
1 180.826171 145.871233
1 182.360940 201.652636
1 188.020968 194.271002
1 184.162483 122.808321
1 189.333322 111.544913
2 293.471041 152.730241
1 205.706931 185.320128
2 212.803144 45.693296
1 190.065970 133.086731
1 162.857611 195.757721
1 225.353340 159.214578
1 187.831090 160.226445
1 157.923028 217.352926
2 102.204560 263.576779
2 207.343968 165.496492
2 171.244360 543.570455
2 20.994490 632.140718
2 66.088670 339.827348
2 153.389716 641.988353
2 215.846863 380.439899
2 197.668517 576.454287
2 176.469311 624.306723
2 142.015951 484.013842
2 162.585077 510.800457
2 28.754951 434.886062
2 258.849622 571.780342
2 28.433730 395.907137
2 285.577834 399.682199
2 243.642724 359.433039
2 206.003233 444.655875
2 119.399959 429.388510
2 73.254313 598.941207
2 134.954239 645.637362
2 99.191083 646.504344
2 207.408084 475.388057
2 175.878546 664.310229
2 56.757080 648.983011
2 73.619898 598.637837
2 241.075590 599.306021
2 57.684641 621.129341
2 237.416916 559.534167
2 256.806163 651.135850
2 208.011418 561.123869
2 207.562959 360.801192
2 180.031909 582.133882
2 212.713994 609.031165
2 320.369559 608.678155
1 145.030728 772.537774
1 157.487720 793.321122
1 126.746203 786.033927
1 143.108860 781.374177
1 154.390032 786.035741
1 152.529190 780.121808
1 145.163527 789.729331
1 142.908453 785.024548
1 147.016255 764.763246
1 140.785421 784.378476
1 149.145823 789.074265
1 164.059055 789.500816
1 129.883861 767.236260
1 162.035259 791.309183
1 148.994945 781.462857
1 139.669431 765.674780
1 148.445724 798.992661
1 161.454364 774.691989
1 145.115120 801.068668
1 147.551750 782.847987
1 130.097206 782.724603
1 146.637271 794.320656
1 144.572743 765.796607
1 165.210033 792.478869
1 145.398130 795.977175
1 138.434013 794.852440
1 137.038868 779.913534
1 148.886593 775.785309
1 151.684056 759.675614
1 141.519321 797.625571
1 172.323697 786.749599
1 143.634279 768.792677
1 171.706840 790.920699
1 150.302771 764.452877
1 154.831874 780.177508
1 165.169143 762.646692
1 139.070384 777.583477
1 164.121171 782.791520
1 131.403224 778.324781
1 147.781349 780.633312
1 142.264031 791.512781
1 156.685346 781.153872
1 144.954823 801.106475
1 168.558070 768.279076
2 45.445622 846.788738
2 314.745031 695.223919
2 278.842459 682.923933
2 144.085517 872.816056
2 179.601668 815.345060
2 235.255087 804.442660
2 25.964187 815.865713
2 66.431093 926.363874
2 304.534268 779.614386
2 226.630879 780.766078
2 168.179667 893.592700
2 155.089063 886.894080
2 206.757819 820.565459
2 95.990597 827.499648
2 100.781039 780.964956
2 251.927141 815.949635
2 109.632884 844.386862
2 186.317673 845.551338
2 54.460575 712.218472
2 132.847880 719.890740
2 92.891069 894.358573
2 78.445487 880.182434
2 292.569065 875.351900
2 163.643110 814.773757
1 102.413046 788.730822
2 111.070376 857.159732
1 152.542494 755.311392
1 140.575172 780.461952
1 105.098366 794.902062
1 172.166781 731.432835
2 224.045345 833.377008
1 91.233148 815.920646
2 111.947342 886.780378
1 155.873071 791.436609
1 141.286064 789.513513
1 202.748267 737.995498
1 94.152131 732.032612
1 129.446089 760.288854
1 156.579655 738.351019
1 171.199965 718.914232
1 105.411734 847.974675
1 161.745292 798.995164
2 165.086483 808.848990
2 80.861149 797.193120
1 162.473660 773.547303
1 116.831001 783.803374
1 186.248142 793.621956
2 173.998438 835.961211
2 90.848764 675.707152
1 118.114180 729.714058
2 163.560604 796.567647
1 153.481122 806.469135
2 179.373225 966.471390
2 234.752469 820.092427
2 267.026802 686.353398
1 130.917705 759.304606
1 122.311876 768.017434
2 128.956052 809.869156
1 142.604593 752.397743
2 235.884997 834.747016
1 165.799978 776.983720
2 137.486038 790.068621
2 127.939158 817.664976
2 118.025803 792.907502
2 208.532053 854.545184
2 167.762494 862.973339
1 187.131713 814.990255
1 145.030619 814.581363
2 83.483970 671.886562
1 159.524794 816.392310
1 176.099223 793.335510
1 164.341783 780.264045
1 138.186169 770.130920
1 182.214329 733.551473
2 29.625937 823.759797
1 175.080431 777.718192
2 79.729195 681.335327
1 146.579681 754.319830
1 205.825162 794.869111
2 122.316250 737.152041
2 80.952408 844.082201
1 197.112803 815.986496
1 135.567919 831.052182
2 72.704018 761.130619
1 185.939883 739.962741
2 240.086635 853.475952
1 101.572410 751.451532
1 125.704014 825.443065
1 162.016240 820.065184
1 111.744189 784.000940
2 103.280075 806.648519
2 226.033206 859.055189
1 81.116087 735.600774
1 190.527152 811.387845
2 102.591734 752.387281
1 98.500043 782.597029
1 174.572756 743.129748
1 139.423577 767.613826
1 87.097715 788.472066
1 157.171110 812.969030
1 112.758759 816.779952
2 136.805414 784.234322
1 178.702008 754.064036
1 169.422357 736.489705
1 140.006008 769.613024
1 130.190114 714.811182
1 111.323629 766.741183
1 213.739127 789.227191
1 170.412378 814.565154
1 166.137880 800.142061
1 141.970681 817.885230
2 97.110558 887.888210
1 117.357779 788.877187
2 113.927749 796.386363
1 171.966374 735.083206
2 44.028199 683.255668
1 145.837435 804.315778
2 16.144473 675.610192
1 145.922873 777.439796
1 210.672519 738.225741
1 175.346476 779.592227
1 141.022979 819.666260
1 139.261912 710.329652
1 169.077301 773.608994
1 162.188916 779.289214
1 155.903101 710.609247
1 178.468711 762.649195
2 50.839988 955.248592
2 287.764410 794.784447
1 144.362598 827.080349
1 236.200121 824.547850
1 115.867114 805.073883
1 156.566546 791.643036
2 126.363087 842.069205
2 349.778605 9.205542
2 605.066590 47.788371
2 589.443399 329.344407
2 581.120796 112.089809
2 665.653347 275.935088
2 363.834378 164.526498
2 647.042743 256.695106
2 527.996854 292.824059
2 666.366008 82.483431
2 649.420891 250.178670
2 429.921659 60.700783
2 442.269964 137.611678
2 463.885595 159.578450
2 340.834231 314.390766
2 608.180601 176.614387
2 581.659812 104.667085
2 584.759719 8.514276
2 406.604858 243.912258
2 393.617551 91.206526
2 530.761359 200.478255
2 390.672135 228.799509
2 623.500289 78.874461
2 371.782737 51.913341
2 402.867411 243.143525
2 334.950622 271.238755
2 444.498006 305.325461
2 571.288115 214.680961
2 351.801948 280.562268
2 392.401267 95.240427
1 382.260213 656.654334
1 400.060358 664.114563
1 405.111228 654.743552
1 414.979481 651.653271
1 403.504982 652.571265
1 390.688447 647.845610
1 405.143784 645.741016
1 397.298582 643.386521
1 399.545928 650.646476
1 408.363581 655.378863
1 407.056579 652.214464
1 387.102474 631.882672
1 385.087245 644.224714
1 412.893603 637.657770
1 405.531501 633.996536
1 408.893194 651.784645
1 400.441090 649.314884
1 397.339133 647.323642
1 399.327124 649.262928
1 398.053061 653.189044
1 394.188539 646.559336
1 398.752565 649.912308
1 397.250624 649.699913
1 406.456430 640.285232
1 380.873523 652.353149
1 397.868197 650.876934
1 400.504314 653.885126
1 421.667448 648.733453
1 422.983944 640.758248
1 380.384746 651.717041
1 392.518443 649.812297
1 411.925322 644.440037
1 408.039858 649.382839
1 394.418308 649.889421
1 394.377634 647.022654
1 394.835188 662.032331
1 395.472651 631.200161
1 402.283887 655.352194
1 414.147286 642.437744
1 412.439738 656.811921
1 394.118353 663.469716
1 402.351592 650.678890
1 393.106662 639.004447
1 411.733015 641.469493
2 455.653924 403.258451
2 363.487086 575.203866
2 554.207542 524.403726
2 407.654692 539.267475
2 422.263068 585.874800
2 545.309700 599.809725
2 409.899350 583.813836
2 569.053141 516.305782
2 472.503920 468.156992
2 638.136057 382.283967
2 337.238754 627.361551
2 514.384405 514.909617
2 421.769390 657.734760
2 567.767176 623.068481
2 531.947152 538.399774
2 346.897906 350.992522
2 515.624875 369.475080
2 379.458646 395.931238
2 603.739266 638.164720
2 501.170248 578.989438
2 493.003781 406.135317
2 439.302773 543.991638
2 622.657885 589.764738
2 624.977644 549.091301
2 418.523773 349.099599
2 651.343269 665.120359
2 400.695022 591.662895
2 356.809001 521.837604
1 389.212050 643.782546
1 432.523480 611.953074
1 412.652471 648.039234
1 390.793626 630.081016
1 456.666897 597.871662
2 516.809080 563.224316
1 449.178977 608.441237
1 420.404614 644.434309
2 522.034888 544.975426
1 430.734286 663.540801
1 401.696649 635.692771
1 424.636837 663.812270
2 514.167519 657.646183
1 375.989272 626.410669
1 376.865107 645.417152
1 416.557318 612.109295
1 401.026349 615.117968
1 410.406204 636.236858
1 409.755250 623.690154
1 393.650280 659.113450
1 439.880750 641.430643
1 386.868518 623.639224
1 361.302411 616.233018
1 390.619041 649.337011
2 574.243632 494.360832
2 483.180902 661.810282
1 407.647944 632.589224
1 414.393987 569.318872
1 444.141782 572.713781
1 463.733862 658.580092
1 399.246101 573.597470
1 405.022930 654.974804
1 425.115269 629.943142
1 376.916927 655.968570
1 430.261147 643.207846
1 400.867645 640.178835
1 389.985033 638.912500
1 409.157432 655.948395
2 391.819905 637.701502
1 377.797298 605.171834
1 440.137054 604.677821
1 417.235434 666.014056
2 526.726231 633.225580
1 386.433343 630.014532
1 411.668134 668.368042
1 592.269184 788.914880
1 591.487549 810.596792
1 569.833038 799.846903
1 572.212885 807.626350
1 562.838830 823.133327
1 581.619194 791.499844
1 562.109298 801.404777
1 575.479506 794.895237
1 550.314057 812.352350
1 585.959880 788.115219
1 564.241788 810.020203
1 569.629502 802.786922
1 574.622168 791.722488
1 564.053403 790.297419
1 553.192257 793.616418
1 549.161840 788.600295
1 576.378288 808.759825
1 569.200985 800.474026
1 553.858209 800.021254
1 559.810518 804.961297
1 548.627846 793.185977
1 571.998115 799.433039
1 566.964520 801.578735
1 574.470780 783.193272
1 572.089694 783.789241
1 570.978102 799.174940
1 576.423917 815.735739
1 592.906930 809.881322
1 592.085861 806.001343
1 575.887485 815.058752
1 574.647485 814.706093
1 562.839817 799.521881
1 565.419632 797.485520
1 555.859829 792.941726
1 582.643007 781.605743
1 586.486928 795.935543
1 571.754810 812.072489
1 569.199946 795.767835
1 580.683493 819.967901
1 571.582199 797.383136
1 590.387599 797.733528
1 577.335586 808.401524
1 567.753650 797.303679
1 561.438024 797.509067
1 570.353356 805.491408
2 577.914558 714.854242
2 436.675419 920.930438
2 601.527925 716.441812
2 443.770658 934.503837
2 373.322691 854.021838
2 574.700117 858.400583
2 610.104511 840.210379
2 642.694306 910.732831
2 659.645040 947.878012
2 526.803464 864.987154
2 486.398273 802.952947
2 349.544459 746.803773
2 381.538185 894.107693
2 412.598899 810.795338
2 448.318685 952.522040
2 503.259611 871.763370
2 408.423329 772.895511
2 650.792042 795.792364
2 520.087113 997.883590
2 496.779949 667.697406
2 447.291469 719.800295
2 646.125732 813.346760
2 473.722511 702.352219
2 648.836860 787.895538
2 572.124382 759.782192
2 542.324607 680.102779
2 622.243191 962.189270
2 524.971951 840.720524
2 430.984447 864.594218
2 583.814646 844.751735
2 616.138961 886.174952
2 646.334364 870.736780
1 413.675265 704.848040
2 568.299656 737.337435
2 515.227857 738.749225
2 515.446848 672.867410
1 376.715955 683.104937
1 403.601700 689.650772
2 479.617367 822.537356
1 590.905925 791.360640
2 526.532685 781.336369
1 551.279724 777.458032
1 562.534999 827.339949
2 404.386505 684.124609
2 546.343472 710.753515
1 555.843545 843.996977
2 524.744978 722.555612
1 534.138341 836.695591
2 355.640260 787.601765
1 594.209995 794.201049
1 581.090197 832.059027
1 574.629763 837.724451
1 540.351225 801.892302
2 660.043923 814.429907
1 584.112810 856.068768
1 597.539792 785.575633
2 491.199201 822.189652
2 613.302366 775.207581
2 576.920712 672.157753
1 544.940850 793.732051
1 537.714332 843.625667
2 663.603594 838.551802
2 602.838808 850.462059
1 424.841570 675.054014
2 604.544849 720.256680
1 595.904711 798.914271
2 348.135146 780.917921
2 492.155044 825.533696
1 563.725310 756.320290
1 571.059354 862.002229
1 407.493715 702.923619
2 384.174599 769.335497
2 419.242608 769.117549
1 589.522027 769.574304
2 388.716850 672.817550
1 541.151619 786.424255
1 509.652226 878.321144
2 514.890287 788.632249
1 557.198310 803.102723
1 586.981977 831.908910
1 362.473580 697.271941
1 582.057757 818.249713
1 402.362765 682.052106
1 572.293099 810.757055
1 611.797316 777.882448
2 587.792070 775.913569
1 381.367433 679.769745
1 574.915776 791.828585
2 434.161314 684.116056
1 553.472221 752.504169
2 476.756605 747.545328
1 583.832271 770.878717
2 629.172116 707.370047
1 412.283615 691.449311
2 471.749096 752.572707
2 425.379621 840.050293
2 623.504110 691.762042
1 413.530739 697.932553
1 447.072203 678.342306
1 607.520440 809.244391
2 524.956999 813.188964
2 555.315827 677.595451
2 370.606522 727.521891
1 592.215789 819.471254
2 513.137749 790.109114
1 585.832531 816.123872
1 579.603559 817.576071
1 562.770085 807.101518
2 439.062432 914.418020
1 580.399165 804.784471
2 514.230371 772.314567
2 357.393891 734.550176
1 585.274948 791.651515
1 573.887011 793.211850
2 511.572379 831.213644
1 377.334865 667.848119
1 618.136829 808.442926
2 566.220554 695.623166
1 448.647560 672.275359
2 649.823571 803.608601
1 595.861586 810.798261
2 529.126427 678.271626
2 338.071171 750.007612
1 625.572036 762.878989
1 551.087690 752.836217
1 515.714901 834.241457
1 576.509109 803.570496
1 551.557168 799.476297
1 420.063018 707.978239
1 513.044614 766.899591
1 503.134300 772.867736
2 577.218985 788.016876
1 407.020652 676.179812
1 583.182185 792.918514
1 554.862265 803.223472
2 550.291493 773.920943
1 411.043488 679.574335
2 371.175437 688.926726
2 404.735693 690.935181
1 573.328173 774.555033
1 420.614408 676.604385
1 596.483324 881.507088
1 569.684194 822.609376
1 593.724925 803.384233
1 825.323420 313.131564
1 817.333145 301.770809
1 812.226200 290.236725
1 830.429414 297.607845
1 824.995430 303.209579
1 814.043604 287.613507
1 831.667684 295.476292
1 814.058431 301.075981
1 834.044190 283.999700
1 827.473053 308.571495
1 819.691371 300.488439
1 820.776003 303.481807
1 835.591285 300.783414
1 807.626186 302.934711
1 820.155986 304.158386
1 826.779512 299.570688
1 802.061386 300.942897
1 830.789986 321.305360
1 821.461269 298.275657
1 837.939457 290.559085
1 809.734327 290.916042
1 799.208382 306.913418
1 827.960425 295.295719
1 822.190965 301.146311
1 828.619228 297.276916
1 824.871657 302.618242
1 818.187449 299.010597
1 822.031434 305.360813
1 822.383471 302.747937
1 820.658663 284.509079
1 809.235061 314.367895
1 817.915434 307.558264
1 838.150705 307.822859
1 817.894563 302.926957
1 833.266366 306.872088
1 825.397005 287.726416
1 824.072163 310.451970
1 820.862003 300.408726
1 818.762404 303.936763
1 812.497967 279.106009
1 829.669497 290.198884
1 832.419664 315.356267
1 797.302606 305.825083
1 843.686914 295.652230
1 836.313379 292.914827
2 666.798979 177.648918
2 722.194114 196.170142
2 799.967573 112.965367
2 893.464066 245.978228
2 967.740334 176.295514
2 896.554048 172.220755
2 882.950573 98.002196
2 919.808063 177.226763
2 777.515608 169.121337
2 763.118143 314.693327
2 830.285743 135.188482
2 995.768737 265.352777
2 801.264136 178.192910
2 900.574006 251.836751
2 844.330495 166.834008
2 786.455709 275.805450
2 721.232896 113.150164
2 850.339335 302.945682
2 955.189126 119.127902
2 923.431828 272.093459
2 921.373790 74.377634
2 809.899771 309.508034
2 700.217118 149.705557
2 923.879637 114.424918
2 799.230402 268.265659
2 725.838965 321.164163
2 826.266588 220.737925
2 746.763665 98.818846
2 942.296089 88.085685
2 998.183651 278.084384
2 992.212422 18.595498
2 961.750529 170.609145
2 747.794707 283.159653
2 743.638688 290.934731
2 932.934711 232.792991
2 910.615641 307.640439
2 736.348498 280.763963
1 826.691649 282.472580
1 818.030513 314.973378
2 767.438725 264.285929
2 760.258780 306.971082
1 863.530322 279.696131
1 821.837755 317.517325
2 930.016267 217.594290
2 757.144063 252.671299
1 784.369603 296.991671
1 822.534387 331.822939
2 954.120774 105.176309
2 826.277972 314.515864
1 792.315967 310.291196
2 687.128594 275.302898
2 975.566459 265.358176
1 819.830951 282.147200
1 859.096529 320.124988
2 914.900400 217.695186
1 817.658290 271.728248
1 838.684098 324.967378
1 838.255973 278.528222
2 736.746801 289.412803
1 851.250572 311.739918
1 827.522583 309.107010
2 874.984561 164.518311
1 855.527677 264.018511
1 837.125155 267.281489
1 786.389662 257.249342
1 871.641734 257.174527
1 845.353510 275.234448
1 783.179589 262.344201
1 795.531450 320.447430
1 791.317314 293.721874
1 816.122327 325.210603
1 765.139022 312.717691
1 830.804203 268.470729
1 832.187058 322.089040
1 841.387217 305.618579
1 828.691824 261.152979
2 902.541075 208.796426
1 802.283945 323.758739
2 735.621758 295.282331
2 768.209779 227.972773
1 856.933359 276.281778
1 862.491651 299.207688
1 887.512034 273.689893
1 802.536942 306.547865
2 914.524794 300.319275
1 841.318142 292.539950
1 831.610679 325.747482
1 796.194760 313.356435
2 924.822934 360.146150
2 853.461554 617.476469
2 898.600168 540.882315
2 750.100477 352.702020
2 867.559483 627.575568
2 910.013623 458.782088
2 968.121624 355.378469
2 909.437058 404.824141
2 921.326964 580.380160
2 857.254788 594.139169
2 772.892698 525.418582
2 958.985674 356.512416
2 952.169677 569.099599
2 813.839232 641.817628
2 922.861860 409.129112
2 757.961885 346.761935
2 921.044725 367.612915
2 710.275476 501.749901
2 821.702857 505.467745
2 923.699222 340.109950
2 857.317670 417.800218
1 794.920528 336.758859
2 693.410020 337.578686
2 934.465904 393.117256
1 810.764976 341.091593
1 871.600725 334.615028
1 829.539419 345.934609
1 836.225062 355.334696
1 855.078241 363.255856
2 977.309914 334.612984
1 766.428688 339.800576
2 767.120646 362.053723
2 801.764123 366.995236
2 767.254436 360.546026
2 721.551111 351.009604
1 860.846480 367.690562
2 730.879782 942.588539
2 817.317326 740.240759
2 728.193996 675.485181
2 737.304823 749.460525
2 676.107195 838.903866
2 836.032604 668.933878
2 977.535892 947.458170
2 922.795936 866.236940
2 906.207141 929.633314
2 970.266889 912.324051
2 841.109441 723.509132
2 975.466924 771.741003
2 981.902447 834.698518
2 864.426634 915.553717
2 761.362816 885.111847
2 693.274694 781.004788
2 666.953286 932.102326
2 741.835712 871.078402
2 780.253001 708.401185
2 806.801612 766.132397
2 996.611945 678.081041
2 679.511998 907.681723
2 905.773147 741.739487
2 950.051251 897.290482
2 734.144591 871.112007
2 684.763842 813.520664
2 844.035953 683.177205
2 763.416162 684.243587
2 681.764858 854.907636
