1 202.078525 179.315206
1 214.176846 164.074055
1 204.328503 189.087506
1 211.836927 174.842533
1 203.527437 163.832954
1 199.534577 179.521387
1 180.724814 194.967207
1 192.250519 197.907028
1 194.037276 181.435106
1 199.799649 178.648621
1 188.637822 183.889312
1 189.229870 181.374885
1 190.123317 178.772194
1 200.678000 184.928028
1 178.902086 190.791062
1 199.439138 173.536568
1 210.518514 165.218820
1 198.505473 182.127880
1 194.792092 166.717099
1 203.281993 182.508794
1 203.190361 193.766879
1 219.140980 196.921707
1 160.260955 235.957645
1 242.475949 177.673948
1 195.977060 198.659641
1 152.402733 145.746135
1 164.840394 144.615620
1 177.600350 209.048395
1 174.758713 289.503151
1 223.569905 159.258289
1 215.758415 219.393270
1 206.082195 177.825227
1 220.548275 174.959513
1 152.025151 137.706202
1 220.798439 219.094140
1 181.464548 208.476521
1 208.347734 142.809010
1 204.591736 276.784349
1 192.334616 203.286979
1 237.465000 177.382633
1 129.357507 170.883522
1 181.725006 179.778267
1 258.986506 150.407011
1 196.101263 212.470758
1 211.673384 204.350551
1 219.147744 217.089906
1 233.488843 68.298950
1 261.846506 100.018102
1 201.904771 135.613666
1 253.688412 131.018075
1 290.623185 109.245522
1 124.910022 190.853638
1 207.838123 171.936974
1 206.172858 219.887201
1 179.805071 148.335976
1 225.729704 177.166133
1 179.734576 163.586799
1 177.788352 225.376106
1 206.178847 198.035365
1 207.330155 286.533116
1 186.075334 178.577394
1 229.157001 227.920029
1 206.274357 260.173226
1 223.412638 146.444466
1 183.672631 219.346508
1 100.716261 158.502697
1 270.348838 187.637393
1 191.234850 242.833942
1 199.539569 195.532056
1 245.836411 164.240065
1 190.315556 186.545435
1 239.902502 118.581823
1 193.158572 196.915925
1 227.926065 212.035830
1 199.864124 191.282626
2 59.664177 453.414726
2 58.482343 434.984402
2 51.425367 440.837784
2 43.175214 434.119097
2 75.720087 415.002922
2 58.804816 428.815023
2 60.732494 408.726670
2 72.406240 438.663397
2 68.614963 418.307461
2 67.604440 409.186050
2 50.591738 412.758446
2 64.626408 427.958435
2 74.532559 427.224107
2 45.398665 416.726962
2 56.673980 431.836704
2 64.811656 413.906890
2 54.629899 427.696813
2 64.010856 425.553187
2 59.602518 430.313672
2 64.184752 413.590620
2 80.182577 438.192942
2 70.931752 442.930283
2 61.246465 421.775181
2 61.668450 429.694248
2 53.810192 419.722364
2 56.705041 425.612133
2 56.175670 411.315359
2 83.436392 431.710276
2 56.345963 431.619136
2 62.089104 430.141319
2 65.727367 424.865274
2 54.176240 408.216230
2 54.332525 422.651007
2 65.391002 431.691994
2 63.955935 438.324871
2 40.333242 444.457525
2 47.776520 438.419990
2 83.859896 425.730642
2 86.670009 384.957726
2 79.651548 418.587872
2 39.453795 400.276595
2 97.722509 398.630736
1 297.011803 646.407359
1 318.054317 664.020154
1 137.580917 790.113407
1 148.218661 777.629893
1 139.421185 798.342218
1 138.908182 789.084680
1 146.418749 784.457072
1 160.131038 787.909778
1 158.460107 771.246079
1 157.586055 786.824144
1 151.165851 778.942263
1 154.737368 774.207855
1 164.555545 789.736037
1 163.909595 777.338638
1 136.628337 785.524255
1 147.324617 770.897743
1 165.789670 780.267917
1 161.861036 758.807051
1 128.360333 771.670554
1 157.033526 783.322430
1 149.792901 793.426537
1 155.137713 786.289303
1 134.234740 763.365257
1 91.493182 779.750743
1 154.841149 796.761344
1 156.626554 785.478675
1 188.377867 789.564893
1 190.892322 804.473137
1 142.859582 781.752007
1 160.106070 801.048343
1 153.170962 793.063699
1 143.309912 785.977148
1 212.291392 825.275069
1 178.745371 787.994870
1 120.218785 750.476537
1 157.433683 810.067624
1 154.144293 784.268651
1 136.078311 761.335447
1 224.440160 782.090019
1 154.445832 778.085018
1 328.780285 682.791834
1 180.246650 774.853125
1 109.060247 752.648566
1 133.241836 787.380722
1 151.909951 829.369307
1 77.493137 790.871266
1 151.009846 776.713108
1 147.959088 790.955798
1 214.029948 809.169339
1 144.058709 855.625456
1 173.426478 794.215287
1 141.942947 752.356312
1 204.604774 771.928352
1 170.027443 801.189850
1 117.535347 790.031832
1 117.554955 778.933704
1 176.847181 744.612795
1 130.786127 762.929417
1 162.446296 846.050134
1 159.728488 793.008410
1 154.402599 819.345796
1 150.620249 833.243730
1 176.921259 790.513466
1 203.303470 851.181581
1 190.095033 784.966813
1 206.916460 740.830374
1 186.817128 768.910009
1 107.933947 782.065609
1 122.876564 797.364458
1 188.210496 759.465734
1 133.281408 798.177437
1 153.621929 722.599683
1 125.783776 806.154282
1 165.115742 741.314709
1 86.631261 812.857056
1 136.656151 761.978143
1 146.325838 876.252061
1 158.450599 832.906926
1 154.550551 706.086666
1 137.482397 754.947408
1 160.679536 782.229621
1 94.404206 806.034294
1 190.425567 800.861218
1 130.187402 747.135731
1 140.639353 802.533603
1 163.536053 761.399938
1 124.165805 805.532093
1 132.082021 828.415062
1 110.780969 788.774073
1 158.667475 751.577221
2 328.773504 798.403399
2 325.216871 827.760530
1 165.104585 769.161809
1 211.356022 760.817429
1 154.853913 806.538702
2 322.474517 810.502379
1 160.938267 818.688593
1 71.663151 757.012058
1 150.000403 788.889647
1 76.862453 782.932228
1 104.594582 796.614988
1 206.105710 751.607793
1 150.737432 788.482330
1 145.555193 818.564616
1 147.588581 764.732369
1 96.230460 767.292037
1 166.237078 792.387268
1 222.445460 792.846872
1 56.558462 822.922484
2 499.585782 134.991032
2 506.632547 149.885286
2 492.965995 129.845313
2 518.370217 137.655406
2 500.372290 132.347817
2 487.886167 155.139001
2 509.219396 138.393067
2 509.805614 158.859363
2 494.685072 156.280964
2 516.707945 155.811111
2 493.952420 155.236588
2 512.198795 143.865391
2 498.891104 142.434045
2 482.063822 143.746553
2 496.084056 144.129262
2 516.354893 141.664266
2 492.726283 160.391446
2 487.985610 127.781588
2 491.863470 139.404843
2 484.169628 124.939385
2 500.296424 143.208910
2 502.431803 130.208756
2 488.163780 137.309645
2 490.172815 141.775291
2 497.665782 137.406016
2 504.235634 136.967520
2 507.121802 126.362128
2 504.037112 143.205893
2 519.923327 144.451390
2 507.237126 134.154348
2 495.384363 140.921447
2 497.827101 132.321328
2 520.065446 142.572758
2 485.296409 121.877189
2 495.878229 119.440463
2 499.532163 145.276059
2 486.023560 139.868389
2 474.154436 108.444539
1 414.159271 654.484542
1 396.965906 656.429721
1 409.232629 630.668999
1 407.023245 639.978443
1 391.300101 656.779568
1 399.486811 646.725757
1 399.088965 649.256337
1 399.326209 652.158784
1 398.848586 635.686138
1 391.609420 665.205160
1 399.173399 644.191207
1 409.607785 663.929181
1 399.641320 649.664334
1 400.950645 653.944074
1 405.424793 638.575822
1 381.367666 653.613494
1 398.660293 649.819049
1 405.861198 641.062399
1 411.539163 654.654595
1 401.664526 639.774492
1 408.226809 628.395687
1 395.338749 637.154486
1 415.984239 646.909203
1 423.036678 654.281203
2 556.654560 492.168320
2 559.645556 478.749257
2 563.369408 490.282628
2 573.381410 471.477110
2 559.161220 474.688788
2 556.840378 498.166857
2 558.252617 486.808067
2 558.899972 479.781194
2 548.343974 488.373185
2 559.745212 479.979779
2 569.635254 470.297255
2 547.504747 473.173566
2 568.280122 458.401332
2 552.993692 480.154732
2 545.797056 473.774194
2 567.445625 494.042759
2 562.460124 483.713340
2 543.069621 483.761617
2 558.284391 476.821103
2 547.655082 458.294657
2 561.074381 495.485274
2 563.167474 480.654356
2 566.168079 497.857587
2 552.590856 490.349685
2 560.512513 470.929234
2 542.971177 465.114985
2 544.830961 464.668945
2 553.586758 461.895545
2 564.947799 458.268381
2 567.193653 481.763242
2 559.099342 479.038836
2 557.992754 503.939145
2 580.160206 485.271098
2 564.291244 478.719299
2 548.831643 495.501298
2 544.664903 471.243575
2 568.669514 482.475636
1 404.883902 656.203726
1 393.204520 636.755157
1 345.599829 654.867445
2 550.935453 463.312660
1 403.250836 639.354068
1 415.955835 663.913449
1 382.972635 647.822987
1 411.741476 631.008395
1 369.446492 627.633787
1 450.526456 632.185963
1 431.712604 664.580081
1 426.627037 601.718556
1 371.206580 620.584719
1 397.523880 651.312089
1 355.295972 650.453064
1 425.873015 627.070608
1 422.605396 614.487341
1 409.689128 663.811597
1 425.851373 655.117124
1 369.022199 648.801415
1 362.146078 653.843946
1 358.354557 639.992001
2 565.596531 530.936000
1 413.684990 614.412823
1 375.353375 660.852388
2 537.582912 471.824520
1 409.492237 664.662730
2 517.383398 497.419467
1 348.516552 603.684613
1 368.126779 661.184652
1 368.036055 613.375551
1 417.611857 650.930645
1 430.731577 664.734796
1 377.645957 618.026751
1 438.277138 664.486047
1 347.431397 578.995956
1 341.732760 629.109991
1 397.024237 647.559949
1 375.658846 660.846783
2 541.861304 463.771309
1 408.913611 617.044412
2 550.902688 483.166928
1 405.172800 643.919542
1 413.896580 631.648658
1 382.168077 610.704706
1 414.833913 656.496200
1 405.004060 637.089468
1 391.954938 651.534859
1 423.452083 635.445052
1 381.078983 628.969381
1 359.318501 644.251728
1 437.003472 629.755983
1 402.283801 656.441469
1 443.878473 644.110043
1 406.386082 665.373877
1 364.788344 659.045084
1 422.396292 649.267071
1 377.382365 653.190432
1 410.682072 625.160789
1 405.837785 602.809423
1 408.738088 621.287934
1 412.285396 629.835541
2 528.027804 484.677683
2 572.181104 468.136373
1 423.252110 657.002054
1 395.456421 655.680826
2 509.267433 541.410193
1 353.655702 646.560936
2 501.129766 493.664092
1 397.378713 642.418464
1 411.849726 656.378124
1 370.318112 619.470990
2 450.836169 474.381165
1 477.852241 639.104263
1 403.254549 646.642037
2 527.266898 509.741295
2 581.524722 520.799951
1 366.685431 639.598468
1 413.715142 655.002237
1 418.211581 640.551522
1 447.235202 639.782251
1 394.221399 669.527537
1 554.016372 799.904415
1 566.340280 801.260464
1 591.474880 793.367133
1 587.251436 782.693528
1 572.751738 801.405733
1 552.745377 812.852118
1 564.153244 803.367135
1 572.759855 799.243772
1 574.622078 798.789140
1 573.053080 813.579015
1 572.145453 786.877142
1 574.188549 798.183811
1 556.173005 808.304817
1 566.122417 793.535738
1 556.450136 801.912863
1 551.165307 798.782531
1 578.038975 812.878854
1 569.494965 799.816144
2 378.960659 833.429814
2 409.237313 811.380150
2 399.890100 830.041025
2 387.390942 851.011779
2 400.025746 809.960347
2 405.207302 850.738799
2 397.114311 827.173351
2 401.636197 813.259206
2 401.312932 830.117661
2 387.290173 814.781166
2 399.712033 820.898581
2 397.509522 816.278095
2 395.711069 837.208026
2 390.150597 825.066402
2 399.501159 818.059710
2 398.257724 839.003859
2 376.583223 838.678080
2 382.307555 837.874612
2 412.266138 813.407596
2 399.456228 830.895849
2 415.642324 835.764118
2 408.008256 824.890422
2 390.094158 829.951194
2 398.878255 849.165779
2 401.366324 848.649844
2 401.175089 840.522349
2 399.819838 837.191383
2 405.832256 845.406995
2 398.449407 821.013905
2 402.179150 831.091748
2 405.133892 836.167852
2 400.384027 826.575821
2 391.501291 844.196585
2 404.526549 830.470441
2 402.357607 815.581699
2 393.088402 831.176945
2 382.629465 844.753000
1 552.064439 789.263466
1 542.972755 758.344490
2 377.734135 824.462270
1 549.055091 761.810604
2 415.601946 804.214827
1 379.038971 688.362295
2 434.492830 864.122803
1 552.850765 780.387402
1 558.511561 809.430452
1 576.781054 825.097029
2 438.158499 821.267059
2 391.811161 824.225151
2 403.024463 830.005060
1 558.285476 780.691644
1 601.722876 830.295769
1 355.290210 667.495947
1 440.170291 691.710094
2 402.597119 845.087739
1 381.991289 684.320157
1 541.799511 811.497412
2 412.254476 832.616277
1 571.563096 815.663210
2 376.037669 802.687285
1 576.273035 775.841957
2 408.841346 837.041240
2 414.528566 825.341901
2 384.316049 845.777457
1 561.666738 781.336568
2 469.447814 799.164262
1 521.980136 814.372923
2 497.209478 810.873592
1 559.220330 790.063087
2 429.601385 866.942301
2 371.682572 842.590356
1 572.425615 805.928290
2 492.521814 817.090283
2 393.087693 880.055713
1 560.206713 807.044088
1 510.824240 851.091819
1 531.154768 799.117307
1 343.671947 688.307611
1 563.643143 824.020618
2 436.084455 844.626183
2 432.053353 803.819462
2 371.722531 802.781502
1 387.871097 743.360481
2 394.561445 789.046336
1 525.501380 822.226972
1 398.374862 676.593817
2 404.539280 848.115938
2 343.845272 830.592053
2 380.491023 869.297995
1 551.674096 805.979011
2 412.196510 793.751306
1 615.156233 832.380522
1 571.778060 770.616356
2 503.730526 861.864953
1 568.932759 768.091479
1 529.872788 798.240529
1 559.358292 777.115588
1 481.839389 766.988732
1 530.168591 873.094744
1 513.841839 795.291456
2 440.567509 822.680851
2 367.232825 849.289345
1 528.837564 788.352588
1 541.215256 775.777864
1 605.750442 807.907480
1 552.342739 797.816307
1 600.657682 798.777251
2 397.065503 846.841892
2 396.816271 821.268829
2 334.229168 846.643400
2 397.990665 860.964167
2 408.424357 864.251879
2 441.446970 822.868900
1 549.240048 789.563020
1 588.156094 820.176824
2 469.203712 811.293002
2 389.002433 803.791320
2 410.300052 846.407740
1 557.240566 822.378155
1 389.259683 696.952998
1 524.925966 846.458918
2 381.916607 807.772398
2 495.403835 862.398902
2 389.129355 856.022425
2 363.927467 800.618827
1 606.017308 799.071746
1 589.816491 805.208388
1 567.087187 863.797490
2 464.773962 788.643379
1 613.036422 789.788460
2 379.886434 847.895953
2 395.525847 822.237394
2 428.641488 808.792147
1 568.563626 827.117192
2 430.067599 851.433988
1 612.084785 806.977778
1 550.301505 797.007945
2 477.316207 845.809259
1 520.317861 804.883303
2 392.633563 822.486502
1 569.371348 810.296721
1 609.444404 772.596015
1 588.008342 727.275303
1 578.804454 846.695067
1 570.387469 765.893382
2 403.312376 805.675336
1 408.373228 682.993247
1 525.129350 734.750028
2 348.424643 827.967534
1 501.687559 797.355168
2 358.806730 897.116459
2 385.904803 810.895206
1 486.927927 758.895518
1 549.664824 814.413021
1 597.431763 883.792917
2 502.415071 856.424760
1 375.598122 671.595327
1 566.270235 794.402083
1 579.833920 753.537391
2 438.138841 787.292786
2 378.423769 828.261533
1 578.746243 782.439177
2 445.431476 816.659235
1 407.759610 725.969967
2 414.186734 866.285733
2 514.006841 875.556249
2 402.643662 835.520973
1 448.489339 698.369255
2 396.892439 783.821322
2 388.651095 825.698020
1 569.063526 771.329844
2 379.549918 851.376649
1 586.654508 815.044392
2 360.045873 770.973585
1 537.141903 724.003885
2 473.256732 789.656522
2 386.453850 809.162195
1 570.641474 705.565792
2 365.953859 884.994573
1 543.181543 786.950238
1 599.819561 801.218703
1 531.714669 801.998564
1 566.411024 797.272820
2 443.106979 811.276818
1 547.278392 770.411242
1 512.750471 817.897307
1 600.874425 745.043213
2 443.654951 863.357066
1 583.923420 781.790601
1 532.015369 864.927575
1 596.102155 769.989544
2 443.205652 833.339837
2 388.724470 862.700034
2 382.071736 818.367868
2 406.450640 827.338514
2 413.740232 824.496956
1 598.767098 830.559143
1 537.512080 789.600655
2 413.372033 885.220119
1 615.306389 790.717506
1 579.930980 772.331121
1 577.166132 810.167974
1 586.824533 798.379515
1 549.557348 765.824482
2 417.978557 811.740234
2 416.477446 798.939051
2 398.721559 793.064501
1 526.265101 830.606527
1 531.003802 795.621812
2 397.351696 834.062501
1 411.742715 674.356499
1 568.163825 817.031041
1 600.190314 813.513538
1 450.395526 714.041817
2 380.561323 829.216333
1 460.514389 675.737091
1 525.032807 804.586969
2 408.511692 855.298570
2 368.875322 811.612235
1 391.405640 684.007514
1 495.793270 788.277522
1 555.367214 754.851161
1 643.344787 817.555654
1 587.905071 811.887690
1 527.648453 767.950918
1 345.300251 706.797319
2 348.546181 783.591615
2 430.952333 807.901257
2 467.274005 827.253886
2 380.647576 817.906185
1 530.105623 735.842580
1 555.116692 801.212176
2 409.970307 823.357327
1 575.439319 861.538490
2 509.691383 812.557196
2 374.336027 876.286967
2 384.718562 810.145522
1 614.337234 750.275122
1 571.627209 811.392856
1 385.059130 691.346869
1 616.689891 768.552911
1 599.992071 740.454582
1 410.573467 680.698765
1 585.346254 795.663331
1 568.992733 858.574055
2 455.681244 854.143562
1 384.408816 740.023947
1 620.002007 745.475855
2 362.709966 796.689054
2 437.051183 865.316009
1 542.009458 818.149664
1 553.575612 819.660613
1 583.573672 792.327195
1 546.655601 764.922156
2 415.382495 888.634140
2 472.045810 862.018834
2 391.149213 858.586756
2 416.402255 900.653848
1 597.856986 816.557510
2 494.504623 891.382191
1 524.728017 762.685704
1 580.496381 786.169817
2 433.211393 814.133769
1 522.490281 804.920325
1 634.302107 808.259719
1 566.072395 752.299863
2 375.947637 807.960879
2 389.765671 799.868103
1 568.340882 853.484751
2 415.508669 847.790631
2 400.457559 861.378230
1 473.371915 780.820690
2 383.836049 817.751243
1 344.443982 688.506484
2 409.472339 828.140045
1 602.882788 787.605347
2 346.057474 809.871619
2 365.321209 787.386446
1 492.774013 752.124194
1 393.655485 747.565148
2 413.516099 775.970878
1 572.552207 785.043041
1 539.818886 793.824906
2 383.649563 830.731330
2 413.032956 786.062764
2 356.961786 839.606044
2 428.789034 861.753906
1 563.514067 815.035265
1 562.209475 757.983043
1 523.384389 848.063197
1 574.575857 757.370504
1 368.590338 694.874228
2 383.894493 866.297570
1 456.679265 802.739911
2 360.008618 819.652700
1 575.191765 864.865813
2 434.677456 839.538201
1 346.695073 668.903119
2 400.410783 787.852193
1 568.668040 797.641796
1 553.017394 792.271797
1 411.689150 700.500363
2 404.069754 792.008918
1 522.627001 891.836336
1 595.462932 788.902692
2 465.361697 829.578061
2 498.033227 859.047621
1 533.043408 720.393783
1 796.388864 306.657840
1 827.008361 306.982318
1 819.703925 311.468283
1 819.562622 309.232983
1 816.029020 288.743721
1 823.478148 298.508401
1 821.751465 291.149601
1 815.426318 276.391480
1 818.450751 282.660983
1 820.312877 300.045297
1 819.187439 300.062221
1 831.099042 306.238499
1 819.454788 297.964086
1 839.922837 300.968418
1 814.089782 286.227806
1 825.252307 296.898763
1 803.852044 302.353583
1 837.694861 287.564907
1 831.735188 292.686087
1 805.251090 281.217554
1 834.640377 300.015460
1 819.206725 279.764840
1 822.409595 321.539671
1 821.588987 277.873229
1 814.325253 299.945888
1 805.340537 311.013022
1 832.399291 261.262659
1 821.301618 270.788651
1 795.093171 277.096116
1 818.067463 298.251284
1 861.942402 233.224722
1 846.056399 327.765362
1 854.622053 316.876432
1 783.154270 296.338112
1 839.553307 262.145375
1 846.427157 200.659686
1 793.738476 279.177824
1 874.169559 325.574155
1 809.360033 270.374082
1 814.909402 301.186233
1 806.833491 231.338101
1 768.723967 211.380285
1 859.038532 298.951940
1 743.472371 249.077283
1 804.659332 280.791982
1 841.755655 307.463196
1 820.122895 319.231458
1 822.317003 280.877540
1 830.366821 303.298392
1 878.267948 291.622121
1 822.719730 257.502333
1 762.738651 282.448461
1 834.149724 178.179785
1 804.280503 311.608404
1 817.165111 287.526774
1 845.645734 267.274459
1 809.464542 304.252754
1 856.603370 312.124914
1 849.970277 306.519370
1 835.952847 320.713452
1 829.884954 315.340447
1 810.096229 287.101002
1 843.398255 238.225560
1 823.433691 308.942962
1 873.984197 202.779591
1 822.237015 265.944518
1 849.088164 314.450520
1 804.905608 317.227148
1 812.891828 249.543258
1 865.600293 208.448536
1 835.475362 261.996334
1 847.710065 295.604952
2 840.676232 608.621616
2 852.475574 633.410839
2 854.026035 648.220403
2 839.991632 615.530566
2 853.077069 632.163393
2 841.955730 613.519406
2 866.584727 624.813974
2 828.963805 622.449259
2 852.416090 642.763955
2 843.478089 641.697435
2 859.753973 642.335668
2 837.233535 635.162835
2 850.632442 625.157595
2 853.359522 611.015333
2 850.418268 615.658842
2 858.067359 619.559308
2 857.351504 643.163369
2 850.318600 639.521488
2 835.521914 631.914579
2 831.556330 614.604932
2 850.077215 631.957816
2 856.027421 643.177058
2 852.373098 634.690302
2 851.245743 630.290808
2 837.884820 636.400251
2 848.812040 628.612968
2 850.192135 635.737483
2 854.054095 633.278565
2 849.995893 630.763458
2 855.763583 644.513919
2 846.730506 607.687930
2 856.436795 633.342058
2 852.717873 632.804110
2 842.090755 638.151091
2 850.444308 630.218780
2 850.868218 630.077384
2 831.691895 631.432495
1 845.224141 345.730543
1 830.310492 333.603728
1 809.168271 337.153007
1 823.094741 352.937890
1 787.645564 358.536343
1 890.959859 358.448454
