1 202.078525 179.315206
1 186.819888 180.064576
1 214.176846 164.074055
1 182.952212 174.534474
1 196.768541 177.505941
1 204.328503 189.087506
1 210.958168 179.125455
1 189.331589 163.877402
1 203.527437 163.832954
1 193.067098 161.343859
1 199.534577 179.521387
1 201.970054 177.160632
1 209.442568 186.467994
1 180.724814 194.967207
1 203.531713 193.973627
1 193.107182 173.501593
1 196.032144 186.401373
1 216.060535 192.472274
1 192.250519 197.907028
1 194.037276 181.435106
1 181.725132 173.312320
1 183.153069 197.091140
1 188.637822 183.889312
1 199.026631 174.339036
1 190.123317 178.772194
1 211.479674 193.053529
1 201.737982 180.358956
1 199.410362 165.275356
1 200.678000 184.928028
1 178.902086 190.791062
1 199.439138 173.536568
1 210.518514 165.218820
1 201.121318 185.842062
1 185.497611 180.646397
1 182.344040 172.955946
1 194.792092 166.717099
1 186.702925 186.835629
1 215.404842 195.972708
1 203.190361 193.766879
1 201.587909 182.185522
1 210.067252 172.806962
1 199.478795 202.923192
1 214.110882 181.793580
1 229.929484 205.113294
1 239.604174 147.041002
1 183.229976 187.810306
1 211.700881 143.508070
1 243.453180 222.991078
1 167.285978 193.140022
1 193.585007 183.613848
1 209.894710 146.015564
1 137.095443 152.798376
1 239.070481 187.961484
1 202.374778 182.115581
1 185.515322 181.210833
1 208.850577 195.455373
1 193.900113 188.844876
1 229.586011 201.852738
1 153.199295 170.652462
1 211.843129 199.577305
1 201.441624 195.403849
1 262.096054 175.149134
1 237.810908 178.192830
1 177.888713 149.453239
1 168.123658 168.281161
1 132.635080 150.924346
1 202.165123 202.891093
1 226.758893 162.685485
1 227.458805 227.338015
1 214.671792 223.503933
1 219.186962 207.043059
1 198.693143 232.206739
1 208.953327 200.449364
1 204.601798 190.145117
1 269.587148 169.571521
1 128.202774 144.837363
1 185.001504 141.417169
1 192.589601 201.271313
1 196.371209 174.945259
1 183.240713 174.472376
1 234.511197 203.317568
1 195.080808 211.574588
1 201.468070 195.710883
1 242.575575 197.804256
1 197.904252 182.950640
1 192.264991 149.093070
1 174.041485 186.832111
1 253.420503 150.012469
1 176.320993 154.422786
1 199.948837 169.713859
1 164.140559 234.777528
1 201.803737 159.836797
1 150.162403 146.203155
1 216.191107 185.087048
1 115.516835 117.037056
1 244.481001 213.909261
1 200.189598 176.351167
1 218.206055 219.606371
1 178.517578 181.300630
1 200.419538 199.973237
1 208.630243 171.033389
1 180.853759 174.510753
1 126.543754 120.700914
1 251.430532 158.525956
1 242.751304 215.250578
1 214.734075 248.922017
1 219.913457 187.684333
1 195.250270 274.454606
1 213.816746 206.285816
1 215.518171 123.027206
1 204.650236 141.072338
1 176.108835 133.456155
1 168.883388 216.788565
1 177.313708 148.076523
1 209.818695 164.237258
1 218.618662 223.473591
1 186.470358 187.511910
1 185.335400 185.975402
1 221.119572 213.007282
1 205.193414 202.971274
1 178.915579 182.584002
1 233.138178 145.892253
1 203.062357 209.214910
1 215.647866 170.297794
1 154.223911 218.085254
1 152.284655 195.219964
1 191.103986 198.432457
1 264.732062 183.912934
1 188.933599 203.790558
1 218.320837 204.026531
2 59.664177 453.414726
2 50.576305 436.787278
2 58.482343 434.984402
2 51.425367 440.837784
2 43.175214 434.119097
2 75.720087 415.002922
2 58.804816 428.815023
2 63.347146 425.863559
2 60.732494 408.726670
2 72.406240 438.663397
2 68.614963 418.307461
2 78.024736 442.886722
2 67.604440 409.186050
2 50.591738 412.758446
2 64.626408 427.958435
2 74.532559 427.224107
2 45.398665 416.726962
2 56.673980 431.836704
2 39.766784 432.656259
2 54.629899 427.696813
2 39.445893 422.065107
2 64.010856 425.553187
2 64.184752 413.590620
2 80.182577 438.192942
2 70.931752 442.930283
2 60.792721 428.363508
2 61.668450 429.694248
2 53.810192 419.722364
2 56.705041 425.612133
2 56.175670 411.315359
2 63.494198 428.757342
2 83.436392 431.710276
2 43.408837 443.731623
2 62.548742 428.029501
2 71.831915 415.201987
2 61.552714 420.683760
2 54.176240 408.216230
2 54.332525 422.651007
2 65.391002 431.691994
2 45.589576 434.050779
2 63.955935 438.324871
2 40.333242 444.457525
2 47.776520 438.419990
2 83.859896 425.730642
2 28.959484 439.031459
2 65.416227 451.480772
2 80.938852 374.214591
1 137.580917 790.113407
1 154.195366 773.573497
1 148.767415 779.060031
1 148.218661 777.629893
1 139.421185 798.342218
1 138.908182 789.084680
1 146.418749 784.457072
1 150.308837 780.140365
1 157.117436 792.632554
1 158.460107 771.246079
1 146.027089 803.146904
1 157.586055 786.824144
1 151.165851 778.942263
1 154.737368 774.207855
1 153.580006 777.188003
1 164.555545 789.736037
1 150.928066 781.749938
1 161.261873 761.410870
1 149.508251 763.863873
1 144.243613 785.552113
1 163.909595 777.338638
1 146.093343 790.984559
1 136.628337 785.524255
1 135.556030 777.083723
1 153.267474 780.133094
1 129.636304 786.653029
1 165.789670 780.267917
1 170.979326 792.811980
1 154.225798 768.676333
1 146.283493 780.222102
1 156.864742 796.891839
1 161.861036 758.807051
1 128.360333 771.670554
1 154.356766 782.354495
1 149.792901 793.426537
1 155.137713 786.289303
1 144.477388 777.595097
1 165.961065 763.317471
1 160.573092 762.600482
1 165.903181 768.708888
1 128.203440 789.625246
1 98.884381 776.111030
1 200.644156 781.165054
1 128.501291 752.013205
1 130.926202 798.461014
1 147.455078 794.015516
1 161.135076 818.844750
1 150.520352 797.740020
1 176.957977 794.884915
1 141.536456 799.335557
1 133.270543 778.008689
1 125.887203 750.962724
1 157.416142 784.125426
1 119.813107 823.268981
1 143.355754 771.551277
1 157.823712 818.890940
1 171.932557 779.383859
2 318.649121 850.167070
1 177.567216 746.643662
1 331.842343 668.851488
1 147.878301 826.777062
1 187.613663 788.768734
1 121.862078 806.595403
1 188.735413 743.924061
1 137.246295 786.098959
1 130.081343 789.748582
1 168.563920 761.050444
1 123.788095 815.419058
1 118.900557 800.665243
1 137.631732 757.543895
1 147.581750 818.113796
1 187.495219 795.158733
1 190.383235 833.853117
1 93.681684 817.346155
1 191.625506 766.144377
1 117.175469 772.672220
1 175.713763 740.023433
1 128.836709 770.478382
1 138.072697 747.403800
1 116.530157 810.614499
1 109.979051 781.341185
1 190.522570 775.776111
1 125.887203 750.962724
1 170.660412 808.523687
1 164.504622 834.271363
1 182.637211 767.472458
1 125.041162 783.313553
1 223.275778 781.308087
1 156.588580 797.838013
1 125.459346 823.354148
1 118.773934 765.505893
1 133.202132 765.858472
1 181.519274 790.182893
1 113.874440 817.548512
1 173.893962 808.204987
1 176.781978 846.899371
1 88.667524 767.432991
1 120.418756 789.569786
1 182.542394 774.032437
1 132.752707 781.265833
2 285.654230 856.586333
1 210.487074 782.381794
1 151.574582 815.274633
1 196.504651 775.572944
1 110.131034 840.235312
2 499.585782 134.991032
2 484.248733 151.095240
2 487.072859 134.072046
2 506.632547 149.885286
2 492.965995 129.845313
2 518.370217 137.655406
2 500.372290 132.347817
2 509.219396 138.393067
2 509.805614 158.859363
2 494.685072 156.280964
2 516.707945 155.811111
2 498.891104 142.434045
2 503.838197 164.691625
2 482.063822 143.746553
2 496.084056 144.129262
2 491.287710 130.238975
2 516.354893 141.664266
2 497.273132 140.416961
2 487.985610 127.781588
2 480.665799 140.519273
2 491.863470 139.404843
2 502.431803 130.208756
2 488.163780 137.309645
2 507.653555 163.648638
2 490.172815 141.775291
2 497.665782 137.406016
2 504.235634 136.967520
2 507.121802 126.362128
2 504.037112 143.205893
2 519.923327 144.451390
2 507.237126 134.154348
2 495.384363 140.921447
2 497.827101 132.321328
2 485.296409 121.877189
2 495.878229 119.440463
2 499.532163 145.276059
2 486.023560 139.868389
1 414.159271 654.484542
1 396.965906 656.429721
1 409.232629 630.668999
1 399.197276 650.149638
1 405.431374 649.333913
1 391.300101 656.779568
1 399.486811 646.725757
1 399.088965 649.256337
1 395.487644 652.575963
1 399.326209 652.158784
1 411.968041 650.520766
1 391.609420 665.205160
1 408.133576 630.837110
1 399.173399 644.191207
1 409.607785 663.929181
1 399.641320 649.664334
1 400.950645 653.944074
1 396.906714 642.965381
1 396.371375 649.914623
1 381.955513 645.056636
1 398.298446 654.480653
1 381.367666 653.613494
1 410.397212 637.327155
1 398.660293 649.819049
1 401.354440 647.757411
1 390.971265 647.465206
1 405.861198 641.062399
1 398.602001 647.378318
1 394.385557 654.002274
1 393.340697 642.555826
1 411.539163 654.654595
1 401.664526 639.774492
1 408.226809 628.395687
1 395.338749 637.154486
1 403.421915 634.225238
1 415.984239 646.909203
1 399.215922 650.971434
1 423.036678 654.281203
2 556.654560 492.168320
2 566.327921 479.929622
2 559.645556 478.749257
2 542.108217 474.036524
2 563.369408 490.282628
2 559.161220 474.688788
2 557.486451 481.565274
2 556.840378 498.166857
2 563.704203 473.647680
2 558.252617 486.808067
2 548.343974 488.373185
2 559.745212 479.979779
2 569.635254 470.297255
2 568.280122 458.401332
2 545.797056 473.774194
2 567.445625 494.042759
2 562.460124 483.713340
2 543.069621 483.761617
2 558.284391 476.821103
2 547.655082 458.294657
2 561.074381 495.485274
2 563.167474 480.654356
2 557.684401 461.115869
2 560.512513 470.929234
2 563.243376 477.289553
2 542.971177 465.114985
2 544.830961 464.668945
2 553.586758 461.895545
2 564.947799 458.268381
2 567.193653 481.763242
2 564.631733 472.059136
2 559.099342 479.038836
2 565.634408 455.665149
2 580.160206 485.271098
2 564.291244 478.719299
2 544.664903 471.243575
2 568.669514 482.475636
1 356.593220 650.926083
1 386.600250 639.881626
1 392.659821 642.922310
1 397.218659 631.908418
1 372.240424 596.253951
1 398.167443 643.708635
1 351.212713 644.966505
1 380.683667 653.776184
1 392.449791 640.332700
1 361.959904 635.327755
1 379.789679 652.100838
1 434.513989 644.353400
1 387.830234 657.330309
1 346.237146 640.080319
1 427.161679 654.576861
1 449.798114 665.860079
1 385.051669 644.023631
1 417.392918 642.899784
1 430.687010 642.427011
1 353.535793 611.264206
1 380.862044 657.371417
1 425.498553 661.520954
1 368.992935 626.020091
1 362.913462 637.161418
1 376.896319 662.649399
1 394.141135 654.879252
1 397.132365 659.166698
1 370.240730 637.465092
1 340.812086 640.315135
1 445.455616 611.665723
2 561.216281 498.682784
1 411.951754 661.470565
1 400.838347 613.941073
1 380.311907 633.632139
1 394.001330 641.439947
2 611.871389 506.301098
1 397.663467 656.611973
1 373.213266 624.602478
1 428.800198 662.472845
1 432.373872 620.815003
2 590.476988 474.781073
1 405.628810 602.912295
1 369.744419 640.207782
1 361.058838 600.889583
1 425.334050 640.510184
1 366.325264 652.522547
1 388.609995 623.951354
1 370.077962 626.767114
1 412.195799 656.046170
1 391.924024 615.953404
1 392.739473 606.215452
1 378.278572 646.192511
1 408.199517 655.802813
1 420.508946 661.234058
1 393.210770 644.577294
1 415.392765 643.572549
1 344.242058 643.945497
1 360.277223 641.336220
1 427.911738 657.572628
1 389.239356 632.548424
1 375.867239 614.685655
1 395.254165 629.759910
1 398.370739 654.371845
1 348.192210 658.385747
1 387.687046 662.524315
1 371.786475 572.223200
1 440.287518 646.600927
1 373.101859 656.254831
1 401.766835 664.018581
1 359.164089 638.619519
1 371.831700 624.056583
1 404.820975 639.581140
1 348.745533 662.518378
1 390.770935 631.355878
1 382.546200 654.419035
1 389.544833 659.772052
1 408.521640 666.373761
1 415.878840 641.207524
2 641.156355 500.738376
1 377.849989 648.198393
1 413.039851 650.654304
1 458.427117 633.517136
1 371.819695 568.284365
1 422.203171 638.471440
1 414.928741 663.035953
1 408.477793 654.958019
1 392.114856 668.457714
1 394.954126 674.308099
1 410.850476 670.035768
1 395.577588 668.116983
1 394.221399 669.527537
1 575.661683 787.109299
1 554.016372 799.904415
1 566.340280 801.260464
1 567.376086 804.549630
1 560.549366 808.971070
1 587.251436 782.693528
1 587.747347 813.579480
1 583.242380 791.272099
1 572.751738 801.405733
1 552.745377 812.852118
1 569.401358 802.703440
1 581.768991 798.964816
1 572.759855 799.243772
1 577.898006 790.170492
1 583.571398 807.125762
1 573.053080 813.579015
1 584.509425 787.087501
1 574.188549 798.183811
1 555.463841 818.504065
1 589.863390 791.962140
1 560.629967 802.699365
1 568.084256 806.421477
1 556.173005 808.304817
1 572.362892 786.040284
1 569.348468 803.664456
1 554.189676 788.492689
1 565.268759 792.765162
1 553.812317 802.677720
1 566.122417 793.535738
1 556.450136 801.912863
1 558.457108 801.771453
1 553.909713 813.565870
1 551.165307 798.782531
1 588.384833 811.338194
1 564.321143 806.739449
1 563.309108 788.919077
1 546.552111 799.804377
1 578.038975 812.878854
1 570.841369 788.925269
1 569.494965 799.816144
1 577.269699 796.321275
2 389.538227 833.879714
2 402.161750 844.896420
2 409.237313 811.380150
2 399.890100 830.041025
2 387.390942 851.011779
2 400.025746 809.960347
2 397.114311 827.173351
2 397.580039 831.068220
2 401.312932 830.117661
2 399.712033 820.898581
2 402.382769 830.642689
2 397.509522 816.278095
2 411.152661 844.794265
2 395.711069 837.208026
2 390.150597 825.066402
2 399.501159 818.059710
2 398.257724 839.003859
2 376.583223 838.678080
2 416.083383 812.282884
2 385.918454 817.639902
2 412.266138 813.407596
2 399.456228 830.895849
2 413.065501 846.807698
2 415.642324 835.764118
2 408.008256 824.890422
2 390.094158 829.951194
2 398.878255 849.165779
2 401.366324 848.649844
2 401.175089 840.522349
2 399.819838 837.191383
2 405.832256 845.406995
2 398.449407 821.013905
2 418.329704 828.496631
2 400.384027 826.575821
2 391.501291 844.196585
2 402.664223 816.254259
2 404.526549 830.470441
2 402.357607 815.581699
2 393.088402 831.176945
2 397.917414 854.296024
2 388.306593 841.258806
2 382.629465 844.753000
1 587.928826 796.160912
2 388.360373 857.792931
1 572.627168 823.104252
2 435.715998 788.126235
2 446.541962 814.782170
1 391.906551 683.447454
1 537.541058 785.396611
1 431.270816 672.733231
1 575.221242 828.553005
2 463.840465 811.011300
1 582.710839 841.767746
1 386.578821 676.256930
1 524.928798 761.831945
2 403.844768 862.768237
1 414.902422 693.845198
2 383.624594 857.094297
1 567.893776 794.387359
2 378.983649 791.487184
2 422.154476 822.050519
1 564.619647 814.069087
1 587.047013 808.054625
1 389.988545 668.312526
1 583.333414 803.699660
2 377.977102 832.914999
2 363.450947 816.001912
2 396.243800 881.823522
2 380.532324 852.225038
1 552.445970 802.348870
1 400.065412 699.901368
1 526.482059 783.145453
1 377.211955 685.883700
1 551.496951 805.045442
2 408.567285 817.351344
1 558.038811 838.881097
2 398.666895 842.318310
1 396.200823 687.393834
1 561.785853 740.995155
1 576.273177 807.932838
1 547.685601 745.058877
2 447.504128 837.496682
1 593.183301 750.908767
1 391.104549 725.246628
1 516.316179 776.139596
2 436.486422 849.654619
2 341.042232 859.304411
2 386.441356 817.951855
2 403.246063 894.161570
2 394.413822 833.218102
2 403.376160 883.531358
1 633.011627 749.289643
1 585.329178 836.597582
1 401.143058 669.459103
1 361.009429 669.256682
2 404.104668 801.747788
1 558.597191 828.259733
1 582.602345 789.108141
1 559.736245 832.862392
1 601.951080 828.602347
2 378.342204 856.422883
1 375.780363 673.210404
1 646.274628 807.060380
1 575.134878 755.598839
2 375.402831 779.946032
1 572.454225 813.522570
2 370.972181 816.971098
1 581.574231 796.852698
2 368.677989 813.507924
1 362.461701 679.074513
2 404.959501 851.331978
1 376.746260 669.056943
1 569.473800 775.792357
1 598.230083 799.329300
1 545.953495 801.514058
1 552.192582 772.783014
2 335.329591 842.635014
1 504.273931 763.052298
1 579.184494 842.076783
2 400.478120 811.050985
2 427.861098 786.635676
1 562.609091 777.403746
2 417.010131 838.049865
2 455.402717 847.633094
2 351.422110 836.408921
2 365.796058 815.754761
2 381.407559 839.371414
1 535.358769 787.408343
1 558.531291 793.141981
1 577.145401 852.989958
1 431.333499 707.595749
1 573.964244 778.168224
1 393.723612 701.622319
2 401.518686 819.087698
2 406.164814 872.181982
2 428.815346 825.360605
2 381.898851 818.915406
2 443.269713 782.874210
1 408.878502 690.981288
1 577.864493 788.545820
2 338.197667 845.057523
1 637.118210 803.901720
1 593.489421 864.643374
1 452.079181 670.303770
2 404.650570 821.322205
2 359.438300 854.567174
2 383.721695 867.381749
1 553.328655 788.354075
1 572.863702 797.894390
2 408.636819 815.142783
2 410.736703 827.309136
1 397.809312 690.694337
2 342.948861 848.947896
1 378.194832 667.206372
1 582.518629 773.695638
1 569.453611 809.934203
1 376.745597 706.858883
2 430.480937 848.779295
1 567.745063 855.000260
1 393.394081 667.371926
2 408.704304 843.835227
1 492.131668 820.259967
2 383.066311 844.707572
1 563.078771 772.981288
2 442.441265 787.925540
1 365.651776 681.052315
1 608.432523 769.804555
1 619.892652 805.151852
2 429.372191 888.953828
1 614.825961 778.799885
1 441.031111 669.627167
1 822.570945 295.209373
1 796.388864 306.657840
1 821.036917 304.551643
1 829.830806 294.046739
1 821.918281 286.535242
1 827.008361 306.982318
1 819.703925 311.468283
1 819.562622 309.232983
1 802.629404 300.577595
1 839.125300 303.166866
1 819.550908 293.675277
1 823.128751 297.453261
1 816.029020 288.743721
1 823.478148 298.508401
1 821.751465 291.149601
1 818.087407 302.558102
1 815.426318 276.391480
1 825.283169 296.602609
1 818.450751 282.660983
1 820.312877 300.045297
1 819.187439 300.062221
1 804.173060 292.202385
1 820.927539 293.228590
1 822.934482 292.983958
1 828.970412 303.746897
1 820.841994 316.170513
1 815.418058 296.885520
1 831.099042 306.238499
1 818.992631 313.060734
1 819.454788 297.964086
1 839.922837 300.968418
1 814.089782 286.227806
1 825.252307 296.898763
1 803.852044 302.353583
1 809.983797 301.390875
1 799.510615 313.051670
1 837.694861 287.564907
1 831.735188 292.686087
1 834.640377 300.015460
1 819.206725 279.764840
1 822.409595 321.539671
1 803.484546 312.865743
1 821.588987 277.873229
1 817.297562 303.155753
1 814.325253 299.945888
1 826.184956 286.264424
1 863.335886 294.688282
1 834.793108 272.986654
1 902.659887 284.091816
1 832.067937 299.477859
1 801.244370 298.345818
1 765.127865 296.060906
1 913.332163 252.039580
1 874.048227 305.471328
1 799.702621 246.572409
1 799.348865 303.637465
1 782.263643 318.916120
1 799.196207 332.123196
1 812.120954 270.387877
1 807.684754 319.260055
1 830.211796 273.758198
1 871.361243 311.307452
1 885.176121 307.905204
1 807.296498 310.766458
1 839.906700 238.848138
1 793.984927 258.700937
1 775.927015 321.334755
1 811.837010 276.731986
1 883.824171 280.106278
1 815.251015 310.738289
1 792.350031 259.113932
1 869.158829 270.280682
1 823.614712 278.865664
1 809.202456 320.692316
1 843.981203 216.052235
1 812.440281 312.617713
1 836.324855 290.315807
1 802.020477 285.372895
1 799.348865 303.637465
1 864.047458 290.798701
1 827.937693 314.751537
1 882.138300 294.169022
1 767.299673 293.294401
1 795.730484 316.234521
1 870.453078 246.228073
1 826.999544 282.174856
1 840.477112 247.787738
1 810.030997 297.177516
1 856.684797 222.013164
1 797.475991 326.127967
1 896.387317 239.486201
1 731.008520 328.781751
2 840.676232 608.621616
2 851.954105 627.968782
2 854.026035 648.220403
2 839.991632 615.530566
2 853.077069 632.163393
2 841.955730 613.519406
2 866.584727 624.813974
2 828.963805 622.449259
2 852.416090 642.763955
2 840.738615 643.357703
2 843.478089 641.697435
2 838.721206 644.038280
2 863.400528 639.149061
2 859.753973 642.335668
2 837.233535 635.162835
2 853.881323 619.546542
2 853.359522 611.015333
2 850.418268 615.658842
2 858.067359 619.559308
2 850.318600 639.521488
2 835.521914 631.914579
2 831.556330 614.604932
2 850.077215 631.957816
2 856.027421 643.177058
2 852.373098 634.690302
2 851.245743 630.290808
2 836.293860 616.051164
2 837.884820 636.400251
2 848.812040 628.612968
2 850.192135 635.737483
2 854.054095 633.278565
2 849.995893 630.763458
2 846.559716 642.299393
2 855.763583 644.513919
2 846.730506 607.687930
2 856.436795 633.342058
2 852.717873 632.804110
2 842.090755 638.151091
2 850.444308 630.218780
2 850.868218 630.077384
2 841.498960 633.550477
2 831.691895 631.432495
1 860.743873 338.119777
1 842.290089 336.903921
1 821.341874 333.425129
1 812.699773 349.610551
1 812.999764 339.202610
1 837.382938 344.778565
1 802.144137 334.280370
1 815.698704 342.198959
1 797.827790 346.931550
1 818.929154 343.562709
1 905.233505 337.899483
