1 199.269705 173.437265
1 210.114308 186.948301
1 205.196307 190.114481
1 201.889364 166.244283
1 200.028815 178.904122
1 188.380839 167.329228
1 212.278736 161.253949
1 212.483211 172.490510
1 195.050289 171.076614
1 220.372450 167.082820
1 208.432975 176.476157
1 199.578806 182.418145
1 186.174945 200.079040
1 180.475691 186.882647
1 196.939850 198.505773
1 199.999612 180.015226
1 196.346362 175.409721
1 193.785615 175.874331
1 201.650211 166.035300
1 182.203108 183.478241
1 198.891638 173.225857
1 180.544847 186.930235
1 186.504118 179.103378
1 212.387992 187.255458
1 209.544623 167.571960
1 212.620355 185.058393
1 188.913952 189.585743
1 204.101071 172.079548
1 179.717881 187.837870
1 214.856571 170.711981
1 202.955266 172.699582
1 184.536981 177.049929
1 184.258736 186.863044
1 194.252804 187.623283
1 201.516642 175.161366
1 221.555916 184.444234
1 209.057956 178.535843
2 147.719864 139.178096
2 293.914801 136.273860
2 247.747488 300.629079
2 304.332227 62.381701
2 238.095347 173.144910
2 89.577762 289.336909
2 225.903249 289.597707
2 18.138077 109.929903
2 129.998060 280.385958
2 246.814734 268.601933
2 31.140934 115.490686
2 265.037625 240.178044
2 140.521718 239.398896
2 24.569977 251.627972
2 87.105782 18.602916
2 203.383335 10.801702
1 203.837408 162.632130
1 153.161717 212.219905
2 296.732519 48.120135
1 235.238671 176.698153
1 200.259648 169.737856
1 240.299268 169.253735
1 260.131286 220.554099
2 119.053763 273.203588
1 200.795536 240.012234
1 166.127760 173.088645
2 89.189554 282.142934
1 186.748588 166.351509
2 38.184518 325.171264
1 185.548474 178.718533
1 173.917912 174.211212
1 197.259691 241.321446
1 172.332936 179.709252
1 202.053313 197.691455
1 222.258929 225.812436
1 205.654131 199.666975
1 203.218686 195.284809
1 153.182660 161.638420
1 208.841677 156.344791
1 161.878706 163.546609
2 295.858276 269.156030
1 225.823108 150.544115
2 257.599930 48.019894
1 185.955513 198.405819
2 101.773973 30.645326
2 274.903221 248.649664
2 96.451853 175.584793
2 4.286494 268.785905
1 212.583381 208.437138
1 217.856095 172.355394
1 230.855054 212.213865
1 235.667315 195.825327
1 205.507401 233.055843
1 220.242532 162.825576
2 264.848165 184.447990
2 57.741491 5.190471
1 191.499952 237.987839
1 213.198137 165.651152
2 168.874533 121.944115
1 222.392191 161.152654
1 192.451192 183.095200
2 131.607393 87.537518
1 200.579574 186.368191
1 215.093371 167.524536
2 236.572534 37.915077
2 47.257995 289.213841
1 214.371047 181.118949
1 180.233910 253.600610
1 222.112982 259.738919
1 240.621267 168.761675
1 216.038910 189.237242
1 200.391610 243.909320
2 73.903831 294.553792
2 3.842920 206.293887
2 18.181372 304.197597
1 213.059216 165.658355
1 216.514858 210.255622
1 155.490706 197.740924
2 219.312322 20.182494
2 39.806411 252.679681
1 189.564792 227.373808
1 240.180678 170.714386
1 179.947955 161.454216
1 187.883584 133.110539
1 210.318176 173.250201
1 150.032096 194.060657
1 201.600647 190.867335
1 195.394873 242.092996
2 131.713789 270.605956
1 178.609083 195.647451
2 278.036264 271.318721
1 213.356178 203.812400
1 159.605733 212.300458
1 175.473189 188.429549
1 174.133486 163.332125
1 214.113704 188.036631
1 245.175438 169.356441
2 67.009000 230.872062
1 220.327298 160.673764
2 76.688919 245.380770
2 134.145407 282.212248
1 232.697148 186.759393
1 180.770544 210.662567
1 182.644633 180.860546
2 247.469022 188.190681
1 191.090184 234.843170
1 264.180159 202.468838
1 181.383548 166.092863
1 221.421975 129.944570
1 155.720700 152.165003
2 99.740733 319.780509
1 138.976011 174.914703
2 218.664857 198.559226
1 194.055407 185.554004
1 208.092419 256.604238
1 194.402400 222.846319
2 113.037024 90.223813
1 207.399895 217.445471
1 177.185395 241.691851
1 234.225122 108.053217
1 257.868568 221.700960
1 166.936034 208.825714
1 177.840408 216.607990
1 131.802009 261.385056
2 233.477888 308.026308
1 264.903694 190.679253
1 200.503418 215.831829
2 179.658561 320.414945
1 197.410816 152.904588
2 171.244360 543.570455
2 66.088670 339.827348
2 153.389716 641.988353
2 142.015951 484.013842
2 258.849622 571.780342
2 28.433730 395.907137
2 285.577834 399.682199
2 243.642724 359.433039
2 206.003233 444.655875
2 119.399959 429.388510
2 134.954239 645.637362
2 207.408084 475.388057
2 280.083918 386.600048
2 280.783488 656.407597
2 317.046874 650.777192
2 321.805686 646.496576
2 289.688128 643.288502
2 152.854669 664.500699
2 244.148215 638.295233
2 267.910857 656.124420
1 330.488525 632.697783
1 318.000521 657.808837
2 253.321702 641.595204
1 294.111106 663.565420
2 143.953726 650.564421
1 326.652695 660.294527
2 319.642663 620.936368
2 183.182095 622.665895
2 302.403689 653.166872
2 316.859493 604.309885
2 255.743814 646.679235
2 238.002647 666.605268
2 279.992924 654.213547
1 321.900394 660.259167
2 259.028768 648.064617
1 319.299452 662.025903
1 330.141866 610.661335
1 145.030728 772.537774
1 157.487720 793.321122
1 143.108860 781.374177
1 154.390032 786.035741
1 152.529190 780.121808
1 142.908453 785.024548
1 147.016255 764.763246
1 129.883861 767.236260
1 162.035259 791.309183
1 143.341848 761.361544
1 150.635253 800.337475
1 139.604911 775.162807
1 145.115120 801.068668
1 147.551750 782.847987
1 144.572743 765.796607
1 145.398130 795.977175
1 138.434013 794.852440
1 137.038868 779.913534
1 148.886593 775.785309
1 141.519321 797.625571
1 172.323697 786.749599
1 143.634279 768.792677
1 154.831874 780.177508
1 165.169143 762.646692
1 147.781349 780.633312
1 156.685346 781.153872
2 314.745031 695.223919
2 278.842459 682.923933
2 144.085517 872.816056
2 235.255087 804.442660
2 304.534268 779.614386
2 226.630879 780.766078
2 168.179667 893.592700
2 95.990597 827.499648
2 100.781039 780.964956
2 251.927141 815.949635
2 97.995087 682.932946
2 109.632884 844.386862
2 186.317673 845.551338
2 54.460575 712.218472
2 132.847880 719.890740
2 92.891069 894.358573
2 292.569065 875.351900
2 256.114489 819.836837
1 192.257960 756.502443
1 129.582688 767.469091
1 86.299922 791.428457
1 124.422870 774.292276
2 37.412277 853.364362
1 168.064199 764.740391
2 110.380608 901.370783
1 113.843359 788.609188
1 117.222900 797.467862
1 150.682535 792.480310
1 152.419373 827.743761
1 148.453882 757.046268
2 100.435175 685.464873
1 120.115640 731.790687
1 189.866708 730.400618
1 154.320921 816.626567
2 191.553284 784.384101
2 7.471264 670.097065
2 304.902106 832.276972
2 173.367619 902.658134
1 165.561231 772.384802
2 196.877204 776.375355
2 171.761145 948.033314
1 199.759405 826.877219
1 141.781520 841.169812
1 170.362102 782.182533
2 246.441449 829.143642
2 186.053412 855.387749
1 117.723134 793.114862
2 62.223109 676.762829
2 82.072918 888.203876
1 138.775115 782.211771
2 162.330601 885.991825
1 156.869491 837.202167
1 138.318953 779.051786
2 96.015893 687.251948
1 164.414509 801.478261
2 99.846968 994.246276
2 47.161829 859.469291
1 139.394456 759.157545
2 189.303035 902.612843
1 115.969687 701.700767
1 150.164726 777.103261
2 205.717607 761.411292
1 174.264436 804.888174
2 219.617077 918.224056
1 159.384366 778.994590
1 139.391273 774.877133
2 147.251441 892.239453
2 293.871871 706.268074
1 145.073463 808.377575
1 227.012644 796.957791
2 223.624675 804.191295
1 157.187162 782.846369
1 130.123202 787.669401
2 134.862669 897.126882
1 169.517041 800.875017
1 184.112549 763.096556
1 124.763176 770.522663
1 149.484008 803.966942
2 77.786986 699.397336
2 112.980177 718.227621
2 322.862658 722.188630
1 168.866167 862.152159
1 188.857845 809.735003
1 190.352903 799.239464
2 301.123428 803.563370
2 171.026647 887.900013
2 204.639738 740.919712
1 156.547622 787.730754
1 136.215442 749.412214
2 201.544180 929.744903
1 83.341483 800.248533
1 136.489642 820.362255
1 108.973363 769.487384
1 146.681107 806.791753
2 164.102696 836.300477
2 156.886615 861.985806
1 312.264864 675.170502
2 318.538194 738.151081
2 122.449796 841.428356
1 115.803325 861.368768
1 141.949290 839.013658
2 271.793523 811.775444
1 120.105901 751.438467
1 155.591080 825.538264
2 50.249979 743.362835
1 110.253347 751.032560
2 182.628224 780.288076
2 258.889450 836.027275
1 186.024193 856.418198
1 149.449606 761.793692
2 62.322380 754.239377
2 103.134884 911.582387
2 203.575002 836.779936
2 260.286273 824.930943
1 158.934029 792.645868
1 316.513280 677.930584
2 149.629823 822.944312
2 106.879072 818.935820
1 78.085684 838.124119
2 305.651259 704.572353
1 79.686960 771.435808
1 181.774987 790.228642
2 165.330434 874.140997
1 171.098116 755.523518
2 223.459677 928.751999
1 199.922815 778.992588
2 250.652702 680.942797
2 228.568985 828.697793
2 243.480419 711.060439
2 202.443539 696.016766
2 180.508726 846.099432
1 315.295797 668.068096
2 332.362432 742.888046
1 143.533902 742.307535
1 165.046446 808.133990
2 76.474026 779.117829
1 111.463615 679.745908
1 154.991220 710.832987
2 10.448828 748.874597
2 78.836838 707.514081
1 328.878831 667.755809
1 98.665197 785.360699
1 137.198423 731.292226
2 103.790186 700.421843
2 314.759668 800.781567
2 190.900370 844.884571
2 93.429757 734.076803
2 258.892614 950.672335
1 144.921769 794.232635
1 187.575827 776.483827
1 160.722665 777.564216
2 316.620837 846.449221
1 137.068025 721.427418
2 273.320668 671.741569
2 163.428620 836.701211
1 51.102483 809.480943
1 65.091872 845.797686
2 72.735507 862.164312
1 86.958304 808.389357
2 213.353440 819.660060
1 127.266078 815.776298
1 133.621644 812.350535
1 112.757688 789.516700
2 133.725284 853.662910
2 220.987789 839.502838
2 100.542179 756.803185
2 174.300933 876.445846
2 82.059120 709.759473
2 57.119994 720.219002
1 132.422267 725.764827
1 132.859471 715.021989
2 240.403004 895.670551
2 86.727202 705.550428
2 250.093593 697.861277
1 322.054848 682.687452
2 187.187305 848.274130
2 98.072355 772.051074
1 169.435695 764.249103
1 150.403272 787.410456
1 73.944857 807.110867
2 178.326996 834.961486
2 238.641904 706.362588
2 287.359633 683.443513
1 153.920726 752.991320
2 363.834378 164.526498
2 647.042743 256.695106
2 527.996854 292.824059
2 666.366008 82.483431
2 649.420891 250.178670
2 429.921659 60.700783
2 578.546029 74.844074
2 463.885595 159.578450
2 581.659812 104.667085
2 584.759719 8.514276
2 406.604858 243.912258
2 393.617551 91.206526
2 390.672135 228.799509
2 371.782737 51.913341
2 334.950622 271.238755
2 444.498006 305.325461
2 571.288115 214.680961
2 373.395297 164.777264
2 334.199531 56.060993
2 622.061496 238.648632
2 345.214881 182.865118
1 382.260213 656.654334
1 400.060358 664.114563
1 405.111228 654.743552
1 414.979481 651.653271
1 403.504982 652.571265
1 405.143784 645.741016
1 397.298582 643.386521
1 399.545928 650.646476
1 408.363581 655.378863
1 385.087245 644.224714
1 405.531501 633.996536
1 408.893194 651.784645
1 398.156383 646.538719
1 400.441090 649.314884
1 397.339133 647.323642
1 399.327124 649.262928
1 400.506485 650.383943
1 395.364842 649.921690
1 398.053061 653.189044
1 398.752565 649.912308
1 397.250624 649.699913
1 406.456430 640.285232
1 380.873523 652.353149
1 421.667448 648.733453
1 422.983944 640.758248
1 392.518443 649.812297
1 411.925322 644.440037
1 408.039858 649.382839
1 406.652711 633.066539
1 394.377634 647.022654
1 394.835188 662.032331
1 402.283887 655.352194
1 394.118353 663.469716
1 402.351592 650.678890
2 363.487086 575.203866
2 554.207542 524.403726
2 407.654692 539.267475
2 422.263068 585.874800
2 409.899350 583.813836
2 569.053141 516.305782
2 472.503920 468.156992
2 638.136057 382.283967
2 421.769390 657.734760
2 567.767176 623.068481
2 531.947152 538.399774
2 414.301767 487.742486
2 346.897906 350.992522
2 379.458646 395.931238
2 501.170248 578.989438
2 439.302773 543.991638
2 622.657885 589.764738
2 624.977644 549.091301
2 418.523773 349.099599
2 651.343269 665.120359
2 400.695022 591.662895
1 408.774408 659.652514
1 428.658350 637.633247
2 420.710318 558.780346
2 492.294078 587.620424
1 414.212205 665.634934
1 391.173561 648.581556
1 370.108738 641.720342
1 368.458763 609.797907
2 419.081726 645.666310
1 383.900935 596.191168
1 425.229026 635.078042
1 389.392930 630.306510
2 435.509689 510.084465
1 346.654022 617.181856
2 475.871413 618.415610
1 430.366819 643.352931
1 378.511820 635.508568
2 403.921454 646.467521
1 360.864926 611.089779
1 387.255698 629.472862
1 408.541670 645.391328
1 384.318796 638.874535
2 478.908568 642.351256
2 378.000534 532.210264
1 423.376068 661.895790
2 407.603637 623.642396
1 388.407438 584.698378
1 388.795248 665.357131
1 379.442258 656.020145
1 391.270293 654.866161
1 419.846300 649.366827
2 445.768133 572.979868
1 395.059697 639.735295
1 366.364437 638.055572
1 384.460422 630.061040
1 372.697596 654.138749
1 379.557008 656.166867
1 410.353195 654.273716
1 359.544215 641.784197
1 356.887438 611.083519
1 424.831484 656.301968
2 371.914755 597.987801
2 402.300452 516.181861
1 450.180643 665.452147
1 369.527967 654.078055
1 374.079921 660.219524
1 394.728399 654.098567
1 355.300675 619.433392
1 366.551695 604.167946
1 448.199746 622.526365
1 368.839646 654.389552
1 333.692587 637.943101
1 436.750600 625.507827
2 427.530468 582.816893
1 419.304911 664.443772
1 401.542879 644.455334
1 411.769681 664.495901
2 452.223966 532.539916
2 420.492114 654.774726
1 423.751330 640.453351
2 428.436831 543.535584
1 400.917379 644.592662
1 437.949591 657.105036
1 407.489792 651.072559
1 430.886843 662.234427
1 401.279761 623.591385
2 604.676537 343.545980
2 589.359658 558.807042
1 447.905786 665.174500
1 374.979793 641.960703
1 408.719720 660.066332
1 417.406062 633.709722
2 372.674282 584.514622
1 381.434596 648.953906
1 426.934641 628.027324
1 435.343487 589.502089
2 499.122280 526.876756
2 372.724760 610.849297
1 343.596806 666.628246
2 449.834915 553.725896
1 396.693023 660.738547
1 412.213189 642.646176
2 526.094714 543.497774
1 426.141362 610.564754
1 396.780097 626.465699
1 404.354551 644.290571
1 409.647749 665.717622
1 432.633470 651.573542
2 367.993018 657.051557
1 353.696972 611.468548
1 402.105761 627.168162
1 390.167573 655.030335
2 637.912333 665.706457
1 479.878119 657.910385
1 368.772675 653.372121
2 430.325666 659.160782
1 396.335740 659.263953
1 364.028921 640.862211
1 355.072128 666.203003
1 361.001476 625.564218
2 503.189712 605.433491
2 401.018410 592.626781
1 379.211292 645.321462
2 400.306132 536.732708
2 444.487445 664.677522
1 386.589422 648.968220
1 381.354390 664.088131
2 487.067839 658.417866
2 419.850639 525.104394
1 384.715065 658.854032
1 372.380476 653.766879
1 381.189286 611.596781
2 470.740787 635.979553
1 351.975107 626.675585
1 382.477850 602.880839
1 427.287612 626.026785
2 412.997779 664.466787
1 376.675793 625.254002
1 402.222212 664.116472
1 411.796843 609.465830
2 364.399053 601.315614
1 483.509566 634.963608
2 421.018993 604.295339
1 361.625026 661.355319
2 436.979511 589.939945
1 439.782625 620.209950
1 362.270046 619.833343
1 370.816715 638.809399
1 379.839877 623.443754
1 379.200911 631.035753
1 414.867032 625.941427
2 442.329322 599.899053
2 388.968486 666.064111
2 337.831538 648.235756
1 347.335296 630.161025
1 385.026606 599.193106
1 459.293474 665.254953
1 404.594143 593.908119
1 415.539965 635.251581
1 419.057336 657.695760
1 420.997706 615.483235
1 460.264252 661.514232
1 382.023714 645.655226
2 413.155672 574.541480
2 357.151124 565.329613
1 494.749781 615.732793
1 376.377915 588.935413
1 429.422434 633.218579
2 408.490489 535.162943
1 380.361165 650.802356
2 473.400310 656.442337
1 384.468329 598.918459
1 364.948301 653.821320
2 491.306924 606.912209
1 380.712929 599.895833
1 451.683555 645.644845
1 379.922963 663.001963
2 426.506863 611.986009
1 391.067237 664.315263
1 373.224215 621.702574
1 417.280801 644.454154
1 357.382135 643.202645
1 381.872851 605.372779
1 389.111174 648.160996
1 471.560023 641.237886
1 391.709934 606.767845
1 382.551190 655.292585
1 343.589045 625.739656
2 517.122148 654.225281
1 369.957960 639.769319
2 403.527493 621.145288
2 396.208432 570.381453
1 359.506076 641.015305
2 515.693754 587.154759
1 352.810799 641.622640
1 408.520938 635.089189
1 364.454859 627.133756
1 411.403128 659.478099
2 420.682411 638.489653
1 405.728614 602.013158
1 394.197666 601.839438
1 378.164355 661.781083
1 407.835690 664.820912
1 402.299047 649.459508
1 392.847384 648.368697
1 437.307436 602.049443
2 498.032596 607.181035
1 402.944026 626.179383
2 513.250451 636.512109
2 379.004950 572.460863
2 478.859243 585.349684
1 403.922225 628.234595
1 375.392405 643.801068
1 440.843535 600.845124
1 382.070657 623.476492
1 341.839505 578.733843
1 399.916899 612.159014
1 342.579084 630.078093
1 367.098063 631.504451
1 400.306535 641.881919
1 420.952284 659.989689
1 428.666692 657.040112
2 607.302971 388.273552
2 452.558526 623.871486
1 367.215834 621.834108
2 449.821458 457.343363
1 362.067366 608.772190
2 405.377581 582.306010
2 454.624382 660.897747
1 443.415718 648.014424
2 369.958628 602.978908
1 425.859188 620.462940
1 334.455923 628.269945
2 459.559325 656.551840
2 435.113097 488.566350
1 420.072881 663.797505
1 349.669801 632.662407
2 414.373519 611.869054
2 353.431975 580.649883
2 337.898054 525.307602
2 491.688272 637.791300
2 439.315808 592.369778
1 437.504871 626.154088
1 355.154055 619.412926
1 374.211174 652.666984
2 533.895447 502.889809
1 397.191721 661.199435
2 431.359963 611.525656
1 419.955507 642.075112
2 387.981451 584.747731
1 425.672312 665.622812
2 432.250673 595.611520
1 389.544951 654.498191
1 395.834641 638.586874
1 395.664035 634.093476
2 404.730115 637.610652
2 412.428956 590.505475
1 404.584467 598.964181
1 391.814986 644.459794
1 393.074089 631.709679
1 445.379590 665.478086
1 373.118253 639.546174
1 373.726433 573.524974
2 343.397611 556.507953
1 417.250218 627.745853
2 436.171316 512.456237
1 459.133635 661.486055
1 401.014064 614.817483
1 393.886333 649.325724
2 402.521676 617.086102
2 383.967218 557.249382
1 383.752175 550.960071
1 352.861023 606.602087
1 397.572622 664.009961
1 372.358348 666.022949
1 379.251395 593.760351
1 430.723481 618.653469
1 414.440879 640.035373
1 402.345928 545.113101
2 521.857190 591.669570
1 442.813952 663.491513
2 522.820049 666.312498
2 417.150629 616.990080
1 364.257166 604.956308
2 400.296185 631.125398
1 417.970608 654.684476
2 426.297099 524.567115
1 353.613442 629.905733
1 403.037231 645.820535
2 419.828508 573.044805
1 468.852756 624.440090
1 394.183974 663.551607
2 458.389209 549.585194
1 398.680697 652.291311
1 373.904009 644.318962
1 417.498098 599.103436
2 390.989688 607.416312
1 387.682809 656.385014
1 438.538007 643.698972
1 385.472198 649.253779
1 372.657495 618.157605
1 353.593129 631.453091
1 412.023821 653.152665
1 450.339922 641.236961
2 407.834522 569.917696
1 346.102288 618.031226
1 394.929840 632.352898
1 440.683673 622.231843
1 409.284166 639.351453
1 409.743409 602.643953
1 403.594413 624.755572
1 379.044056 494.656109
1 343.122571 635.737010
1 432.203019 646.260603
1 354.921607 651.062833
2 456.965558 649.951069
2 467.617018 556.927183
2 506.649480 639.787898
2 406.841531 573.159261
2 386.171054 581.523628
2 357.384786 568.123942
2 394.692353 611.659119
2 371.367229 563.016562
2 507.148143 665.546233
2 408.976431 574.807711
1 403.723798 621.491359
1 480.216184 589.441042
2 416.357971 587.686105
1 364.678791 589.508262
2 438.009795 602.321499
2 362.134136 575.926912
2 396.036474 562.552128
1 411.668134 668.368042
1 592.269184 788.914880
1 569.833038 799.846903
1 562.109298 801.404777
1 575.479506 794.895237
1 550.314057 812.352350
1 585.959880 788.115219
1 564.241788 810.020203
1 569.629502 802.786922
1 577.599504 805.651019
1 574.622168 791.722488
1 564.053403 790.297419
1 553.192257 793.616418
1 549.161840 788.600295
1 576.378288 808.759825
1 569.200985 800.474026
1 576.727973 810.336564
1 553.858209 800.021254
1 559.810518 804.961297
1 548.627846 793.185977
1 562.278597 797.613960
1 571.998115 799.433039
1 566.964520 801.578735
1 574.470780 783.193272
1 572.089694 783.789241
1 576.423917 815.735739
1 592.906930 809.881322
1 592.085861 806.001343
1 575.887485 815.058752
1 562.839817 799.521881
1 565.419632 797.485520
1 555.859829 792.941726
1 586.486928 795.935543
1 571.754810 812.072489
1 580.683493 819.967901
1 590.387599 797.733528
1 580.041311 806.092403
1 567.753650 797.303679
1 561.438024 797.509067
1 570.353356 805.491408
2 577.914558 714.854242
2 601.527925 716.441812
2 443.770658 934.503837
2 373.322691 854.021838
2 610.104511 840.210379
2 642.694306 910.732831
2 659.645040 947.878012
2 526.803464 864.987154
2 486.398273 802.952947
2 349.544459 746.803773
2 381.538185 894.107693
2 412.598899 810.795338
2 448.318685 952.522040
2 503.259611 871.763370
2 408.423329 772.895511
2 650.792042 795.792364
2 646.125732 813.346760
2 473.722511 702.352219
2 648.836860 787.895538
2 572.124382 759.782192
2 542.324607 680.102779
2 622.243191 962.189270
2 524.971951 840.720524
2 430.984447 864.594218
1 565.795997 814.610491
1 427.605785 677.554361
1 411.816427 678.731598
1 544.042033 796.243461
1 542.150999 810.484037
1 569.089620 823.947832
1 384.762724 681.022906
1 566.033129 768.813363
1 382.524587 670.001275
2 352.359808 752.167653
1 542.579858 870.927736
1 615.850133 833.826011
1 576.599800 803.755551
2 371.279398 730.505243
1 638.935742 839.975895
1 548.620729 800.261727
1 605.720896 872.202083
1 552.436572 773.438409
1 589.730717 826.395625
2 428.433631 775.983149
1 405.870229 673.008742
1 394.535204 667.472949
1 629.521602 767.515982
1 430.238447 667.855726
2 582.159543 732.832252
2 396.437619 898.660847
1 409.583783 718.248771
1 577.146453 810.299665
1 577.027236 849.890705
1 587.776398 866.663136
1 584.762975 804.487638
1 598.519272 771.339590
1 546.149167 740.262744
1 386.018165 697.493748
2 623.234018 753.461511
1 567.194813 821.256122
1 587.658415 816.175983
1 573.702643 776.688749
1 580.048840 812.832850
1 552.402849 787.002687
1 553.272964 821.900817
1 625.938860 843.932242
1 545.515828 860.098084
1 578.476306 784.564102
2 381.675110 770.412133
1 572.406261 729.526948
1 440.263344 689.146868
1 574.618422 794.299267
1 611.927784 866.632664
2 400.947520 800.030456
2 483.968582 790.236784
1 525.665989 808.383818
2 635.349033 781.960774
1 563.005826 796.714815
2 514.734631 672.208295
1 517.191434 826.522962
1 345.861699 711.659596
1 494.812972 854.675036
1 533.323107 817.533508
2 360.259412 713.912517
2 476.509746 729.571744
1 362.371338 677.681937
2 593.660454 776.826108
1 546.662633 807.747063
1 549.235694 802.779617
1 375.635386 681.575255
1 572.650013 812.314743
2 350.166796 864.885363
1 458.936702 707.651337
2 491.454792 720.330809
1 420.882384 672.695588
1 517.613556 825.483837
1 605.223863 740.301589
1 391.526811 701.437461
2 362.211447 723.944575
2 420.287783 672.609441
1 385.489245 669.148192
1 635.981052 827.022122
1 540.408164 715.605034
1 533.925112 783.750590
1 434.214430 684.058196
1 609.773810 789.746635
1 585.164420 773.139139
1 615.594481 712.087998
1 515.942657 764.295441
1 584.498627 780.326880
1 548.535642 828.380431
1 605.387310 861.675063
1 390.270700 675.303696
1 585.386919 795.311067
2 473.603725 710.220088
1 587.039742 801.732644
2 404.393423 831.499439
1 418.443031 667.798084
1 548.979575 862.344925
2 374.204891 689.883732
1 588.799326 793.630253
2 506.161492 717.732177
2 348.203522 734.969492
1 415.435365 696.240917
1 352.270343 668.354687
1 556.599772 791.010660
2 631.541808 828.307163
1 542.974751 772.559608
2 637.033660 685.642141
1 570.887335 776.255393
2 461.303356 707.671751
2 447.484212 979.743865
2 491.895712 693.326241
2 611.743949 811.197558
1 438.691701 680.612060
1 572.201606 765.044648
1 565.112960 740.734097
1 546.863617 780.521035
2 472.967647 721.965082
2 477.931566 758.287156
1 549.661933 806.107411
2 522.854505 689.074597
2 652.252847 902.611675
1 578.287173 786.462243
2 490.173758 796.857391
2 593.770100 848.154739
1 591.122080 816.619335
1 565.648714 806.771249
2 457.187833 792.133355
1 397.493668 694.693437
1 591.433791 808.394325
1 370.025799 702.612611
1 580.651281 774.645650
1 445.348413 710.798502
2 604.047876 919.200812
2 406.246490 835.274106
2 446.369356 697.466204
1 577.543547 820.596631
1 570.704260 794.742423
1 603.377806 823.088479
1 417.060788 683.198947
2 493.865003 688.054927
1 368.383409 676.259778
2 474.401487 695.849480
1 385.732850 682.859488
1 400.400509 700.999385
1 571.517961 781.492482
1 417.643836 667.882812
1 552.113894 784.043685
2 643.666730 844.718750
1 428.557938 711.761539
2 339.298542 996.567840
1 570.285249 784.492735
2 418.929388 731.900135
1 583.257389 816.893225
1 444.596492 682.981980
2 497.191766 770.593152
1 560.182904 831.751113
2 494.916810 787.239606
2 431.676382 877.603459
1 572.533767 780.198797
2 500.420489 693.074468
1 576.910420 780.298230
1 558.948364 874.512884
2 456.211723 683.941109
2 391.156960 829.961391
1 560.781124 780.110154
1 591.723862 810.941481
2 660.871148 916.778107
1 391.136731 679.561118
2 580.674796 783.121332
1 407.197355 722.662624
2 615.206930 721.986833
2 631.225047 754.444135
1 553.445957 843.170515
1 427.894062 708.389179
2 505.189857 697.511602
2 504.160354 712.968969
1 575.027642 788.684725
2 656.946524 904.239432
1 566.204672 768.832948
2 491.070364 766.267428
1 348.059946 704.672738
1 579.524871 802.416579
1 566.667198 786.407556
1 644.341890 893.812283
1 545.664154 796.942582
1 599.173791 820.640941
1 406.525865 669.268363
2 484.537344 718.663149
1 395.769879 728.830041
2 501.558350 738.039898
2 598.089405 795.874671
1 645.161860 743.335813
1 484.112231 666.960024
1 396.885563 683.162610
1 593.752819 838.064675
2 470.039751 811.618224
2 478.514685 701.672945
2 598.951137 773.013265
2 480.103745 760.273752
1 536.531653 883.401948
1 370.862237 671.802257
2 389.845839 687.553764
1 602.450796 822.778440
1 517.837380 813.275032
1 436.627825 673.482293
1 391.722211 714.098296
1 633.748282 894.010187
1 569.101659 797.095307
1 592.539334 835.607799
2 465.090765 678.703724
1 427.164065 686.527481
1 513.598734 832.591133
1 559.353903 792.146082
2 572.748856 753.321347
1 573.207717 799.212899
1 606.876842 858.333107
1 589.115982 728.448739
1 592.658799 848.400021
2 431.848998 751.772439
2 496.828749 697.047165
1 566.916692 794.537010
1 584.942839 786.277066
2 620.556002 707.616821
2 435.910659 711.157702
1 563.758361 815.821021
1 419.912918 682.656912
1 594.081255 840.135428
1 522.511924 791.239482
2 489.287101 738.227349
1 416.722533 699.194346
1 582.765089 794.143997
1 379.328715 691.015433
1 384.879218 703.447370
2 592.386486 715.856960
2 508.332341 676.783759
1 633.617775 878.754049
1 413.531826 680.492258
2 443.921423 751.732927
1 419.886077 724.484634
1 364.857059 686.308559
2 633.257194 806.481660
1 539.591786 801.368506
2 460.608226 691.636830
2 482.046286 722.850556
1 521.388071 783.720621
2 501.344909 763.642927
1 431.954098 715.654186
1 619.351560 811.952443
1 479.148232 682.083703
2 494.312306 738.283648
2 527.852595 751.375772
1 541.924148 781.232718
1 514.880361 853.172270
2 464.933948 690.481367
1 651.337719 874.142121
1 547.926323 827.615141
1 553.145905 768.392212
1 561.762387 781.637831
1 590.284403 828.129393
1 530.163206 819.981457
2 468.905088 735.718925
1 509.098321 720.265088
1 397.190863 673.573315
1 579.930594 809.207874
2 419.731329 812.645542
2 519.622884 669.843657
1 559.186402 790.066663
1 559.483694 797.687508
1 358.116181 718.275355
1 393.747010 673.210944
1 383.648292 680.833953
1 589.359763 740.095526
1 630.997667 812.619996
2 559.086350 731.005941
1 417.738130 669.090398
1 583.356997 761.638371
1 565.218580 764.121036
2 607.079552 791.116269
1 576.197577 792.065757
1 601.267987 803.717482
2 590.871607 760.681601
1 365.601103 676.375284
2 419.451879 765.557442
1 513.614795 745.693120
1 562.108976 829.567884
1 572.085812 767.940862
1 565.073532 787.318013
1 543.438646 789.114728
1 399.424638 686.121129
1 551.975697 738.675631
1 556.650449 782.267746
1 509.558233 785.399948
2 432.638747 901.358128
2 498.009552 897.707127
1 598.366200 790.551724
1 621.333274 801.047789
1 540.199748 849.038688
2 650.787118 784.297850
1 636.967690 829.101545
2 471.060440 762.735812
2 507.884657 825.357003
2 494.101029 691.677299
2 467.212543 797.145512
1 591.664159 838.129490
2 346.212627 759.653153
2 539.936554 808.536441
1 594.542158 862.319258
2 509.702756 755.869981
1 536.274166 937.754850
2 473.121425 748.640015
1 567.569857 743.671923
1 582.204172 791.482581
1 569.774027 838.293108
2 473.165345 773.373680
2 509.988555 736.294372
1 588.295151 795.653086
1 577.650006 743.244733
1 627.368854 810.006215
1 551.644862 822.025902
1 602.669775 760.377148
2 433.560354 718.501460
2 489.560190 762.300260
2 491.267890 669.219279
1 567.794547 790.941266
1 578.525699 797.431660
1 412.723748 727.798807
1 588.221945 832.949156
1 569.472059 844.114116
1 554.313579 761.411447
1 579.951066 807.405323
1 544.148021 775.402221
1 629.863795 793.170033
1 581.070852 827.847693
1 603.744107 801.824536
1 367.655014 683.435606
2 446.264937 759.904824
1 366.751241 725.806748
1 458.348526 672.756705
1 396.580404 711.034022
1 593.036318 849.354915
1 349.569792 754.342269
2 503.662970 692.227176
1 508.793504 897.042547
1 633.416879 773.371283
1 540.722201 751.816314
1 418.508426 730.686552
1 533.096974 727.643941
1 498.447757 790.793335
1 518.000828 769.102789
1 462.935789 668.823569
1 611.410194 825.595397
1 592.355915 805.498638
1 437.629977 699.292277
1 548.827800 861.757160
1 543.034964 773.328871
1 441.020286 686.058992
2 442.439510 702.515762
2 648.727779 871.418262
2 444.878137 762.692924
1 605.863305 765.986241
2 471.259662 748.365748
1 587.335533 774.456628
2 340.806971 670.719925
1 406.996689 675.048575
1 417.049293 712.048578
1 559.090177 806.820429
1 484.259870 834.094757
1 577.241579 797.435308
2 453.623300 827.595432
1 548.215475 789.383765
1 546.521616 772.353735
1 573.011242 776.863068
1 545.886266 762.704425
2 493.029507 773.558283
2 594.431826 762.441210
1 569.243062 836.011140
2 537.407292 783.597096
1 622.615063 804.169404
1 523.257350 767.008918
1 431.896931 680.568737
1 566.588355 810.919053
2 565.175199 713.593829
1 637.819655 864.899538
1 351.703342 669.055655
2 469.061855 678.886714
2 438.714149 756.407456
1 602.178305 792.847634
1 405.536471 710.784179
1 396.101164 681.009230
2 634.665580 932.542411
1 600.632016 817.726740
1 397.118773 736.332955
1 520.594571 765.122810
1 574.153743 795.068349
1 557.045355 783.597973
2 496.257190 733.541719
1 472.929870 676.947685
2 530.502578 680.651047
1 379.440363 699.703561
2 401.299123 760.495464
1 369.170025 669.874560
1 579.080512 847.584614
1 532.953555 762.731455
1 583.817488 747.207809
2 491.917211 728.206354
1 408.027237 697.468029
1 421.028214 772.143242
1 557.460150 813.810191
1 577.626966 798.977555
2 411.022114 677.816016
2 494.644835 741.576149
1 610.621482 841.838810
1 546.045790 795.523140
1 511.909053 801.260644
1 388.307423 683.647011
1 553.991808 797.188246
2 585.292278 770.323405
1 420.716373 701.085289
2 477.450240 699.977921
2 446.245468 759.963264
2 637.273389 845.767121
2 401.326595 767.295231
1 398.273075 676.286668
1 591.932140 774.969586
1 424.887928 697.328224
1 614.417544 760.179125
2 617.563883 721.387815
1 628.888763 782.270090
1 546.736892 843.405289
1 546.620435 775.896885
1 591.952799 823.708608
2 487.281875 727.934539
1 489.298801 753.126281
2 587.337869 905.647367
1 568.182190 776.924453
1 570.421245 830.067574
1 544.762043 783.318928
1 373.013776 720.548393
2 460.723745 753.333627
1 585.803954 759.310768
2 337.765436 802.757516
2 411.467492 752.996963
2 471.220729 752.541231
2 478.479991 823.118664
1 525.059591 750.625260
2 616.433121 674.199167
2 524.133395 746.955259
2 491.997502 679.775428
1 403.585971 718.160438
1 560.726955 795.478296
2 522.387520 758.513815
2 628.126239 671.935008
1 417.391875 754.233048
1 545.363503 809.719376
2 478.828025 701.110238
2 602.623282 761.627226
1 562.005084 806.863805
1 437.787747 741.498721
2 438.700079 753.186321
1 528.111237 920.511821
2 542.169113 752.728328
2 462.254344 792.103919
1 606.188114 772.128140
1 527.053986 691.013391
1 452.959023 694.891902
2 454.403338 768.381808
1 594.295437 841.832437
2 570.508584 754.416960
2 472.466535 785.503389
2 453.917025 771.411257
1 576.674633 722.799883
1 409.269572 670.934810
2 462.705823 781.445022
1 576.350649 857.441609
2 499.582344 693.100298
2 472.254727 721.281968
2 535.081455 749.978253
2 499.618053 706.234501
2 391.580794 752.392588
1 591.777592 825.906603
2 520.111920 872.441409
2 597.535554 767.496905
2 538.346536 688.750315
1 591.013183 791.526046
2 576.455440 711.559751
1 583.520949 774.458375
1 351.363664 678.336457
2 519.242335 688.023672
2 520.682430 730.306067
1 533.476389 777.931192
2 631.437662 815.713551
1 612.314195 834.950469
2 483.279277 769.821530
2 609.408338 826.461578
1 520.761708 793.161074
1 577.352256 779.563540
1 474.524207 858.712294
1 446.771463 707.998062
2 366.582047 722.704716
1 435.836275 689.073127
1 630.550256 809.735871
2 631.133160 725.162758
1 578.786884 867.437931
2 385.615058 667.841540
1 612.212013 809.242877
2 625.614333 820.145387
1 575.036927 786.508552
2 423.068211 756.984307
2 444.001802 752.775918
2 478.324157 677.565314
2 374.908195 726.799471
2 437.436491 775.939480
2 462.390507 698.693161
1 518.627822 804.996338
1 363.122561 715.995852
1 379.211291 670.018251
1 533.689764 778.303022
2 505.792254 718.163677
1 527.544576 749.610324
2 493.470839 674.551023
1 561.444814 776.410916
1 415.113104 690.896659
2 624.265561 803.290675
1 577.641491 761.186084
2 532.352681 674.453409
2 501.242456 823.288442
2 461.644338 700.912803
2 508.902293 686.597858
1 371.106659 701.184661
2 425.180061 815.321896
1 439.867197 685.903956
2 637.412924 844.517597
2 525.896927 719.409021
1 646.620535 816.561766
2 351.142007 777.211211
2 436.189019 815.607660
2 432.112374 735.899868
2 659.994196 824.519931
1 574.575802 820.522743
2 542.829329 853.724002
1 550.519630 760.062642
2 545.167231 878.642746
2 336.758209 823.596810
1 415.157304 697.095395
1 533.041471 761.483654
1 596.662286 834.958414
1 620.739055 708.746915
1 663.143302 837.449391
1 549.040058 813.347854
2 506.293548 702.778953
1 425.115834 689.404000
1 590.598653 798.674214
2 450.138069 780.025080
2 622.846607 744.138738
1 547.696878 841.347669
1 521.248055 843.851830
1 589.018429 721.400445
1 570.929067 809.704983
2 343.631160 669.817263
1 405.053916 758.106105
1 358.761645 708.319014
1 393.759436 725.982914
1 421.006757 687.333619
2 404.523058 874.728009
1 542.593030 831.939659
2 492.397450 681.379866
1 362.210684 711.238054
1 516.309698 791.796537
1 567.190922 802.844060
2 467.711922 741.357930
2 496.460420 675.063204
1 552.429570 782.639249
1 589.973248 775.072554
2 465.039027 698.096014
2 452.458239 706.237755
1 624.649006 789.193523
1 632.667859 795.111745
1 582.356657 772.083461
2 496.675540 759.865184
1 393.667974 672.114646
2 410.408989 820.837143
2 578.779304 740.579937
1 485.391255 748.779142
1 577.697221 800.108550
1 563.323195 808.358563
1 396.933030 688.544896
1 350.481688 703.704201
2 529.423643 755.656172
1 597.306829 768.933388
2 550.362724 758.068721
2 472.991169 746.289886
2 458.704260 671.591308
1 543.669335 761.737690
2 640.261305 738.928005
1 412.301993 681.809495
2 445.679299 807.487168
1 403.061704 667.714948
2 487.538977 731.469214
2 642.213250 780.113011
2 361.526916 692.844874
2 578.163304 756.295257
1 555.914606 794.897915
1 376.931547 692.982826
2 496.830627 674.613046
1 406.660355 700.730617
1 554.460028 789.601303
1 429.817965 703.802297
1 342.039857 712.960596
1 446.702326 683.899333
1 825.323420 313.131564
1 812.226200 290.236725
1 830.429414 297.607845
1 824.995430 303.209579
1 814.043604 287.613507
1 831.667684 295.476292
1 814.058431 301.075981
1 834.044190 283.999700
1 827.473053 308.571495
1 820.776003 303.481807
1 807.626186 302.934711
1 820.155986 304.158386
1 826.779512 299.570688
1 818.328382 301.953430
1 830.789986 321.305360
1 821.461269 298.275657
1 799.208382 306.913418
1 827.960425 295.295719
1 822.190965 301.146311
1 828.619228 297.276916
1 824.871657 302.618242
1 822.031434 305.360813
1 820.658663 284.509079
1 817.915434 307.558264
1 838.150705 307.822859
1 817.894563 302.926957
1 820.400217 300.308929
1 833.266366 306.872088
1 825.397005 287.726416
1 824.072163 310.451970
1 812.497967 279.106009
1 829.669497 290.198884
1 820.978513 300.690964
1 797.302606 305.825083
1 843.686914 295.652230
1 836.313379 292.914827
2 722.194114 196.170142
2 893.464066 245.978228
2 755.215109 262.818065
2 967.740334 176.295514
2 847.526756 47.555112
2 919.808063 177.226763
2 777.515608 169.121337
2 830.285743 135.188482
2 995.768737 265.352777
2 801.264136 178.192910
2 844.330495 166.834008
2 786.455709 275.805450
2 850.339335 302.945682
2 955.189126 119.127902
2 923.431828 272.093459
2 921.373790 74.377634
2 809.899771 309.508034
2 700.217118 149.705557
2 799.230402 268.265659
2 725.838965 321.164163
2 826.266588 220.737925
2 746.763665 98.818846
2 942.296089 88.085685
2 998.183651 278.084384
1 847.187252 325.576811
1 818.772844 319.689492
1 785.627553 285.372881
2 733.075249 283.016719
2 913.166003 67.514870
1 819.609050 313.434841
2 979.176104 267.232434
1 839.633052 271.017230
1 812.411248 256.620952
1 848.975886 304.558863
1 792.772217 266.539675
2 807.857586 162.520634
2 982.070527 262.575755
1 843.096632 324.550313
1 804.791991 283.385480
1 859.476524 274.066806
2 679.416697 329.099210
1 846.010217 306.899661
1 898.147766 290.354945
1 830.834957 291.641303
2 705.605891 69.277421
1 828.391448 258.284056
1 787.344460 323.736539
1 851.037855 317.771810
2 943.520786 330.092775
2 774.523422 279.166007
1 806.530618 271.613799
2 691.717089 305.831322
1 841.373743 317.134929
1 812.087546 285.862914
1 810.821104 266.308641
1 824.676155 284.322875
1 792.665152 251.605931
2 737.095029 328.926891
1 920.507425 312.007150
1 800.786242 250.598925
1 771.092085 299.205298
1 815.646119 251.994449
1 824.387986 246.249968
2 751.544643 315.010214
1 812.409482 306.414020
2 975.847323 267.870717
1 820.229014 297.212441
1 847.106101 323.949685
1 864.443777 318.119429
1 857.585444 305.480209
1 825.814002 292.344799
1 820.238448 312.145059
2 966.663740 139.717608
2 737.725041 244.812649
1 857.510667 289.069167
1 802.412309 254.980894
1 811.783664 295.112937
1 840.898807 279.263360
1 739.255910 307.281660
1 787.439226 313.038635
1 807.193085 332.002081
1 838.337306 332.465566
1 811.340810 285.695241
1 851.219682 265.248112
1 914.599454 283.409302
1 784.049075 258.606344
1 776.972228 307.415938
2 947.481362 224.089923
1 840.581050 300.780796
2 775.675098 322.643269
1 840.493325 331.191690
1 728.723104 308.605388
2 934.468257 286.093237
1 842.532238 277.483012
1 773.819187 256.179054
1 820.952255 316.150498
2 974.882036 229.898703
1 796.544576 255.497353
1 840.958815 260.605331
2 795.714518 185.633872
1 837.422590 297.057430
1 824.037503 324.861792
1 853.592834 255.724927
1 858.075585 314.116734
1 850.835543 288.027496
1 841.810263 221.175928
2 722.288710 305.390942
1 855.254479 290.018314
1 913.458120 290.339347
1 773.023645 257.890294
1 828.276523 294.240090
2 996.933322 312.739848
1 800.492352 307.130038
1 805.692437 323.187375
1 862.940709 322.433001
2 835.978449 175.949761
1 805.575538 313.233177
1 800.177599 258.610463
1 794.649286 298.837012
1 861.488717 326.883006
1 836.489863 319.157602
1 790.041536 262.632623
1 886.001822 322.387026
1 784.210601 247.582926
1 788.949413 327.171281
1 943.599553 311.920489
1 844.420915 314.542830
2 960.373267 264.466706
1 844.712308 282.249291
1 865.551582 300.483505
1 854.918863 304.103121
2 903.598174 178.512913
2 913.047905 273.182082
1 868.307092 303.064531
1 830.807764 302.341191
1 783.195140 229.912164
1 895.299859 320.814514
1 806.078631 315.378938
1 823.370189 324.753747
1 808.419605 295.663166
1 796.411580 319.491910
1 839.425319 278.623598
2 879.424370 320.625401
2 825.189807 165.607513
2 741.145919 278.672465
1 799.705060 331.079092
1 827.267848 314.867020
2 809.382230 261.192347
1 874.905866 252.514619
1 809.220480 296.413150
1 797.402228 312.961418
1 851.709068 267.726918
2 939.177686 227.735970
2 914.768357 308.355049
1 777.507370 254.467551
1 816.151972 270.453972
1 822.351839 329.230272
1 837.278219 318.549529
1 819.820324 294.065354
2 769.519676 297.785315
1 803.224231 289.158271
2 842.398711 295.127254
1 791.178204 308.824658
1 793.533232 267.801523
1 822.833181 292.353262
1 800.520647 293.083055
1 863.738135 296.408007
2 896.450632 297.009014
1 855.022066 310.224732
1 868.661528 321.063941
1 802.912275 331.498797
2 851.763037 134.731284
2 971.144882 293.032354
2 933.407155 276.148891
1 874.339540 317.045985
1 766.334791 228.808970
1 818.023994 307.812559
1 809.825022 332.993429
2 704.737752 257.097940
1 790.966581 255.372081
1 829.283886 261.566770
1 842.242805 330.503070
1 812.071978 263.430218
1 755.179881 268.504458
1 811.129409 252.263648
2 760.577422 263.070191
2 839.636322 129.685409
1 792.286291 199.308884
1 833.409028 257.376058
1 845.771854 271.297291
1 882.616925 300.775436
1 834.181778 240.949756
1 849.435360 301.247362
1 782.958173 296.883341
2 667.212497 241.591523
1 824.609534 308.508506
2 693.329739 309.232597
1 832.225647 293.419961
2 842.972246 318.824584
1 802.592653 287.663548
1 838.791365 219.456011
1 854.257018 237.475105
2 956.051181 250.136752
1 843.460461 324.336906
1 796.442868 304.300917
1 895.074883 278.241049
2 786.044902 310.765182
1 869.921186 305.796311
2 991.836366 230.555967
2 925.821602 296.516860
2 788.499641 312.243364
1 761.391683 330.697404
1 834.968815 314.263562
1 783.353776 321.770833
1 760.706785 274.990638
1 790.376297 274.164630
2 761.025506 316.056242
2 796.334481 249.370544
2 790.905388 318.636464
2 793.043078 324.642035
2 780.789462 316.460398
1 799.756157 330.904598
1 880.488832 254.790066
1 782.142675 265.244779
1 868.291548 258.518481
1 820.570307 248.223121
1 847.996249 279.027226
2 929.841026 280.594797
1 846.578972 258.040426
1 850.650716 308.809051
1 829.807889 312.215238
1 856.758185 327.153658
1 815.634023 248.410652
1 820.500058 272.873026
2 822.098186 230.132575
1 833.339158 323.088065
1 849.969103 273.449085
1 804.872348 277.157088
1 810.447117 287.883255
2 725.887359 311.796557
1 773.881385 208.386476
2 873.429988 248.900073
1 790.525967 315.653370
1 875.410768 268.647162
1 816.392260 301.596694
1 828.731766 304.426532
1 846.895691 187.176132
2 894.147901 307.617919
1 841.262034 309.731002
1 859.081214 322.217304
2 889.172887 250.606612
1 815.362704 266.016297
2 832.121087 37.687960
1 876.067151 253.601232
1 817.233555 294.662743
2 796.906341 332.563369
1 830.526689 331.503257
2 719.255382 330.157008
2 984.454740 289.502186
1 882.534082 329.671316
1 788.771024 306.850463
1 818.060959 248.200287
1 861.012858 314.139583
1 789.432174 290.851500
2 847.298081 301.866385
1 823.670661 299.744547
1 790.404257 330.113673
1 843.423734 329.985344
2 919.855634 254.764727
1 798.276400 323.315439
1 855.386275 297.476021
1 807.886965 229.821448
2 952.933872 303.097161
1 837.780955 319.296356
1 880.825834 288.631573
1 873.652038 305.925844
2 821.646604 322.254868
1 878.036402 267.606728
2 796.221830 273.592858
1 810.015731 288.487632
1 830.733179 259.670799
2 924.822934 360.146150
2 898.600168 540.882315
2 677.775509 342.930127
2 750.100477 352.702020
2 867.559483 627.575568
2 968.121624 355.378469
2 909.437058 404.824141
2 921.326964 580.380160
2 720.361765 580.513346
2 772.892698 525.418582
2 958.985674 356.512416
2 952.169677 569.099599
2 922.861860 409.129112
2 757.961885 346.761935
2 921.044725 367.612915
2 710.275476 501.749901
2 821.702857 505.467745
2 923.699222 340.109950
2 857.317670 417.800218
1 795.476698 335.825098
2 880.399919 374.734925
1 806.489840 341.787570
2 891.908046 536.412627
1 795.990166 359.897493
1 811.769866 342.583472
2 824.640100 347.491768
1 816.936305 352.451156
2 922.411236 379.529072
1 807.726726 334.941645
1 854.092996 385.365423
1 797.936838 335.527546
1 800.736726 335.886343
1 898.764310 369.199893
2 866.758300 431.818302
1 853.172731 335.226005
2 811.829486 345.570342
1 812.033142 352.266111
2 918.279317 334.156852
1 877.698380 412.060827
1 837.377267 334.192818
1 815.241137 391.527102
1 798.450306 359.599941
1 818.442120 334.850185
1 819.849193 335.103202
2 748.129592 337.488953
2 795.243026 341.701742
1 848.535404 377.252046
1 847.044935 336.776991
1 852.140076 400.318860
1 818.918684 334.410660
1 787.684487 388.473242
1 880.704626 340.064590
1 780.455259 335.310519
1 822.321451 372.147346
2 927.914631 347.044798
1 825.363650 344.933535
2 686.339722 595.276324
2 943.911688 400.310348
2 973.694307 414.111732
1 874.343963 367.411211
1 819.603007 346.342807
1 840.469370 355.396768
1 831.776509 385.472194
1 868.260371 350.636179
2 903.825459 341.597220
1 804.969294 377.444228
1 762.744885 376.303223
1 844.026227 334.932044
1 844.193575 333.732905
1 797.161002 355.405766
1 833.180854 354.485427
1 873.374086 397.904940
2 830.005968 413.958381
2 946.267186 388.204945
1 888.767593 405.407635
1 836.625799 372.042628
1 868.364051 334.402534
1 827.542453 361.293792
2 819.806096 344.756389
2 968.616606 333.980799
1 817.566543 383.085659
2 766.858116 371.960246
2 906.762825 365.169147
1 838.883268 392.054024
2 957.298092 389.529035
2 765.148306 519.319705
1 778.761653 344.946563
2 899.699693 436.655058
1 843.027111 358.321351
1 786.478750 349.777988
1 811.063327 400.853186
1 852.709561 378.783813
2 780.217475 350.780372
1 783.534417 362.472718
2 909.844861 339.533157
2 763.114229 389.159736
1 772.641361 338.254629
1 948.102604 344.777346
1 796.564231 369.556507
1 814.575725 337.455612
2 808.413632 340.267375
1 828.678607 391.092624
1 835.885650 352.713099
1 861.168981 344.438935
2 752.387100 389.304744
2 740.849627 356.502278
1 844.842905 373.470927
2 789.477469 338.015881
1 822.805054 364.567430
1 900.418949 371.915231
1 828.716495 338.938806
1 773.470112 335.191233
2 878.776518 350.610792
2 767.322574 399.465186
2 815.306763 416.991426
1 757.529746 404.459120
1 790.775865 369.937928
1 801.710204 351.224028
1 850.640290 359.404722
2 728.193996 675.485181
2 737.304823 749.460525
2 676.107195 838.903866
2 836.032604 668.933878
2 922.795936 866.236940
2 906.207141 929.633314
2 970.266889 912.324051
2 841.109441 723.509132
2 975.466924 771.741003
2 981.902447 834.698518
2 864.426634 915.553717
2 960.869334 752.871921
2 761.362816 885.111847
2 693.274694 781.004788
2 741.835712 871.078402
2 780.253001 708.401185
2 806.801612 766.132397
2 869.717375 745.271124
1 682.787760 874.368867
2 774.611817 750.293391
2 754.971665 692.894137
2 723.636938 762.539958
2 672.140439 854.555623
2 666.668157 903.832466
2 676.589822 910.948590
1 703.637929 877.645851
2 669.253234 697.302283
