1 186.819888 180.064576
1 214.176846 164.074055
1 196.768541 177.505941
1 204.328503 189.087506
1 210.958168 179.125455
1 211.836927 174.842533
1 189.331589 163.877402
1 203.527437 163.832954
1 193.067098 161.343859
1 199.534577 179.521387
1 201.970054 177.160632
1 209.442568 186.467994
1 193.107182 173.501593
1 216.060535 192.472274
1 198.853969 176.148251
1 192.250519 197.907028
1 194.037276 181.435106
1 181.725132 173.312320
1 183.153069 197.091140
1 189.229870 181.374885
1 199.026631 174.339036
1 190.123317 178.772194
1 211.479674 193.053529
1 200.678000 184.928028
1 210.518514 165.218820
1 201.121318 185.842062
1 194.792092 166.717099
1 186.702925 186.835629
1 203.281993 182.508794
1 215.404842 195.972708
1 209.131122 169.530986
1 205.148379 156.622375
1 203.190361 193.766879
1 210.067252 172.806962
1 185.831170 190.660170
1 220.087148 148.695314
1 197.669660 155.949458
1 206.385224 178.841371
1 234.509229 136.895114
1 188.863917 200.557273
1 203.967038 134.937864
1 159.690571 149.729597
1 212.618381 215.152670
1 221.704860 199.014942
1 169.535142 171.317594
1 176.884284 178.737061
1 213.503108 194.340911
1 203.460195 165.288603
1 211.492635 196.060814
1 197.308807 145.114153
1 202.832454 161.371044
1 216.720065 210.214205
1 209.646626 198.168107
1 217.631315 146.295825
1 183.438354 170.043859
1 168.547344 168.067447
1 199.898009 213.836627
1 176.651563 120.676226
1 176.676092 187.703426
1 155.961085 186.071338
1 192.878013 157.887171
1 227.706851 190.601566
1 178.697584 219.401746
1 184.588128 200.437469
1 179.620449 191.345350
1 224.811658 184.971958
1 189.783864 266.795216
1 134.226264 164.536897
1 161.448123 170.179300
1 215.542338 175.889427
1 243.749102 204.635106
1 191.654004 176.817692
1 178.772983 193.183133
1 246.024366 162.395394
1 210.231483 215.094875
1 173.520235 153.476252
1 186.780496 212.336672
1 231.576087 172.125869
1 141.147179 220.786866
1 200.963914 237.472841
1 213.448439 230.968169
1 224.451101 134.715169
1 230.108753 118.363333
1 173.782843 148.098280
1 161.620649 187.979342
1 151.705819 175.102445
1 159.642188 169.570188
1 139.293683 277.248354
1 207.517712 255.742879
1 175.422950 138.405321
1 214.299966 150.493415
1 202.005107 217.390124
1 162.326474 176.458707
1 204.051669 209.584354
1 234.629091 210.231698
1 211.596286 238.684886
1 191.302338 171.053011
1 169.209362 162.102982
1 207.966388 130.198438
1 190.279886 170.764662
1 214.864842 188.180280
1 174.056158 161.228204
2 59.664177 453.414726
2 50.576305 436.787278
2 58.482343 434.984402
2 51.425367 440.837784
2 75.720087 415.002922
2 58.804816 428.815023
2 60.732494 408.726670
2 72.406240 438.663397
2 68.614963 418.307461
2 78.024736 442.886722
2 67.604440 409.186050
2 50.591738 412.758446
2 64.626408 427.958435
2 74.532559 427.224107
2 45.398665 416.726962
2 56.673980 431.836704
2 54.629899 427.696813
2 39.445893 422.065107
2 64.010856 425.553187
2 59.602518 430.313672
2 64.184752 413.590620
2 80.182577 438.192942
2 70.931752 442.930283
2 61.246465 421.775181
2 60.792721 428.363508
2 61.668450 429.694248
2 53.810192 419.722364
2 56.705041 425.612133
2 56.175670 411.315359
2 63.494198 428.757342
2 83.436392 431.710276
2 56.345963 431.619136
2 62.089104 430.141319
2 43.408837 443.731623
2 62.548742 428.029501
2 65.727367 424.865274
2 61.552714 420.683760
2 54.176240 408.216230
2 54.332525 422.651007
2 65.391002 431.691994
2 45.589576 434.050779
2 63.955935 438.324871
2 40.333242 444.457525
2 47.776520 438.419990
2 83.859896 425.730642
2 109.769103 439.564474
1 329.456976 652.320356
2 86.796973 423.653012
1 154.195366 773.573497
1 148.767415 779.060031
1 139.421185 798.342218
1 138.908182 789.084680
1 146.418749 784.457072
1 150.308837 780.140365
1 157.117436 792.632554
1 146.027089 803.146904
1 157.586055 786.824144
1 154.737368 774.207855
1 164.555545 789.736037
1 150.928066 781.749938
1 161.261873 761.410870
1 149.508251 763.863873
1 144.243613 785.552113
1 163.909595 777.338638
1 146.093343 790.984559
1 140.338804 770.199865
1 135.556030 777.083723
1 153.267474 780.133094
1 150.762099 774.299002
1 129.636304 786.653029
1 147.859911 793.014543
1 130.425149 772.329319
1 147.324617 770.897743
1 165.789670 780.267917
1 170.979326 792.811980
1 143.297630 795.898551
1 154.225798 768.676333
1 156.864742 796.891839
1 161.861036 758.807051
1 128.360333 771.670554
1 155.137713 786.289303
1 161.538980 795.045235
1 151.465295 785.200806
1 139.244871 771.148539
1 182.559550 781.840965
1 179.937505 742.929244
1 153.750722 749.904341
1 202.392515 758.859763
1 94.591466 791.809557
1 114.639096 818.687138
1 195.583299 753.985932
1 126.242266 779.271379
1 165.586763 780.851708
1 137.256306 801.437530
1 156.875127 715.448845
1 102.545109 796.290049
1 203.203684 785.866529
1 137.424191 754.255989
1 165.701878 743.055804
1 123.633251 752.689758
1 172.955361 756.798361
1 117.804792 809.668108
1 149.523793 762.565417
1 119.989414 804.058458
1 172.071257 811.673981
1 147.771024 761.707968
1 179.484002 764.126224
1 155.216538 816.744597
1 129.586118 728.325852
1 164.990312 771.882185
1 151.034104 761.395487
1 156.595934 781.912997
1 154.717531 848.126644
1 198.274172 710.556648
1 156.670915 796.258551
1 172.797876 727.752548
1 181.589173 785.100798
1 132.362402 721.971969
1 151.390799 785.604106
1 133.839512 719.876263
1 162.166820 809.748628
1 203.095711 769.761567
1 174.904787 809.764671
1 121.696923 750.182138
1 127.371408 720.972416
1 204.320929 729.388310
1 116.224178 798.320741
1 193.448051 778.761863
1 147.995636 795.572607
1 130.761071 746.983015
1 153.929503 795.611009
1 215.975862 714.403027
1 188.302503 761.760680
2 322.868954 774.723462
1 184.383255 695.148745
1 125.099919 802.074320
1 125.062513 722.856939
1 291.360473 708.705361
1 212.557863 789.423293
1 147.597604 766.612290
1 205.433897 895.411204
1 205.023223 750.158812
1 174.707956 800.517723
1 128.213824 805.527938
1 171.784183 820.083762
1 162.800988 786.621636
1 204.200027 811.961996
1 128.428941 800.206048
1 235.018472 755.881284
2 499.585782 134.991032
2 484.248733 151.095240
2 487.072859 134.072046
2 483.869978 133.688808
2 506.632547 149.885286
2 492.965995 129.845313
2 500.372290 132.347817
2 487.886167 155.139001
2 493.720714 134.765195
2 500.592111 143.538737
2 509.219396 138.393067
2 509.805614 158.859363
2 494.685072 156.280964
2 516.707945 155.811111
2 493.952420 155.236588
2 512.198795 143.865391
2 498.891104 142.434045
2 503.031665 142.810787
2 503.838197 164.691625
2 482.063822 143.746553
2 496.084056 144.129262
2 491.287710 130.238975
2 505.718363 140.086895
2 492.726283 160.391446
2 497.273132 140.416961
2 487.985610 127.781588
2 491.863470 139.404843
2 484.169628 124.939385
2 500.296424 143.208910
2 502.431803 130.208756
2 488.163780 137.309645
2 507.653555 163.648638
2 490.172815 141.775291
2 497.665782 137.406016
2 504.235634 136.967520
2 504.037112 143.205893
2 519.923327 144.451390
2 507.237126 134.154348
2 495.384363 140.921447
2 497.827101 132.321328
2 520.065446 142.572758
2 485.296409 121.877189
2 495.878229 119.440463
2 499.532163 145.276059
2 486.023560 139.868389
2 523.926414 119.301377
1 414.159271 654.484542
1 396.965906 656.429721
1 393.944144 650.141133
1 399.197276 650.149638
1 399.486811 646.725757
1 400.259023 649.944374
1 399.088965 649.256337
1 395.487644 652.575963
1 399.326209 652.158784
1 398.848586 635.686138
1 391.609420 665.205160
1 399.173399 644.191207
1 400.774781 650.308213
1 400.950645 653.944074
1 396.371375 649.914623
1 381.955513 645.056636
1 398.298446 654.480653
1 381.367666 653.613494
1 398.660293 649.819049
1 401.354440 647.757411
1 398.602001 647.378318
1 394.385557 654.002274
1 411.539163 654.654595
1 401.664526 639.774492
1 408.226809 628.395687
1 395.338749 637.154486
1 399.215922 650.971434
2 556.654560 492.168320
2 559.645556 478.749257
2 542.108217 474.036524
2 559.685605 487.433473
2 573.381410 471.477110
2 559.161220 474.688788
2 557.486451 481.565274
2 556.840378 498.166857
2 563.704203 473.647680
2 558.252617 486.808067
2 548.343974 488.373185
2 559.745212 479.979779
2 569.635254 470.297255
2 568.280122 458.401332
2 536.452940 475.645585
2 545.797056 473.774194
2 567.445625 494.042759
2 562.460124 483.713340
2 543.069621 483.761617
2 558.284391 476.821103
2 547.655082 458.294657
2 561.074381 495.485274
2 563.167474 480.654356
2 566.168079 497.857587
2 557.684401 461.115869
2 552.590856 490.349685
2 560.512513 470.929234
2 563.243376 477.289553
2 542.971177 465.114985
2 553.586758 461.895545
2 564.947799 458.268381
2 567.193653 481.763242
2 564.631733 472.059136
2 559.099342 479.038836
2 580.142647 476.366680
2 565.634408 455.665149
2 580.160206 485.271098
2 564.291244 478.719299
2 548.831643 495.501298
2 544.664903 471.243575
2 568.669514 482.475636
1 381.607917 659.624337
1 377.501304 632.746998
2 579.961269 481.866547
2 592.530977 457.580815
1 419.745771 609.199404
1 422.908535 624.518502
1 424.441340 650.717554
1 366.013692 628.638361
1 430.725221 630.499301
1 377.075698 620.518928
1 416.887776 655.700922
1 370.153726 661.178062
1 394.673845 665.922881
1 399.341638 632.133510
2 544.263842 467.489498
1 400.564488 638.981625
2 582.012434 492.598670
1 439.037182 628.056344
1 431.484778 666.243408
1 419.796201 609.057138
1 396.052844 632.690145
1 381.609049 628.479523
1 427.381547 646.918777
1 377.673474 620.000423
2 522.596006 469.287495
2 589.978661 459.102410
1 412.528026 654.294355
2 559.238791 475.011483
1 365.416543 647.137476
1 409.367389 658.994087
1 381.706883 655.581746
1 357.679111 662.246013
1 455.883914 637.270272
2 555.718859 520.682985
1 351.268427 655.460436
1 420.548211 652.635089
1 434.697767 614.765449
1 469.764669 628.043226
1 417.126063 636.124929
1 394.095676 638.044833
1 404.715883 636.353038
2 491.293549 490.337379
1 414.315761 585.286575
1 394.954126 674.308099
1 394.221399 669.527537
1 575.661683 787.109299
1 591.474880 793.367133
1 583.242380 791.272099
1 552.745377 812.852118
1 566.634687 799.764181
1 569.401358 802.703440
1 581.768991 798.964816
1 572.759855 799.243772
1 577.898006 790.170492
1 574.622078 798.789140
1 583.571398 807.125762
1 573.053080 813.579015
1 584.509425 787.087501
1 572.145453 786.877142
1 555.463841 818.504065
1 589.863390 791.962140
1 560.629967 802.699365
1 568.084256 806.421477
1 556.173005 808.304817
1 572.362892 786.040284
1 569.348468 803.664456
1 559.722450 798.231480
1 554.189676 788.492689
1 570.431892 804.553449
1 553.812317 802.677720
1 566.122417 793.535738
1 553.909713 813.565870
1 551.165307 798.782531
1 588.384833 811.338194
1 564.321143 806.739449
1 546.552111 799.804377
1 578.038975 812.878854
1 570.841369 788.925269
1 569.494965 799.816144
1 577.269699 796.321275
2 389.538227 833.879714
2 402.161750 844.896420
2 378.960659 833.429814
2 411.442228 835.670410
2 409.237313 811.380150
2 399.890100 830.041025
2 387.390942 851.011779
2 400.025746 809.960347
2 405.207302 850.738799
2 397.114311 827.173351
2 401.636197 813.259206
2 401.312932 830.117661
2 399.712033 820.898581
2 402.382769 830.642689
2 397.509522 816.278095
2 411.152661 844.794265
2 395.711069 837.208026
2 399.501159 818.059710
2 398.257724 839.003859
2 376.583223 838.678080
2 382.307555 837.874612
2 416.083383 812.282884
2 385.918454 817.639902
2 412.266138 813.407596
2 399.456228 830.895849
2 413.065501 846.807698
2 415.642324 835.764118
2 408.008256 824.890422
2 390.094158 829.951194
2 398.878255 849.165779
2 401.366324 848.649844
2 401.175089 840.522349
2 399.819838 837.191383
2 405.832256 845.406995
2 398.449407 821.013905
2 402.179150 831.091748
2 405.133892 836.167852
2 418.329704 828.496631
2 400.384027 826.575821
2 391.501291 844.196585
2 402.664223 816.254259
2 402.357607 815.581699
2 393.088402 831.176945
2 397.917414 854.296024
2 388.306593 841.258806
2 382.629465 844.753000
1 559.644507 772.818548
1 520.294526 798.667166
1 570.414447 780.933752
2 430.075156 789.097684
1 541.218968 805.768696
1 551.230503 806.108427
1 538.351034 784.112646
1 582.096885 852.550629
1 549.304645 744.504800
1 598.806874 828.843026
1 599.167090 838.870776
2 424.491037 813.677083
2 415.549311 845.367723
1 519.439393 826.682329
1 533.777093 819.786026
1 593.133766 800.655043
2 417.254468 847.271683
2 430.318873 798.872004
1 614.614345 768.151033
1 597.061791 797.539654
1 398.636704 666.889981
1 577.626359 795.706702
1 623.177207 849.673575
1 586.380198 776.492192
1 589.630745 783.093268
1 540.726963 786.676811
2 390.500265 822.319647
1 579.697602 821.826966
1 583.012354 775.649497
1 606.328292 779.339904
1 590.625039 806.317388
2 401.290879 815.299297
2 354.815611 840.152498
2 372.947200 894.525267
2 419.597168 794.278662
1 589.140678 823.782653
1 602.386790 831.200020
1 553.393325 838.089835
1 525.707581 764.967147
2 446.369402 753.592831
1 410.383043 677.153873
1 572.289923 790.227213
1 604.961546 842.505129
1 568.544574 808.160251
2 401.604800 827.784626
1 534.435506 768.775876
2 417.879048 886.885350
1 551.880934 788.057058
1 524.623183 807.466488
1 605.035516 754.296446
1 534.116942 777.334473
1 576.844867 817.007674
1 511.031868 766.274657
1 546.554423 802.520354
1 547.458167 783.441995
2 408.147023 842.613764
2 358.923768 826.887783
1 589.332111 771.376496
1 538.451369 775.187953
1 564.000974 855.909427
1 437.711259 712.527038
1 577.503429 801.638793
1 530.099329 823.304579
1 410.299711 679.107418
1 593.740967 816.703724
1 433.058858 677.440837
2 426.771606 803.327043
1 537.710428 766.074994
2 415.549840 750.303533
1 581.419515 811.549509
1 578.223311 845.414030
1 396.806054 740.166739
1 368.265036 671.047460
1 649.626481 819.227883
1 509.221184 770.294555
1 594.979279 815.524993
1 606.414205 795.622098
1 581.862498 852.170343
2 371.451794 780.912769
2 371.632881 816.324812
1 389.639248 694.549247
1 553.440569 738.347571
1 399.752046 687.324038
2 372.267640 801.217273
1 417.589090 694.845357
2 401.115899 800.286002
2 397.080013 879.817132
2 412.294997 789.710232
2 361.842101 854.685089
1 437.147196 670.433597
1 622.893200 789.111725
1 378.599825 708.557928
1 571.252805 831.532691
1 515.995062 785.343368
1 524.122915 841.248296
1 586.702511 819.450047
1 578.705114 821.540943
1 373.495502 691.525331
1 504.605864 758.267387
1 557.735811 773.658984
1 375.738169 672.086932
1 543.318818 776.544593
1 598.756119 816.811749
1 569.802603 817.680550
2 399.022791 863.332703
2 415.755223 839.399864
1 496.481347 834.606945
1 340.621147 695.926601
1 536.173663 767.088338
2 369.019032 811.971437
2 395.986670 754.084244
1 503.011155 763.121849
1 573.419253 814.754045
1 592.590916 825.156381
2 395.030116 823.459445
1 568.007895 864.988158
1 584.973779 867.815648
1 579.556892 797.458402
1 575.080902 812.022078
1 575.245729 862.923023
1 583.532772 814.380950
2 351.789184 790.812186
1 641.225011 798.085640
1 388.829476 669.815228
2 341.683216 870.992056
1 592.996040 788.865570
2 386.659487 847.482268
1 551.112113 795.099719
1 577.300319 795.185158
1 563.344714 852.426039
1 563.172095 772.471554
1 579.325742 841.847274
1 556.562537 802.927641
1 593.693869 788.151080
2 382.678455 797.374074
1 577.765247 791.592697
1 465.423608 675.448172
1 590.979043 780.856807
1 578.220363 790.492270
1 533.797364 807.889985
2 416.074639 811.740824
1 630.866131 798.377490
1 558.584708 786.176757
1 611.794048 803.022185
2 374.887879 874.656892
2 403.226781 859.145970
1 568.911638 830.955287
1 554.879921 858.518022
1 604.140713 763.450049
2 421.246135 826.660589
1 580.452754 848.625968
1 493.954723 828.983589
2 398.671653 812.184256
1 579.142811 793.683412
1 575.645056 820.062522
2 461.043983 811.838666
2 369.643597 768.658791
1 577.656234 817.521895
2 433.474537 872.146607
1 580.356498 818.978304
2 352.596469 820.313872
1 384.373991 692.125834
2 430.879351 799.059568
1 353.762620 703.275414
1 562.772290 794.967962
1 541.283140 857.857999
2 409.432562 798.959597
2 414.614366 843.644623
1 459.255171 682.847228
2 414.885161 839.992790
1 598.948688 822.981168
2 367.172699 879.039480
2 372.229594 782.605196
1 606.208227 867.065772
1 647.243209 814.610469
1 638.181078 795.482887
2 420.322645 837.761292
1 636.422745 784.560853
1 516.340711 770.335976
2 403.342799 871.841692
1 585.356829 785.557477
1 616.432226 841.746753
1 533.847547 826.270171
1 583.997034 726.389572
1 567.943733 788.252075
1 404.667941 718.837861
1 594.286574 829.905064
1 596.998092 772.588548
2 355.000315 907.550742
1 569.693889 778.106405
1 564.937308 736.836868
1 595.519104 810.304444
1 599.446814 747.587407
2 415.504334 833.609745
2 458.391118 844.465329
1 483.323929 727.362887
2 407.501047 819.450928
1 562.383775 731.915656
2 417.856009 755.184002
2 453.417694 845.955720
1 583.287858 824.825843
2 400.358848 853.352789
1 565.640164 805.765819
1 500.937264 801.308616
1 591.023135 778.170763
1 562.520952 795.822391
1 561.409093 763.412820
1 422.577763 721.548085
1 526.897014 814.270945
2 410.873217 798.917263
1 610.440187 791.476327
1 618.772476 799.213376
2 411.884145 829.982053
1 592.165653 837.050510
1 585.472770 821.356106
2 364.804800 855.640347
1 604.120681 777.789530
1 512.947216 811.697617
1 512.344075 797.505105
1 526.809306 791.723223
1 822.570945 295.209373
1 796.388864 306.657840
1 821.036917 304.551643
1 829.830806 294.046739
1 827.008361 306.982318
1 819.703925 311.468283
1 802.629404 300.577595
1 839.125300 303.166866
1 819.550908 293.675277
1 823.128751 297.453261
1 816.029020 288.743721
1 823.478148 298.508401
1 821.751465 291.149601
1 818.087407 302.558102
1 815.426318 276.391480
1 825.283169 296.602609
1 820.312877 300.045297
1 804.173060 292.202385
1 822.934482 292.983958
1 828.970412 303.746897
1 820.841994 316.170513
1 831.099042 306.238499
1 818.992631 313.060734
1 819.454788 297.964086
1 839.922837 300.968418
1 814.952164 321.010370
1 825.252307 296.898763
1 809.983797 301.390875
1 823.426854 290.314283
1 831.735188 292.686087
1 805.251090 281.217554
1 834.640377 300.015460
1 819.206725 279.764840
1 822.409595 321.539671
1 803.484546 312.865743
1 821.588987 277.873229
1 817.297562 303.155753
1 826.184956 286.264424
1 759.047664 265.944727
1 806.754714 265.989721
1 806.541171 286.896885
1 794.897455 275.648756
1 810.806596 278.266671
1 813.387931 306.475005
1 786.791889 292.570867
1 848.962034 251.336414
1 796.716693 318.870921
1 775.458317 256.833965
1 801.212718 231.954907
1 794.068975 276.174040
1 825.181900 246.168265
1 798.676562 316.558881
1 842.895825 305.202764
1 778.011772 272.231358
1 764.391342 271.724045
1 795.585778 282.065963
1 840.020929 242.844623
1 838.628761 268.500977
1 798.578057 278.510856
1 826.931253 312.472143
1 869.489545 307.695719
1 804.678428 316.924817
1 791.035166 304.952641
2 840.676232 608.621616
2 852.475574 633.410839
2 846.066883 625.840064
2 851.954105 627.968782
2 854.026035 648.220403
2 839.991632 615.530566
2 838.369887 634.561641
2 841.955730 613.519406
2 866.584727 624.813974
2 828.963805 622.449259
2 837.016986 614.694498
2 840.738615 643.357703
2 843.478089 641.697435
2 838.721206 644.038280
2 863.400528 639.149061
2 859.753973 642.335668
2 837.233535 635.162835
2 853.881323 619.546542
2 850.632442 625.157595
2 853.359522 611.015333
2 850.418268 615.658842
2 858.067359 619.559308
2 857.351504 643.163369
2 835.521914 631.914579
2 831.556330 614.604932
2 850.077215 631.957816
2 856.027421 643.177058
2 852.373098 634.690302
2 851.245743 630.290808
2 836.293860 616.051164
2 837.884820 636.400251
2 853.265255 626.674026
2 848.812040 628.612968
2 850.192135 635.737483
2 854.054095 633.278565
2 849.995893 630.763458
2 846.559716 642.299393
2 834.979246 636.262926
2 855.763583 644.513919
2 846.730506 607.687930
2 856.436795 633.342058
2 852.717873 632.804110
2 842.090755 638.151091
2 850.444308 630.218780
2 850.868218 630.077384
2 841.498960 633.550477
2 831.691895 631.432495
1 787.288428 338.703234
