1 202.078525 179.315206
1 186.819888 180.064576
1 214.176846 164.074055
1 182.952212 174.534474
1 196.768541 177.505941
1 204.328503 189.087506
1 210.958168 179.125455
1 211.836927 174.842533
1 189.331589 163.877402
1 203.527437 163.832954
1 193.067098 161.343859
1 199.534577 179.521387
1 201.970054 177.160632
1 209.442568 186.467994
1 180.724814 194.967207
1 203.531713 193.973627
1 193.107182 173.501593
1 196.032144 186.401373
1 216.060535 192.472274
1 198.853969 176.148251
1 192.250519 197.907028
1 194.037276 181.435106
1 199.799649 178.648621
1 181.725132 173.312320
1 183.153069 197.091140
1 188.637822 183.889312
1 189.229870 181.374885
1 199.026631 174.339036
1 190.123317 178.772194
1 211.479674 193.053529
1 200.678000 184.928028
1 178.902086 190.791062
1 199.439138 173.536568
1 210.518514 165.218820
1 201.121318 185.842062
1 198.505473 182.127880
1 182.344040 172.955946
1 194.792092 166.717099
1 186.702925 186.835629
1 203.281993 182.508794
1 215.404842 195.972708
1 209.131122 169.530986
1 205.148379 156.622375
1 203.190361 193.766879
1 201.587909 182.185522
1 210.067252 172.806962
1 185.831170 190.660170
1 220.087148 148.695314
1 197.669660 155.949458
1 204.352823 214.965704
1 206.385224 178.841371
1 234.509229 136.895114
1 188.863917 200.557273
1 203.967038 134.937864
1 231.397440 201.603803
1 159.690571 149.729597
1 212.618381 215.152670
1 221.704860 199.014942
1 169.535142 171.317594
1 176.884284 178.737061
1 213.503108 194.340911
1 203.460195 165.288603
1 216.507701 174.789277
1 211.492635 196.060814
1 188.625614 210.979697
1 197.308807 145.114153
1 202.832454 161.371044
1 216.720065 210.214205
1 208.532592 159.467679
1 209.646626 198.168107
1 217.631315 146.295825
1 167.766499 177.475927
1 183.438354 170.043859
1 168.547344 168.067447
1 199.898009 213.836627
1 176.651563 120.676226
1 216.244614 217.208138
1 176.676092 187.703426
1 155.961085 186.071338
1 221.312891 197.856381
1 192.878013 157.887171
1 227.706851 190.601566
1 218.218608 224.797112
1 190.419864 163.615425
1 223.039587 177.749943
1 178.697584 219.401746
1 201.880331 230.949238
1 184.588128 200.437469
1 179.620449 191.345350
1 224.811658 184.971958
1 189.783864 266.795216
1 134.226264 164.536897
1 161.448123 170.179300
1 198.657302 201.451562
1 154.835728 157.954618
1 215.542338 175.889427
1 243.749102 204.635106
1 191.654004 176.817692
1 178.772983 193.183133
1 192.967476 189.270433
1 246.024366 162.395394
1 158.668241 128.625049
1 210.231483 215.094875
1 173.520235 153.476252
1 198.691682 175.756381
1 186.780496 212.336672
1 184.430627 155.914325
2 59.664177 453.414726
2 50.576305 436.787278
2 58.482343 434.984402
2 51.425367 440.837784
2 75.720087 415.002922
2 58.804816 428.815023
2 63.347146 425.863559
2 60.732494 408.726670
2 72.406240 438.663397
2 68.614963 418.307461
2 78.024736 442.886722
2 67.604440 409.186050
2 50.591738 412.758446
2 64.626408 427.958435
2 74.532559 427.224107
2 45.398665 416.726962
2 56.673980 431.836704
2 64.811656 413.906890
2 39.766784 432.656259
2 54.629899 427.696813
2 39.445893 422.065107
2 64.010856 425.553187
2 59.602518 430.313672
2 64.184752 413.590620
2 80.182577 438.192942
2 70.931752 442.930283
2 61.246465 421.775181
2 60.792721 428.363508
2 61.668450 429.694248
2 53.810192 419.722364
2 56.705041 425.612133
2 56.175670 411.315359
2 63.494198 428.757342
2 83.436392 431.710276
2 56.345963 431.619136
2 62.089104 430.141319
2 43.408837 443.731623
2 62.548742 428.029501
2 65.727367 424.865274
2 71.831915 415.201987
2 61.552714 420.683760
2 54.176240 408.216230
2 54.332525 422.651007
2 65.391002 431.691994
2 45.589576 434.050779
2 63.955935 438.324871
2 40.333242 444.457525
2 47.776520 438.419990
2 83.859896 425.730642
2 109.769103 439.564474
1 137.580917 790.113407
1 154.195366 773.573497
1 148.767415 779.060031
1 148.218661 777.629893
1 139.421185 798.342218
1 138.908182 789.084680
1 146.418749 784.457072
1 160.131038 787.909778
1 150.308837 780.140365
1 157.117436 792.632554
1 158.460107 771.246079
1 146.027089 803.146904
1 157.586055 786.824144
1 154.737368 774.207855
1 153.580006 777.188003
1 164.555545 789.736037
1 150.928066 781.749938
1 161.261873 761.410870
1 149.508251 763.863873
1 144.243613 785.552113
1 163.909595 777.338638
1 146.093343 790.984559
1 140.338804 770.199865
1 135.578839 792.133503
1 135.556030 777.083723
1 153.267474 780.133094
1 150.762099 774.299002
1 129.636304 786.653029
1 147.859911 793.014543
1 130.425149 772.329319
1 147.324617 770.897743
1 165.789670 780.267917
1 170.979326 792.811980
1 143.297630 795.898551
1 154.225798 768.676333
1 146.283493 780.222102
1 156.864742 796.891839
1 161.861036 758.807051
1 128.360333 771.670554
1 154.356766 782.354495
1 171.076966 768.126136
1 155.137713 786.289303
1 144.477388 777.595097
1 165.961065 763.317471
1 161.538980 795.045235
1 151.465295 785.200806
1 139.244871 771.148539
1 146.099234 763.974734
1 166.760022 753.290198
1 182.559550 781.840965
1 179.937505 742.929244
1 153.750722 749.904341
1 202.392515 758.859763
1 94.591466 791.809557
1 195.516752 791.204758
1 135.564865 756.670193
1 114.639096 818.687138
1 195.583299 753.985932
1 126.242266 779.271379
1 165.586763 780.851708
1 113.279549 794.915389
1 112.333164 765.851391
1 173.801057 743.617291
1 137.256306 801.437530
1 156.875127 715.448845
1 102.545109 796.290049
1 203.203684 785.866529
1 137.424191 754.255989
1 165.701878 743.055804
1 123.633251 752.689758
1 172.955361 756.798361
1 160.585554 826.734163
1 117.804792 809.668108
1 110.684789 780.421141
1 149.523793 762.565417
1 166.020643 831.147022
1 119.989414 804.058458
1 172.071257 811.673981
1 147.771024 761.707968
1 179.484002 764.126224
1 155.216538 816.744597
1 129.586118 728.325852
1 164.990312 771.882185
1 151.034104 761.395487
1 157.839386 775.453798
1 156.595934 781.912997
1 154.717531 848.126644
1 176.306592 722.622716
1 198.274172 710.556648
1 119.499629 759.448386
1 156.670915 796.258551
1 172.797876 727.752548
1 181.589173 785.100798
1 132.362402 721.971969
1 151.390799 785.604106
1 175.526810 706.841259
1 133.839512 719.876263
1 162.166820 809.748628
1 203.095711 769.761567
1 174.904787 809.764671
1 121.696923 750.182138
1 124.901163 669.206797
1 112.883432 763.602351
1 127.371408 720.972416
1 204.320929 729.388310
1 116.224178 798.320741
2 499.585782 134.991032
2 484.248733 151.095240
2 487.072859 134.072046
2 483.869978 133.688808
2 506.632547 149.885286
2 492.965995 129.845313
2 500.372290 132.347817
2 487.886167 155.139001
2 493.720714 134.765195
2 500.592111 143.538737
2 509.219396 138.393067
2 509.805614 158.859363
2 494.685072 156.280964
2 516.707945 155.811111
2 493.952420 155.236588
2 512.198795 143.865391
2 498.891104 142.434045
2 503.031665 142.810787
2 503.838197 164.691625
2 482.063822 143.746553
2 496.084056 144.129262
2 491.287710 130.238975
2 493.997559 149.054409
2 505.718363 140.086895
2 516.354893 141.664266
2 492.726283 160.391446
2 497.273132 140.416961
2 487.985610 127.781588
2 480.665799 140.519273
2 491.863470 139.404843
2 484.169628 124.939385
2 500.296424 143.208910
2 502.431803 130.208756
2 488.163780 137.309645
2 507.653555 163.648638
2 490.172815 141.775291
2 497.665782 137.406016
2 504.235634 136.967520
2 507.121802 126.362128
2 504.037112 143.205893
2 519.923327 144.451390
2 507.237126 134.154348
2 495.384363 140.921447
2 497.827101 132.321328
2 520.065446 142.572758
2 485.296409 121.877189
2 495.878229 119.440463
2 499.532163 145.276059
2 486.023560 139.868389
2 523.926414 119.301377
1 414.159271 654.484542
1 396.965906 656.429721
1 409.232629 630.668999
1 407.023245 639.978443
1 393.944144 650.141133
1 399.197276 650.149638
1 405.431374 649.333913
1 399.486811 646.725757
1 400.259023 649.944374
1 399.088965 649.256337
1 395.487644 652.575963
1 399.326209 652.158784
1 411.968041 650.520766
1 398.848586 635.686138
1 391.609420 665.205160
1 399.173399 644.191207
1 400.774781 650.308213
1 399.641320 649.664334
1 400.950645 653.944074
1 396.906714 642.965381
1 396.371375 649.914623
1 381.955513 645.056636
1 398.298446 654.480653
1 381.367666 653.613494
1 410.397212 637.327155
1 398.660293 649.819049
1 401.354440 647.757411
1 390.971265 647.465206
1 398.602001 647.378318
1 394.385557 654.002274
1 411.539163 654.654595
1 401.664526 639.774492
1 408.226809 628.395687
1 395.338749 637.154486
1 403.421915 634.225238
1 399.215922 650.971434
2 556.654560 492.168320
2 566.327921 479.929622
2 559.645556 478.749257
2 542.108217 474.036524
2 559.685605 487.433473
2 573.381410 471.477110
2 559.161220 474.688788
2 557.486451 481.565274
2 556.840378 498.166857
2 563.704203 473.647680
2 558.252617 486.808067
2 558.899972 479.781194
2 548.343974 488.373185
2 559.745212 479.979779
2 569.635254 470.297255
2 547.504747 473.173566
2 568.280122 458.401332
2 552.993692 480.154732
2 536.452940 475.645585
2 545.797056 473.774194
2 567.445625 494.042759
2 562.460124 483.713340
2 543.069621 483.761617
2 558.284391 476.821103
2 547.655082 458.294657
2 561.074381 495.485274
2 563.167474 480.654356
2 566.168079 497.857587
2 557.684401 461.115869
2 552.590856 490.349685
2 560.512513 470.929234
2 563.243376 477.289553
2 542.971177 465.114985
2 544.830961 464.668945
2 553.586758 461.895545
2 564.947799 458.268381
2 567.193653 481.763242
2 564.631733 472.059136
2 559.099342 479.038836
2 580.142647 476.366680
2 565.634408 455.665149
2 557.992754 503.939145
2 580.160206 485.271098
2 564.291244 478.719299
2 548.831643 495.501298
2 544.664903 471.243575
2 545.146850 474.591171
2 568.669514 482.475636
1 381.607917 659.624337
1 377.501304 632.746998
2 579.961269 481.866547
1 400.757291 666.256526
2 592.530977 457.580815
1 419.745771 609.199404
1 422.908535 624.518502
1 424.441340 650.717554
1 366.013692 628.638361
1 359.807248 634.250884
1 430.725221 630.499301
1 377.075698 620.518928
1 416.887776 655.700922
1 370.153726 661.178062
1 446.097888 618.478952
1 394.673845 665.922881
1 399.341638 632.133510
2 544.263842 467.489498
1 400.564488 638.981625
1 405.050933 650.604933
2 582.012434 492.598670
1 439.037182 628.056344
1 384.284097 651.777452
1 431.484778 666.243408
1 419.796201 609.057138
1 396.052844 632.690145
1 381.609049 628.479523
1 410.596643 644.215569
1 427.381547 646.918777
1 443.984957 655.989586
1 377.673474 620.000423
2 522.596006 469.287495
2 589.978661 459.102410
1 372.794621 644.815543
1 397.696997 634.725207
1 412.528026 654.294355
2 559.238791 475.011483
1 365.416543 647.137476
1 409.367389 658.994087
1 381.706883 655.581746
1 392.114856 668.457714
1 394.954126 674.308099
1 410.850476 670.035768
1 395.577588 668.116983
1 394.221399 669.527537
1 575.661683 787.109299
1 554.016372 799.904415
1 581.751516 787.336215
1 566.340280 801.260464
1 591.474880 793.367133
1 567.376086 804.549630
1 560.549366 808.971070
1 587.747347 813.579480
1 583.242380 791.272099
1 572.751738 801.405733
1 552.745377 812.852118
1 564.153244 803.367135
1 566.634687 799.764181
1 569.401358 802.703440
1 581.768991 798.964816
1 572.759855 799.243772
1 577.898006 790.170492
1 574.622078 798.789140
1 583.571398 807.125762
1 573.053080 813.579015
1 584.509425 787.087501
1 572.145453 786.877142
1 574.188549 798.183811
1 555.463841 818.504065
1 589.863390 791.962140
1 560.629967 802.699365
1 568.084256 806.421477
1 556.173005 808.304817
1 572.362892 786.040284
1 569.348468 803.664456
1 559.722450 798.231480
1 554.189676 788.492689
1 570.431892 804.553449
1 553.812317 802.677720
1 566.122417 793.535738
1 556.450136 801.912863
1 553.909713 813.565870
1 551.165307 798.782531
1 588.384833 811.338194
1 564.321143 806.739449
1 563.309108 788.919077
1 546.552111 799.804377
1 578.038975 812.878854
1 570.841369 788.925269
1 569.494965 799.816144
1 577.269699 796.321275
2 389.538227 833.879714
2 402.161750 844.896420
2 378.960659 833.429814
2 411.442228 835.670410
2 409.237313 811.380150
2 399.890100 830.041025
2 387.390942 851.011779
2 400.025746 809.960347
2 405.207302 850.738799
2 397.114311 827.173351
2 401.636197 813.259206
2 401.312932 830.117661
2 387.290173 814.781166
2 399.712033 820.898581
2 402.382769 830.642689
2 397.509522 816.278095
2 411.152661 844.794265
2 395.711069 837.208026
2 399.501159 818.059710
2 398.257724 839.003859
2 376.583223 838.678080
2 382.307555 837.874612
2 416.083383 812.282884
2 385.918454 817.639902
2 412.266138 813.407596
2 399.456228 830.895849
2 413.065501 846.807698
2 415.642324 835.764118
2 408.008256 824.890422
2 390.094158 829.951194
2 398.878255 849.165779
2 401.366324 848.649844
2 401.175089 840.522349
2 399.819838 837.191383
2 405.832256 845.406995
2 398.449407 821.013905
2 402.179150 831.091748
2 405.133892 836.167852
2 418.329704 828.496631
2 400.384027 826.575821
2 391.501291 844.196585
2 402.664223 816.254259
2 404.526549 830.470441
2 402.357607 815.581699
2 393.088402 831.176945
2 397.917414 854.296024
2 388.306593 841.258806
2 382.629465 844.753000
1 559.644507 772.818548
1 581.615059 807.244509
1 520.294526 798.667166
1 570.414447 780.933752
1 525.120734 795.201367
1 593.688270 786.231803
1 573.723992 755.516733
1 530.665813 804.140722
2 430.075156 789.097684
1 541.218968 805.768696
1 529.496479 747.028237
1 551.230503 806.108427
1 362.661888 704.990143
1 538.351034 784.112646
1 582.096885 852.550629
1 549.304645 744.504800
1 598.806874 828.843026
1 599.167090 838.870776
2 424.491037 813.677083
2 415.549311 845.367723
1 559.487807 794.562144
1 519.439393 826.682329
1 533.777093 819.786026
1 593.133766 800.655043
2 417.254468 847.271683
1 394.667825 675.635713
2 430.318873 798.872004
1 555.361406 823.994367
1 614.614345 768.151033
1 597.061791 797.539654
1 398.636704 666.889981
1 577.626359 795.706702
1 623.177207 849.673575
1 586.380198 776.492192
1 589.630745 783.093268
1 540.726963 786.676811
2 392.151880 824.210016
2 390.500265 822.319647
1 544.751893 797.720997
1 579.697602 821.826966
1 583.012354 775.649497
1 606.328292 779.339904
1 529.148445 797.668394
1 590.625039 806.317388
1 569.437622 794.405781
2 401.290879 815.299297
2 354.815611 840.152498
2 372.947200 894.525267
2 419.597168 794.278662
1 589.140678 823.782653
1 602.386790 831.200020
1 553.393325 838.089835
1 525.707581 764.967147
1 417.033904 670.057106
2 446.369402 753.592831
1 410.383043 677.153873
1 572.289923 790.227213
1 604.961546 842.505129
1 564.618006 728.419505
1 596.963884 810.929883
1 568.544574 808.160251
2 401.604800 827.784626
1 534.435506 768.775876
2 417.879048 886.885350
1 551.880934 788.057058
1 524.623183 807.466488
1 605.035516 754.296446
1 534.116942 777.334473
1 576.844867 817.007674
2 371.175511 857.054119
1 511.031868 766.274657
1 546.554423 802.520354
1 547.458167 783.441995
2 408.147023 842.613764
1 614.262673 788.812651
2 358.923768 826.887783
1 532.252801 763.428741
1 558.087218 749.472931
1 558.744751 805.552705
1 589.332111 771.376496
1 538.451369 775.187953
1 564.000974 855.909427
1 437.711259 712.527038
1 577.503429 801.638793
1 590.874765 814.372756
1 530.099329 823.304579
1 410.299711 679.107418
1 593.740967 816.703724
1 433.058858 677.440837
2 426.771606 803.327043
1 537.710428 766.074994
2 415.549840 750.303533
1 581.419515 811.549509
1 578.223311 845.414030
1 568.707762 716.660052
1 626.736152 840.869813
1 396.806054 740.166739
1 489.335245 813.130252
1 368.265036 671.047460
1 595.000791 759.084251
1 649.626481 819.227883
1 580.977058 798.357825
1 388.964412 676.354357
2 439.418882 864.808516
1 509.221184 770.294555
1 594.979279 815.524993
1 596.541899 771.098626
1 606.414205 795.622098
1 581.862498 852.170343
2 371.451794 780.912769
2 371.632881 816.324812
1 540.975260 795.926951
1 389.639248 694.549247
1 553.440569 738.347571
1 399.752046 687.324038
2 372.267640 801.217273
1 417.589090 694.845357
2 401.115899 800.286002
2 397.080013 879.817132
2 412.294997 789.710232
2 361.842101 854.685089
1 437.147196 670.433597
1 622.893200 789.111725
1 378.599825 708.557928
1 395.512504 681.787662
1 571.252805 831.532691
1 515.995062 785.343368
1 524.122915 841.248296
1 586.702511 819.450047
1 578.705114 821.540943
1 373.495502 691.525331
1 504.605864 758.267387
1 557.735811 773.658984
1 375.738169 672.086932
1 543.318818 776.544593
1 571.056762 862.459037
1 598.756119 816.811749
1 569.802603 817.680550
2 399.022791 863.332703
2 415.755223 839.399864
1 496.481347 834.606945
1 340.621147 695.926601
1 536.173663 767.088338
2 369.019032 811.971437
1 561.489941 867.860359
2 395.986670 754.084244
1 615.940213 811.380897
1 503.011155 763.121849
1 573.419253 814.754045
1 592.590916 825.156381
2 395.030116 823.459445
1 411.972131 686.422172
1 568.007895 864.988158
1 584.973779 867.815648
1 579.556892 797.458402
1 575.080902 812.022078
1 575.245729 862.923023
1 583.532772 814.380950
2 351.789184 790.812186
1 607.875193 786.157120
1 641.225011 798.085640
1 388.829476 669.815228
1 516.248811 845.600705
2 341.683216 870.992056
1 588.409381 805.309797
1 487.260499 823.843496
2 413.300127 858.239945
1 592.996040 788.865570
2 386.659487 847.482268
1 822.570945 295.209373
1 796.388864 306.657840
1 821.036917 304.551643
1 829.830806 294.046739
1 821.918281 286.535242
1 827.008361 306.982318
1 819.703925 311.468283
1 802.629404 300.577595
1 839.125300 303.166866
1 819.550908 293.675277
1 823.128751 297.453261
1 816.029020 288.743721
1 823.478148 298.508401
1 821.751465 291.149601
1 818.087407 302.558102
1 815.426318 276.391480
1 825.283169 296.602609
1 818.450751 282.660983
1 820.312877 300.045297
1 819.187439 300.062221
1 804.173060 292.202385
1 820.927539 293.228590
1 822.934482 292.983958
1 828.970412 303.746897
1 820.841994 316.170513
1 815.418058 296.885520
1 819.024018 294.624643
1 831.099042 306.238499
1 818.992631 313.060734
1 819.454788 297.964086
1 839.922837 300.968418
1 814.089782 286.227806
1 814.952164 321.010370
1 825.252307 296.898763
1 809.983797 301.390875
1 823.426854 290.314283
1 799.510615 313.051670
1 831.735188 292.686087
1 805.251090 281.217554
1 834.640377 300.015460
1 819.206725 279.764840
1 822.409595 321.539671
1 803.484546 312.865743
1 821.588987 277.873229
1 817.297562 303.155753
1 814.325253 299.945888
1 826.184956 286.264424
1 780.853851 285.288932
1 759.047664 265.944727
1 806.754714 265.989721
1 806.541171 286.896885
1 794.897455 275.648756
1 810.806596 278.266671
1 823.195802 266.811174
1 813.387931 306.475005
1 786.791889 292.570867
1 848.962034 251.336414
1 781.407738 285.839965
1 796.716693 318.870921
1 793.137827 271.781813
1 831.545552 266.823193
1 775.458317 256.833965
1 801.212718 231.954907
1 794.068975 276.174040
1 787.173642 306.619724
1 828.726328 301.088295
1 825.181900 246.168265
1 798.676562 316.558881
1 771.899262 258.584105
1 842.895825 305.202764
1 778.011772 272.231358
1 764.391342 271.724045
1 795.585778 282.065963
1 840.020929 242.844623
1 795.830108 244.438676
2 840.676232 608.621616
2 852.475574 633.410839
2 846.066883 625.840064
2 851.954105 627.968782
2 854.026035 648.220403
2 839.991632 615.530566
2 853.077069 632.163393
2 838.369887 634.561641
2 841.955730 613.519406
2 866.584727 624.813974
2 828.963805 622.449259
2 837.016986 614.694498
2 840.738615 643.357703
2 843.478089 641.697435
2 838.721206 644.038280
2 863.400528 639.149061
2 859.753973 642.335668
2 837.233535 635.162835
2 853.881323 619.546542
2 850.632442 625.157595
2 853.359522 611.015333
2 850.418268 615.658842
2 858.067359 619.559308
2 857.351504 643.163369
2 850.318600 639.521488
2 835.521914 631.914579
2 831.556330 614.604932
2 850.077215 631.957816
2 856.027421 643.177058
2 852.373098 634.690302
2 851.245743 630.290808
2 836.293860 616.051164
2 837.884820 636.400251
2 853.265255 626.674026
2 848.812040 628.612968
2 850.192135 635.737483
2 854.054095 633.278565
2 849.995893 630.763458
2 846.559716 642.299393
2 834.979246 636.262926
2 855.763583 644.513919
2 846.730506 607.687930
2 856.436795 633.342058
2 852.717873 632.804110
2 842.090755 638.151091
2 850.444308 630.218780
2 850.868218 630.077384
2 841.498960 633.550477
2 831.691895 631.432495
1 787.288428 338.703234
