1 199.269705 173.437265
1 210.114308 186.948301
1 205.196307 190.114481
1 201.889364 166.244283
1 200.028815 178.904122
1 188.380839 167.329228
1 212.483211 172.490510
1 179.145205 192.423152
1 203.705688 176.662764
1 220.372450 167.082820
1 208.432975 176.476157
1 190.286978 163.249754
1 199.578806 182.418145
1 186.174945 200.079040
1 180.475691 186.882647
1 196.939850 198.505773
1 199.999612 180.015226
1 196.346362 175.409721
1 193.785615 175.874331
1 201.650211 166.035300
1 198.891638 173.225857
1 180.544847 186.930235
1 186.504118 179.103378
1 180.106523 173.681083
1 212.387992 187.255458
1 181.902077 174.280506
1 205.334414 178.161422
1 179.717881 187.837870
1 207.066242 193.777773
1 214.856571 170.711981
1 202.955266 172.699582
1 184.536981 177.049929
1 184.258736 186.863044
1 201.516642 175.161366
1 204.039642 182.773306
1 209.057956 178.535843
1 198.418725 169.288476
2 147.719864 139.178096
2 294.372177 189.389279
2 247.747488 300.629079
2 123.511157 300.565481
2 304.332227 62.381701
2 240.868928 171.431778
2 158.408097 123.982872
2 238.095347 173.144910
2 317.447416 179.969107
2 89.577762 289.336909
2 225.903249 289.597707
2 18.138077 109.929903
2 129.998060 280.385958
2 198.110545 10.437739
2 246.814734 268.601933
2 114.672760 10.294318
2 140.521718 239.398896
2 24.569977 251.627972
2 87.105782 18.602916
2 203.383335 10.801702
1 218.654510 195.556457
1 150.815529 198.039325
1 149.950050 228.276998
2 34.102139 190.118295
1 149.230681 187.637748
1 248.710255 196.129464
1 204.585921 184.364619
2 126.705787 139.028831
1 242.800660 202.988429
1 214.886733 170.638986
1 193.855541 181.149659
1 133.399714 140.866897
1 205.137527 142.310770
1 162.067037 195.400111
2 5.025796 194.957759
1 264.612666 205.145382
1 200.085469 170.289273
1 195.217468 155.699179
1 192.301029 154.094645
1 126.080227 141.565602
2 215.055720 182.684563
2 322.271002 183.815627
1 241.417764 143.657633
1 225.082564 198.010778
2 51.266689 156.954485
1 191.271761 208.966488
1 203.804317 203.714335
1 180.709068 165.180972
1 195.705853 171.945425
1 178.807689 155.990886
1 215.249222 194.717770
1 275.142490 122.350174
1 215.120685 200.733184
2 231.106920 309.449671
1 202.451864 225.094327
1 286.230568 145.077765
1 209.552925 199.348891
1 178.069047 178.080958
1 206.245823 222.296226
1 217.161420 127.109521
1 147.140800 183.249803
2 186.214736 142.239636
1 216.260039 201.157125
2 128.792760 117.337407
2 240.739339 175.119260
2 61.243249 21.213670
1 142.715794 157.395963
1 167.055180 171.795875
1 236.058277 151.411098
1 163.928091 196.023236
1 231.497170 189.138962
1 182.932073 146.758638
1 195.639334 212.560229
1 205.829594 209.693574
1 194.345664 186.242593
2 264.661206 182.402476
1 255.942372 141.826152
1 183.891250 172.298534
2 205.239209 125.529538
1 197.251674 177.077181
1 170.527713 221.067895
1 186.985833 204.535130
1 217.694699 212.384539
1 153.957427 192.321746
2 277.987550 200.733080
1 197.650450 201.294835
1 218.179177 183.652533
1 121.706080 216.673762
1 241.908775 129.901637
2 293.174282 97.937718
1 185.320003 201.836567
2 261.386808 278.022252
1 186.755604 132.518303
1 206.297006 225.187013
2 146.160077 160.573390
1 233.289540 186.616804
1 230.602032 177.370970
2 264.511121 244.265337
1 185.839902 207.806418
2 279.600352 148.511909
1 206.060923 168.075131
1 177.257944 185.968613
1 163.773183 251.150134
1 218.110954 161.552393
1 214.397427 99.902721
1 180.238304 152.923226
2 138.957438 176.226327
1 215.546022 207.869042
1 276.289624 160.250588
1 176.918034 188.807886
2 118.381011 173.321289
2 166.639418 161.677390
1 186.322450 175.802845
1 181.994218 196.056902
1 271.899570 187.521411
2 158.773337 108.578574
2 32.617553 168.338609
2 81.946982 132.050988
1 131.163297 167.234197
2 257.191634 244.964042
2 253.802074 284.024055
2 174.163118 110.880013
1 152.450515 127.394085
1 201.248456 185.531999
1 184.350292 169.577459
2 181.798646 220.505525
1 225.758545 153.765669
2 197.162402 97.245351
1 216.547071 188.131043
1 157.783859 187.161196
1 190.195682 191.350986
2 248.507448 302.834219
2 276.141789 216.123866
1 235.671629 122.411781
2 90.880770 203.776951
2 163.268862 201.520522
1 211.281513 193.329617
1 178.708211 201.054103
1 232.975340 218.068455
1 186.564676 162.714147
1 177.661424 56.593399
1 204.509443 82.391155
1 231.497170 189.138962
2 81.295731 121.261721
1 191.589098 216.545876
1 154.482092 260.110525
1 179.991007 190.066665
1 233.819296 215.328962
1 205.507203 229.706742
1 162.191140 167.180529
1 172.457971 195.775578
2 199.857208 170.647815
2 266.363240 321.076096
2 144.344880 178.823242
1 217.694699 212.384539
1 130.806472 58.013841
1 225.128874 227.833325
2 154.335835 149.943454
1 197.832252 164.369456
1 270.545711 123.024151
1 214.196794 236.936389
2 263.430420 266.667528
2 246.670511 286.102574
1 194.649030 213.612119
2 309.582264 106.811839
2 143.636272 83.105502
2 170.363219 165.397564
1 168.884823 132.276967
1 231.652653 200.244281
2 190.421092 151.740030
1 184.223427 142.475107
1 170.147296 187.428886
1 259.141315 223.376033
2 207.818739 106.573922
1 202.365166 179.069264
1 182.981928 136.727603
2 159.915808 202.028195
1 146.910448 201.195779
1 191.554268 218.974744
2 245.684230 329.758562
1 262.826024 210.368026
1 221.022690 242.879556
2 182.813243 156.879413
2 120.253013 184.139045
1 215.969139 157.656934
1 178.069309 176.783211
1 214.477226 142.513903
2 215.634928 189.886324
2 297.288775 182.889803
1 171.442387 164.944570
1 193.819159 213.090691
1 251.037147 126.163153
1 264.325876 185.565496
1 199.748278 163.458469
1 194.137032 204.736759
1 163.390821 200.743353
1 135.431746 117.244626
2 244.887127 296.962723
2 229.719418 185.125033
1 121.862928 162.524633
2 199.078563 240.718182
1 142.834337 197.809465
2 207.186428 196.782080
1 240.089420 175.433857
2 135.266248 142.990177
2 275.245267 193.411184
1 159.121276 88.299661
1 214.291868 177.134841
2 41.969521 143.578913
1 235.404132 131.979598
1 170.529397 172.323100
2 204.201810 152.314711
1 158.284798 172.108280
1 204.788114 185.301773
1 183.083830 177.555712
2 300.030945 114.196057
2 311.204555 157.814897
1 146.607787 267.382168
1 252.536917 198.139400
2 258.275595 142.939469
2 197.025062 132.994335
2 188.705110 211.570062
1 130.834972 96.876462
2 140.838919 213.942256
1 160.749709 148.831139
2 191.631323 34.352631
1 157.079663 238.311246
2 180.769461 179.150883
2 173.577837 222.060804
1 205.856820 191.953464
1 160.851597 150.320295
2 230.096976 199.743305
1 148.217651 214.306522
1 149.625766 184.536350
2 176.141548 254.573571
1 195.110779 218.460368
1 130.601354 111.750071
2 247.487092 88.830025
1 123.634913 192.822591
2 241.691957 286.742604
2 133.898820 227.412786
2 83.854941 227.996619
2 132.944557 202.194216
1 253.518439 197.887906
1 198.941881 176.150100
1 249.025201 201.054066
1 254.098723 184.036540
1 178.705997 146.472497
2 213.059063 184.713530
1 200.060816 167.231111
2 101.878147 235.089070
1 239.138655 183.068210
2 166.769539 174.140979
2 149.404349 190.980891
1 238.940308 165.437619
2 86.900695 24.079313
1 102.171548 155.081184
2 155.661491 146.810924
1 208.586773 185.315800
1 192.028736 205.747327
1 244.912488 165.881607
1 160.796365 203.494949
2 144.809456 234.384645
2 178.181745 62.419561
2 174.013290 181.443741
2 225.125198 193.546741
1 162.784102 198.692847
2 118.278696 243.056008
2 129.597833 173.349173
2 125.664782 178.036284
1 269.726639 165.157714
1 199.790716 170.638100
2 213.619946 272.999365
1 278.353667 181.922568
2 220.391270 269.909033
1 128.102717 289.783716
2 196.227018 215.369103
2 140.233745 176.856948
1 206.660878 195.591807
2 7.171146 265.418080
1 202.160027 150.254220
1 203.826257 260.013595
2 160.867504 153.096214
1 168.214113 194.008763
1 199.626868 192.436555
1 166.750565 156.792458
1 152.920883 221.824593
2 193.671109 217.889537
2 188.959832 159.077669
1 229.138755 150.126285
2 167.012065 166.438913
1 168.447257 195.009942
2 160.566254 209.854887
2 235.529445 188.527182
1 201.820513 180.690479
1 206.389153 212.674524
2 131.635648 181.785588
2 197.620684 268.338036
1 200.194111 204.432535
2 197.233412 157.065847
2 188.354668 248.688907
1 225.879596 205.037947
1 307.894207 211.359650
2 184.867034 197.562442
1 250.104536 161.372861
2 297.868439 155.340323
1 185.983434 186.982394
2 149.402798 191.867929
2 210.639520 220.582020
1 258.339142 199.557263
1 166.820013 201.100872
2 206.202458 124.424951
2 150.041994 99.970275
1 203.521149 181.038500
1 208.283878 206.448412
2 166.564386 253.850978
1 165.952029 163.140455
2 182.347318 237.107142
1 195.822450 251.898181
2 134.836971 171.388022
2 3.892948 126.300886
1 121.607776 115.435351
2 228.323011 261.890068
1 241.547487 130.105077
2 215.447194 158.440028
2 168.482739 158.114571
2 180.690484 192.784669
2 189.107289 217.244821
2 283.042044 154.436303
1 199.484680 193.562546
2 247.937136 201.647733
1 201.936576 192.363422
1 268.664894 116.675844
2 206.848762 263.907734
1 194.376334 136.750224
2 196.888751 106.800765
1 192.164962 167.277829
2 172.292276 119.589773
1 314.498001 121.354653
2 232.529402 300.815967
1 240.430244 228.212933
1 116.264842 110.261348
2 70.484687 111.879674
2 151.602249 179.472321
2 206.140458 121.672401
1 169.255985 156.775729
1 173.763128 163.154666
2 129.202805 209.894864
1 105.545268 91.347407
2 161.222212 197.578489
1 233.566022 181.571118
1 223.066405 123.914758
1 128.633186 186.446178
1 121.894469 159.654567
1 126.860556 145.945251
2 131.616463 248.665131
2 181.895443 169.523085
1 180.527761 158.452663
2 171.244360 543.570455
2 20.994490 632.140718
2 153.389716 641.988353
2 197.668517 576.454287
2 176.469311 624.306723
2 142.015951 484.013842
2 162.585077 510.800457
2 28.754951 434.886062
2 258.849622 571.780342
2 28.433730 395.907137
2 285.577834 399.682199
2 243.642724 359.433039
2 206.003233 444.655875
2 119.399959 429.388510
2 134.954239 645.637362
2 99.191083 646.504344
2 207.408084 475.388057
2 175.878546 664.310229
2 192.594035 649.343995
2 325.048047 622.152126
2 303.635855 655.854180
2 122.392454 613.487138
2 39.075613 602.023898
2 219.941254 447.864037
1 304.665411 662.470053
2 182.143446 655.399771
2 232.064178 659.078236
2 330.908424 640.182305
2 327.676816 638.394706
2 249.519097 578.340720
2 247.345078 593.427896
2 11.120003 408.242806
2 324.887257 645.104413
2 197.061573 653.278811
2 245.808931 626.639007
2 247.517970 600.347605
2 268.503017 607.196103
2 137.173637 654.688811
2 93.533384 650.167765
2 152.886774 622.974230
2 236.877837 341.250787
1 126.746203 786.033927
1 143.108860 781.374177
1 154.390032 786.035741
1 145.163527 789.729331
1 142.908453 785.024548
1 147.016255 764.763246
1 140.785421 784.378476
1 149.145823 789.074265
1 164.059055 789.500816
1 129.883861 767.236260
1 162.035259 791.309183
1 143.341848 761.361544
1 157.305392 776.514772
1 148.994945 781.462857
1 139.604911 775.162807
1 139.669431 765.674780
1 161.454364 774.691989
1 145.115120 801.068668
1 147.551750 782.847987
1 144.572743 765.796607
1 165.210033 792.478869
1 145.398130 795.977175
1 137.038868 779.913534
1 148.886593 775.785309
1 154.683136 787.143884
1 141.519321 797.625571
1 172.323697 786.749599
1 143.634279 768.792677
1 171.706840 790.920699
1 150.302771 764.452877
1 165.169143 762.646692
1 139.070384 777.583477
1 131.403224 778.324781
1 142.264031 791.512781
1 144.954823 801.106475
2 45.445622 846.788738
2 314.745031 695.223919
2 179.601668 815.345060
2 235.255087 804.442660
2 304.534268 779.614386
2 226.630879 780.766078
2 168.179667 893.592700
2 155.089063 886.894080
2 95.990597 827.499648
2 100.781039 780.964956
2 251.927141 815.949635
2 109.632884 844.386862
2 54.460575 712.218472
2 132.847880 719.890740
2 92.891069 894.358573
2 78.445487 880.182434
2 292.569065 875.351900
2 112.478299 709.881968
2 102.211321 833.770725
1 149.154103 798.082174
2 222.179538 679.717794
1 172.489231 772.641831
1 150.823787 783.625980
1 100.096814 830.547100
1 151.976296 810.783663
1 92.194869 824.810871
1 167.383102 758.915842
1 136.473982 799.566752
1 116.808793 803.092493
1 158.749642 741.507056
2 231.705017 812.340939
2 223.374027 800.823314
2 106.988199 827.926232
1 127.118092 759.633516
1 141.349997 738.086569
2 147.895923 684.752882
1 114.777777 772.380009
2 22.880685 801.468533
1 147.452279 747.519044
1 118.430784 795.992032
1 131.522650 690.090636
2 85.296210 751.155278
2 28.565775 880.725905
1 102.263658 786.400220
2 92.239818 883.569306
1 70.893095 798.174200
1 157.623325 793.103493
2 276.437599 672.586491
2 41.959885 898.717949
1 135.515712 774.201367
1 182.359125 802.986858
1 95.823790 769.458761
1 135.781336 773.915522
1 164.812741 773.392832
1 107.249461 692.519354
1 159.963186 784.663298
2 239.364904 682.620661
2 331.691766 713.121119
1 96.492362 800.589743
1 170.634302 727.969622
2 230.103553 812.162999
1 128.936938 802.161683
1 87.987307 788.643428
1 159.202178 784.915390
1 194.114799 790.073823
1 86.993460 801.922686
1 163.894347 789.026053
1 119.066707 756.946349
1 184.536218 786.512788
1 167.289457 835.508854
1 142.150131 791.656552
1 154.722978 811.208041
2 214.095864 829.304373
1 178.672621 755.981446
2 229.357590 707.502813
1 151.890039 763.535128
2 75.222741 852.472396
2 116.155804 850.473269
1 103.967975 704.712878
1 169.183303 772.714895
1 80.433044 820.786494
1 118.755941 810.296704
2 265.412715 698.722505
2 199.550729 812.612100
2 293.834902 680.151761
1 164.988234 816.894822
1 163.889818 806.929514
1 169.038198 788.497229
2 297.707645 859.736835
1 146.224322 729.136181
1 153.912501 781.704389
2 210.206023 828.444586
1 161.667503 702.975956
2 95.172770 846.050435
1 82.168540 742.877371
2 123.496114 817.408554
1 120.779773 795.745368
2 113.930263 672.663196
2 233.489248 720.574650
1 128.212913 745.506543
1 111.947731 764.152203
1 156.566246 778.256437
2 112.170124 852.592636
2 117.494492 862.061988
2 91.753853 744.292334
1 86.988708 820.318994
2 325.947934 831.867166
1 140.586453 798.258468
1 118.673630 696.453920
1 215.028028 802.385682
1 158.515522 764.111016
1 103.932370 818.732477
1 128.052867 791.152622
1 162.254872 794.822779
2 205.770174 884.744785
2 291.231845 850.866287
1 90.438765 731.471196
2 13.420253 852.309974
2 103.166292 805.023074
1 138.148910 833.014847
2 118.984243 818.599267
1 114.777249 765.426164
2 128.363261 676.654045
2 42.653506 888.288739
1 111.901356 802.398222
2 283.096950 715.284771
1 176.782771 811.572279
1 149.187454 810.876100
1 102.981783 729.488436
1 184.087150 745.973940
1 122.161522 796.669710
2 310.440983 851.837736
1 132.240441 797.671928
1 140.747533 794.151845
1 175.043797 747.467572
1 124.051927 813.167570
1 71.780366 802.271923
2 317.332330 702.685768
1 65.760777 817.848275
1 147.973906 806.862019
2 73.809913 854.412536
2 301.125048 767.360933
1 118.700961 822.393871
1 130.905389 752.004778
1 137.561258 799.087767
1 177.176877 788.822217
1 104.201123 832.783479
1 158.474812 804.235953
1 138.380175 799.158993
2 189.002555 794.331092
1 138.822194 736.107618
1 154.429638 735.356233
2 134.926495 835.966459
2 306.741977 667.756843
2 212.224828 814.175061
2 93.042751 799.816808
2 54.477177 694.580047
2 200.116144 818.315007
2 254.706759 823.512885
1 166.738932 773.423374
1 73.177958 726.059986
2 237.911209 842.587649
2 134.103613 801.292504
2 32.067669 858.683208
1 108.664197 769.544978
1 127.930568 750.312769
1 86.763462 801.654936
1 137.200352 728.862627
1 225.243071 803.604243
2 80.818852 742.033820
1 147.180548 754.756805
2 26.707765 802.882920
2 224.949532 871.386172
2 175.803819 812.026408
1 63.432518 819.292704
1 110.232655 750.492687
2 349.778605 9.205542
2 581.120796 112.089809
2 429.921659 60.700783
2 442.269964 137.611678
2 578.546029 74.844074
2 463.885595 159.578450
2 608.180601 176.614387
2 581.659812 104.667085
2 584.759719 8.514276
2 530.761359 200.478255
2 623.500289 78.874461
2 334.950622 271.238755
2 444.498006 305.325461
2 571.288115 214.680961
2 459.060437 293.612571
2 359.813910 171.591458
2 601.685355 264.385195
2 444.920508 70.586053
2 452.020375 304.084148
2 546.823395 14.886970
2 555.040559 14.494438
2 347.483967 213.903478
2 404.593855 61.889069
1 382.260213 656.654334
1 414.979481 651.653271
1 403.504982 652.571265
1 390.688447 647.845610
1 405.143784 645.741016
1 399.545928 650.646476
1 408.363581 655.378863
1 407.056579 652.214464
1 387.102474 631.882672
1 385.087245 644.224714
1 412.893603 637.657770
1 408.893194 651.784645
1 400.441090 649.314884
1 397.339133 647.323642
1 400.506485 650.383943
1 395.364842 649.921690
1 398.053061 653.189044
1 398.752565 649.912308
1 397.250624 649.699913
1 380.873523 652.353149
1 380.384746 651.717041
1 408.039858 649.382839
1 394.418308 649.889421
1 394.377634 647.022654
1 394.835188 662.032331
1 402.283887 655.352194
1 414.147286 642.437744
1 412.439738 656.811921
1 402.351592 650.678890
1 393.106662 639.004447
2 455.653924 403.258451
2 363.487086 575.203866
2 407.654692 539.267475
2 422.263068 585.874800
2 569.053141 516.305782
2 472.503920 468.156992
2 638.136057 382.283967
2 337.238754 627.361551
2 421.769390 657.734760
2 567.767176 623.068481
2 531.947152 538.399774
2 414.301767 487.742486
2 439.302773 543.991638
2 622.657885 589.764738
2 624.977644 549.091301
2 418.523773 349.099599
2 356.809001 521.837604
1 403.368690 635.382387
1 421.297290 663.013673
2 366.170303 588.268218
1 443.097624 660.431012
2 381.227730 520.264077
1 410.616233 642.140185
2 554.367258 554.414315
1 384.056422 610.257612
1 402.138225 609.965131
1 390.597992 616.644194
1 434.868785 592.211195
1 454.908878 641.283648
1 411.809247 635.361498
1 435.831669 628.537485
2 473.870572 528.221522
1 417.606844 609.201438
2 501.202276 557.246773
1 421.924890 635.880052
2 392.781567 590.754157
1 399.163523 646.699150
2 354.510718 539.330934
2 544.693359 546.477522
1 435.962541 631.469003
2 394.896251 615.531382
2 391.604568 550.486116
2 416.607412 539.713076
1 417.320535 613.449379
1 429.111180 650.595255
2 396.165370 599.635146
1 417.349253 613.473064
1 403.010782 637.726960
2 491.263830 607.844882
2 444.376195 575.720685
1 427.897928 654.225020
1 410.163912 659.495404
2 479.105437 584.643428
1 382.994070 627.414292
1 383.264250 655.092429
2 443.279321 555.384975
1 437.499295 643.600295
1 416.390393 618.140047
1 446.964802 621.085700
2 449.408841 620.562487
2 395.516216 624.856221
1 403.252615 626.303848
2 524.311155 595.464392
1 375.828542 659.917863
2 428.068440 597.749324
2 406.111669 584.290396
1 408.557807 610.642144
1 393.676204 570.410446
1 378.674271 632.749849
1 423.252008 614.142174
1 436.177058 644.054968
1 434.011707 657.726110
2 438.025206 541.375904
1 407.833727 627.243348
1 419.496931 636.498510
1 452.685175 619.186791
1 446.246387 642.608511
1 436.525063 645.233869
1 367.365647 616.644800
2 359.991304 599.837716
1 416.539324 649.743546
1 467.237311 610.974398
1 378.986774 662.137583
1 406.119911 646.207606
2 530.619254 607.248485
1 464.858739 656.346829
1 400.327257 624.623939
1 393.309738 650.140488
2 414.321633 565.102223
2 530.992278 622.070713
2 399.537395 631.401859
2 458.757286 620.787527
2 427.493838 611.861733
1 408.541785 646.976059
2 463.705425 640.927610
2 345.232536 634.061780
1 341.574591 666.656818
1 465.557404 631.010273
2 386.795248 626.512558
1 406.763871 630.895282
1 405.122052 640.786831
2 414.486737 565.839455
1 401.545615 625.113808
2 414.995052 626.642878
1 430.935700 609.087066
1 414.408191 610.568442
2 495.025865 599.474323
1 458.229389 646.159689
1 392.686779 658.327222
2 352.412411 621.470144
2 405.752234 556.401864
1 385.506136 646.187579
2 373.097215 642.364661
2 532.724558 541.766237
1 411.336414 619.989396
2 474.200767 626.711579
1 373.844236 614.767546
1 391.345320 617.238951
1 398.931132 656.092290
2 483.160570 558.743395
1 372.233715 640.208519
1 407.335538 630.725228
1 362.389461 656.981693
1 384.022776 652.420587
1 400.856372 572.941031
2 365.451539 518.942040
1 380.826745 551.239094
1 418.832730 632.714471
1 370.689472 599.728702
1 406.647990 648.057056
2 451.022462 619.467721
2 388.722374 624.740963
1 417.344950 604.690050
2 342.563855 556.417605
1 416.868190 658.961964
1 395.582118 660.839324
1 436.169839 625.897127
1 404.721466 634.008977
1 363.780621 651.422176
1 460.284809 649.573790
2 533.178836 653.793061
1 433.183398 642.049071
1 405.624396 643.742093
1 426.467280 615.467102
1 456.799778 620.347222
1 348.523381 643.587078
1 434.415137 662.239624
1 426.263265 581.912894
1 430.581134 578.154686
1 404.303092 660.072365
1 406.025633 656.371637
1 410.506364 637.720360
1 362.330738 630.382605
1 376.061590 605.868511
2 434.408428 619.985148
1 415.164921 650.595843
1 445.598120 662.965236
1 418.629812 650.371486
2 413.029318 644.213561
2 366.733712 645.854234
2 664.381312 359.426461
2 378.459950 556.683561
2 424.540428 665.059047
2 427.592639 359.277151
1 386.618943 638.376670
1 407.114354 660.458540
1 442.306888 594.471918
2 336.667266 644.538023
2 361.713001 635.763967
1 434.318354 615.896162
1 436.462730 586.555641
1 374.194585 636.548433
1 412.902371 604.890861
2 367.735835 612.721242
1 368.359767 660.167382
2 418.014089 625.843252
1 371.367431 653.734213
1 346.571611 598.796373
2 432.980956 608.016998
2 336.884253 634.771663
1 416.073672 597.806690
2 409.700949 551.716574
2 357.516827 605.590974
1 365.435881 561.481171
2 360.865112 614.706002
1 385.049727 604.972586
2 521.600726 566.554994
2 398.725484 573.310341
2 398.180198 589.353644
2 496.121540 587.115477
2 383.173040 614.651802
1 352.788566 634.711743
2 370.601818 625.843097
1 423.654272 634.772901
1 394.404554 630.521062
1 413.298144 659.319849
2 435.177729 616.887406
2 425.875247 571.999195
2 448.755762 570.475619
1 436.086853 615.899531
1 592.269184 788.914880
1 569.833038 799.846903
1 572.212885 807.626350
1 569.393378 799.362321
1 575.479506 794.895237
1 550.314057 812.352350
1 564.241788 810.020203
1 577.599504 805.651019
1 574.622168 791.722488
1 564.053403 790.297419
1 553.192257 793.616418
1 549.161840 788.600295
1 576.378288 808.759825
1 569.200985 800.474026
1 576.727973 810.336564
1 553.858209 800.021254
1 559.810518 804.961297
1 548.627846 793.185977
1 562.278597 797.613960
1 571.998115 799.433039
1 566.964520 801.578735
1 574.470780 783.193272
1 570.978102 799.174940
1 592.906930 809.881322
1 575.887485 815.058752
1 574.647485 814.706093
1 562.839817 799.521881
1 555.859829 792.941726
1 582.643007 781.605743
1 586.486928 795.935543
1 571.754810 812.072489
1 569.199946 795.767835
1 590.387599 797.733528
1 580.041311 806.092403
1 567.753650 797.303679
1 561.438024 797.509067
2 577.914558 714.854242
2 436.675419 920.930438
2 601.527925 716.441812
2 373.322691 854.021838
2 574.700117 858.400583
2 610.104511 840.210379
2 659.645040 947.878012
2 526.803464 864.987154
2 486.398273 802.952947
2 349.544459 746.803773
2 381.538185 894.107693
2 339.589366 723.918474
2 412.598899 810.795338
2 382.367949 691.752045
2 448.318685 952.522040
2 503.259611 871.763370
2 650.792042 795.792364
2 520.087113 997.883590
2 496.779949 667.697406
2 646.125732 813.346760
2 648.836860 787.895538
2 542.324607 680.102779
2 622.243191 962.189270
2 430.984447 864.594218
2 583.814646 844.751735
2 616.138961 886.174952
1 580.967595 813.486627
1 597.680663 817.623662
1 537.631071 797.204055
1 421.535020 693.883766
1 592.016643 788.621577
1 596.669740 801.770129
1 434.005507 681.696430
1 587.681935 752.117705
1 579.287353 818.323977
1 377.810598 685.498355
1 554.514886 824.913089
2 548.204777 669.854317
1 584.113991 790.595521
2 425.669252 886.383953
1 522.943016 754.481716
1 597.366068 816.390725
1 616.074097 740.922201
1 563.320330 807.553046
1 622.957281 726.761824
2 599.329133 816.371439
1 591.873306 782.117175
1 551.791862 769.621751
2 576.629276 690.520283
2 401.222462 826.023805
2 457.506957 750.254654
2 565.359867 862.588771
1 600.533194 749.017896
1 382.182167 673.036512
2 490.742713 889.583611
2 376.674185 843.807013
1 618.697982 806.700914
1 543.319366 812.417218
1 605.578011 810.607046
2 614.425477 680.413249
1 555.731080 819.393108
1 420.133427 666.773718
2 501.791736 900.515482
2 522.313832 871.876936
2 507.510625 891.007463
1 612.862007 832.226709
1 419.371404 671.125873
2 341.647861 723.967037
1 533.454910 818.353116
2 520.941308 878.757591
1 424.473316 677.553049
1 548.220642 800.434259
1 385.037815 693.737835
1 462.092092 669.949200
1 574.589141 786.931724
1 555.473067 819.675729
1 575.224810 789.955983
1 580.724108 771.262999
1 579.106416 807.983040
1 588.101494 791.443922
1 634.989959 697.049397
1 573.839526 813.577657
1 582.889768 837.688639
2 636.671439 864.441594
1 376.021893 686.542886
1 566.605379 786.432438
1 619.148947 769.464913
1 540.858087 804.846933
1 595.757771 838.370139
1 629.013898 793.584477
1 586.409766 801.739843
1 598.274466 868.601245
2 365.110716 748.176186
2 414.526695 715.261404
1 573.178217 856.495329
2 546.569109 914.418007
2 356.592061 765.676421
1 567.765656 778.379473
2 590.238889 820.450670
2 517.932942 668.727461
2 524.000941 849.787631
1 559.245292 745.134395
2 647.492977 779.966123
2 519.992297 728.566358
2 493.071072 676.602577
1 392.412175 712.832271
1 610.938751 784.279199
1 575.232301 775.452059
2 490.343089 896.621853
1 580.074180 851.406436
1 567.282068 773.867993
1 434.319240 679.654864
1 419.958143 673.503110
1 527.466053 803.362312
1 435.616591 682.738485
2 509.660811 882.881117
2 382.493947 667.466450
1 550.373336 829.544222
1 565.907234 790.439573
1 567.574180 838.682459
1 574.652614 765.667279
1 416.255618 694.861625
1 608.373429 790.094740
1 543.427101 774.601554
2 582.137804 704.844650
1 360.081538 705.907249
2 562.283446 733.082895
2 381.631503 818.349997
2 432.460511 714.305037
1 404.934693 674.161565
2 378.527822 875.388398
1 450.533463 685.414816
1 570.217235 807.343502
1 576.297928 797.220921
1 394.366992 688.478759
1 570.815273 778.968760
1 552.838612 786.802869
2 413.132988 684.249915
1 449.148180 709.036490
1 558.105394 792.026818
1 656.612385 855.239648
1 567.728389 771.774925
2 515.385001 839.574647
1 506.754727 788.245438
1 552.686556 785.957205
2 379.785143 690.246408
1 491.284796 823.128673
2 519.242451 860.082276
2 431.005665 705.443243
1 576.881374 798.531908
2 367.470881 954.228881
1 561.755107 739.717012
2 541.880086 903.620649
1 560.070908 807.329027
2 533.423401 866.288985
2 565.343079 704.112935
1 389.606989 673.750247
1 582.265064 817.570940
1 425.458366 670.334665
1 544.085865 776.652060
1 425.296050 683.043181
2 353.280971 758.643123
1 412.295040 684.910495
1 606.306304 785.382860
1 536.809998 756.746952
1 393.507003 668.732118
1 596.733673 785.583176
1 404.959053 724.428966
1 548.637607 776.941522
2 432.258809 906.532689
1 441.813762 669.254901
1 611.879709 820.467199
1 576.069149 809.481666
2 553.590557 862.965998
1 581.343379 754.845218
1 613.503799 801.050037
2 408.421506 693.585854
1 590.123456 800.329077
1 632.848752 848.335586
1 512.150314 839.511900
1 574.683012 814.691060
1 387.236672 687.468769
2 643.669564 764.078114
1 572.946961 823.542265
1 598.333866 782.985214
1 568.214693 817.431283
2 445.133318 876.125994
1 424.378132 682.494010
2 551.680653 702.495002
2 517.392230 907.563460
1 568.287290 756.601136
1 362.156085 667.200965
2 536.811555 844.855713
2 564.337595 821.164646
1 570.940098 882.144727
2 359.071834 735.255203
2 383.925243 756.526725
2 645.047673 798.634411
2 442.990430 935.415622
2 485.909920 842.499562
1 525.895051 827.433708
1 547.429372 814.689713
1 530.722369 796.613879
1 374.445530 687.387905
1 542.349600 792.325025
1 556.451692 794.659055
2 502.547425 862.836865
2 426.205555 685.386170
1 595.098008 807.604735
1 538.903979 771.899829
2 510.277812 861.478508
2 460.885946 891.839337
1 362.243423 705.197324
1 569.879327 802.785583
1 454.617502 668.033987
1 448.595757 696.376639
1 509.216264 769.095882
1 583.664375 807.588415
1 402.429381 699.272960
1 572.980793 754.882913
1 399.781718 682.738550
2 495.318925 866.943475
1 564.649050 853.048652
1 608.303568 827.211773
1 562.596645 787.023192
1 599.345573 841.244419
1 604.599422 841.480277
1 377.985796 695.857874
1 542.754965 845.803552
2 537.395875 713.682756
1 382.601703 667.036270
1 551.540985 847.308474
1 392.528978 735.762165
1 542.055991 856.280397
1 570.986416 738.964799
2 561.292324 715.810907
1 611.004027 787.325853
1 598.902831 858.652495
2 381.280890 703.139780
2 519.292802 865.270893
1 535.680600 781.618431
1 557.687956 828.284127
2 551.450135 871.435616
2 572.694150 757.286274
1 609.114491 791.770420
1 499.278870 773.454287
1 633.031870 777.919067
1 440.255845 679.378176
2 466.681341 788.940306
1 366.792480 669.548014
1 403.007936 714.652999
1 546.452112 786.933922
2 391.654120 688.081408
1 409.580089 716.815619
1 395.511438 714.410034
1 543.005414 780.811682
2 481.358387 877.140367
1 563.790053 829.979276
1 593.575036 818.545543
2 509.449582 872.523968
1 532.534593 832.152273
2 356.043788 667.144888
2 636.910676 806.073672
2 545.748841 744.874689
1 615.348461 775.789011
2 543.947329 689.930074
2 502.665105 726.373189
2 514.113406 894.935060
2 455.661109 746.602362
1 546.164256 761.494803
1 646.772781 763.804564
1 446.345539 691.004311
1 561.526151 809.649331
2 539.668294 775.338445
1 623.576442 832.632025
2 577.252585 705.346421
1 662.206081 835.511747
2 359.958603 867.487559
1 812.226200 290.236725
1 824.995430 303.209579
1 814.043604 287.613507
1 833.030645 316.684872
1 831.667684 295.476292
1 814.058431 301.075981
1 834.044190 283.999700
1 827.473053 308.571495
1 819.691371 300.488439
1 835.591285 300.783414
1 807.626186 302.934711
1 820.155986 304.158386
1 822.841290 275.549347
1 802.061386 300.942897
1 818.328382 301.953430
1 830.789986 321.305360
1 821.461269 298.275657
1 837.939457 290.559085
1 809.734327 290.916042
1 799.208382 306.913418
1 827.960425 295.295719
1 822.190965 301.146311
1 828.619228 297.276916
1 824.871657 302.618242
1 818.187449 299.010597
1 822.031434 305.360813
1 822.383471 302.747937
1 809.235061 314.367895
1 838.150705 307.822859
1 833.266366 306.872088
1 825.397005 287.726416
1 824.072163 310.451970
1 820.862003 300.408726
1 818.762404 303.936763
1 812.497967 279.106009
1 829.669497 290.198884
1 832.419664 315.356267
1 820.978513 300.690964
1 843.686914 295.652230
2 666.798979 177.648918
2 893.464066 245.978228
2 755.215109 262.818065
2 967.740334 176.295514
2 896.554048 172.220755
2 882.950573 98.002196
2 919.808063 177.226763
2 777.515608 169.121337
2 830.285743 135.188482
2 995.768737 265.352777
2 801.264136 178.192910
2 900.574006 251.836751
2 792.672124 105.940476
2 786.455709 275.805450
2 909.989381 231.012482
2 721.232896 113.150164
2 850.339335 302.945682
2 700.217118 149.705557
2 725.838965 321.164163
2 826.266588 220.737925
2 746.763665 98.818846
2 998.183651 278.084384
2 992.212422 18.595498
2 961.750529 170.609145
2 747.794707 283.159653
2 743.638688 290.934731
1 828.390834 262.487027
2 903.926195 180.648047
2 817.204859 297.647732
1 806.764757 316.885664
1 806.237297 301.752003
1 810.549000 289.782236
1 791.896271 267.095839
1 831.102476 272.425366
1 851.718446 302.150616
1 836.275020 309.447974
1 801.072281 285.960849
1 856.746375 326.270538
1 827.652863 303.698429
1 806.986645 303.264508
2 740.736642 306.948613
1 811.810195 319.159751
1 825.828530 273.004371
2 864.786827 234.597312
1 841.444374 298.858128
1 825.027004 288.910290
1 797.378821 315.648781
1 838.664806 287.245709
1 844.303684 298.246217
1 814.078010 300.746345
1 808.217172 333.009477
1 827.276157 307.239390
2 925.454182 230.769172
2 919.123852 243.589926
1 820.630229 333.028064
1 856.250413 325.592746
2 750.787658 317.878291
2 827.384578 284.128302
1 844.522619 282.313587
1 788.560333 287.015082
2 985.995445 205.766204
1 805.188141 319.742181
1 840.824747 279.065309
1 874.418359 306.811473
2 740.874933 303.634465
1 849.790712 330.135225
1 825.842618 280.543415
2 725.625488 316.405850
1 866.846069 244.942237
1 816.589318 320.072797
1 845.193113 316.181238
1 835.087973 274.525012
1 812.700537 265.756781
1 801.470820 284.641173
1 861.134031 275.949739
1 844.142739 312.669509
1 819.385531 293.143151
1 798.211050 303.832761
2 811.876110 274.408673
1 827.341612 302.528973
1 830.664811 264.708598
1 795.647483 278.632164
1 822.422943 287.585445
2 812.241461 314.572380
1 825.289312 289.980352
2 746.446283 284.162875
2 773.943452 332.866568
1 825.007089 331.035505
1 820.519281 321.867145
1 831.928823 313.977805
2 818.362197 272.250466
1 782.065291 257.303109
2 775.362373 288.629325
2 938.606937 311.934582
2 878.581688 263.377671
1 807.907937 282.482847
2 818.807525 284.652502
2 796.788881 285.848691
1 836.031113 242.244046
1 775.592294 249.281180
2 803.672065 271.688314
2 923.709807 178.975981
1 780.047697 291.241886
1 834.782640 269.839888
2 798.050486 166.149405
2 819.916501 307.586070
1 792.924305 323.412314
1 808.316913 282.315212
1 830.068513 326.850445
1 836.862123 304.663613
1 811.863873 247.336110
1 810.034393 269.395561
1 865.534656 274.896349
1 815.653043 284.518987
2 900.841802 259.692483
2 843.019216 285.173986
2 856.856521 109.534655
1 828.066100 284.537574
2 871.560565 311.538944
1 772.223238 281.401376
2 719.925827 258.687619
1 824.038399 295.531975
1 847.058816 332.901504
1 840.683814 276.122476
2 742.065418 269.409965
2 776.654375 285.185517
1 838.141673 268.751047
1 865.010692 305.690765
1 839.924254 266.229239
2 772.544114 305.425401
2 853.758786 325.407383
1 785.916744 266.427626
1 864.283950 251.010647
1 825.428122 310.130599
1 770.612461 294.680627
2 952.018790 202.044730
1 870.697123 279.514745
1 812.360722 264.508740
1 864.221288 276.137815
1 808.215093 317.182679
2 828.548998 322.696483
1 824.070813 295.481695
2 863.226026 321.051830
2 952.609691 251.260154
1 777.339845 184.566422
1 831.086525 174.586152
1 790.482311 291.969608
1 881.487667 293.153369
1 827.587963 305.053544
1 762.024229 302.301212
2 820.704080 294.885682
1 900.024292 274.419241
2 947.665929 157.611837
1 814.645513 290.537251
1 804.912354 283.642674
2 849.000751 255.999221
1 785.786710 306.548337
2 762.176600 277.211573
1 797.652294 270.792202
1 780.572446 299.052943
1 834.138692 322.023635
2 716.478887 218.137784
1 817.929848 318.875926
1 858.889623 305.084374
2 912.617156 249.477353
1 808.386094 268.026838
1 899.742768 248.478891
1 833.634469 295.913939
1 849.482912 242.147996
1 876.167553 259.362130
2 788.810894 288.759135
2 750.100450 264.813988
2 870.421332 275.537434
1 850.273772 291.496920
2 836.008873 297.340341
1 800.569622 288.942728
1 834.249015 281.214645
1 813.302624 289.721984
1 798.041199 259.938422
1 850.585676 310.093371
1 763.846591 302.286044
2 863.197151 94.335323
1 863.936029 298.269801
1 822.988139 321.660132
1 850.507520 272.021444
1 844.289781 292.980264
1 810.756212 258.413434
1 834.030620 273.029067
1 826.740968 216.855543
2 828.695303 312.964531
1 833.704590 226.095928
1 865.859807 268.969351
1 860.033079 315.792289
1 844.567982 272.907229
2 807.540951 215.991019
1 810.678716 305.539350
1 809.279125 297.865761
2 747.605821 282.218733
1 819.721198 272.201227
1 832.980970 307.085902
2 894.774637 321.243353
1 814.804895 288.438899
2 917.787159 208.212104
1 823.786605 263.980514
1 850.718563 312.126442
1 812.652262 304.128637
2 788.836044 293.598012
2 774.238743 263.311822
2 830.852136 261.888419
2 746.931103 331.274630
1 865.432936 305.696496
2 778.395707 266.135683
1 821.965645 274.596929
1 813.285695 303.007274
2 834.209515 298.996714
1 799.861079 271.225647
1 851.316164 254.867109
1 856.253092 297.646447
1 819.884237 325.589210
1 865.432192 254.106568
2 834.795203 328.660092
1 834.781954 292.547535
1 784.843129 310.291050
2 996.905145 210.168761
2 914.040981 321.942595
1 819.967547 307.112717
1 828.744919 236.948241
1 788.884279 232.778430
2 811.923810 275.096984
1 866.020032 170.069324
1 777.296321 316.547617
1 827.507442 285.981708
1 831.692805 307.355235
2 925.474763 169.405179
2 689.701900 113.752174
1 856.119272 296.373075
1 822.567692 295.404321
2 930.711036 318.985425
1 804.748676 160.218879
2 879.375581 260.031691
1 797.798820 261.629350
2 875.199994 296.667489
1 755.936671 239.023392
2 826.305039 197.581602
2 818.889848 286.049156
1 850.081632 288.160603
2 951.629308 256.899362
2 867.098399 177.471973
2 755.030480 269.536879
1 811.183097 287.128600
1 848.328542 307.658708
1 795.771419 271.681042
1 813.972781 299.809660
1 820.663051 236.041328
2 759.804532 241.448458
1 767.267726 310.183535
2 825.112687 280.598656
1 861.785983 285.948353
1 798.007613 314.170057
2 864.348612 285.769421
1 865.471058 218.126365
2 721.347768 245.416583
2 851.183141 307.426160
2 757.261938 274.675976
1 827.230356 310.067177
1 849.030911 259.793671
1 799.808219 326.140357
2 765.421637 295.345666
1 840.068351 299.175471
2 748.735593 314.250980
1 773.562579 292.340783
2 853.270750 287.530608
2 790.779612 196.956511
2 968.276098 147.240997
1 862.787441 287.797627
2 924.822934 360.146150
2 898.600168 540.882315
2 750.100477 352.702020
2 867.559483 627.575568
2 910.013623 458.782088
2 968.121624 355.378469
2 909.437058 404.824141
2 921.326964 580.380160
2 857.254788 594.139169
2 720.361765 580.513346
2 958.985674 356.512416
2 952.169677 569.099599
2 922.861860 409.129112
2 757.961885 346.761935
2 921.044725 367.612915
2 821.702857 505.467745
2 923.699222 340.109950
2 931.275853 348.186726
1 841.327472 339.220676
1 849.837743 346.793490
2 887.980927 342.478128
1 793.108592 338.945144
1 794.994417 334.956987
2 848.792997 357.953263
2 759.809051 362.631107
2 879.608903 536.991770
1 858.268293 341.450341
2 747.154791 383.151570
1 794.536579 334.256719
1 810.764460 339.465986
1 769.828750 370.084846
1 789.174434 343.247445
2 887.991665 354.492387
2 862.141935 345.503585
2 879.211513 496.309002
2 859.972007 376.154217
1 781.253754 359.826987
2 826.472518 356.758225
2 906.394437 358.395287
2 769.070505 407.484178
2 781.890433 363.730178
1 793.891481 379.402692
2 989.522036 443.380901
1 828.949165 342.283747
1 837.712973 349.354109
2 773.591285 366.982142
2 866.941394 338.456638
2 964.103731 406.986177
2 880.480140 335.419947
2 747.714296 350.868032
2 927.294791 394.822449
1 764.113901 334.938103
2 747.512436 358.462937
2 754.611177 354.082377
1 835.312882 337.491641
1 849.167563 348.265036
1 807.345558 399.157514
1 791.266884 333.509193
2 775.388886 341.995042
2 760.319016 367.037436
2 936.392307 422.061581
2 891.915336 450.447397
2 887.434120 362.085401
2 750.292091 357.311421
2 943.953123 344.984873
1 830.201167 395.276195
1 883.777844 339.993599
2 781.786595 426.282563
1 796.901548 352.734117
2 780.284496 378.976972
1 854.679203 392.025883
2 889.067309 398.804588
2 743.393965 428.800383
1 853.695200 388.469404
2 951.932303 396.677430
2 775.705316 360.977620
2 809.126519 497.125318
1 886.853998 337.350256
1 822.694655 347.692709
1 838.355160 370.985257
2 730.879782 942.588539
2 728.193996 675.485181
2 737.304823 749.460525
2 836.032604 668.933878
2 977.535892 947.458170
2 922.795936 866.236940
2 906.207141 929.633314
2 970.266889 912.324051
2 975.466924 771.741003
2 864.426634 915.553717
2 960.869334 752.871921
2 761.362816 885.111847
2 693.274694 781.004788
2 741.835712 871.078402
2 780.253001 708.401185
2 806.801612 766.132397
2 783.402148 676.056739
2 995.756725 854.194960
2 945.948307 963.094229
2 683.739069 777.234200
2 794.613385 875.637438
2 713.422057 795.142502
