1 202.078525 179.315206
1 214.176846 164.074055
1 182.952212 174.534474
1 204.328503 189.087506
1 211.836927 174.842533
1 203.527437 163.832954
1 193.067098 161.343859
1 199.534577 179.521387
1 201.970054 177.160632
1 209.442568 186.467994
1 180.724814 194.967207
1 203.531713 193.973627
1 193.107182 173.501593
1 196.032144 186.401373
1 216.060535 192.472274
1 192.250519 197.907028
1 194.037276 181.435106
1 199.799649 178.648621
1 181.725132 173.312320
1 183.153069 197.091140
1 189.229870 181.374885
1 199.026631 174.339036
1 190.123317 178.772194
1 211.479674 193.053529
1 201.737982 180.358956
1 199.410362 165.275356
1 200.678000 184.928028
1 178.902086 190.791062
1 199.439138 173.536568
1 210.518514 165.218820
1 201.121318 185.842062
1 185.497611 180.646397
1 198.505473 182.127880
1 194.792092 166.717099
1 186.702925 186.835629
1 203.281993 182.508794
1 209.131122 169.530986
1 205.148379 156.622375
1 203.190361 193.766879
1 201.587909 182.185522
1 210.067252 172.806962
1 193.031063 149.801093
1 180.935392 187.349121
1 184.172028 174.032133
1 186.275301 175.694674
1 173.685395 188.641342
1 200.085324 187.625170
1 185.297609 182.724547
1 163.932388 141.597303
1 213.076329 173.295370
1 219.214713 191.434503
1 180.321994 183.814166
1 172.762143 204.842936
1 195.062270 159.090339
1 163.683531 238.823831
1 205.455628 164.378060
1 162.324171 191.750872
1 187.387653 155.626830
1 215.851290 165.522660
1 193.269923 124.394783
1 214.154677 156.513799
1 195.896593 151.846649
1 186.718174 192.961657
1 214.072751 196.532434
1 142.884716 168.798871
1 226.869541 180.153174
1 203.287619 122.895790
1 215.294256 157.256554
1 204.779399 186.628284
1 206.782914 202.478639
1 205.275388 163.695262
1 220.480055 126.200986
1 181.311475 202.882191
1 206.434148 180.775405
1 212.590866 141.270660
1 241.092282 176.628232
1 225.382618 169.914943
1 167.786812 172.268696
1 228.587277 180.853022
1 236.029778 180.306995
1 171.313161 168.144771
1 213.976205 202.573389
1 177.312957 162.581362
1 232.287774 181.206786
1 223.953679 194.142291
1 166.323691 192.677830
1 225.069487 124.396460
1 189.420612 174.045141
1 206.646445 253.196389
1 211.171396 172.699633
1 186.330406 108.320225
1 237.796524 162.791050
1 226.591954 149.731398
1 198.453456 138.995389
1 217.365105 187.481535
1 207.953308 163.690856
1 209.527601 172.693909
1 195.048700 172.512825
1 211.734351 189.509130
1 191.880226 173.352878
1 213.374171 187.692373
1 186.092912 155.535081
1 183.980291 233.612892
1 227.027250 214.738711
1 135.743205 165.022937
1 157.442094 195.234201
1 239.755982 201.794752
1 187.087116 206.977274
1 170.420490 153.361633
1 209.565916 200.981503
1 199.012605 194.662570
1 247.594570 203.415331
1 219.943839 125.008671
1 224.805637 199.054938
1 198.616843 201.809215
1 237.079105 259.738501
1 265.391198 191.063344
1 186.298158 153.554072
1 178.492170 212.150498
1 229.358263 138.582625
1 179.419323 208.396180
1 192.339433 240.107336
1 195.051789 230.740674
2 50.576305 436.787278
2 58.482343 434.984402
2 51.425367 440.837784
2 43.175214 434.119097
2 75.720087 415.002922
2 58.804816 428.815023
2 63.347146 425.863559
2 60.732494 408.726670
2 72.406240 438.663397
2 68.614963 418.307461
2 78.024736 442.886722
2 67.604440 409.186050
2 50.591738 412.758446
2 64.626408 427.958435
2 45.398665 416.726962
2 56.673980 431.836704
2 64.811656 413.906890
2 39.766784 432.656259
2 54.629899 427.696813
2 39.445893 422.065107
2 59.602518 430.313672
2 64.184752 413.590620
2 80.182577 438.192942
2 70.931752 442.930283
2 61.246465 421.775181
2 60.792721 428.363508
2 61.668450 429.694248
2 53.810192 419.722364
2 56.705041 425.612133
2 56.175670 411.315359
2 63.494198 428.757342
2 83.436392 431.710276
2 62.089104 430.141319
2 43.408837 443.731623
2 62.548742 428.029501
2 65.727367 424.865274
2 71.831915 415.201987
2 61.552714 420.683760
2 54.176240 408.216230
2 54.332525 422.651007
2 63.955935 438.324871
2 40.333242 444.457525
2 47.776520 438.419990
2 83.859896 425.730642
2 72.153547 452.961113
2 39.888629 403.834725
2 77.786570 411.799883
1 137.580917 790.113407
1 138.908182 789.084680
1 146.418749 784.457072
1 150.308837 780.140365
1 157.117436 792.632554
1 158.460107 771.246079
1 157.586055 786.824144
1 154.737368 774.207855
1 153.580006 777.188003
1 164.555545 789.736037
1 150.928066 781.749938
1 144.243613 785.552113
1 163.909595 777.338638
1 146.093343 790.984559
1 136.628337 785.524255
1 140.338804 770.199865
1 135.556030 777.083723
1 153.267474 780.133094
1 150.762099 774.299002
1 129.636304 786.653029
1 147.859911 793.014543
1 150.481933 780.709372
1 147.324617 770.897743
1 165.789670 780.267917
1 143.297630 795.898551
1 154.225798 768.676333
1 156.864742 796.891839
1 161.861036 758.807051
1 154.356766 782.354495
1 149.792901 793.426537
1 155.137713 786.289303
1 144.477388 777.595097
1 160.573092 762.600482
1 128.836865 751.979450
1 126.612908 771.325504
1 124.938059 830.551334
1 156.768256 762.246253
1 151.129258 801.595619
1 148.517843 793.036897
1 150.723663 787.642561
1 219.648713 768.457376
1 179.169801 752.886754
1 175.539021 788.395631
1 107.538569 784.016705
1 128.617904 813.052962
1 135.324160 773.209361
1 164.032049 754.409954
1 168.107055 782.917295
1 157.050950 760.485772
1 136.476771 801.568417
1 187.506452 791.742216
1 126.880622 791.608835
1 143.368318 785.403930
1 156.854030 765.473426
1 162.483935 780.582533
1 184.866177 723.522712
1 197.589869 810.573295
1 169.532780 771.671922
1 104.935417 775.434459
1 117.230853 753.793219
1 139.997196 792.636775
1 155.772685 847.541765
1 156.426587 782.090298
1 139.927321 709.811798
1 93.268137 749.974039
1 175.419001 762.265831
1 134.467497 743.602048
1 143.809083 758.754356
1 165.090847 786.667045
1 128.943358 808.491741
1 193.231990 786.722143
1 186.526786 789.354274
1 222.311290 806.912873
1 147.764503 791.133245
1 186.973484 752.222355
1 167.264354 791.030275
1 172.376948 788.031908
1 182.328112 737.256043
1 150.993216 851.985332
2 309.580530 818.066022
1 183.243641 743.081373
1 167.171202 714.400154
1 187.073468 769.212685
1 154.664951 797.276692
1 204.365315 770.410842
1 160.404845 735.600897
1 164.361939 795.734014
1 134.549112 770.825044
1 167.338112 771.102651
1 190.764105 759.581174
1 150.437957 800.840805
1 125.745633 803.158277
1 92.802947 716.501579
1 140.773648 779.301920
1 187.409684 736.572153
1 197.073163 812.248957
1 135.774988 821.432053
1 163.070544 793.369810
1 163.595390 799.001465
1 104.935417 775.434459
2 274.291301 769.663262
1 112.420424 762.992091
1 161.719780 764.923332
1 168.130506 824.393063
1 176.972950 790.445411
1 159.409895 785.708592
1 151.248417 764.486656
1 113.179493 797.634794
1 217.132950 752.426700
1 178.919249 773.222585
1 189.464634 730.027147
1 140.155287 753.884565
1 178.805970 735.141333
1 136.995647 781.943844
1 127.021799 778.772394
1 146.176411 799.996133
1 100.913603 835.955209
1 55.850623 724.913666
1 124.586570 692.623034
2 499.585782 134.991032
2 484.248733 151.095240
2 487.072859 134.072046
2 483.869978 133.688808
2 506.632547 149.885286
2 492.965995 129.845313
2 518.370217 137.655406
2 500.372290 132.347817
2 487.886167 155.139001
2 493.720714 134.765195
2 500.592111 143.538737
2 509.219396 138.393067
2 509.805614 158.859363
2 494.685072 156.280964
2 516.707945 155.811111
2 493.952420 155.236588
2 512.198795 143.865391
2 498.891104 142.434045
2 503.838197 164.691625
2 482.063822 143.746553
2 496.084056 144.129262
2 491.287710 130.238975
2 493.997559 149.054409
2 505.718363 140.086895
2 516.354893 141.664266
2 492.726283 160.391446
2 497.273132 140.416961
2 487.985610 127.781588
2 480.665799 140.519273
2 491.863470 139.404843
2 484.169628 124.939385
2 500.296424 143.208910
2 502.431803 130.208756
2 488.163780 137.309645
2 507.653555 163.648638
2 490.172815 141.775291
2 504.235634 136.967520
2 504.037112 143.205893
2 507.237126 134.154348
2 495.384363 140.921447
2 497.827101 132.321328
2 520.065446 142.572758
2 485.296409 121.877189
2 495.878229 119.440463
2 499.532163 145.276059
2 486.023560 139.868389
1 409.232629 630.668999
1 407.023245 639.978443
1 393.944144 650.141133
1 399.197276 650.149638
1 391.300101 656.779568
1 399.486811 646.725757
1 400.259023 649.944374
1 399.326209 652.158784
1 411.968041 650.520766
1 391.609420 665.205160
1 408.133576 630.837110
1 399.173399 644.191207
1 409.607785 663.929181
1 389.841955 658.005263
1 400.950645 653.944074
1 396.371375 649.914623
1 381.955513 645.056636
1 398.298446 654.480653
1 405.424793 638.575822
1 381.367666 653.613494
1 410.397212 637.327155
1 398.660293 649.819049
1 390.971265 647.465206
1 405.861198 641.062399
1 398.602001 647.378318
1 393.340697 642.555826
1 401.664526 639.774492
1 408.226809 628.395687
1 395.338749 637.154486
1 403.421915 634.225238
1 415.984239 646.909203
2 556.654560 492.168320
2 566.327921 479.929622
2 559.645556 478.749257
2 542.108217 474.036524
2 559.685605 487.433473
2 563.369408 490.282628
2 573.381410 471.477110
2 559.161220 474.688788
2 557.486451 481.565274
2 563.704203 473.647680
2 558.252617 486.808067
2 558.899972 479.781194
2 548.343974 488.373185
2 559.745212 479.979779
2 569.635254 470.297255
2 565.753896 479.453980
2 547.504747 473.173566
2 568.280122 458.401332
2 536.452940 475.645585
2 545.797056 473.774194
2 567.445625 494.042759
2 562.460124 483.713340
2 543.069621 483.761617
2 558.284391 476.821103
2 547.655082 458.294657
2 563.167474 480.654356
2 566.168079 497.857587
2 557.684401 461.115869
2 552.590856 490.349685
2 560.512513 470.929234
2 563.243376 477.289553
2 542.971177 465.114985
2 544.830961 464.668945
2 553.586758 461.895545
2 564.947799 458.268381
2 567.193653 481.763242
2 564.631733 472.059136
2 559.099342 479.038836
2 565.634408 455.665149
2 557.992754 503.939145
2 580.160206 485.271098
2 564.291244 478.719299
2 548.831643 495.501298
2 544.664903 471.243575
2 545.146850 474.591171
2 568.669514 482.475636
1 381.451837 625.388921
1 393.074220 662.835769
1 399.018221 660.086747
1 374.018086 655.683082
1 401.671857 601.821376
1 422.809293 592.135953
1 374.547883 652.498998
1 406.825652 637.080789
1 403.657963 658.682342
1 395.610837 651.676864
1 382.392718 616.548618
1 393.092712 661.961800
2 574.643799 523.474488
1 403.835664 620.578469
1 452.675909 627.922696
1 398.204889 594.636975
1 400.222954 657.965262
1 395.934076 653.846717
1 427.911811 635.766386
1 411.482178 663.833759
1 339.639398 647.832550
1 396.962242 643.778614
1 385.972725 643.983708
1 386.949762 646.486472
1 386.857345 649.282213
1 411.571306 624.152340
2 557.592836 468.808816
1 420.017607 652.526523
1 408.245646 650.499078
1 401.903974 625.651139
1 386.472379 657.190960
1 435.673015 658.139166
1 438.695813 639.812413
1 441.350334 648.958609
1 397.290699 663.158956
1 418.182585 634.006196
1 409.821248 591.748478
1 407.706114 624.230902
2 537.044202 462.326264
1 404.281425 652.491226
1 377.191759 643.815534
1 393.827314 643.293853
1 411.614691 662.581924
1 418.391226 640.367679
1 383.015407 593.822495
1 443.465641 631.237824
2 559.524617 438.554808
1 377.721945 655.663232
1 450.311888 621.861978
2 514.681210 406.089700
1 384.121560 646.085365
1 409.535057 649.205143
1 425.993914 643.625405
1 380.819756 644.068656
2 536.366573 496.496697
1 415.339606 656.698825
1 426.265029 616.149182
1 366.190161 655.850463
1 403.622451 628.844888
1 407.303901 621.643008
2 570.163312 481.252271
1 387.152135 624.586174
1 416.852562 654.226199
1 410.850476 670.035768
1 394.221399 669.527537
1 581.751516 787.336215
1 566.340280 801.260464
1 570.123937 800.021367
1 591.474880 793.367133
1 567.376086 804.549630
1 560.549366 808.971070
1 587.251436 782.693528
1 587.747347 813.579480
1 583.242380 791.272099
1 572.751738 801.405733
1 564.153244 803.367135
1 566.634687 799.764181
1 572.759855 799.243772
1 573.053080 813.579015
1 572.145453 786.877142
1 574.188549 798.183811
1 555.463841 818.504065
1 589.863390 791.962140
1 568.084256 806.421477
1 556.173005 808.304817
1 572.362892 786.040284
1 569.348468 803.664456
1 565.268759 792.765162
1 566.122417 793.535738
1 556.450136 801.912863
1 553.909713 813.565870
1 588.384833 811.338194
1 564.321143 806.739449
1 563.309108 788.919077
1 546.552111 799.804377
1 578.038975 812.878854
1 569.494965 799.816144
1 577.269699 796.321275
2 402.161750 844.896420
2 378.960659 833.429814
2 411.442228 835.670410
2 409.237313 811.380150
2 399.890100 830.041025
2 387.390942 851.011779
2 400.025746 809.960347
2 405.207302 850.738799
2 397.114311 827.173351
2 397.580039 831.068220
2 401.636197 813.259206
2 401.312932 830.117661
2 387.290173 814.781166
2 399.712033 820.898581
2 402.382769 830.642689
2 397.509522 816.278095
2 411.152661 844.794265
2 390.150597 825.066402
2 399.501159 818.059710
2 398.257724 839.003859
2 376.583223 838.678080
2 382.307555 837.874612
2 416.083383 812.282884
2 412.266138 813.407596
2 399.456228 830.895849
2 413.065501 846.807698
2 415.642324 835.764118
2 408.008256 824.890422
2 390.094158 829.951194
2 401.366324 848.649844
2 401.175089 840.522349
2 399.819838 837.191383
2 405.832256 845.406995
2 398.449407 821.013905
2 402.179150 831.091748
2 400.384027 826.575821
2 391.501291 844.196585
2 402.664223 816.254259
2 404.526549 830.470441
2 402.357607 815.581699
2 393.088402 831.176945
2 397.917414 854.296024
2 388.306593 841.258806
2 382.629465 844.753000
1 548.560374 781.259016
1 412.148903 689.808766
1 408.145113 681.246262
1 544.044982 787.972108
1 519.143787 798.773396
1 537.186756 795.703440
1 612.667802 798.576198
2 396.784733 807.349507
1 598.639180 781.755111
1 431.393920 691.696827
1 568.290943 774.983298
1 540.680841 784.324578
2 411.981230 830.324984
2 407.043435 856.256992
1 430.895232 678.031279
2 407.395774 840.073831
1 575.147409 817.633435
2 382.340579 862.229375
1 551.451179 818.335534
1 372.629717 681.361904
1 625.811584 815.030803
1 565.565687 840.579968
2 452.416739 872.596066
1 572.337140 744.493635
1 526.581298 827.799440
2 439.790905 825.982311
1 581.170334 765.354421
2 426.364014 808.114204
1 574.873641 759.308044
2 435.607761 810.770367
1 568.989088 762.247189
2 412.875916 794.301946
1 629.628705 847.775891
2 401.075438 877.332517
1 608.277654 763.805573
2 376.266458 867.707080
1 415.761970 672.567013
1 625.601421 793.028079
1 414.845440 666.814016
1 420.151702 686.644214
1 523.889834 823.336754
1 558.871844 796.295945
2 411.006763 861.306942
1 582.362911 784.000363
1 423.697352 712.453070
1 603.882112 754.448208
2 397.517744 905.500351
1 610.547859 784.106638
1 628.139779 805.472951
1 592.357004 819.639893
1 569.659635 801.484268
1 575.848318 812.768468
1 553.685880 792.173504
1 582.062768 820.001177
1 558.764086 741.040652
2 426.699548 810.724895
1 576.807918 740.832610
2 366.918232 801.990685
1 559.421480 782.796825
1 598.855693 798.662532
2 382.052825 813.408337
2 396.101174 832.554954
1 425.105865 667.665182
1 562.172099 810.488878
1 598.720808 786.530156
1 412.686658 675.114545
2 348.748917 865.968730
1 424.369450 669.684269
2 418.584835 863.124829
1 386.981058 675.533817
2 457.862067 816.625538
2 411.909070 812.889113
1 575.997749 758.942786
2 370.075871 806.130915
2 451.729263 848.104566
2 376.149325 830.963327
2 420.048344 782.868068
1 614.921521 747.818058
1 578.607200 821.726600
1 562.466388 766.232832
1 523.127139 802.857066
1 392.993653 692.381980
2 376.330893 836.220160
1 394.647196 692.000236
1 489.806155 789.861920
1 616.300889 821.456703
2 426.058333 804.714205
1 578.351665 749.810275
1 615.535860 807.474400
1 556.867328 825.630368
1 542.970968 795.864333
1 405.439984 673.299157
1 434.102270 686.131450
1 611.435720 771.303041
1 587.119402 809.283237
1 354.863903 670.542273
2 380.582422 824.333935
2 408.007889 852.275382
1 580.426529 831.268517
1 407.456670 683.640814
2 363.735262 803.894640
1 543.551628 789.957535
1 553.481784 759.274181
1 578.202459 816.888358
2 377.933954 839.382478
2 348.273805 844.996209
1 368.393176 715.012423
2 388.472765 818.249518
1 596.628580 756.416204
2 466.457825 818.442258
1 532.363111 775.416654
1 435.635769 672.976491
2 358.602147 823.113374
1 585.741338 729.161243
1 509.908042 755.188038
1 588.263824 788.898510
2 397.187070 792.733789
1 535.208218 798.733914
1 579.968533 803.095193
2 446.483157 805.357591
1 409.306928 677.672050
1 427.681703 681.951502
2 408.181344 814.256211
1 570.190228 771.693104
1 499.316560 848.977221
2 376.261743 863.848922
1 627.659511 774.663045
1 626.019836 791.003391
1 613.764071 831.958909
2 413.668169 874.624982
1 436.311658 686.246298
1 582.976592 770.264159
2 386.687508 834.174997
2 411.790114 828.139980
1 457.536922 678.916013
2 441.230081 789.037237
1 438.301165 684.615624
1 353.420468 670.386738
1 552.211548 760.763542
1 579.292851 836.198009
1 574.775492 807.945094
1 382.058967 698.729018
1 563.844265 812.168035
2 389.248892 823.334464
1 514.881636 751.195449
1 555.092430 792.457972
1 446.640506 707.871322
1 429.221654 677.747141
1 546.111599 759.827620
2 397.912189 858.751528
1 561.172902 797.853164
2 334.620872 811.194898
1 620.039516 778.670380
1 498.779681 746.265294
1 406.533220 683.027181
1 653.249529 787.901926
1 396.742495 684.825162
2 458.170536 826.343380
2 424.379502 753.166299
1 822.570945 295.209373
1 796.388864 306.657840
1 821.036917 304.551643
1 829.830806 294.046739
1 821.918281 286.535242
1 802.629404 300.577595
1 816.029020 288.743721
1 823.478148 298.508401
1 815.426318 276.391480
1 825.283169 296.602609
1 818.450751 282.660983
1 820.312877 300.045297
1 819.187439 300.062221
1 804.173060 292.202385
1 820.927539 293.228590
1 822.934482 292.983958
1 820.841994 316.170513
1 819.024018 294.624643
1 831.099042 306.238499
1 819.454788 297.964086
1 839.922837 300.968418
1 814.952164 321.010370
1 803.852044 302.353583
1 823.426854 290.314283
1 799.510615 313.051670
1 831.735188 292.686087
1 834.640377 300.015460
1 819.206725 279.764840
1 822.409595 321.539671
1 803.484546 312.865743
1 821.588987 277.873229
1 817.297562 303.155753
1 826.184956 286.264424
1 871.493776 308.667332
1 834.691753 297.554696
1 824.251642 273.755515
1 812.942084 319.071857
1 801.977096 237.897112
1 826.374753 278.911179
1 817.375855 315.193013
1 865.607879 301.683154
1 843.689306 298.149211
1 811.533605 299.799170
1 801.848338 238.617791
1 795.078796 288.875611
1 804.553405 320.715137
1 832.715687 311.123001
1 828.266474 293.286567
1 867.448460 315.659977
1 778.552106 277.422085
1 785.283889 282.608160
1 815.166202 290.589716
1 756.522625 280.590633
1 874.729433 273.083258
1 846.734781 285.550519
1 826.875331 310.096691
1 781.097163 324.730673
1 857.217026 306.804286
1 731.665697 283.568780
1 783.157558 300.683249
1 845.968102 284.551994
1 780.891022 273.442924
1 844.200634 322.990090
1 893.088406 270.555782
1 791.896490 258.606099
1 822.031882 299.077719
1 838.693105 308.030399
1 875.775184 233.038878
1 807.482902 264.949912
1 769.226718 285.822188
1 821.343421 239.150047
1 803.389580 310.128226
1 851.700816 284.373010
1 839.903155 297.360013
1 805.618642 329.518360
1 771.479333 285.539896
1 825.077699 327.154587
1 828.706620 218.259822
1 833.787572 319.848024
1 805.829837 311.166820
1 826.875332 310.096691
1 799.388471 292.095712
1 791.870035 309.076241
1 839.843191 294.787021
1 767.989979 279.623728
1 802.193421 313.285026
1 839.642407 288.056773
1 803.045267 296.721697
1 807.482902 264.949912
1 872.933865 263.838429
1 839.903155 297.360013
1 756.396106 301.955087
1 815.125999 288.062943
1 870.322381 312.286953
2 840.676232 608.621616
2 852.475574 633.410839
2 846.066883 625.840064
2 851.954105 627.968782
2 854.026035 648.220403
2 839.991632 615.530566
2 853.077069 632.163393
2 838.369887 634.561641
2 866.584727 624.813974
2 828.963805 622.449259
2 852.416090 642.763955
2 837.016986 614.694498
2 840.738615 643.357703
2 843.478089 641.697435
2 838.721206 644.038280
2 863.400528 639.149061
2 859.753973 642.335668
2 837.233535 635.162835
2 853.881323 619.546542
2 853.359522 611.015333
2 850.418268 615.658842
2 858.067359 619.559308
2 850.318600 639.521488
2 835.521914 631.914579
2 831.556330 614.604932
2 850.077215 631.957816
2 856.027421 643.177058
2 852.373098 634.690302
2 851.245743 630.290808
2 837.884820 636.400251
2 853.265255 626.674026
2 850.192135 635.737483
2 854.054095 633.278565
2 849.995893 630.763458
2 846.559716 642.299393
2 834.979246 636.262926
2 846.730506 607.687930
2 852.717873 632.804110
2 850.444308 630.218780
2 850.868218 630.077384
2 841.498960 633.550477
2 831.691895 631.432495
1 847.849788 337.503303
1 841.474379 346.315512
1 838.253307 372.278643
1 838.447785 345.102408
1 844.753839 335.940369
1 807.517984 342.224620
1 844.753839 335.940369
