1 199.269705 173.437265
1 210.114308 186.948301
1 205.196307 190.114481
1 201.889364 166.244283
1 200.028815 178.904122
1 188.380839 167.329228
1 212.278736 161.253949
1 195.050289 171.076614
1 179.145205 192.423152
1 203.705688 176.662764
1 220.372450 167.082820
1 199.578806 182.418145
1 186.174945 200.079040
1 180.475691 186.882647
1 204.553109 188.063940
1 196.939850 198.505773
1 196.346362 175.409721
1 193.785615 175.874331
1 182.203108 183.478241
1 198.891638 173.225857
1 180.544847 186.930235
1 186.504118 179.103378
1 180.106523 173.681083
1 212.387992 187.255458
1 212.946587 178.048028
1 209.544623 167.571960
1 181.902077 174.280506
1 205.334414 178.161422
1 212.620355 185.058393
1 188.913952 189.585743
1 204.101071 172.079548
1 179.717881 187.837870
1 207.066242 193.777773
1 214.856571 170.711981
1 202.955266 172.699582
1 184.536981 177.049929
1 184.258736 186.863044
1 194.252804 187.623283
1 201.516642 175.161366
1 221.555916 184.444234
1 204.039642 182.773306
1 209.057956 178.535843
1 198.418725 169.288476
2 147.719864 139.178096
2 293.914801 136.273860
2 171.706898 110.554810
2 245.197685 60.614106
2 294.372177 189.389279
2 247.747488 300.629079
2 123.511157 300.565481
2 304.332227 62.381701
2 318.756259 57.705115
2 240.868928 171.431778
2 158.408097 123.982872
2 238.095347 173.144910
2 6.988644 146.061295
2 317.447416 179.969107
2 89.577762 289.336909
2 225.903249 289.597707
2 18.138077 109.929903
2 3.136457 219.714821
2 265.037625 240.178044
2 114.672760 10.294318
2 24.569977 251.627972
2 203.383335 10.801702
1 212.531394 198.372985
1 235.622109 134.060399
2 33.776162 213.226220
1 217.132454 192.468879
1 205.623106 160.274090
2 123.987551 268.962185
1 187.489530 135.308269
1 230.553098 187.206473
1 182.227578 179.292392
1 204.416146 195.182054
1 231.072419 167.116458
1 226.481527 185.019332
1 222.656798 208.703254
1 190.160078 161.911893
1 268.031108 155.995161
2 227.001582 172.388277
1 176.918614 140.302992
1 221.904546 149.284607
2 186.574254 57.014131
1 252.789115 142.548046
1 130.738845 143.675071
1 250.503687 168.808549
1 226.529399 213.707171
1 204.375167 213.497966
1 316.392854 168.341515
2 291.710336 134.605962
2 236.057089 59.174136
2 241.775252 181.050426
1 207.057128 160.167311
1 163.733622 235.515460
1 221.577053 188.249565
1 196.190253 180.225172
2 194.458395 87.208980
1 184.838835 183.473268
1 165.772607 186.458694
1 198.719167 200.176290
1 178.461948 176.391279
1 171.977374 232.741688
1 162.504856 149.607449
1 163.788496 212.205250
2 26.259069 101.749238
1 160.902428 260.463006
2 89.658294 270.891787
1 231.402147 187.088972
1 203.992880 242.416464
1 222.898375 179.284710
2 3.887189 115.423561
1 212.445443 173.900636
1 192.463528 180.784068
1 232.901849 166.071223
2 296.853717 232.143960
1 175.790317 186.793941
1 219.341011 128.649680
1 196.734034 140.407609
1 191.909589 183.558958
1 203.122027 219.532566
1 186.747473 215.105666
1 206.608716 197.759686
2 171.802424 111.350674
1 192.699121 178.635210
1 191.025811 213.475549
1 226.029237 169.177585
1 179.465127 132.926224
2 189.753590 125.765723
1 195.626871 207.571443
1 215.376955 210.238134
2 152.211098 292.089771
2 143.322869 230.861800
1 251.791867 219.577449
1 176.520337 121.992642
1 209.274564 186.206483
1 204.680873 89.636756
2 218.323999 225.145982
1 203.286086 156.305316
2 145.499564 268.151586
2 233.192569 203.207668
2 218.287613 94.912719
1 159.208671 131.601052
1 154.671964 152.767294
2 169.502433 108.886912
1 203.904223 177.725531
1 201.587618 179.543471
1 163.733622 235.515460
1 182.154436 184.991657
1 226.495054 185.083385
2 146.804626 231.046555
1 212.196990 159.767427
1 187.495644 222.027361
1 222.418411 164.313679
1 249.554384 199.544893
1 200.184984 211.959945
2 275.621544 277.127992
1 184.163370 226.018030
1 163.773461 236.432317
1 205.297617 151.601121
2 83.537141 245.870052
1 149.344211 211.076035
1 191.707166 235.259779
1 198.825388 231.206105
1 198.059711 164.799329
1 220.056113 149.695927
1 191.446303 174.268459
1 195.589553 228.398232
2 332.167325 291.390358
2 228.305323 95.247967
2 220.245072 208.306892
1 199.949957 235.366835
1 273.824544 175.435660
2 12.591934 253.879196
2 100.534918 317.648634
1 235.164583 138.042312
1 222.766383 210.880699
1 181.034490 208.127103
2 132.979458 251.699445
1 202.984840 226.132153
1 215.593505 149.775190
1 254.988315 194.464003
1 218.343969 119.332709
2 148.236771 265.032249
1 298.728989 223.672824
1 169.480227 122.299393
1 177.051070 198.728842
1 249.848972 203.942746
1 244.338270 149.684770
2 112.585630 275.464941
1 167.002595 189.949959
1 205.055196 219.034002
1 217.143257 154.450085
1 225.055493 194.351506
1 183.120881 36.659650
1 229.324133 182.793589
2 185.179567 103.238963
1 239.448478 157.391494
1 283.449228 193.514824
2 248.572392 169.124336
2 123.588853 221.280506
2 297.364841 219.040020
2 167.845221 113.282680
1 224.424543 217.807339
1 222.980255 224.684626
2 285.092204 302.724676
1 298.316196 159.867530
2 141.318591 148.556088
2 164.937083 117.860779
1 251.061528 183.689945
1 252.078524 172.303487
1 201.763426 224.160828
1 252.052276 188.865144
2 297.393368 142.691656
2 16.106482 246.652933
1 188.197556 227.307203
1 235.849154 162.410105
1 271.111367 180.343048
2 201.964810 160.544143
1 195.683932 163.689866
1 234.589026 229.426461
1 192.766387 251.704182
1 147.558353 181.215655
1 215.848622 128.668229
1 233.118743 109.081321
2 275.273842 235.301518
1 214.887229 222.081285
1 209.166584 217.813010
1 255.248242 237.033150
1 210.800360 157.194999
2 20.994490 632.140718
2 153.389716 641.988353
2 215.846863 380.439899
2 197.668517 576.454287
2 176.469311 624.306723
2 142.015951 484.013842
2 28.754951 434.886062
2 258.849622 571.780342
2 285.577834 399.682199
2 243.642724 359.433039
2 206.003233 444.655875
2 119.399959 429.388510
2 73.254313 598.941207
2 134.954239 645.637362
2 99.191083 646.504344
2 175.878546 664.310229
2 225.513187 575.779058
2 96.657503 602.345750
2 295.149616 653.561800
2 243.755865 565.953841
2 237.113789 654.782676
1 294.078833 646.928989
2 234.000666 587.763230
2 141.427566 629.876524
2 207.860703 582.550543
2 280.109546 654.166024
2 166.233830 652.538544
2 269.538630 659.160747
2 253.289940 658.319483
2 294.914709 636.972622
2 170.017006 556.621186
2 328.073921 616.397478
2 305.210805 657.272210
1 157.487720 793.321122
1 126.746203 786.033927
1 143.108860 781.374177
1 154.390032 786.035741
1 152.529190 780.121808
1 145.163527 789.729331
1 142.908453 785.024548
1 147.016255 764.763246
1 140.785421 784.378476
1 149.145823 789.074265
1 164.059055 789.500816
1 129.883861 767.236260
1 143.341848 761.361544
1 157.305392 776.514772
1 148.994945 781.462857
1 150.635253 800.337475
1 139.604911 775.162807
1 139.669431 765.674780
1 148.445724 798.992661
1 161.454364 774.691989
1 146.637271 794.320656
1 145.398130 795.977175
1 137.038868 779.913534
1 148.886593 775.785309
1 154.683136 787.143884
1 151.684056 759.675614
1 141.519321 797.625571
1 172.323697 786.749599
1 171.706840 790.920699
1 165.169143 762.646692
1 139.070384 777.583477
1 131.403224 778.324781
1 142.264031 791.512781
1 168.558070 768.279076
2 45.445622 846.788738
2 144.085517 872.816056
2 179.601668 815.345060
2 235.255087 804.442660
2 25.964187 815.865713
2 304.534268 779.614386
2 226.630879 780.766078
2 168.179667 893.592700
2 155.089063 886.894080
2 251.927141 815.949635
2 186.317673 845.551338
2 54.460575 712.218472
2 132.847880 719.890740
2 92.891069 894.358573
2 78.445487 880.182434
2 292.569065 875.351900
1 164.557290 814.538370
2 234.701897 793.321548
1 173.235453 776.788994
1 165.084674 762.209865
1 105.196466 745.729423
2 320.634602 700.239786
2 45.644202 831.749908
1 167.156531 762.996917
1 131.982732 738.237630
1 184.883872 774.164551
1 107.451881 767.571414
1 167.827407 782.367846
1 173.686603 787.749612
2 202.102379 830.264353
1 140.361019 753.930279
1 124.735512 721.726276
1 158.646510 777.697994
1 188.100036 781.983480
2 60.696247 800.281991
1 208.309730 767.339225
2 306.825637 839.678973
2 285.766794 723.896742
1 204.009537 776.915428
1 166.965760 740.982739
1 207.129111 792.239108
1 139.127323 761.685798
1 139.157508 768.102006
2 319.514294 744.161031
1 159.289496 721.873268
1 145.133209 823.598930
2 250.039955 807.210064
2 100.104083 873.135583
1 154.719747 785.778247
2 295.731428 684.913072
1 199.606487 788.810099
2 208.334221 962.440888
2 265.188773 796.314304
1 138.991280 673.999120
1 161.668709 801.394743
1 133.078735 757.263844
2 251.132691 947.972800
2 268.614242 789.941196
2 128.108883 905.169741
2 11.744339 841.532745
1 229.806851 745.257117
1 115.561921 769.552692
2 209.130033 783.684675
1 181.077261 806.674666
1 126.221356 746.426960
1 181.604645 754.346161
1 167.751478 776.637565
2 143.405884 813.075351
1 156.481533 771.971417
1 192.238920 777.394722
1 115.179513 792.360021
2 92.683753 846.432550
1 158.646510 777.697994
1 179.828339 749.050204
1 214.543432 777.245312
1 155.088376 775.328660
2 307.356317 705.129794
1 253.232709 738.431791
2 111.955913 864.733134
2 88.358269 730.455147
1 174.393805 769.668358
1 166.547968 790.809292
1 195.104920 785.146923
1 83.468312 744.387610
1 124.955311 788.846575
1 118.921606 787.521887
2 114.567709 914.466861
1 231.477267 810.864137
1 46.244425 771.539658
2 269.140192 670.000315
1 177.334351 793.939266
1 238.426229 826.480634
2 153.582982 672.853113
2 173.688150 829.666063
1 190.149916 808.651834
1 144.248515 802.903041
1 195.670624 840.870867
2 232.091762 826.407803
2 266.888913 789.196990
1 174.914574 785.191986
1 142.771572 775.754912
2 287.861621 799.321139
1 177.669198 759.226161
1 137.966110 745.596797
2 304.107259 703.642195
2 153.339194 930.176798
2 149.932298 848.307781
1 175.844543 745.632617
2 303.626749 822.951076
1 182.774932 745.696070
1 139.727765 727.045137
2 168.636189 829.692734
1 193.044149 681.967572
1 145.602440 768.927232
2 152.076488 706.132853
2 240.441799 805.673655
1 112.342129 755.255984
1 106.805668 785.807577
1 167.514749 738.415835
1 197.413162 719.802029
1 154.008853 821.032094
2 114.041552 669.651453
1 170.028952 743.968665
1 203.794683 806.527978
2 145.693202 703.712491
1 197.814188 875.871081
1 184.403283 813.684989
1 168.765472 698.104987
1 180.550912 760.432337
2 210.926828 842.423741
2 327.103699 672.893726
2 120.784722 718.926653
1 145.767861 784.862075
1 181.802654 782.091099
1 193.244961 823.251834
2 349.778605 9.205542
2 589.443399 329.344407
2 581.120796 112.089809
2 665.653347 275.935088
2 363.834378 164.526498
2 647.042743 256.695106
2 649.420891 250.178670
2 442.269964 137.611678
2 578.546029 74.844074
2 340.834231 314.390766
2 608.180601 176.614387
2 581.659812 104.667085
2 406.604858 243.912258
2 393.617551 91.206526
2 390.672135 228.799509
2 623.500289 78.874461
2 371.782737 51.913341
2 402.867411 243.143525
2 334.950622 271.238755
2 571.288115 214.680961
2 459.060437 293.612571
2 633.620740 183.824428
2 347.177817 273.744828
2 333.746307 26.278637
1 382.260213 656.654334
1 400.060358 664.114563
1 405.111228 654.743552
1 414.979481 651.653271
1 403.504982 652.571265
1 405.143784 645.741016
1 397.298582 643.386521
1 399.545928 650.646476
1 408.363581 655.378863
1 387.102474 631.882672
1 412.893603 637.657770
1 405.531501 633.996536
1 408.893194 651.784645
1 398.156383 646.538719
1 400.441090 649.314884
1 399.327124 649.262928
1 400.506485 650.383943
1 395.364842 649.921690
1 398.053061 653.189044
1 394.188539 646.559336
1 398.752565 649.912308
1 406.456430 640.285232
1 380.873523 652.353149
1 397.868197 650.876934
1 400.504314 653.885126
1 421.667448 648.733453
1 422.983944 640.758248
1 380.384746 651.717041
1 392.518443 649.812297
1 411.925322 644.440037
1 408.039858 649.382839
1 406.652711 633.066539
1 394.835188 662.032331
1 414.147286 642.437744
1 412.439738 656.811921
1 402.351592 650.678890
1 411.733015 641.469493
1 401.110278 649.500800
2 363.487086 575.203866
2 422.263068 585.874800
2 545.309700 599.809725
2 569.053141 516.305782
2 472.503920 468.156992
2 514.384405 514.909617
2 421.769390 657.734760
2 567.767176 623.068481
2 531.947152 538.399774
2 414.301767 487.742486
2 515.624875 369.475080
2 379.458646 395.931238
2 603.739266 638.164720
2 501.170248 578.989438
2 493.003781 406.135317
2 622.657885 589.764738
2 418.523773 349.099599
2 356.809001 521.837604
2 398.344328 531.697437
1 443.090257 646.785768
1 446.968757 636.148076
1 444.315444 647.031763
1 434.927899 613.762467
1 375.540855 628.607036
1 435.000556 656.988663
1 394.160518 636.283530
1 406.031331 637.648418
1 449.456674 652.376005
1 410.269661 658.717623
1 360.970507 637.906735
1 374.073676 660.365803
1 355.391618 606.797781
1 448.473169 651.283149
1 410.882399 618.096407
1 400.753771 615.649745
1 406.821178 605.803190
1 378.338460 609.198850
1 430.328212 638.717214
1 436.678842 627.411033
1 377.734878 651.574816
2 385.256472 566.067059
1 398.633113 659.107124
2 371.190845 535.027996
2 410.011588 549.320953
1 450.363220 656.914048
1 451.592397 603.927917
2 464.843801 631.701095
1 358.670766 646.795315
1 436.355096 621.210906
1 380.810961 624.251910
2 517.413009 557.887697
1 372.079417 666.201243
2 428.366246 605.981348
2 445.901836 573.963541
2 450.824787 555.893991
1 380.005720 619.094447
1 432.335498 631.850268
2 403.221162 604.796433
2 387.170547 553.115679
1 410.428790 634.412532
2 406.296224 488.790623
2 354.101331 621.884396
1 427.266045 613.334505
1 384.777855 660.209358
1 392.266174 626.939163
2 413.783057 399.002473
1 403.406874 622.587726
1 382.577235 639.503707
1 415.331416 643.345832
1 349.941512 574.261529
2 431.142807 571.879561
2 359.743228 565.352609
1 383.802423 639.749702
2 366.893738 620.318043
1 439.908100 662.254653
1 381.158927 603.745861
2 434.392809 629.060624
1 444.129656 666.567726
1 416.308928 643.345394
2 491.316531 643.318852
1 336.098103 604.004177
1 344.442973 621.916481
1 345.184420 597.957637
1 349.899372 645.870793
1 401.408959 634.653433
1 423.455588 665.073214
2 351.300285 612.681793
1 428.329050 648.883318
1 432.790294 654.650711
1 376.420953 588.835119
1 457.892211 625.924155
2 537.408000 557.085587
1 415.366958 648.097888
1 368.907425 662.236285
1 392.464658 614.877674
2 368.539399 559.445468
1 363.647736 591.320321
2 425.058779 663.990192
1 467.158165 606.532146
1 416.239235 643.602822
2 468.378972 588.109187
1 396.284809 610.655257
1 401.581349 603.521037
1 405.768261 652.971616
1 367.331901 580.958718
1 392.266174 626.939163
1 439.958010 632.538915
1 377.381263 604.033754
1 433.265326 628.578789
1 381.997664 640.534650
2 551.035041 639.871429
1 422.476755 610.952055
1 449.032614 615.088558
1 431.736674 619.752537
1 414.503751 647.786290
1 374.837874 616.445012
1 391.909849 598.195005
1 354.741983 566.613114
1 382.705492 639.524597
1 439.237338 639.658838
2 374.536599 615.405131
1 360.513480 649.600107
2 467.815132 577.757724
1 352.242053 636.392869
1 405.983708 636.413001
1 359.734860 612.991377
2 403.237221 579.939671
2 355.816730 552.231154
2 345.263097 587.563078
1 452.658338 647.134140
1 416.220751 650.209082
1 395.160692 623.254267
2 406.322701 527.123024
1 366.385350 665.931738
2 419.206017 619.751370
1 404.754676 629.816933
1 411.668134 668.368042
1 592.269184 788.914880
1 591.487549 810.596792
1 569.833038 799.846903
1 572.212885 807.626350
1 562.838830 823.133327
1 562.109298 801.404777
1 569.393378 799.362321
1 550.314057 812.352350
1 585.959880 788.115219
1 564.241788 810.020203
1 569.629502 802.786922
1 564.053403 790.297419
1 553.192257 793.616418
1 549.161840 788.600295
1 569.200985 800.474026
1 576.727973 810.336564
1 553.858209 800.021254
1 548.627846 793.185977
1 562.278597 797.613960
1 571.998115 799.433039
1 574.470780 783.193272
1 572.089694 783.789241
1 570.978102 799.174940
1 576.423917 815.735739
1 592.906930 809.881322
1 592.085861 806.001343
1 575.887485 815.058752
1 574.647485 814.706093
1 562.839817 799.521881
1 565.419632 797.485520
1 582.643007 781.605743
1 586.486928 795.935543
1 569.199946 795.767835
1 580.683493 819.967901
1 571.582199 797.383136
1 590.387599 797.733528
1 577.335586 808.401524
1 580.041311 806.092403
1 567.753650 797.303679
1 561.438024 797.509067
2 601.527925 716.441812
2 443.770658 934.503837
2 574.700117 858.400583
2 642.694306 910.732831
2 526.803464 864.987154
2 486.398273 802.952947
2 381.538185 894.107693
2 339.589366 723.918474
2 382.367949 691.752045
2 503.259611 871.763370
2 408.423329 772.895511
2 650.792042 795.792364
2 520.087113 997.883590
2 496.779949 667.697406
2 447.291469 719.800295
2 646.125732 813.346760
2 648.836860 787.895538
2 572.124382 759.782192
2 542.324607 680.102779
2 622.243191 962.189270
2 524.971951 840.720524
2 583.814646 844.751735
2 616.138961 886.174952
1 563.872319 814.940190
1 413.115302 681.049277
1 528.421702 840.031524
1 605.900795 776.389284
1 584.448389 820.270938
2 481.901738 673.162004
2 624.796029 782.448563
2 364.868270 676.127911
1 547.025178 817.347331
2 650.595027 884.796564
1 557.712853 792.315774
1 543.934542 778.683854
2 368.774311 712.925316
1 577.336702 821.163609
2 358.127181 828.475121
1 387.946094 674.673667
1 625.466822 841.419683
2 469.736114 802.280227
1 602.922469 782.949823
1 415.151284 679.751240
2 629.163038 823.462169
2 562.169105 795.437860
1 588.221926 784.429174
1 376.941181 667.155894
2 423.629472 766.221008
1 573.912306 796.717312
1 580.103293 827.536703
1 408.107909 680.835716
1 579.829165 833.841149
2 507.288189 850.344466
1 597.022756 819.392615
1 437.929242 666.882926
2 489.635210 842.806663
1 401.886061 682.944332
1 393.810897 699.652823
1 599.810874 804.446721
2 370.959804 833.378870
1 588.198716 825.190091
1 617.605980 738.572424
2 378.801456 851.976053
1 544.045674 819.639248
2 523.755054 840.441511
2 483.168344 820.775610
2 407.158586 862.266066
1 566.600363 783.910270
1 610.749387 785.426203
1 566.625606 763.282749
2 344.078039 793.084512
1 588.731618 797.743240
1 642.575222 828.405363
1 413.373786 671.287634
2 498.019804 847.793863
1 395.697490 684.498732
1 563.741780 835.083926
1 582.015155 788.729685
1 628.650710 760.353366
1 569.868239 775.344866
1 372.625436 674.650616
2 510.165708 829.101036
2 350.765632 819.135360
1 438.212419 690.912988
1 415.041849 669.211668
2 621.917196 699.770753
2 506.220337 893.120803
1 376.751108 680.285463
2 423.121096 722.288665
1 616.376693 784.652583
1 558.642528 809.599970
1 574.995938 780.537424
2 532.576260 748.318817
1 565.939239 807.539539
1 579.131164 782.153500
1 604.027730 815.820113
1 558.372181 819.792790
1 627.236371 787.745588
1 560.722580 825.408736
2 444.526233 690.262718
1 442.894630 714.827788
2 381.579283 699.834558
1 387.122568 699.415595
1 602.860436 810.899072
1 567.988145 824.451483
2 666.238553 879.194895
2 502.197481 813.048359
1 581.850144 810.573291
1 379.245602 683.124295
1 559.514602 816.329025
1 356.770362 699.256628
1 551.844685 817.515908
1 539.351651 713.722766
1 553.079648 811.170629
1 437.694138 671.194604
1 618.287820 749.887476
2 614.351287 881.806337
1 573.015647 784.334058
2 504.857088 854.526991
1 552.265857 853.697544
1 433.979346 677.396325
1 593.625567 867.301796
2 374.053870 841.276575
2 343.852328 694.566407
1 613.703421 819.776276
1 403.708189 697.728091
1 383.590314 717.267391
2 629.122259 743.905344
1 397.968684 695.064355
1 425.324445 684.832028
2 599.393780 691.278824
1 585.922718 793.632038
2 573.844090 751.129453
1 600.847085 750.931231
1 547.501816 768.763629
2 585.661497 853.398362
2 630.716970 816.034921
2 429.776396 743.099840
2 564.445737 778.841130
1 414.646701 678.707573
2 512.987855 808.781464
1 401.899287 672.205628
2 621.417177 816.050333
1 542.256690 816.282260
1 536.802351 715.731741
1 336.021429 672.344792
2 626.219397 806.947961
1 345.723105 673.248169
1 538.018594 783.939669
2 349.197862 705.669759
1 414.351720 678.852122
1 407.538782 706.652378
1 375.959423 704.273471
2 491.701618 794.884789
1 376.647786 686.935788
2 352.508948 710.581525
2 624.695071 892.652403
1 589.661294 815.027436
2 526.771238 827.931495
2 524.509965 807.585269
2 388.069001 727.595330
2 400.714187 701.812994
2 427.411675 735.914968
2 581.552759 807.206272
2 557.867456 783.483137
1 409.506134 670.549283
1 422.440588 674.174582
1 427.110480 678.776158
1 596.200479 812.507913
2 517.830212 796.710356
1 560.308050 793.647383
1 579.067803 864.546205
1 461.901931 688.361453
2 425.940288 866.420758
1 565.766439 813.523413
2 371.668205 727.723260
2 512.134931 748.455919
1 434.016067 701.347120
2 458.675451 734.500952
2 636.576692 905.010763
2 528.249256 833.370254
1 650.169031 739.767168
1 535.257552 801.494319
2 493.873351 957.692605
1 383.126986 678.797319
2 576.841543 757.735106
2 385.255239 811.001562
1 580.053434 820.030721
2 619.706547 705.555818
1 564.937501 794.937930
1 454.186227 681.268969
1 578.865632 828.035185
1 541.082239 814.318646
1 406.271206 690.340867
1 563.966125 804.189699
2 511.481446 859.316223
1 602.690501 749.234378
1 403.267177 667.474208
1 613.368432 791.467037
2 663.671105 899.011035
2 376.386270 799.100036
1 491.334947 842.873639
1 642.774106 720.711354
2 616.929248 724.947212
2 413.009646 671.008609
2 469.994781 794.104954
2 491.792603 769.724078
2 412.703906 723.020416
1 591.822963 790.552849
2 363.178748 973.922433
2 452.534082 697.405247
2 365.699376 673.476425
1 399.103803 710.377614
1 540.247726 819.132113
2 488.901370 770.374485
1 377.504513 671.405106
2 348.199219 730.674961
1 406.954946 679.011141
2 455.571839 715.096666
1 589.074774 736.160666
1 396.262244 681.131030
1 386.971236 727.937316
2 378.747743 828.729906
2 475.883348 683.059722
2 657.704252 855.028411
1 610.286247 743.630109
1 576.202141 842.990633
1 620.384362 795.317690
2 386.985168 682.976628
1 817.333145 301.770809
1 830.429414 297.607845
1 814.043604 287.613507
1 833.030645 316.684872
1 831.667684 295.476292
1 814.058431 301.075981
1 834.044190 283.999700
1 819.691371 300.488439
1 835.591285 300.783414
1 822.841290 275.549347
1 826.779512 299.570688
1 802.061386 300.942897
1 818.328382 301.953430
1 821.461269 298.275657
1 837.939457 290.559085
1 809.734327 290.916042
1 799.208382 306.913418
1 827.960425 295.295719
1 822.190965 301.146311
1 824.871657 302.618242
1 822.031434 305.360813
1 820.658663 284.509079
1 809.235061 314.367895
1 817.915434 307.558264
1 838.150705 307.822859
1 833.266366 306.872088
1 824.072163 310.451970
1 818.762404 303.936763
1 812.497967 279.106009
1 829.669497 290.198884
1 832.419664 315.356267
1 820.978513 300.690964
1 797.302606 305.825083
1 843.686914 295.652230
2 666.798979 177.648918
2 722.194114 196.170142
2 755.215109 262.818065
2 967.740334 176.295514
2 847.526756 47.555112
2 896.554048 172.220755
2 882.950573 98.002196
2 919.808063 177.226763
2 777.515608 169.121337
2 763.118143 314.693327
2 830.285743 135.188482
2 995.768737 265.352777
2 801.264136 178.192910
2 675.563414 185.947463
2 900.574006 251.836751
2 792.672124 105.940476
2 786.455709 275.805450
2 909.989381 231.012482
2 721.232896 113.150164
2 850.339335 302.945682
2 955.189126 119.127902
2 923.431828 272.093459
2 700.217118 149.705557
2 923.879637 114.424918
2 725.838965 321.164163
2 746.763665 98.818846
2 998.183651 278.084384
2 992.212422 18.595498
2 961.750529 170.609145
2 747.794707 283.159653
2 743.638688 290.934731
1 853.536458 302.929162
1 755.901014 314.127241
1 766.786647 309.560054
1 774.714733 280.210144
1 848.681664 319.892083
2 949.160915 330.571427
2 779.246115 113.046968
2 793.305193 221.579667
1 772.626709 232.380876
1 790.488170 331.821234
1 844.479084 288.710995
1 784.230170 289.339394
2 982.274197 177.225366
2 808.873879 231.800397
2 829.143846 196.425766
1 835.217619 305.303246
2 727.114140 289.132147
2 731.692086 317.677153
1 826.674411 291.088241
1 840.877988 305.542098
2 793.981798 277.930793
1 805.024031 315.263057
1 832.225758 261.091899
2 893.295888 241.842098
1 782.949836 327.267631
2 810.692722 284.779662
1 789.812694 310.606904
2 806.454026 305.572316
2 906.701165 313.696542
2 788.817011 248.327902
1 830.630809 300.573878
2 844.979193 291.642527
2 727.070309 277.467416
1 808.114070 264.502688
2 776.392943 158.919481
2 986.929000 245.626099
1 812.673261 257.350928
1 821.422904 304.245590
2 873.462996 293.625687
1 814.386958 277.076772
1 850.380485 261.145508
1 769.429309 267.580981
1 865.150334 285.767835
2 770.865430 294.563155
1 834.761170 297.517040
1 786.657136 243.906661
1 856.965752 281.002460
1 833.300725 319.290771
2 794.005385 286.021904
1 819.023074 305.825681
1 788.544543 301.447722
1 688.985291 258.243700
2 751.573816 300.500690
1 754.502112 285.376849
2 808.843484 260.072364
1 828.341485 221.116739
2 999.516408 284.325659
1 805.758370 308.094241
1 805.275225 293.266064
2 819.969502 247.228535
1 814.362934 308.007750
1 819.437354 284.505348
2 836.631426 324.893931
2 671.672315 283.862360
2 759.608835 269.162041
1 849.444752 313.674835
2 932.031919 112.937812
1 793.217570 223.344333
2 750.612442 111.538964
1 809.437932 308.026571
1 790.393800 286.864716
2 911.161781 265.199506
1 760.241523 307.746081
2 907.095677 233.452632
2 789.751112 181.765925
1 756.379043 275.917668
2 822.780724 286.109415
1 828.088559 270.370923
1 823.285039 321.300657
2 774.991091 218.914013
2 728.940096 131.526851
2 800.395674 250.453029
2 911.535948 127.440674
2 753.003377 232.095541
2 934.141759 275.771034
1 841.643983 317.663800
1 852.972604 308.232387
1 752.830141 308.187647
1 767.767612 309.871424
1 795.266615 321.151618
2 806.312533 287.576865
2 775.545281 295.681807
2 879.467695 308.858614
1 739.049371 303.279390
1 818.947963 268.930953
2 778.801480 203.243296
2 880.941632 242.464958
1 886.084996 233.818627
1 814.807529 268.150713
1 819.250433 301.977774
1 784.910292 285.396663
1 804.945671 321.738614
1 832.368041 282.138357
1 837.537194 304.065445
1 838.206340 277.016644
1 860.212734 292.809673
2 814.155057 245.191119
1 842.483564 316.289359
1 708.662916 234.454358
1 808.989066 272.576980
1 711.798096 296.275569
2 864.793230 308.080659
1 831.829865 316.191836
2 791.556910 199.119875
1 869.749024 332.269578
1 803.941275 294.765406
1 828.222206 319.307716
1 819.817194 299.840208
2 860.668546 308.948023
1 830.951556 262.534777
1 761.172482 311.663466
1 821.367963 247.588386
1 821.711800 318.326806
1 816.506179 318.987596
2 729.122620 179.376947
2 859.736085 222.628759
2 777.520475 293.574234
1 867.179374 294.322041
2 757.726787 316.628277
2 949.369635 241.677133
1 765.914108 267.123817
2 806.767587 235.787039
2 981.937397 217.921810
2 771.592257 273.560248
1 866.366483 295.693671
2 909.589965 319.256049
1 787.043440 320.988632
1 803.909003 316.791098
2 841.456621 314.589944
1 837.024838 327.861127
1 813.044086 283.811711
2 800.637257 307.887826
1 715.028670 302.711981
2 987.752668 227.673849
1 800.372639 276.272615
2 893.138934 313.870870
1 830.659094 313.445511
1 778.832825 326.219136
1 792.847215 292.586786
2 794.811535 231.215503
2 800.605726 176.608394
1 799.778780 303.467529
2 786.908004 277.810813
2 778.478283 279.096884
2 692.407967 309.095890
1 774.626363 308.525842
1 796.927420 325.541374
2 769.885220 303.897030
1 854.237831 316.224013
1 848.917359 318.623201
1 808.913186 232.826526
2 924.822934 360.146150
2 853.461554 617.476469
2 898.600168 540.882315
2 677.775509 342.930127
2 750.100477 352.702020
2 867.559483 627.575568
2 910.013623 458.782088
2 968.121624 355.378469
2 909.437058 404.824141
2 921.326964 580.380160
2 857.254788 594.139169
2 977.632657 440.842494
2 720.361765 580.513346
2 958.985674 356.512416
2 952.169677 569.099599
2 813.839232 641.817628
2 864.808386 501.433124
2 757.961885 346.761935
2 921.044725 367.612915
2 710.275476 501.749901
2 923.699222 340.109950
2 857.317670 417.800218
1 856.233205 356.455646
1 797.794934 346.954697
2 705.870351 371.067685
2 866.374210 430.680801
2 699.739219 369.079447
1 835.919738 334.388616
1 883.732208 367.735840
2 684.333414 363.991506
2 673.966207 344.727684
2 785.915488 345.786797
1 764.334126 340.833560
2 746.092544 465.626529
2 922.362190 527.394216
2 722.103456 401.466106
1 797.658371 339.189532
2 743.719803 344.347578
2 908.478231 461.877959
1 808.104822 337.620542
2 741.994474 343.603371
1 819.981275 337.494638
2 898.020353 356.288769
1 859.316582 382.583323
2 915.334063 338.052192
2 902.519311 348.573800
1 824.629318 364.883288
1 787.409075 347.328179
1 836.424779 333.913607
2 907.710815 341.698699
1 870.842442 349.369375
2 805.644284 341.305265
2 736.571957 413.446024
2 733.447514 369.970875
2 865.746738 434.472747
2 788.900018 348.300375
1 807.145472 333.415950
1 778.752234 356.492246
2 879.450763 402.821071
1 837.712856 340.599672
1 793.216422 345.626599
1 800.896793 341.723610
2 885.790803 359.961056
1 798.886246 335.011387
2 845.268753 442.131670
1 853.930704 384.834695
1 854.741228 339.713752
2 733.323189 491.410096
1 800.840821 348.003283
2 953.955131 341.636917
2 759.410426 396.757045
2 804.280166 431.287613
2 762.731118 401.206734
1 876.982831 353.235018
2 868.758601 493.975107
2 730.879782 942.588539
2 817.317326 740.240759
2 737.304823 749.460525
2 836.032604 668.933878
2 977.535892 947.458170
2 922.795936 866.236940
2 906.207141 929.633314
2 970.266889 912.324051
2 841.109441 723.509132
2 981.902447 834.698518
2 864.426634 915.553717
2 761.362816 885.111847
2 693.274694 781.004788
2 666.953286 932.102326
2 741.835712 871.078402
2 780.253001 708.401185
2 806.801612 766.132397
2 676.919098 838.098213
2 704.646190 748.944747
2 689.542245 715.221885
2 666.718805 936.435164
2 673.814735 864.293245
2 670.338300 800.972126
2 701.246784 823.456364
2 687.156556 768.226705
