1 199.269705 173.437265
1 210.114308 186.948301
1 205.196307 190.114481
1 201.889364 166.244283
1 212.278736 161.253949
1 212.483211 172.490510
1 195.050289 171.076614
1 179.145205 192.423152
1 203.705688 176.662764
1 220.372450 167.082820
1 208.432975 176.476157
1 190.286978 163.249754
1 191.860712 185.192797
1 186.174945 200.079040
1 180.475691 186.882647
1 204.553109 188.063940
1 220.977149 175.115079
1 196.939850 198.505773
1 199.999612 180.015226
1 196.346362 175.409721
1 193.785615 175.874331
1 198.891638 173.225857
1 180.544847 186.930235
1 186.504118 179.103378
1 180.106523 173.681083
1 212.387992 187.255458
1 212.946587 178.048028
1 209.544623 167.571960
1 181.902077 174.280506
1 205.334414 178.161422
1 212.620355 185.058393
1 188.913952 189.585743
1 204.101071 172.079548
1 179.717881 187.837870
1 207.066242 193.777773
1 214.856571 170.711981
1 184.536981 177.049929
1 184.258736 186.863044
1 194.252804 187.623283
1 201.516642 175.161366
1 221.555916 184.444234
1 204.039642 182.773306
1 209.057956 178.535843
1 198.418725 169.288476
2 147.719864 139.178096
2 293.914801 136.273860
2 245.197685 60.614106
2 294.372177 189.389279
2 247.747488 300.629079
2 123.511157 300.565481
2 304.332227 62.381701
2 318.756259 57.705115
2 240.868928 171.431778
2 158.408097 123.982872
2 238.095347 173.144910
2 6.988644 146.061295
2 317.447416 179.969107
2 89.577762 289.336909
2 225.903249 289.597707
2 18.138077 109.929903
2 3.136457 219.714821
2 129.998060 280.385958
2 198.110545 10.437739
2 246.814734 268.601933
2 31.140934 115.490686
2 265.037625 240.178044
2 114.672760 10.294318
2 140.521718 239.398896
2 24.569977 251.627972
2 87.105782 18.602916
2 203.383335 10.801702
1 199.633524 242.981820
2 312.294757 157.134712
1 186.258078 163.246459
1 190.681650 223.124585
1 179.526503 168.457210
1 201.433449 177.193854
2 147.444851 121.910201
2 21.803109 203.901749
1 229.205689 187.918416
2 50.636169 234.496016
1 175.679715 157.443520
1 184.977551 175.643306
1 208.581660 169.824301
1 177.238808 166.804636
2 308.449336 153.385957
1 187.273724 177.480528
1 193.982234 168.203447
1 203.468637 231.710523
1 229.437364 159.868601
2 291.711943 141.101261
1 161.972508 138.131541
1 230.301860 187.974781
1 245.616395 199.782477
1 239.291582 182.890002
1 202.774525 178.860031
1 214.495127 176.197024
1 170.008000 165.313719
2 230.488720 185.389042
1 172.842734 146.461596
1 172.162716 196.871553
1 186.814010 192.876746
2 300.884819 157.920878
2 236.183373 139.810223
1 173.394090 138.451974
2 270.537672 205.424935
1 190.379368 177.648874
1 247.720101 156.171020
1 273.308996 199.292349
1 213.047256 145.801674
2 106.237983 305.316600
2 280.095904 169.218682
1 167.023600 149.474383
1 216.846897 148.283497
1 197.944196 185.287752
1 182.581868 195.987484
1 238.783585 180.995306
2 270.757709 171.335581
1 255.587263 152.876961
2 253.027830 165.891658
2 163.305792 1.282761
1 183.710968 183.932773
2 204.347338 283.508531
1 199.903547 214.311999
2 261.979332 212.029564
1 240.851451 194.026734
1 220.636567 165.650202
1 160.388282 181.625749
1 175.271617 239.933291
2 269.199338 133.907786
1 218.050001 159.089615
1 165.233660 146.099541
2 292.292071 152.191981
1 210.076631 130.302490
1 218.783710 184.275810
1 180.817268 189.426643
1 209.741860 182.409502
1 179.550586 199.912979
1 208.083275 191.161583
2 273.870913 184.770769
1 216.023337 191.111928
1 177.331798 208.869052
1 212.622609 195.792361
2 190.586547 154.048009
1 194.836115 142.552671
2 279.405818 198.058579
1 218.553179 212.487301
2 290.986307 137.065661
1 167.074522 180.348115
1 198.711432 179.662153
1 211.316807 188.953470
1 160.106591 214.748983
2 262.947886 192.422216
1 207.914462 158.866022
2 196.455288 167.250436
1 232.990182 163.340335
2 263.763553 269.270935
1 193.128097 178.432833
2 131.164104 250.171510
2 222.481977 1.229210
1 167.442451 123.632901
1 234.669735 174.849985
2 51.172239 114.560960
2 226.360161 142.419437
1 206.487472 136.115029
1 203.593018 173.009820
1 179.719235 177.194991
2 292.104576 281.040740
1 129.005226 179.538449
2 273.713973 158.744093
1 143.002612 180.034851
1 163.786703 187.734522
1 196.635714 138.328256
2 227.445314 162.853003
1 235.402349 167.044455
2 122.497085 315.186988
1 191.436208 132.854213
1 205.529941 211.436718
1 196.930101 125.463665
1 223.651555 156.267686
2 293.463491 158.517669
1 121.378471 213.538254
1 159.250490 140.599839
1 244.312219 164.291090
2 171.244360 543.570455
2 66.088670 339.827348
2 153.389716 641.988353
2 215.846863 380.439899
2 197.668517 576.454287
2 176.469311 624.306723
2 162.585077 510.800457
2 28.754951 434.886062
2 28.433730 395.907137
2 285.577834 399.682199
2 243.642724 359.433039
2 206.003233 444.655875
2 119.399959 429.388510
2 73.254313 598.941207
2 134.954239 645.637362
2 99.191083 646.504344
2 207.408084 475.388057
2 175.878546 664.310229
2 196.060539 631.547238
2 329.643162 622.836890
2 146.192364 664.627354
2 97.507727 642.205922
2 316.693355 636.182361
2 239.037069 471.166194
2 16.193107 389.025723
2 317.864135 653.742911
1 145.030728 772.537774
1 157.487720 793.321122
1 126.746203 786.033927
1 143.108860 781.374177
1 154.390032 786.035741
1 152.529190 780.121808
1 145.163527 789.729331
1 142.908453 785.024548
1 147.016255 764.763246
1 140.785421 784.378476
1 149.145823 789.074265
1 129.883861 767.236260
1 162.035259 791.309183
1 143.341848 761.361544
1 157.305392 776.514772
1 148.994945 781.462857
1 139.319658 769.947154
1 150.635253 800.337475
1 139.604911 775.162807
1 139.669431 765.674780
1 148.445724 798.992661
1 161.454364 774.691989
1 145.115120 801.068668
1 147.551750 782.847987
1 130.097206 782.724603
1 146.637271 794.320656
1 144.572743 765.796607
1 165.210033 792.478869
1 138.434013 794.852440
1 137.038868 779.913534
1 148.886593 775.785309
1 154.683136 787.143884
1 151.684056 759.675614
1 141.519321 797.625571
1 172.323697 786.749599
1 143.634279 768.792677
1 171.706840 790.920699
1 150.302771 764.452877
1 154.831874 780.177508
1 165.169143 762.646692
1 139.070384 777.583477
1 164.121171 782.791520
1 131.403224 778.324781
1 147.781349 780.633312
1 142.264031 791.512781
1 156.685346 781.153872
1 144.954823 801.106475
1 168.558070 768.279076
2 45.445622 846.788738
2 278.842459 682.923933
2 144.085517 872.816056
2 179.601668 815.345060
2 66.431093 926.363874
2 304.534268 779.614386
2 226.630879 780.766078
2 168.179667 893.592700
2 155.089063 886.894080
2 206.757819 820.565459
2 95.990597 827.499648
2 100.781039 780.964956
2 251.927141 815.949635
2 97.995087 682.932946
2 109.632884 844.386862
2 186.317673 845.551338
2 54.460575 712.218472
2 132.847880 719.890740
2 251.392151 680.540094
2 78.445487 880.182434
2 292.569065 875.351900
1 130.839131 751.708870
1 146.735431 808.641890
2 228.091613 779.600219
1 153.441215 740.098045
1 169.728850 785.839626
2 185.122498 906.441223
2 314.685024 787.330600
1 163.357284 775.205324
1 156.380208 798.640116
2 150.612653 709.009387
1 143.660494 779.372170
1 118.408469 813.781370
1 183.823259 766.731456
1 147.751471 837.415577
2 264.155743 705.221876
2 182.914719 905.837894
1 156.467719 730.537823
1 148.872413 768.418696
1 145.264844 745.900073
1 203.865474 791.105108
2 321.874875 676.693359
1 144.747180 752.636389
2 88.292654 695.748924
1 111.654159 771.330602
2 292.867830 687.591901
2 254.134835 780.783401
1 130.732204 747.206479
2 221.968792 751.024975
1 115.571182 813.631502
1 135.090910 739.408918
1 159.466086 742.746636
2 199.490000 925.040650
1 128.843052 796.888947
2 268.724542 689.293643
1 165.195321 706.179410
1 163.555712 781.118104
1 168.232573 769.532094
2 148.736876 772.296949
2 296.238355 691.709917
1 178.636057 794.511324
1 103.718836 790.203612
2 272.215627 702.138153
2 76.160093 915.285987
1 173.379903 721.385683
1 170.375561 830.934932
1 148.968169 800.039213
1 186.735838 772.205985
1 192.697008 706.465533
1 172.662595 673.660859
2 140.206082 871.239786
2 133.258578 860.571298
1 98.419424 765.565738
2 154.305495 898.801468
1 160.516018 810.241641
1 141.534599 739.089860
2 214.212117 856.026649
1 164.524894 773.208058
1 143.641853 774.192396
1 202.924179 703.347467
1 195.460743 801.401751
2 196.042963 869.174977
1 96.749648 771.510750
1 149.345146 771.811455
2 231.509081 766.639682
2 270.786329 717.980052
2 100.314581 943.548466
2 252.460652 771.329974
1 127.537753 767.282291
1 155.306543 806.440890
2 219.655155 768.391918
2 220.573267 796.080269
1 196.115817 793.455984
1 149.360939 805.543282
1 138.000460 740.018192
2 264.902897 797.105096
1 204.482454 743.176362
1 138.945865 770.832778
1 169.978910 774.663960
1 214.042331 834.594835
2 349.778605 9.205542
2 605.066590 47.788371
2 589.443399 329.344407
2 581.120796 112.089809
2 665.653347 275.935088
2 363.834378 164.526498
2 647.042743 256.695106
2 527.996854 292.824059
2 666.366008 82.483431
2 649.420891 250.178670
2 429.921659 60.700783
2 442.269964 137.611678
2 578.546029 74.844074
2 340.834231 314.390766
2 608.180601 176.614387
2 581.659812 104.667085
2 584.759719 8.514276
2 406.604858 243.912258
2 393.617551 91.206526
2 530.761359 200.478255
2 390.672135 228.799509
2 623.500289 78.874461
2 371.782737 51.913341
2 334.950622 271.238755
2 444.498006 305.325461
2 571.288115 214.680961
2 588.762709 24.863727
2 377.243931 313.054863
2 663.447694 210.019650
2 605.527821 51.969449
2 352.057554 7.785790
1 382.260213 656.654334
1 400.060358 664.114563
1 405.111228 654.743552
1 414.979481 651.653271
1 403.504982 652.571265
1 390.688447 647.845610
1 405.143784 645.741016
1 397.298582 643.386521
1 399.545928 650.646476
1 408.363581 655.378863
1 407.056579 652.214464
1 387.102474 631.882672
1 385.087245 644.224714
1 412.893603 637.657770
1 405.531501 633.996536
1 408.893194 651.784645
1 398.156383 646.538719
1 400.441090 649.314884
1 397.339133 647.323642
1 399.327124 649.262928
1 400.506485 650.383943
1 395.364842 649.921690
1 394.188539 646.559336
1 397.250624 649.699913
1 406.456430 640.285232
1 380.873523 652.353149
1 397.868197 650.876934
1 400.504314 653.885126
1 421.667448 648.733453
1 422.983944 640.758248
1 380.384746 651.717041
1 392.518443 649.812297
1 411.925322 644.440037
1 394.418308 649.889421
1 406.652711 633.066539
1 394.377634 647.022654
1 394.835188 662.032331
1 395.472651 631.200161
1 402.283887 655.352194
1 412.439738 656.811921
1 394.118353 663.469716
1 402.351592 650.678890
1 393.106662 639.004447
1 411.733015 641.469493
2 455.653924 403.258451
2 363.487086 575.203866
2 554.207542 524.403726
2 407.654692 539.267475
2 422.263068 585.874800
2 545.309700 599.809725
2 569.053141 516.305782
2 472.503920 468.156992
2 638.136057 382.283967
2 337.238754 627.361551
2 514.384405 514.909617
2 421.769390 657.734760
2 567.767176 623.068481
2 531.947152 538.399774
2 414.301767 487.742486
2 346.897906 350.992522
2 515.624875 369.475080
2 379.458646 395.931238
2 603.739266 638.164720
2 501.170248 578.989438
2 493.003781 406.135317
2 439.302773 543.991638
2 622.657885 589.764738
2 624.977644 549.091301
2 418.523773 349.099599
2 651.343269 665.120359
2 400.695022 591.662895
2 356.809001 521.837604
2 399.630019 650.380811
1 379.633149 651.895234
2 549.939475 510.357945
1 399.444315 609.675791
1 409.125704 610.716394
2 361.019364 633.152226
2 390.228667 666.506083
1 366.595909 636.634355
2 392.359414 658.705506
1 405.690610 650.962203
2 420.322542 585.696109
1 440.528722 649.666719
2 416.070456 578.420500
2 526.509853 521.971010
1 450.492798 656.501804
1 388.192206 659.237476
2 406.195889 600.638534
1 361.958289 665.128127
1 366.466366 654.813343
2 461.471938 538.661420
2 408.671542 553.765334
2 422.992680 578.133041
2 452.720059 659.432406
1 378.890219 599.081799
1 376.240592 598.781319
2 460.403529 522.730800
1 377.183704 642.453995
1 443.369969 621.896409
1 419.904916 661.201478
2 456.248916 576.976008
2 466.005838 524.555062
2 480.564203 558.707693
1 436.712299 628.918951
2 340.704553 605.510356
1 376.353048 639.613512
1 373.409467 634.546159
2 562.068601 527.088415
1 424.856070 666.660842
1 400.059045 582.898371
1 424.268180 588.943292
1 412.366757 633.242159
1 411.477055 631.774399
1 404.102093 594.265265
2 427.242334 560.010237
1 392.854902 660.410290
2 355.214561 610.655914
2 350.588718 654.636146
2 461.097033 655.150684
1 394.423627 613.676498
1 411.668134 668.368042
1 592.269184 788.914880
1 591.487549 810.596792
1 569.833038 799.846903
1 572.212885 807.626350
1 562.838830 823.133327
1 581.619194 791.499844
1 562.109298 801.404777
1 569.393378 799.362321
1 575.479506 794.895237
1 550.314057 812.352350
1 585.959880 788.115219
1 564.241788 810.020203
1 569.629502 802.786922
1 577.599504 805.651019
1 574.622168 791.722488
1 564.053403 790.297419
1 553.192257 793.616418
1 549.161840 788.600295
1 576.378288 808.759825
1 569.200985 800.474026
1 576.727973 810.336564
1 553.858209 800.021254
1 559.810518 804.961297
1 548.627846 793.185977
1 562.278597 797.613960
1 571.998115 799.433039
1 566.964520 801.578735
1 574.470780 783.193272
1 570.978102 799.174940
1 576.423917 815.735739
1 592.906930 809.881322
1 592.085861 806.001343
1 575.887485 815.058752
1 562.839817 799.521881
1 565.419632 797.485520
1 555.859829 792.941726
1 582.643007 781.605743
1 586.486928 795.935543
1 571.754810 812.072489
1 569.199946 795.767835
1 580.683493 819.967901
1 571.582199 797.383136
1 590.387599 797.733528
1 577.335586 808.401524
1 580.041311 806.092403
1 567.753650 797.303679
1 570.353356 805.491408
2 577.914558 714.854242
2 436.675419 920.930438
2 601.527925 716.441812
2 443.770658 934.503837
2 373.322691 854.021838
2 574.700117 858.400583
2 610.104511 840.210379
2 659.645040 947.878012
2 526.803464 864.987154
2 486.398273 802.952947
2 381.538185 894.107693
2 339.589366 723.918474
2 412.598899 810.795338
2 382.367949 691.752045
2 448.318685 952.522040
2 503.259611 871.763370
2 408.423329 772.895511
2 650.792042 795.792364
2 520.087113 997.883590
2 496.779949 667.697406
2 447.291469 719.800295
2 646.125732 813.346760
2 473.722511 702.352219
2 648.836860 787.895538
2 572.124382 759.782192
2 542.324607 680.102779
2 622.243191 962.189270
2 524.971951 840.720524
2 430.984447 864.594218
2 583.814646 844.751735
2 616.138961 886.174952
1 548.978922 795.563325
2 389.449770 760.111377
1 576.240124 799.172033
1 578.171852 835.173036
1 524.968098 827.695288
1 394.834027 672.475131
2 578.755821 830.959411
1 585.868910 834.863973
1 540.155731 794.320283
1 386.109393 680.052748
1 590.508853 832.169314
1 584.380527 792.684069
1 547.571970 812.790179
2 478.587277 706.051404
1 552.519413 851.363477
2 586.817542 849.425159
2 470.387583 752.184178
1 614.513075 818.362600
1 603.376405 813.760059
1 385.934580 705.121341
2 404.373224 810.311525
2 394.738642 716.395265
1 587.544028 787.804143
1 543.649119 786.297021
1 364.561313 682.156815
2 378.018738 776.286180
2 621.327039 860.744233
1 591.527181 841.647341
1 531.138065 811.206404
2 591.672064 745.182068
1 629.736840 830.750493
1 534.949190 801.158896
2 465.389501 717.418386
1 597.394165 768.719337
1 557.753046 776.517051
2 568.832672 892.850005
2 336.220831 711.999693
1 397.545097 680.210894
2 608.773431 879.598234
1 563.980236 747.889060
2 526.479730 824.296504
2 383.277837 718.324723
1 535.593627 774.435420
1 565.278251 758.609723
2 663.243197 843.613684
1 549.374426 797.155384
2 440.698580 743.878132
1 647.630784 799.429288
2 432.527570 680.214773
2 608.865383 837.913282
2 345.780531 725.678293
1 580.192678 786.650068
2 566.139087 728.077624
1 568.130088 835.486760
1 401.195116 677.786690
1 386.047076 670.777390
2 591.365295 842.366777
1 623.273946 793.431273
2 377.142710 834.984662
2 590.099080 814.232165
1 423.604094 692.779509
1 591.818725 803.031186
2 382.965188 855.704586
1 562.227899 865.066205
1 601.823171 795.999412
1 557.862335 758.457011
1 566.417369 852.570554
1 506.187674 770.837937
1 596.393113 820.195395
1 597.969971 819.744113
2 622.225477 875.696481
1 582.022645 727.180504
1 537.686372 802.196739
1 569.526844 779.933973
1 583.556075 841.738946
1 634.455694 792.694921
2 454.341632 823.790040
1 423.126657 742.722036
1 539.027964 756.247633
2 347.639786 791.934274
1 644.026569 804.867866
1 523.848183 775.877932
2 412.100876 723.620799
1 594.063813 791.920994
1 554.272003 809.606221
1 592.890109 785.658261
1 621.826566 833.603145
1 596.516896 773.093597
2 621.019561 784.298508
2 357.277246 705.823392
2 435.037917 862.792383
1 551.624481 831.169495
1 622.957516 762.528478
1 579.422957 775.397110
2 441.380489 719.276685
1 534.143403 806.926841
1 547.595562 787.037082
2 498.981020 726.138026
2 600.858660 847.328421
2 400.553265 705.513502
1 562.795602 784.247114
1 416.695145 718.496172
1 543.634464 782.664887
1 586.560726 827.129850
2 425.548837 697.758248
1 606.872926 718.503006
1 630.379812 810.024448
1 520.244662 816.524299
2 578.457200 832.532874
2 402.958699 826.039755
1 389.881479 787.880002
1 541.287396 826.559750
2 417.997999 787.506780
1 399.447383 670.427542
2 387.124702 713.756337
2 507.802571 867.294494
1 572.091053 776.961295
1 513.346942 787.061831
1 606.552114 798.683417
1 583.236400 801.769874
2 659.694746 668.758920
2 515.373681 702.642373
1 431.911288 686.782218
1 556.905955 825.397850
1 587.745828 838.658835
1 817.333145 301.770809
1 812.226200 290.236725
1 830.429414 297.607845
1 824.995430 303.209579
1 814.043604 287.613507
1 833.030645 316.684872
1 831.667684 295.476292
1 814.058431 301.075981
1 834.044190 283.999700
1 827.473053 308.571495
1 819.691371 300.488439
1 820.776003 303.481807
1 835.591285 300.783414
1 807.626186 302.934711
1 820.155986 304.158386
1 822.841290 275.549347
1 826.779512 299.570688
1 802.061386 300.942897
1 818.328382 301.953430
1 830.789986 321.305360
1 821.461269 298.275657
1 809.734327 290.916042
1 799.208382 306.913418
1 827.960425 295.295719
1 822.190965 301.146311
1 828.619228 297.276916
1 824.871657 302.618242
1 818.187449 299.010597
1 822.383471 302.747937
1 809.235061 314.367895
1 817.915434 307.558264
1 838.150705 307.822859
1 817.894563 302.926957
1 820.400217 300.308929
1 825.397005 287.726416
1 820.862003 300.408726
1 818.762404 303.936763
1 812.497967 279.106009
1 829.669497 290.198884
1 832.419664 315.356267
1 820.978513 300.690964
1 797.302606 305.825083
1 843.686914 295.652230
1 836.313379 292.914827
2 666.798979 177.648918
2 722.194114 196.170142
2 799.967573 112.965367
2 893.464066 245.978228
2 755.215109 262.818065
2 967.740334 176.295514
2 847.526756 47.555112
2 896.554048 172.220755
2 882.950573 98.002196
2 919.808063 177.226763
2 777.515608 169.121337
2 763.118143 314.693327
2 830.285743 135.188482
2 995.768737 265.352777
2 801.264136 178.192910
2 675.563414 185.947463
2 900.574006 251.836751
2 844.330495 166.834008
2 792.672124 105.940476
2 786.455709 275.805450
2 909.989381 231.012482
2 721.232896 113.150164
2 850.339335 302.945682
2 955.189126 119.127902
2 923.431828 272.093459
2 921.373790 74.377634
2 809.899771 309.508034
2 700.217118 149.705557
2 923.879637 114.424918
2 799.230402 268.265659
2 725.838965 321.164163
2 826.266588 220.737925
2 746.763665 98.818846
2 942.296089 88.085685
2 998.183651 278.084384
2 992.212422 18.595498
2 961.750529 170.609145
2 747.794707 283.159653
2 743.638688 290.934731
2 820.421599 272.856618
1 790.952272 272.464774
1 803.606629 259.736054
2 771.299981 253.542600
2 833.900220 177.998829
2 733.869285 316.294518
1 875.801799 300.427013
1 795.242510 281.942283
1 796.798028 272.074662
1 820.981012 282.714603
1 837.750567 279.401671
1 835.706746 298.924570
1 812.280936 278.082716
2 681.732749 236.749679
1 852.779017 308.928297
1 819.086482 246.518462
1 802.820559 301.329221
2 747.368359 317.312160
2 787.064260 266.590234
1 725.042245 256.853738
1 798.685244 268.242690
1 816.027581 318.285066
1 837.727566 306.318837
1 827.567639 303.776388
1 798.628466 283.348518
1 791.019610 315.004113
1 875.272919 295.397444
1 803.313951 252.092617
1 795.125097 314.126323
1 797.856051 257.901707
1 832.444302 272.881622
1 825.135660 278.496591
1 799.917581 315.000509
1 757.953649 231.988735
1 820.912037 280.207339
1 817.658383 332.745572
1 801.751227 265.073928
2 818.625026 221.135674
1 803.261415 271.110378
1 792.003707 299.906295
1 833.296896 272.414982
1 793.180382 233.750807
1 812.251585 315.530795
1 778.425396 317.914254
1 767.163231 305.118725
1 846.196731 273.462055
1 854.024134 324.289303
2 796.234125 250.096292
1 806.773205 308.066251
1 814.210377 300.286417
1 828.484027 285.659203
1 799.997777 224.311182
1 806.321592 314.619031
1 765.406376 238.467343
1 862.203105 292.550826
1 869.686246 322.687371
1 787.245392 261.459294
1 817.107184 277.367080
1 826.724839 277.891601
1 854.898180 277.280169
1 870.190466 307.952668
1 805.368770 253.609896
1 851.904519 243.141413
1 857.603802 268.760748
1 815.334544 255.738792
1 807.025610 298.316934
2 808.049261 270.322922
2 864.466314 203.792187
1 851.257266 276.563080
2 902.909059 265.106462
1 798.340773 280.177301
2 932.438953 249.890821
1 863.547157 287.223948
1 792.136840 297.110916
1 850.960963 289.230114
2 903.203378 109.471243
1 808.256384 293.910200
2 803.600261 191.696166
2 924.822934 360.146150
2 853.461554 617.476469
2 898.600168 540.882315
2 677.775509 342.930127
2 750.100477 352.702020
2 867.559483 627.575568
2 910.013623 458.782088
2 968.121624 355.378469
2 909.437058 404.824141
2 921.326964 580.380160
2 857.254788 594.139169
2 977.632657 440.842494
2 720.361765 580.513346
2 772.892698 525.418582
2 958.985674 356.512416
2 952.169677 569.099599
2 864.808386 501.433124
2 922.861860 409.129112
2 757.961885 346.761935
2 921.044725 367.612915
2 710.275476 501.749901
2 821.702857 505.467745
2 923.699222 340.109950
2 857.317670 417.800218
2 952.124610 360.541872
2 785.879563 348.264738
2 936.951543 370.580433
1 846.032618 367.406571
2 891.695177 499.668983
2 793.189227 339.711891
1 850.045834 348.960414
2 912.586101 451.829164
2 733.354754 347.599334
2 883.793476 410.834562
2 780.719725 350.199563
2 920.917092 427.212749
2 746.119699 380.790254
2 724.554439 380.290662
2 962.711685 357.627289
2 968.247804 389.047900
2 930.326374 437.327627
2 987.919840 398.807744
2 764.220414 606.357196
1 826.821743 363.374979
2 730.879782 942.588539
2 817.317326 740.240759
2 728.193996 675.485181
2 737.304823 749.460525
2 836.032604 668.933878
2 977.535892 947.458170
2 906.207141 929.633314
2 970.266889 912.324051
2 841.109441 723.509132
2 975.466924 771.741003
2 981.902447 834.698518
2 864.426634 915.553717
2 960.869334 752.871921
2 761.362816 885.111847
2 693.274694 781.004788
2 666.953286 932.102326
2 741.835712 871.078402
2 780.253001 708.401185
2 806.801612 766.132397
2 797.055072 745.845724
2 707.082566 882.685658
2 691.013009 769.806625
2 679.098054 918.955937
2 674.958054 882.920361
