1 202.078525 179.315206
1 186.819888 180.064576
1 182.952212 174.534474
1 196.768541 177.505941
1 204.328503 189.087506
1 210.958168 179.125455
1 193.067098 161.343859
1 199.534577 179.521387
1 201.970054 177.160632
1 209.442568 186.467994
1 180.724814 194.967207
1 203.531713 193.973627
1 193.107182 173.501593
1 216.060535 192.472274
1 192.250519 197.907028
1 194.037276 181.435106
1 199.799649 178.648621
1 181.725132 173.312320
1 188.637822 183.889312
1 189.229870 181.374885
1 199.026631 174.339036
1 211.479674 193.053529
1 201.737982 180.358956
1 199.410362 165.275356
1 200.678000 184.928028
1 178.902086 190.791062
1 199.439138 173.536568
1 210.518514 165.218820
1 201.121318 185.842062
1 198.505473 182.127880
1 182.344040 172.955946
1 186.702925 186.835629
1 203.281993 182.508794
1 215.404842 195.972708
1 209.131122 169.530986
1 201.587909 182.185522
1 210.067252 172.806962
1 196.414460 144.753135
1 191.788581 184.294191
1 146.866085 186.119050
1 204.291518 187.779527
1 226.621246 125.316517
1 211.291008 161.184090
1 160.543115 153.551847
1 192.957399 132.720736
1 204.079285 204.158814
1 210.273111 179.808914
1 204.130875 181.608221
1 210.593094 203.649085
1 210.677397 163.710381
1 209.980807 156.743084
1 200.751763 149.240514
1 186.437036 193.225770
1 162.825012 184.543856
1 161.101432 146.825512
1 136.152071 154.304262
1 142.305302 169.511461
1 163.141441 159.234703
1 206.301516 140.199850
1 174.628468 171.892968
1 149.759578 169.468503
1 185.205895 167.325077
1 225.069257 175.150790
1 140.637721 166.875366
1 156.410635 169.116469
1 190.148599 208.849101
1 192.328845 205.459917
1 208.337364 196.855174
1 218.329659 167.769949
1 194.085593 163.100250
1 195.689635 196.512533
1 176.219269 190.555110
1 225.546059 213.411718
1 199.431848 157.690504
1 191.576357 143.424696
1 175.315754 177.845063
1 173.625937 138.050407
1 184.671598 173.577790
1 158.732644 167.419058
1 235.645487 139.795104
1 238.533542 100.051407
1 246.916660 238.559410
1 208.198735 215.274546
1 250.326459 114.132467
1 237.915640 222.641930
1 225.980115 122.076531
1 130.673956 149.014053
1 182.207097 182.492172
1 209.918384 186.191038
1 197.267968 115.643089
1 168.894131 171.069219
1 200.665973 190.383398
1 141.530410 170.502725
1 201.535090 191.828686
1 216.115953 169.185064
1 187.658198 157.080456
1 231.391514 208.727870
1 285.994287 132.749525
1 171.075078 199.311832
1 156.079673 121.320766
1 182.812855 169.384395
1 223.120983 173.624100
1 216.791127 143.237617
2 59.664177 453.414726
2 50.576305 436.787278
2 75.720087 415.002922
2 58.804816 428.815023
2 63.347146 425.863559
2 60.732494 408.726670
2 72.406240 438.663397
2 68.614963 418.307461
2 78.024736 442.886722
2 67.604440 409.186050
2 64.626408 427.958435
2 74.532559 427.224107
2 45.398665 416.726962
2 56.673980 431.836704
2 39.766784 432.656259
2 54.629899 427.696813
2 39.445893 422.065107
2 64.010856 425.553187
2 59.602518 430.313672
2 64.184752 413.590620
2 80.182577 438.192942
2 61.246465 421.775181
2 60.792721 428.363508
2 61.668450 429.694248
2 53.810192 419.722364
2 56.705041 425.612133
2 56.175670 411.315359
2 63.494198 428.757342
2 83.436392 431.710276
2 56.345963 431.619136
2 43.408837 443.731623
2 62.548742 428.029501
2 65.727367 424.865274
2 54.176240 408.216230
2 65.391002 431.691994
2 45.589576 434.050779
2 63.955935 438.324871
2 40.333242 444.457525
2 47.776520 438.419990
2 13.943227 431.389461
2 42.330212 420.300836
2 21.782504 383.086406
2 37.294234 404.713545
1 137.580917 790.113407
1 154.195366 773.573497
1 148.767415 779.060031
1 139.421185 798.342218
1 160.131038 787.909778
1 150.308837 780.140365
1 157.117436 792.632554
1 158.460107 771.246079
1 146.027089 803.146904
1 157.586055 786.824144
1 151.165851 778.942263
1 154.737368 774.207855
1 153.580006 777.188003
1 164.555545 789.736037
1 150.928066 781.749938
1 161.261873 761.410870
1 163.909595 777.338638
1 136.628337 785.524255
1 140.338804 770.199865
1 135.578839 792.133503
1 135.556030 777.083723
1 153.267474 780.133094
1 150.762099 774.299002
1 129.636304 786.653029
1 147.859911 793.014543
1 150.481933 780.709372
1 130.425149 772.329319
1 147.324617 770.897743
1 165.789670 780.267917
1 170.979326 792.811980
1 143.297630 795.898551
1 154.225798 768.676333
1 146.283493 780.222102
1 161.861036 758.807051
1 128.360333 771.670554
1 157.033526 783.322430
1 154.356766 782.354495
1 171.076966 768.126136
1 155.137713 786.289303
1 165.961065 763.317471
1 160.573092 762.600482
1 112.614209 755.681818
1 156.369432 745.872539
1 145.817866 747.116388
1 137.567569 764.683722
1 161.364975 799.307089
1 122.307121 780.400080
1 80.884007 775.922267
1 110.960194 740.545653
1 181.662356 801.819662
1 149.540391 821.163863
1 122.692074 811.021784
1 108.275429 799.913904
1 161.769515 767.022237
1 123.796564 775.645594
1 166.004054 790.411075
1 147.972972 740.500039
1 127.646834 795.700437
1 100.637472 772.565470
1 154.836299 777.763057
1 113.148121 824.170724
1 106.185785 758.020965
1 154.517713 783.397043
1 195.102731 820.413944
1 94.525903 810.319028
1 124.782701 793.226925
1 134.404395 794.439198
1 172.379398 729.797600
1 131.534912 737.765161
1 79.676336 791.706027
1 125.206664 785.184057
1 112.399038 768.893057
1 105.699538 828.190897
1 113.598290 767.917027
1 140.415879 770.059040
1 159.414823 764.632700
1 129.705748 780.061496
1 44.446781 742.323165
1 156.384497 771.172903
1 181.301755 741.511705
1 165.016390 829.597867
1 135.749007 816.244662
1 99.689017 794.153118
1 180.554763 791.421205
1 112.340672 773.360677
1 153.637706 805.979016
1 188.329147 835.007236
1 123.036604 757.754196
1 119.274602 773.006984
1 128.676376 751.597649
1 178.751175 817.833507
1 105.562292 766.026890
1 148.707838 780.942386
1 138.314417 802.025310
1 128.024144 810.822896
1 177.659577 788.299932
1 158.420902 731.851372
1 154.136485 736.867171
1 105.176057 819.725461
1 143.869853 803.698819
1 136.024311 791.281871
1 184.981228 761.722206
1 128.793147 759.056785
1 131.194482 732.946270
1 175.337014 773.759197
1 119.195809 768.060413
1 126.309040 801.289573
1 166.755417 795.355309
1 166.218438 800.554233
1 114.440818 756.980835
1 145.912798 777.302131
1 81.084721 770.466139
1 167.071846 770.046156
1 174.599814 810.993325
1 128.496606 778.779123
1 135.378077 811.284697
1 127.652196 780.288591
1 131.867196 765.606555
1 157.899595 770.799006
1 122.914706 740.845241
1 128.198997 756.280141
1 126.935302 807.055291
1 87.636739 765.440042
1 145.663309 780.855019
1 177.764325 726.067154
1 112.745950 799.375996
1 114.804223 821.098722
1 107.665462 790.100596
1 112.246505 809.977786
1 166.492801 809.976970
1 72.535526 745.861991
1 125.953485 783.252979
1 121.696906 780.459985
1 122.753178 785.788989
1 192.212158 790.815215
1 166.566840 797.130137
1 112.057713 809.516876
1 174.409921 721.180083
1 127.709401 771.136404
1 164.255855 723.256447
1 120.447816 802.707332
1 140.864477 798.905651
1 125.539085 808.527604
1 106.809273 729.981316
1 113.399523 776.495788
1 117.985452 772.599629
1 116.208306 762.303768
1 141.884141 761.796552
1 137.387811 795.445785
1 172.196453 823.038488
1 143.229428 702.001285
2 499.585782 134.991032
2 487.072859 134.072046
2 483.869978 133.688808
2 506.632547 149.885286
2 492.965995 129.845313
2 500.372290 132.347817
2 487.886167 155.139001
2 493.720714 134.765195
2 500.592111 143.538737
2 509.219396 138.393067
2 494.685072 156.280964
2 493.952420 155.236588
2 512.198795 143.865391
2 498.891104 142.434045
2 503.031665 142.810787
2 503.838197 164.691625
2 482.063822 143.746553
2 496.084056 144.129262
2 491.287710 130.238975
2 493.997559 149.054409
2 516.354893 141.664266
2 492.726283 160.391446
2 497.273132 140.416961
2 487.985610 127.781588
2 480.665799 140.519273
2 484.169628 124.939385
2 500.296424 143.208910
2 502.431803 130.208756
2 488.163780 137.309645
2 507.653555 163.648638
2 490.172815 141.775291
2 497.665782 137.406016
2 519.923327 144.451390
2 507.237126 134.154348
2 495.384363 140.921447
2 520.065446 142.572758
2 485.296409 121.877189
2 495.878229 119.440463
2 499.532163 145.276059
2 486.023560 139.868389
2 467.734497 120.292447
1 409.232629 630.668999
1 407.023245 639.978443
1 393.944144 650.141133
1 399.197276 650.149638
1 405.431374 649.333913
1 391.300101 656.779568
1 400.259023 649.944374
1 395.487644 652.575963
1 399.326209 652.158784
1 411.968041 650.520766
1 398.848586 635.686138
1 391.609420 665.205160
1 408.133576 630.837110
1 399.173399 644.191207
1 409.607785 663.929181
1 389.841955 658.005263
1 400.774781 650.308213
1 399.641320 649.664334
1 400.950645 653.944074
1 396.906714 642.965381
1 396.371375 649.914623
1 381.955513 645.056636
1 381.367666 653.613494
1 410.397212 637.327155
1 398.660293 649.819049
1 398.602001 647.378318
1 394.385557 654.002274
1 393.340697 642.555826
1 411.539163 654.654595
1 401.664526 639.774492
1 408.226809 628.395687
1 395.338749 637.154486
1 399.215922 650.971434
1 423.036678 654.281203
2 556.654560 492.168320
2 559.645556 478.749257
2 542.108217 474.036524
2 559.685605 487.433473
2 563.369408 490.282628
2 573.381410 471.477110
2 559.161220 474.688788
2 557.486451 481.565274
2 556.840378 498.166857
2 563.704203 473.647680
2 558.252617 486.808067
2 558.899972 479.781194
2 548.343974 488.373185
2 559.745212 479.979779
2 565.753896 479.453980
2 547.504747 473.173566
2 568.280122 458.401332
2 552.993692 480.154732
2 536.452940 475.645585
2 545.797056 473.774194
2 567.445625 494.042759
2 562.460124 483.713340
2 543.069621 483.761617
2 558.284391 476.821103
2 547.655082 458.294657
2 561.074381 495.485274
2 557.684401 461.115869
2 552.590856 490.349685
2 560.512513 470.929234
2 544.830961 464.668945
2 553.586758 461.895545
2 564.947799 458.268381
2 567.193653 481.763242
2 564.631733 472.059136
2 559.099342 479.038836
2 580.142647 476.366680
2 564.291244 478.719299
2 548.831643 495.501298
2 544.664903 471.243575
2 545.146850 474.591171
2 568.669514 482.475636
1 421.119904 647.631767
1 436.482821 647.072697
1 420.813764 630.672944
1 422.329655 633.554553
2 523.308997 526.274020
1 395.709728 628.203213
1 407.124111 654.373997
1 383.627247 583.194609
1 407.958634 592.894078
1 397.386334 622.881108
1 412.310496 611.019328
1 402.097748 653.777100
1 411.177650 661.112306
1 382.424562 630.401827
1 425.167246 660.773656
1 400.746620 644.555358
1 443.794804 602.178898
1 408.478645 643.449645
1 397.253207 614.216514
1 401.991142 590.059266
1 394.513080 614.862386
1 454.077222 655.237418
1 400.756395 651.463385
1 423.649664 621.472158
1 387.897590 631.778173
1 377.709684 642.649325
1 420.387309 636.575752
1 422.667466 664.962436
1 424.823577 656.673872
1 407.748696 623.545419
1 383.468545 638.053942
1 389.633660 657.743348
1 403.151196 656.358227
1 454.504760 643.617864
1 411.723328 656.300930
1 402.587295 655.125823
1 398.811869 639.379587
1 374.581001 590.007761
1 437.249262 649.514378
1 416.242227 634.704546
1 381.438524 606.209013
2 519.265048 505.597937
1 408.646614 646.622920
1 390.711143 664.611066
1 469.691917 576.952804
1 410.473043 639.267699
1 403.926539 649.576946
2 577.891875 473.960777
2 565.604113 438.673123
1 438.066941 611.779831
1 365.491187 631.051479
1 409.471550 608.211353
1 421.149137 591.897124
1 423.966510 623.284887
1 422.490822 634.185857
1 412.600031 607.595447
1 358.969024 590.118832
2 535.247085 493.565843
2 576.916007 485.616205
1 409.619752 638.666785
1 443.147722 626.730729
1 405.536801 656.026983
1 448.834534 640.823791
1 449.624105 663.399674
1 457.479295 630.076315
1 344.999084 666.031023
1 410.831212 624.573396
2 553.281002 476.918945
1 389.884981 599.935010
1 415.006624 656.619197
1 402.845654 645.036728
1 482.425704 628.247270
1 388.678874 611.116769
1 413.969900 658.920803
1 439.644632 649.924913
1 434.982577 648.288552
2 584.072494 479.985580
2 561.100506 521.564074
1 404.287873 637.902715
1 427.606094 665.260151
1 393.992544 620.811778
1 389.986866 655.410903
1 442.299957 600.692686
1 451.638737 631.993690
1 410.706541 619.732929
1 400.223963 664.150656
1 456.664030 586.679969
1 375.406600 629.370948
1 384.826401 656.600157
1 392.114856 668.457714
1 394.954126 674.308099
1 395.577588 668.116983
1 394.221399 669.527537
1 575.661683 787.109299
1 581.751516 787.336215
1 566.340280 801.260464
1 570.123937 800.021367
1 591.474880 793.367133
1 567.376086 804.549630
1 560.549366 808.971070
1 587.747347 813.579480
1 564.153244 803.367135
1 566.634687 799.764181
1 572.759855 799.243772
1 583.571398 807.125762
1 574.188549 798.183811
1 555.463841 818.504065
1 560.629967 802.699365
1 568.084256 806.421477
1 556.173005 808.304817
1 572.362892 786.040284
1 569.348468 803.664456
1 559.722450 798.231480
1 554.189676 788.492689
1 565.268759 792.765162
1 570.431892 804.553449
1 566.122417 793.535738
1 556.450136 801.912863
1 553.909713 813.565870
1 551.165307 798.782531
1 588.384833 811.338194
1 564.321143 806.739449
1 563.309108 788.919077
1 546.552111 799.804377
1 578.038975 812.878854
1 569.494965 799.816144
1 577.269699 796.321275
2 389.538227 833.879714
2 402.161750 844.896420
2 378.960659 833.429814
2 411.442228 835.670410
2 409.237313 811.380150
2 399.890100 830.041025
2 387.390942 851.011779
2 400.025746 809.960347
2 405.207302 850.738799
2 397.114311 827.173351
2 397.580039 831.068220
2 401.636197 813.259206
2 401.312932 830.117661
2 387.290173 814.781166
2 399.712033 820.898581
2 402.382769 830.642689
2 411.152661 844.794265
2 395.711069 837.208026
2 390.150597 825.066402
2 399.501159 818.059710
2 398.257724 839.003859
2 382.307555 837.874612
2 416.083383 812.282884
2 385.918454 817.639902
2 412.266138 813.407596
2 399.456228 830.895849
2 413.065501 846.807698
2 415.642324 835.764118
2 408.008256 824.890422
2 398.878255 849.165779
2 401.175089 840.522349
2 399.819838 837.191383
2 405.832256 845.406995
2 398.449407 821.013905
2 402.179150 831.091748
2 405.133892 836.167852
2 418.329704 828.496631
2 400.384027 826.575821
2 391.501291 844.196585
2 402.664223 816.254259
2 402.357607 815.581699
2 397.917414 854.296024
2 388.306593 841.258806
2 382.629465 844.753000
2 364.632878 861.762820
1 557.515912 820.649436
1 584.196998 829.140360
2 419.994445 831.446616
2 408.687829 796.043954
2 394.401277 826.595695
1 553.005958 787.191246
1 604.473554 743.616925
2 347.401027 861.102879
1 543.010530 801.312317
1 592.028795 863.305464
1 555.676309 785.860507
1 428.765892 667.670914
1 422.496224 669.179805
1 525.427732 819.866006
1 540.477978 789.741186
1 590.209070 809.478910
2 376.816729 817.301544
1 577.372420 839.719279
1 655.424367 767.698238
1 548.339610 771.197344
2 381.117915 819.102140
2 427.533144 791.613819
1 394.417389 672.868285
2 443.966748 884.324377
1 526.606491 840.827477
1 543.120590 791.985328
2 375.813559 848.753495
1 567.966988 818.646300
1 529.853139 794.422797
1 580.576521 752.086580
1 578.216009 773.332442
1 527.983214 776.593352
2 413.918484 832.093825
1 527.995473 820.951565
2 412.778886 805.004846
1 522.477801 860.827026
2 405.696471 789.582553
1 589.629205 790.763041
1 514.384282 794.423714
1 398.650330 683.520600
1 594.681183 819.224941
1 590.735623 782.539242
1 439.966862 668.204692
2 411.083220 817.146153
1 398.147379 700.423493
1 619.095868 721.154594
1 521.250177 773.431695
2 399.457382 839.888232
1 524.066676 798.568350
1 547.185632 769.272334
1 524.290773 847.665639
1 560.685754 773.037116
2 430.162711 773.238690
1 588.233644 783.216683
1 523.503301 831.754485
1 499.930732 836.543078
1 367.498706 671.580005
2 390.818818 821.273903
2 423.835573 819.058039
2 384.106607 880.714266
1 530.145127 875.888419
2 433.569292 857.112569
1 580.562538 829.535904
1 551.436773 820.044522
1 539.811008 764.650405
1 395.448717 683.308337
1 534.771228 769.719018
2 362.688811 875.788766
1 526.282895 823.360375
1 426.262428 692.153652
2 418.371202 821.185437
1 540.163017 781.387537
1 581.201064 751.399099
1 543.482717 787.559367
1 556.196923 836.166049
1 557.641340 763.689638
1 410.904907 716.752503
1 598.871759 813.084837
2 370.952366 828.815247
2 384.554686 815.048516
2 395.330600 798.278066
1 527.186772 799.748019
2 393.480082 842.885240
1 559.352170 791.366843
1 536.408519 842.377373
1 418.043107 677.342060
1 562.425066 786.288246
1 572.695319 782.736243
2 403.428368 777.776977
1 540.055677 803.711572
2 371.922401 834.731861
1 553.647910 812.493004
2 386.651889 836.419443
1 351.397438 677.199692
1 361.124338 669.213577
2 364.836674 861.956206
1 577.491141 821.252853
2 419.260456 847.611816
1 553.301467 785.312675
2 385.808043 781.313213
1 533.830606 773.760424
1 396.592117 670.266419
2 386.394131 781.628569
1 394.014685 722.055273
1 395.740983 669.572990
2 402.346129 804.202787
2 398.305380 803.847586
1 529.812824 783.398001
1 547.647735 763.771307
2 393.301800 826.316750
2 462.534610 841.168964
1 577.249385 744.787905
1 486.209572 817.289969
1 529.158288 794.513185
1 553.012537 789.732382
1 627.023284 795.343768
2 392.514240 811.882438
1 522.136708 807.214844
1 578.957626 746.778393
2 416.726532 816.376391
2 414.672631 886.911125
1 482.290325 846.412744
1 570.826853 811.991473
1 575.720020 760.782695
1 431.334227 672.697937
1 568.939942 769.784963
2 416.128862 811.879400
1 614.606367 797.791420
1 604.736591 780.026134
1 576.977306 738.043155
1 613.750869 782.517789
2 372.291126 791.801484
1 581.973266 792.745487
2 348.501694 794.081139
1 555.888188 825.225930
2 381.835857 779.926857
2 402.785718 864.383455
1 563.092203 751.039638
1 538.404730 820.228905
1 589.675216 807.656226
1 513.145860 783.062747
1 615.097386 780.850990
1 532.446861 804.903868
2 383.718713 874.043270
1 399.721977 690.921181
1 542.858155 801.496467
2 432.913132 848.937607
1 575.705349 751.231713
2 406.366391 795.455629
1 503.974908 825.784356
1 612.874472 757.242731
1 447.927107 829.092071
1 509.410019 783.542703
2 386.512221 839.498449
1 546.177623 812.132595
2 393.800747 829.724712
2 452.154574 827.872841
1 408.175922 693.034993
1 579.057748 782.114356
2 405.603895 815.283636
1 529.338184 824.589419
1 535.936821 732.046233
1 609.432587 826.789516
1 570.643741 781.445984
1 546.143671 805.538684
1 578.510416 771.836159
2 352.493656 780.577465
1 556.013604 800.752920
1 578.287761 761.868254
1 479.849536 787.501654
1 562.697664 826.577673
1 475.238599 828.222742
1 403.937467 681.252850
1 586.858888 837.422651
1 530.741896 799.675077
1 547.821949 790.230057
2 348.270322 837.968803
1 547.632945 715.664981
2 435.586398 800.065263
1 532.027508 784.421712
1 440.767725 669.566975
1 482.989367 829.051827
1 531.223644 815.783567
1 485.630479 767.282477
1 510.962913 851.729411
1 614.620489 746.810574
2 422.188433 820.780983
1 583.066522 801.501966
1 385.369558 698.234925
1 604.409748 789.185962
2 401.473956 829.110706
1 549.899205 725.212771
1 395.804378 667.845870
2 434.401680 820.832805
1 578.104655 798.223085
2 397.980899 788.519575
2 453.029237 762.238047
1 570.634086 806.254114
1 376.867034 696.940778
1 503.740867 745.444154
1 411.574944 683.029710
1 582.536541 769.703131
1 544.343632 746.628205
1 585.898807 812.004221
2 379.993555 791.417439
2 412.519395 860.076579
1 581.486395 790.238328
2 440.643609 824.599247
1 552.436409 807.722251
1 589.683674 806.473473
1 594.060112 780.718121
2 421.183027 869.331429
2 402.764557 821.906642
2 395.813268 798.483420
1 566.742032 787.394834
1 546.401282 832.948484
2 416.414286 812.770175
1 453.492457 670.827704
1 556.480710 785.157537
2 378.543091 764.110882
2 382.487297 813.281405
1 554.740998 763.486174
1 555.634616 813.450822
1 551.037760 812.375481
2 394.661519 813.940942
2 345.988947 784.377238
1 412.620695 678.568415
2 390.047770 781.913505
1 562.580133 823.379396
2 389.429134 793.930923
1 618.654384 753.118455
2 433.586251 806.491772
2 471.963207 849.311482
1 607.267090 722.746386
2 439.914071 821.237469
2 364.311430 837.712303
2 387.956750 840.469807
1 504.554522 850.993169
1 547.136479 841.542383
1 535.706346 809.399713
1 486.193641 772.800342
2 398.225780 820.823602
1 554.725851 797.740030
2 412.648506 843.141003
2 410.098555 816.993916
1 510.358711 771.453995
2 440.351882 823.731699
1 577.530676 721.500203
2 367.347276 778.580023
1 539.287325 807.361723
1 472.823496 755.651455
2 396.176429 755.672490
1 527.475232 734.398246
2 464.194472 805.210040
1 572.970500 747.665348
1 631.792991 798.989407
2 408.420920 857.490739
1 579.595150 747.849089
2 401.305370 805.351954
1 592.851934 793.874619
1 469.972472 770.960876
1 597.343263 836.024917
1 518.661549 821.988209
1 577.798471 840.371426
2 413.761808 786.286668
1 438.952834 673.726262
2 383.432609 801.250421
1 599.596843 897.976910
1 560.213684 813.252122
1 383.509860 677.521947
1 604.954861 756.888261
1 618.843268 807.709907
1 576.630373 787.638733
1 528.442691 736.474635
1 535.779899 735.178456
1 398.432730 676.002745
2 409.238671 833.510652
1 573.501778 785.922540
2 367.119481 796.660975
1 524.701379 817.095310
2 372.174172 844.919154
1 554.445714 735.603348
1 523.011798 837.821566
2 407.305033 807.616975
1 569.414868 771.980123
2 375.636075 819.731321
1 450.777064 739.772852
1 419.968934 679.118853
2 421.051306 832.269435
1 822.570945 295.209373
1 796.388864 306.657840
1 821.036917 304.551643
1 821.918281 286.535242
1 827.008361 306.982318
1 819.703925 311.468283
1 819.562622 309.232983
1 802.629404 300.577595
1 839.125300 303.166866
1 819.550908 293.675277
1 823.128751 297.453261
1 816.029020 288.743721
1 823.478148 298.508401
1 821.751465 291.149601
1 815.426318 276.391480
1 825.283169 296.602609
1 818.450751 282.660983
1 819.187439 300.062221
1 820.927539 293.228590
1 822.934482 292.983958
1 828.970412 303.746897
1 820.841994 316.170513
1 815.418058 296.885520
1 831.099042 306.238499
1 818.992631 313.060734
1 819.454788 297.964086
1 839.922837 300.968418
1 814.089782 286.227806
1 814.952164 321.010370
1 825.252307 296.898763
1 803.852044 302.353583
1 809.983797 301.390875
1 823.426854 290.314283
1 799.510615 313.051670
1 831.735188 292.686087
1 822.409595 321.539671
1 803.484546 312.865743
1 817.297562 303.155753
1 814.325253 299.945888
1 826.184956 286.264424
1 796.806535 286.817238
1 779.800014 289.705641
1 828.068907 253.037648
1 834.128243 322.066010
1 851.722291 285.092762
1 797.772650 268.494733
1 797.731542 297.106515
1 848.940955 296.155783
1 828.105599 327.691720
1 801.003988 307.949276
1 790.843305 315.301082
1 818.905865 316.095722
1 847.397453 306.524917
1 772.571376 331.470219
1 850.114347 283.411203
1 821.090370 249.764045
1 847.214894 282.702915
1 874.905517 287.598613
1 804.360436 332.636018
1 813.439833 292.822848
1 868.226445 263.412053
1 829.833435 246.065085
1 809.819600 311.170817
1 867.347829 295.812696
1 804.488178 293.197795
1 825.109351 299.527115
1 832.215732 304.143518
1 792.727462 328.295780
1 811.754859 320.565086
1 876.099736 332.794583
1 800.939414 324.370045
1 765.369917 324.006303
1 907.362108 299.014993
1 828.023309 258.317376
1 787.935575 261.746640
1 835.397084 318.803585
1 844.858212 309.724673
1 842.956278 326.092821
1 883.544621 323.827372
1 800.867637 331.618662
1 835.648880 288.170978
1 795.207626 305.977182
1 841.936574 305.304773
1 799.843739 270.790242
1 841.970895 304.193656
1 790.108999 287.824788
1 859.295999 273.695775
1 832.443715 259.767861
1 825.463520 274.200811
1 781.074493 279.835203
1 751.903350 287.127065
1 806.058449 331.332096
1 810.766617 299.135324
2 840.676232 608.621616
2 852.475574 633.410839
2 846.066883 625.840064
2 851.954105 627.968782
2 854.026035 648.220403
2 839.991632 615.530566
2 853.077069 632.163393
2 841.955730 613.519406
2 866.584727 624.813974
2 852.416090 642.763955
2 837.016986 614.694498
2 840.738615 643.357703
2 859.753973 642.335668
2 850.632442 625.157595
2 853.359522 611.015333
2 850.418268 615.658842
2 858.067359 619.559308
2 857.351504 643.163369
2 856.027421 643.177058
2 852.373098 634.690302
2 851.245743 630.290808
2 836.293860 616.051164
2 837.884820 636.400251
2 853.265255 626.674026
2 848.812040 628.612968
2 850.192135 635.737483
2 854.054095 633.278565
2 849.995893 630.763458
2 846.559716 642.299393
2 834.979246 636.262926
2 852.717873 632.804110
2 842.090755 638.151091
2 850.444308 630.218780
2 850.868218 630.077384
2 831.691895 631.432495
1 813.941920 334.438037
1 776.570216 338.074482
1 777.040068 344.552506
1 820.388458 356.211036
1 842.738298 354.531245
1 890.557305 391.036347
1 796.916178 334.946882
1 794.714667 341.901207
2 894.938617 624.826272
1 803.957232 335.798718
1 684.088539 791.418766
1 675.277783 727.573093
