1 199.269705 173.437265
1 205.196307 190.114481
1 201.889364 166.244283
1 200.028815 178.904122
1 188.380839 167.329228
1 212.278736 161.253949
1 203.705688 176.662764
1 180.475691 186.882647
1 196.939850 198.505773
1 199.999612 180.015226
1 196.346362 175.409721
1 182.203108 183.478241
1 198.891638 173.225857
1 180.544847 186.930235
1 186.504118 179.103378
1 212.387992 187.255458
1 204.101071 172.079548
1 179.717881 187.837870
1 202.955266 172.699582
1 184.258736 186.863044
1 194.252804 187.623283
1 201.516642 175.161366
1 204.039642 182.773306
1 209.057956 178.535843
1 198.418725 169.288476
2 147.719864 139.178096
2 171.706898 110.554810
2 245.197685 60.614106
2 294.372177 189.389279
2 247.747488 300.629079
2 123.511157 300.565481
2 304.332227 62.381701
2 240.868928 171.431778
2 238.095347 173.144910
2 317.447416 179.969107
2 18.138077 109.929903
2 129.998060 280.385958
2 198.110545 10.437739
2 31.140934 115.490686
2 114.672760 10.294318
2 140.521718 239.398896
2 24.569977 251.627972
2 203.383335 10.801702
1 230.603075 171.179603
2 195.410263 114.689349
1 157.821360 132.502656
2 146.045473 141.779811
1 189.737310 210.073780
1 196.332070 196.818935
1 164.339065 189.265714
1 144.867347 184.127765
1 210.767751 177.502005
1 259.651374 208.455522
1 173.930005 196.312293
1 167.723143 152.710800
1 219.450631 184.098502
2 312.917628 184.561439
1 184.687815 170.657757
1 221.264434 169.383591
2 147.024363 119.108575
1 221.881211 188.980614
2 317.687275 193.086104
1 191.631905 133.660202
1 159.449957 221.259341
1 190.479237 172.990416
2 293.847830 60.104830
1 274.380009 225.520859
2 229.713013 127.181906
1 211.939504 168.593084
1 201.627115 146.792540
1 192.274917 201.793868
2 321.758554 97.087005
1 225.742615 192.391405
2 280.100308 81.761016
1 220.271143 181.600557
1 190.310736 191.189273
1 186.200277 186.690174
2 229.827203 262.160166
1 163.222257 193.526504
1 148.899209 187.887629
1 128.396588 159.489103
1 199.663619 176.930046
1 192.247385 137.917036
2 309.979222 131.999419
1 163.769164 144.407899
2 277.233372 181.170881
1 230.771606 173.561482
1 211.549056 167.599487
1 200.968228 130.810403
1 176.132810 154.173435
1 181.120860 198.821415
1 219.637608 176.917012
2 307.639232 167.627603
2 223.922584 22.005296
1 171.896595 218.834540
1 204.410453 149.812858
1 141.387054 163.695581
1 156.832857 217.866865
1 184.312871 144.433731
2 273.517517 183.697184
1 169.425111 164.291878
1 105.354373 165.964387
1 195.763955 199.702687
1 159.485311 200.321993
2 94.842263 302.922646
1 177.538447 235.827983
2 284.196722 148.559011
1 144.429877 208.421612
2 212.485102 113.143733
1 177.394570 176.232215
1 192.600748 179.799879
1 158.990981 153.617960
2 32.552513 240.503935
1 134.736204 200.030874
1 159.438514 173.382156
2 146.790976 81.081853
1 179.185421 206.098048
1 237.119247 194.020717
1 190.266614 215.657403
2 283.216350 156.712390
2 229.831881 120.261004
1 197.364994 168.849994
1 295.266597 245.183933
2 220.230217 3.958319
2 254.243458 161.849877
1 280.231792 203.649767
2 322.769743 173.609992
1 145.742527 216.695283
2 8.085818 151.776913
1 231.713236 189.514232
1 201.662353 138.893786
1 193.281658 92.649603
1 198.484095 209.560126
1 101.865089 228.051237
1 206.615993 170.853344
2 66.088670 339.827348
2 176.469311 624.306723
2 142.015951 484.013842
2 28.754951 434.886062
2 28.433730 395.907137
2 119.399959 429.388510
2 73.254313 598.941207
2 134.954239 645.637362
2 175.878546 664.310229
2 300.556842 584.784895
1 329.310726 639.721321
2 282.291639 592.436795
2 295.359617 602.133425
2 98.750220 623.069688
2 98.572581 660.327143
2 131.100985 631.735497
2 311.901463 645.642849
2 331.758675 660.398946
1 312.355824 645.687544
2 273.096946 648.632914
1 330.542743 641.529302
1 295.330981 649.026036
2 324.863859 651.160588
1 328.243110 633.800363
2 304.347087 626.223229
1 145.030728 772.537774
1 157.487720 793.321122
1 143.108860 781.374177
1 152.529190 780.121808
1 145.163527 789.729331
1 142.908453 785.024548
1 147.016255 764.763246
1 164.059055 789.500816
1 129.883861 767.236260
1 162.035259 791.309183
1 143.341848 761.361544
1 157.305392 776.514772
1 148.994945 781.462857
1 139.319658 769.947154
1 150.635253 800.337475
1 139.669431 765.674780
1 145.115120 801.068668
1 147.551750 782.847987
1 145.398130 795.977175
1 138.434013 794.852440
1 137.038868 779.913534
1 148.886593 775.785309
1 151.684056 759.675614
1 141.519321 797.625571
1 171.706840 790.920699
1 154.831874 780.177508
1 165.169143 762.646692
1 164.121171 782.791520
1 131.403224 778.324781
1 147.781349 780.633312
1 142.264031 791.512781
1 156.685346 781.153872
1 144.954823 801.106475
1 168.558070 768.279076
2 314.745031 695.223919
2 278.842459 682.923933
2 144.085517 872.816056
2 179.601668 815.345060
2 25.964187 815.865713
2 226.630879 780.766078
2 155.089063 886.894080
2 100.781039 780.964956
2 97.995087 682.932946
2 109.632884 844.386862
2 186.317673 845.551338
2 54.460575 712.218472
2 251.392151 680.540094
2 92.891069 894.358573
2 292.569065 875.351900
1 145.685166 777.524637
1 186.073459 762.741633
1 116.780871 774.207527
1 199.108374 770.929174
1 134.722295 752.875871
1 143.354094 820.226428
1 184.558099 742.885353
1 133.697062 800.831085
1 117.159146 781.411920
1 129.745134 712.781956
2 83.669639 842.977975
1 146.583066 779.914403
2 207.116455 808.537635
2 36.188144 827.148320
2 146.879264 819.669158
1 178.753204 828.369810
1 172.942081 840.415224
1 129.539317 791.579192
1 160.378250 781.906942
1 119.867485 780.161042
1 53.593739 743.822609
1 124.674438 758.745142
2 104.803723 852.737882
1 145.222717 803.756379
1 159.876788 783.526017
2 57.011822 819.401228
1 138.853782 768.814093
2 166.914428 851.921874
1 128.411859 804.372217
1 137.459523 790.357423
1 115.525241 739.566732
2 119.944002 714.473162
1 143.298459 768.753199
2 89.097322 787.226112
1 329.339123 669.840374
2 153.044132 856.921078
2 188.857377 815.093917
2 115.817179 744.646717
1 166.228825 795.062433
1 191.651716 755.870322
1 103.722989 843.520361
2 125.342305 827.897555
2 188.091008 872.321776
1 115.334069 741.175314
1 150.934429 771.394632
2 119.005279 838.762902
1 143.369011 772.636796
1 124.054174 770.681755
1 131.872515 819.215235
1 134.934884 774.286655
1 297.541627 674.349221
1 92.726635 862.943478
1 70.818531 730.432894
1 208.086616 791.964850
1 319.810903 688.504217
1 138.123187 747.631708
1 155.513397 828.569667
2 220.632200 705.965162
2 175.278785 991.944928
1 132.124549 810.244954
2 298.802091 797.392587
1 149.734193 825.797283
2 193.538871 818.059579
2 289.179124 695.741037
1 163.682642 819.967121
2 232.725093 686.217086
1 110.240038 743.107864
1 139.543915 780.647557
2 66.612499 876.843625
1 79.875287 798.764729
1 149.370103 785.172484
2 122.172592 691.347203
2 321.662916 786.079980
2 310.152395 823.554964
1 165.485424 825.356373
2 89.488202 713.552952
1 104.252441 724.212212
1 145.859687 824.480730
1 171.423159 759.588720
2 171.942814 748.619886
1 129.454286 750.748090
2 69.776784 822.903871
1 100.204727 744.388148
1 123.195302 765.585541
1 236.906207 767.961658
1 188.732246 671.885503
1 97.789837 737.800904
1 124.358314 748.139126
1 167.960101 819.962704
2 52.607259 780.123440
1 217.228975 787.146464
1 175.817040 686.954552
1 148.719616 751.587862
1 302.652052 672.071810
1 178.478060 787.211602
1 168.244427 750.185970
1 165.803543 746.373932
1 132.973906 801.607390
1 156.216312 772.444220
1 91.448350 736.651985
1 292.228163 707.291697
1 130.039321 753.343248
1 177.637074 804.164682
1 195.272354 750.994205
1 155.056751 866.984313
1 136.365238 785.431007
2 20.878754 816.301229
1 157.842098 829.877814
1 118.761919 812.317551
1 167.442553 700.094276
2 107.236311 859.867179
1 129.329151 822.802903
2 96.038805 787.487258
1 149.186184 742.479232
1 153.419203 737.520464
1 170.451311 762.746681
2 328.555216 700.395302
1 138.514922 776.561029
2 349.778605 9.205542
2 589.443399 329.344407
2 665.653347 275.935088
2 363.834378 164.526498
2 527.996854 292.824059
2 429.921659 60.700783
2 463.885595 159.578450
2 340.834231 314.390766
2 402.867411 243.143525
2 334.950622 271.238755
2 444.498006 305.325461
2 571.288115 214.680961
2 618.520609 252.908941
2 525.292936 3.364997
2 335.474548 272.635960
2 495.295906 33.493444
2 398.790679 309.704988
1 382.260213 656.654334
1 400.060358 664.114563
1 414.979481 651.653271
1 403.504982 652.571265
1 405.143784 645.741016
1 399.545928 650.646476
1 412.893603 637.657770
1 408.893194 651.784645
1 399.327124 649.262928
1 395.364842 649.921690
1 398.053061 653.189044
1 394.188539 646.559336
1 397.250624 649.699913
1 406.456430 640.285232
1 400.504314 653.885126
1 421.667448 648.733453
1 422.983944 640.758248
1 392.518443 649.812297
1 411.925322 644.440037
1 408.039858 649.382839
1 394.418308 649.889421
1 406.652711 633.066539
1 394.377634 647.022654
1 395.472651 631.200161
1 412.439738 656.811921
1 394.118353 663.469716
1 402.351592 650.678890
1 393.106662 639.004447
1 411.733015 641.469493
1 401.110278 649.500800
2 407.654692 539.267475
2 422.263068 585.874800
2 545.309700 599.809725
2 409.899350 583.813836
2 569.053141 516.305782
2 337.238754 627.361551
2 421.769390 657.734760
2 531.947152 538.399774
2 414.301767 487.742486
2 346.897906 350.992522
2 515.624875 369.475080
2 379.458646 395.931238
2 603.739266 638.164720
2 493.003781 406.135317
2 439.302773 543.991638
2 622.657885 589.764738
2 418.523773 349.099599
1 407.534469 613.917063
1 420.995697 618.780653
1 414.681423 653.257156
1 392.842763 591.894601
1 450.524803 663.757727
2 376.563859 659.911285
1 355.408799 650.895650
1 353.774908 618.994574
2 529.417939 584.644295
1 358.950877 664.608314
1 389.016068 629.834488
2 441.198881 579.615803
1 441.537610 620.639751
1 432.595547 623.921975
1 389.293671 651.234310
1 400.353603 647.504883
1 431.344030 649.309787
1 384.999830 635.612666
2 542.702509 604.176152
2 383.566837 513.154682
1 365.654436 630.681273
2 428.067489 660.746398
1 460.567705 650.984530
1 369.126912 643.076080
1 406.273418 649.280436
1 380.013570 657.754814
2 373.561338 608.977452
2 434.316845 585.678334
1 430.892800 606.896948
1 408.445038 657.305474
2 504.753104 635.166758
1 394.125035 645.884860
2 561.985942 511.641991
1 437.321636 605.202236
2 404.317421 580.303894
1 371.283074 629.317437
2 334.559886 657.907760
1 415.579164 653.473590
1 367.139967 643.791663
2 348.855719 630.520955
2 406.729951 633.920260
1 378.666274 633.184886
1 387.562807 636.688842
1 410.148701 629.427322
1 402.729882 632.972308
1 351.644789 658.563281
1 442.826910 659.720933
2 445.705958 611.710372
2 554.808234 582.941223
1 437.903307 628.028857
1 393.057203 659.977687
2 492.549822 653.747280
2 489.011655 581.445572
1 451.015007 657.251884
2 519.808222 656.907153
2 529.054279 583.800557
1 336.332978 651.843024
2 418.895202 514.417011
2 423.269681 652.075286
2 472.891031 636.011598
1 456.981469 602.343680
2 499.699592 661.711951
1 426.067634 640.876710
2 375.177036 662.675105
1 405.639135 622.581125
1 394.036540 651.725677
1 373.373345 640.812111
1 415.445154 654.162651
1 438.580372 665.048652
1 381.952733 663.923500
2 381.525287 631.631192
1 400.788283 643.236919
2 542.426209 582.895604
1 404.419114 594.431704
1 430.617018 648.158970
2 533.191473 579.563299
2 471.843183 662.133361
2 358.377208 615.693052
1 427.839067 581.026726
1 460.853149 652.251550
2 415.018374 640.133456
1 384.643363 634.600325
2 599.099321 579.035697
2 356.317917 576.895111
2 470.698283 647.523441
2 433.487243 608.129066
2 388.225267 564.603540
1 412.308431 636.063711
1 426.358667 655.232457
1 448.007530 630.483510
1 455.761854 642.040483
1 406.982775 639.866383
1 392.254651 644.194478
1 385.631081 596.336260
2 603.753867 630.121591
1 426.498717 617.523746
2 406.733779 578.328392
1 474.331300 633.890224
2 539.898246 524.690021
1 592.269184 788.914880
1 591.487549 810.596792
1 569.833038 799.846903
1 581.619194 791.499844
1 569.393378 799.362321
1 550.314057 812.352350
1 585.959880 788.115219
1 564.241788 810.020203
1 569.629502 802.786922
1 553.192257 793.616418
1 549.161840 788.600295
1 569.200985 800.474026
1 562.278597 797.613960
1 571.998115 799.433039
1 572.089694 783.789241
1 570.978102 799.174940
1 576.423917 815.735739
1 575.887485 815.058752
1 582.643007 781.605743
1 586.486928 795.935543
1 571.754810 812.072489
1 580.683493 819.967901
1 571.582199 797.383136
1 590.387599 797.733528
1 577.335586 808.401524
1 567.753650 797.303679
2 577.914558 714.854242
2 601.527925 716.441812
2 443.770658 934.503837
2 373.322691 854.021838
2 610.104511 840.210379
2 642.694306 910.732831
2 486.398273 802.952947
2 349.544459 746.803773
2 412.598899 810.795338
2 382.367949 691.752045
2 448.318685 952.522040
2 408.423329 772.895511
2 650.792042 795.792364
2 646.125732 813.346760
2 648.836860 787.895538
2 572.124382 759.782192
2 542.324607 680.102779
2 524.971951 840.720524
2 430.984447 864.594218
1 640.571168 810.465098
2 508.569760 711.183450
1 631.414469 787.872007
1 587.207014 775.067513
1 532.854931 774.474225
2 347.815165 669.994072
1 557.669390 818.466299
1 584.098136 755.505695
1 629.808486 820.638430
1 560.695902 803.491138
1 379.802544 674.418090
1 584.162533 835.617333
1 598.704411 843.086319
2 662.905485 847.606126
1 456.397279 690.897216
1 418.571081 673.353679
1 367.149550 699.325886
1 564.781256 797.775029
2 644.331785 776.065070
1 547.168589 765.092460
2 587.176621 858.717089
1 362.307525 667.710360
1 567.163331 833.609396
1 364.736935 666.729653
2 359.066135 734.689641
2 508.120990 896.003689
1 555.752212 826.444543
1 613.416229 828.704497
2 459.809487 903.328161
1 513.846835 749.525836
1 425.897591 722.862087
1 541.976776 821.372907
1 611.930691 747.102721
1 594.300247 748.945131
1 502.335377 816.341033
2 344.326765 702.818164
2 640.262189 716.839704
1 415.836544 673.449560
1 532.880992 780.616262
1 566.270351 788.624823
1 599.725198 807.917903
1 569.624397 821.210811
1 635.224847 831.557029
1 595.902687 802.980430
2 458.295520 725.260189
2 384.858113 744.410010
2 425.994026 711.472698
1 574.861737 812.403002
1 535.219063 793.325232
1 616.749762 780.138094
1 564.122627 815.079074
1 562.516638 816.887715
2 567.825142 860.063434
2 421.317476 710.878512
1 536.852719 835.920463
1 578.110689 762.090253
1 541.831306 802.632530
1 562.396117 816.506818
1 569.974367 771.175511
1 569.250793 889.385451
2 454.804118 963.800627
1 557.806001 835.244284
1 611.996688 808.352933
1 563.925338 833.293891
2 465.432673 752.083597
1 585.077693 772.382584
1 557.369459 786.112287
1 566.419070 786.325675
2 531.219140 768.421461
2 351.564791 689.561262
1 578.123665 837.703204
2 457.615123 745.423477
1 396.600739 676.285815
1 564.970858 786.523900
1 544.304287 780.394501
1 598.293063 825.128524
1 530.406361 923.184247
1 605.588164 812.976675
2 363.622517 768.654695
1 521.531603 789.008266
2 545.626263 827.970535
2 536.407401 725.397173
1 591.055342 838.206808
2 375.826507 716.533039
1 579.425892 851.220947
2 391.699505 749.201455
1 587.190679 793.926995
2 661.589842 687.010758
2 511.609341 794.984919
1 612.169362 846.777321
1 572.880018 833.282578
2 404.763132 691.515231
1 505.887572 767.218841
2 663.601832 920.220601
1 556.692644 767.333376
1 595.580936 809.984450
1 610.494971 849.379036
2 402.222747 744.499813
2 401.877292 725.862498
1 532.705217 801.873780
1 606.720456 822.086790
2 473.713175 769.911260
2 588.937097 889.813880
1 537.515334 709.122728
1 592.481472 875.554568
1 341.377533 723.417011
1 382.272362 686.046398
1 567.739776 790.423486
1 503.265525 823.455812
1 588.759560 807.720136
1 554.225264 773.854694
2 510.681804 883.915299
1 555.652217 879.260101
2 389.518280 759.806304
1 602.225096 825.695868
1 549.039338 775.556071
1 546.667926 808.937315
1 513.807869 805.100735
2 464.738863 735.721591
1 538.583012 876.132991
1 600.313419 766.905839
1 652.294781 798.960357
1 605.799662 757.056639
2 590.141778 904.950824
2 568.266168 860.480373
2 525.148830 856.620564
1 532.955897 785.323506
2 538.369629 870.247608
2 664.105330 838.316214
2 454.109289 718.805761
1 597.333541 788.404924
2 603.819816 890.673236
1 598.271300 799.626547
2 408.783374 732.099558
2 387.032168 764.787136
2 623.184758 740.703279
1 563.428967 755.605990
1 444.906112 687.504158
2 502.388005 886.712175
1 586.796067 782.625115
2 593.386632 766.509747
2 468.372285 801.449364
2 482.150810 884.388733
1 564.496029 856.375699
1 593.517020 815.835241
1 587.441756 789.978718
2 506.697560 862.492098
2 371.102107 741.651407
1 596.807332 819.162597
2 598.999459 727.268040
2 397.939761 750.577900
1 561.218362 813.863184
2 349.203867 676.187016
2 522.954702 730.025762
2 452.534870 740.238796
1 571.433411 828.165919
1 585.361850 818.908251
2 517.019426 731.284624
2 524.974351 981.839060
2 495.845594 683.379157
1 575.608545 777.668854
2 498.318177 751.645089
1 586.261941 805.888037
2 423.993430 717.546787
2 391.776510 763.164418
1 418.411453 708.157891
2 449.757560 905.215266
2 488.711011 707.684160
2 497.075316 856.465295
1 587.190679 793.926995
1 572.095068 791.404117
1 585.032052 826.248570
2 336.843163 770.295546
2 492.407866 719.500571
2 386.765751 774.804286
1 552.203784 817.635603
1 548.467789 813.310511
2 449.243208 733.553792
1 547.936156 801.087026
2 639.772556 838.794693
2 343.843673 745.916855
2 596.177931 931.620722
1 602.346589 804.633759
1 346.810249 741.165563
2 508.883061 723.546709
1 568.978129 768.724484
1 352.484895 685.636326
1 546.453983 782.940401
2 546.117944 895.708672
1 560.064521 870.403418
1 584.738621 850.678393
1 629.684077 796.891519
2 400.821591 742.525718
1 350.279623 670.915625
2 521.028789 852.152791
1 568.897231 809.992944
1 489.906024 826.087735
2 460.096313 710.683443
1 586.058358 796.574955
2 449.449733 699.160343
1 618.133565 815.781254
2 480.250404 773.322973
2 415.368116 756.348651
1 594.986009 792.808524
2 660.923958 933.945901
2 600.179550 920.308240
2 399.013953 713.524072
2 401.242707 694.395847
2 409.517570 723.621505
2 590.095585 728.406273
1 571.954982 816.769487
2 395.156951 740.800651
2 537.016757 881.174487
2 460.513031 799.168033
1 565.484070 811.119990
2 362.834452 747.819630
1 490.544602 796.033011
2 465.603840 758.764263
1 356.373510 669.473954
1 556.036666 837.243942
1 540.889172 778.725303
1 557.985354 795.375295
1 610.798370 830.528380
2 436.980906 787.292866
2 592.342758 734.364227
2 365.461257 723.276182
2 606.529950 849.754745
1 345.972582 703.398387
2 461.539401 743.511298
1 598.314042 777.103525
2 518.577112 698.850031
1 580.115632 828.460267
1 551.022367 847.129731
1 542.588253 815.783594
1 605.207859 827.097386
1 623.416494 772.854772
2 624.267205 778.428147
2 508.784292 684.776786
1 552.373281 820.874302
1 541.533836 797.198089
2 343.506440 766.965862
1 430.797341 680.932460
2 490.422004 742.458827
2 579.995423 840.189702
1 596.463037 702.130333
2 405.440050 789.301623
1 405.049139 690.790169
1 527.371056 803.798708
1 568.679451 819.413995
2 515.309710 853.685311
1 566.202023 848.017359
1 570.939466 763.844998
2 616.054001 937.707836
1 589.672786 765.754400
1 586.832022 876.149726
2 532.956230 882.419743
1 588.684667 792.478299
1 348.911510 689.839503
2 451.632699 709.166869
2 381.526001 799.902464
2 517.485761 698.565450
1 559.105411 797.985701
2 467.009385 800.570789
1 554.115559 857.739919
2 529.894246 901.498448
2 357.660025 752.042911
2 489.680575 872.043881
1 568.445333 791.197251
2 582.604809 801.416673
1 514.259486 817.301578
1 615.215809 856.624561
1 576.034665 749.252125
2 460.445253 699.027366
2 478.272419 721.629851
1 582.729724 872.070053
2 474.023244 760.124873
1 550.302927 876.189714
2 385.814383 672.666902
2 398.837015 702.139353
2 555.437536 859.369004
1 501.470193 824.416219
2 404.537869 741.880750
2 535.104686 679.957911
2 570.071080 762.468743
2 449.814927 770.105874
1 389.639289 670.341144
2 466.441926 695.205265
1 568.983837 779.577134
2 376.044569 774.951165
2 566.478940 764.852374
1 530.315070 805.049913
2 435.582770 715.067611
2 647.424951 760.506417
2 507.734908 902.518248
1 580.542591 780.216791
1 561.455298 834.822987
1 405.429865 683.532619
2 477.134366 776.157237
1 566.002189 859.341395
1 569.142608 775.554926
2 480.906738 747.177106
1 600.510148 803.937527
1 522.438126 873.371592
2 474.759811 852.119088
2 399.430672 724.793430
1 481.956304 798.279130
1 574.187206 792.735636
2 538.725345 885.274173
2 580.092874 698.650553
2 438.615909 852.759656
2 402.568847 725.544022
1 812.226200 290.236725
1 830.429414 297.607845
1 833.030645 316.684872
1 814.058431 301.075981
1 834.044190 283.999700
1 819.691371 300.488439
1 820.776003 303.481807
1 820.155986 304.158386
1 822.841290 275.549347
1 802.061386 300.942897
1 830.789986 321.305360
1 809.734327 290.916042
1 799.208382 306.913418
1 818.187449 299.010597
1 822.031434 305.360813
1 822.383471 302.747937
1 809.235061 314.367895
1 817.915434 307.558264
1 825.397005 287.726416
1 818.762404 303.936763
1 829.669497 290.198884
1 832.419664 315.356267
1 843.686914 295.652230
1 836.313379 292.914827
2 666.798979 177.648918
2 722.194114 196.170142
2 799.967573 112.965367
2 893.464066 245.978228
2 755.215109 262.818065
2 847.526756 47.555112
2 830.285743 135.188482
2 995.768737 265.352777
2 801.264136 178.192910
2 675.563414 185.947463
2 844.330495 166.834008
2 792.672124 105.940476
2 909.989381 231.012482
2 721.232896 113.150164
2 850.339335 302.945682
2 923.431828 272.093459
2 923.879637 114.424918
2 799.230402 268.265659
2 725.838965 321.164163
2 942.296089 88.085685
2 998.183651 278.084384
2 747.794707 283.159653
2 743.638688 290.934731
2 722.454040 173.804150
1 837.669926 295.255021
1 851.109640 247.613908
1 840.250610 283.968508
1 826.545734 241.974268
2 681.132308 83.803382
1 845.388127 310.351560
1 853.062269 277.279597
1 847.071850 318.922180
1 840.497563 324.748291
2 894.354390 227.789394
1 825.554223 293.398806
1 843.825876 315.541684
1 857.826014 268.700808
1 788.960879 265.559127
2 726.589371 278.562031
1 831.286779 325.534258
1 788.271667 332.391377
2 892.087299 251.670971
1 803.879276 310.699030
2 702.570144 278.968077
1 821.562235 309.124938
2 974.133029 213.817224
1 752.657018 331.951858
2 780.998136 253.002682
1 877.462564 300.989863
2 860.409235 266.826472
1 808.932515 316.683119
2 870.542471 233.316841
2 765.793190 317.322042
1 809.937752 295.798053
2 821.048947 217.283667
2 793.231875 196.872555
2 811.851862 297.564244
2 768.981162 282.271285
2 886.040087 229.740642
1 849.817369 289.216410
1 865.893945 264.516802
1 823.374669 245.035601
2 800.435405 328.118341
1 839.017026 314.969100
1 854.033260 304.738348
2 778.107952 302.697505
1 840.679669 253.455615
1 850.203263 285.155290
2 803.990346 222.879908
2 961.526846 206.019803
1 852.001712 306.754555
2 918.039059 307.561707
1 827.654128 269.544455
2 762.203710 291.589314
1 742.291664 296.932623
1 813.226041 260.010548
1 851.630114 269.607738
2 809.015805 234.681419
1 825.197349 302.310155
1 812.890110 316.388835
2 742.419851 227.636532
1 830.416687 319.194447
2 743.154414 271.113011
1 771.743274 290.814477
1 827.386040 329.161011
1 812.972548 316.912589
2 856.537525 281.127759
1 848.960135 301.435434
2 847.300646 318.058375
2 778.338803 310.650412
2 734.674295 213.193692
1 822.325756 309.720003
2 868.204188 262.521310
2 726.203444 266.090116
2 695.478995 276.903525
1 819.723484 307.879791
1 856.933565 273.077121
1 819.050301 295.756914
2 883.217942 284.374859
1 809.292685 322.714387
2 883.485852 189.734246
2 915.308171 242.145619
2 966.721637 230.725014
2 880.992700 223.487080
1 813.972685 264.059849
1 799.449994 304.892317
2 766.019633 234.304805
1 846.203455 325.033566
1 826.605170 258.066099
1 793.928744 285.457817
1 840.430819 320.084743
1 818.270700 285.240974
2 792.994176 314.237980
2 767.101220 122.895648
1 818.012069 281.566274
1 883.951836 260.736614
2 751.607517 289.239657
1 831.270481 263.621487
1 909.963734 268.729001
2 739.202998 320.833434
1 831.612667 294.407629
2 986.316969 245.424180
2 798.411866 242.009141
1 821.410255 279.927693
1 827.503099 262.372244
2 744.971345 310.405371
1 930.245675 305.568797
1 828.679929 295.048554
1 880.409756 281.242858
2 978.624030 103.930557
1 812.554185 326.718885
2 898.600168 540.882315
2 677.775509 342.930127
2 750.100477 352.702020
2 867.559483 627.575568
2 910.013623 458.782088
2 968.121624 355.378469
2 921.326964 580.380160
2 720.361765 580.513346
2 813.839232 641.817628
2 921.044725 367.612915
2 710.275476 501.749901
2 821.702857 505.467745
2 923.699222 340.109950
1 783.317951 339.830129
1 861.223118 348.969950
2 732.887534 347.925650
1 899.788817 341.198330
2 930.466332 411.186749
2 960.802694 345.699579
2 934.054059 464.726286
1 866.292268 338.591730
2 937.753339 422.507024
1 839.332901 354.746200
1 890.054621 333.463202
1 862.359374 355.992681
1 857.848215 401.195392
2 781.813455 345.717881
1 863.453981 393.671269
2 817.317326 740.240759
2 737.304823 749.460525
2 676.107195 838.903866
2 836.032604 668.933878
2 977.535892 947.458170
2 922.795936 866.236940
2 906.207141 929.633314
2 970.266889 912.324051
2 841.109441 723.509132
2 975.466924 771.741003
2 960.869334 752.871921
2 761.362816 885.111847
2 666.953286 932.102326
2 741.835712 871.078402
2 806.801612 766.132397
2 704.760112 791.675326
2 734.169363 795.754020
2 741.089147 798.694825
2 681.530495 871.152057
2 730.316452 783.644746
2 946.204183 935.416291
