1 199.269705 173.437265
1 205.196307 190.114481
1 201.889364 166.244283
1 188.380839 167.329228
1 212.278736 161.253949
1 212.483211 172.490510
1 179.145205 192.423152
1 220.372450 167.082820
1 208.432975 176.476157
1 190.286978 163.249754
1 191.860712 185.192797
1 199.578806 182.418145
1 186.174945 200.079040
1 180.475691 186.882647
1 196.939850 198.505773
1 199.999612 180.015226
1 196.346362 175.409721
1 193.785615 175.874331
1 201.650211 166.035300
1 198.891638 173.225857
1 180.544847 186.930235
1 186.504118 179.103378
1 180.106523 173.681083
1 212.387992 187.255458
1 212.946587 178.048028
1 209.544623 167.571960
1 212.620355 185.058393
1 188.913952 189.585743
1 204.101071 172.079548
1 179.717881 187.837870
1 207.066242 193.777773
1 214.856571 170.711981
1 184.536981 177.049929
1 184.258736 186.863044
1 201.516642 175.161366
1 221.555916 184.444234
1 204.039642 182.773306
1 209.057956 178.535843
1 198.418725 169.288476
2 147.719864 139.178096
2 171.706898 110.554810
2 245.197685 60.614106
2 294.372177 189.389279
2 247.747488 300.629079
2 304.332227 62.381701
2 318.756259 57.705115
2 240.868928 171.431778
2 158.408097 123.982872
2 238.095347 173.144910
2 6.988644 146.061295
2 317.447416 179.969107
2 89.577762 289.336909
2 225.903249 289.597707
2 18.138077 109.929903
2 3.136457 219.714821
2 31.140934 115.490686
2 265.037625 240.178044
2 114.672760 10.294318
2 140.521718 239.398896
2 87.105782 18.602916
2 203.383335 10.801702
1 202.991092 169.261321
1 202.089860 171.382096
1 211.624583 208.359900
1 164.692262 157.324560
2 145.134436 291.991331
1 160.467641 196.230658
1 181.082830 152.129693
1 197.345893 164.564017
1 272.078118 174.615923
1 231.331398 192.103938
1 120.800833 175.113551
1 203.984316 172.491230
1 278.143593 218.910801
2 208.266284 161.181647
1 216.814902 215.285178
1 212.739984 203.477799
1 184.520245 249.774467
1 143.017429 147.805744
1 165.605630 176.519231
1 170.803107 213.465294
1 212.202750 175.341976
1 173.691441 214.318433
1 213.802951 201.329703
2 324.653986 193.208452
1 191.676896 160.978184
1 252.879520 148.439116
1 191.845269 201.896463
1 207.847980 135.726738
1 188.246128 234.288524
2 252.137825 165.083238
1 199.143620 160.990209
1 126.704116 187.885682
1 151.292450 204.206753
2 231.929638 322.529020
1 200.347724 149.542349
1 147.462987 147.569791
2 258.445798 166.681750
1 224.809543 196.628612
2 129.248223 139.838257
2 229.221811 186.029024
2 221.830746 210.726502
1 192.696313 197.272785
2 219.722177 167.203560
2 319.382976 76.551592
1 208.297225 176.328794
1 127.485530 167.725202
2 285.367698 75.588150
1 177.180432 185.416510
1 174.281560 199.311192
1 225.357450 184.173502
1 256.935991 162.978321
2 228.271122 20.158402
2 119.392991 271.788714
1 131.740882 107.592740
2 166.421773 6.143418
1 196.251072 223.646662
1 192.157950 177.146358
1 195.727314 175.815803
1 211.011483 190.191801
1 178.441051 223.854961
2 274.449254 140.910965
1 223.649144 222.437370
1 179.279645 191.866968
1 167.159135 182.760612
2 280.757914 159.743404
1 227.066353 173.183245
1 200.166700 193.500701
1 183.475714 133.837027
2 274.430075 226.125822
1 233.531353 129.512806
1 255.455710 171.695650
1 168.083711 199.535816
2 206.495819 107.006580
1 174.896332 202.770761
1 177.426704 208.001884
1 200.121221 190.506509
1 122.020257 128.492029
1 220.764771 200.954104
1 223.829037 181.096455
1 210.131988 187.401896
1 203.553708 202.987732
1 218.331236 202.376186
1 218.951139 155.841226
1 211.173348 211.224584
2 268.062673 215.327132
1 192.558626 191.555743
1 216.823791 113.724530
1 158.457485 228.681708
1 238.632239 158.346841
1 246.257021 170.496674
1 155.488550 201.234582
2 226.510388 254.844753
1 294.944639 196.544583
1 231.503107 203.215134
2 286.447484 229.383042
1 202.702402 209.148030
2 231.562258 195.594449
2 202.013892 125.003076
1 237.889096 179.546268
1 207.579268 240.379102
2 257.908854 85.187783
1 170.480516 194.912132
1 188.610666 147.328017
1 175.379899 190.120887
2 298.239726 188.213715
1 240.436779 220.989556
1 233.629954 199.220497
2 303.494531 186.825775
1 201.348089 218.883789
1 188.447643 168.046018
1 206.551365 173.490752
1 150.073794 155.378602
1 218.378431 202.770470
1 174.070258 269.049566
2 137.953280 101.772144
1 171.916427 197.212325
1 165.630644 192.069643
2 179.104233 262.250426
1 113.793442 167.153018
1 170.875860 208.782745
2 111.474183 300.474389
2 244.626161 315.352904
1 122.657220 271.981754
2 228.461080 183.821975
1 255.146692 225.205860
1 171.474671 129.231123
1 183.351235 197.553956
2 315.964111 229.289092
2 300.053847 111.785348
1 175.628573 236.348949
1 199.051397 188.707423
1 246.079851 188.824553
2 278.361343 269.985458
1 224.196443 178.460513
2 268.350880 200.206316
1 187.282401 215.705843
1 179.524294 212.054415
2 135.354004 254.738175
1 176.020951 137.647163
1 260.719736 184.516616
1 91.567066 171.741091
1 181.167406 151.203575
1 218.876097 218.765035
1 220.497095 214.886769
1 205.537252 218.248982
1 226.627642 159.976062
1 237.058843 159.769081
2 230.082350 128.684395
1 186.375627 190.636279
1 209.113610 181.048481
1 210.300674 205.309135
1 209.575280 172.970129
2 169.100647 257.960876
1 165.880479 236.426560
1 185.714519 188.149331
1 180.772992 155.795082
1 219.743889 247.828300
1 160.045594 282.114027
2 304.544758 258.654219
1 245.866152 193.262262
1 155.158570 242.188757
1 235.296341 140.790606
1 144.675245 242.176146
1 185.485513 215.774852
1 191.601224 179.060426
1 218.478749 145.903401
1 241.577468 181.023246
2 216.751894 124.123228
1 255.180713 245.416312
1 248.893727 146.634654
1 198.946666 173.823876
1 204.221688 152.859108
1 212.269429 248.696040
1 184.122358 201.611813
1 208.288008 182.229905
1 205.580495 160.858544
1 217.744922 199.614341
1 150.491112 207.578307
2 308.512850 45.901676
1 123.476851 217.946443
1 219.774742 258.861833
2 283.611891 219.583742
2 217.408443 107.442897
1 211.114216 236.596764
1 207.767074 251.648929
2 312.762693 208.438040
1 199.758840 134.343819
2 217.150926 225.781163
2 209.996385 174.115575
1 179.930455 157.662248
2 295.424202 231.099892
1 172.183599 201.746638
1 159.552615 194.641191
1 207.651658 200.976512
1 195.925695 139.060463
1 273.602076 262.253189
2 154.518422 77.011718
1 202.451794 230.249376
1 209.802872 238.927241
1 222.791919 172.775112
1 181.476398 233.266739
1 255.591288 218.488087
2 261.403884 201.446804
1 204.908996 148.944108
1 213.344891 224.234674
1 152.706897 222.665096
1 164.842555 246.808551
1 244.959380 252.830895
1 154.540080 158.041021
1 226.722837 153.309900
1 164.412374 155.048015
1 150.183423 173.613615
1 117.169327 141.565818
2 195.538826 135.504309
2 323.740940 205.608498
1 242.325113 237.764347
2 316.177682 205.232072
1 286.215507 209.625795
2 188.787443 93.074199
2 290.928845 111.588849
1 160.182058 199.311441
2 208.731763 294.520709
1 126.299349 165.147993
1 243.747388 184.971670
2 5.239970 254.704462
1 209.875255 230.070565
2 276.364838 221.117478
1 138.027474 199.459092
2 205.852530 226.815428
1 195.828078 150.200429
2 276.180327 81.877749
1 233.037124 176.424991
1 191.872168 199.847732
2 209.413474 235.428352
2 250.303076 124.409066
1 208.181045 157.369670
1 211.784787 139.209552
1 213.967192 247.125718
1 245.624243 165.134167
2 197.017921 153.803290
1 195.696457 233.000735
1 193.692699 178.305490
2 224.303642 218.283639
1 182.273146 176.161747
2 296.829769 94.831482
2 133.469727 287.133525
1 206.280651 181.519531
2 239.550269 137.141371
1 206.626526 246.247359
1 169.301852 117.926783
1 234.745754 172.885899
2 170.450024 162.194676
1 200.754355 249.085268
1 187.620196 227.174615
1 182.727935 133.464095
2 288.283896 210.762511
1 190.808432 231.747257
2 267.697321 282.485542
1 170.088538 165.974833
1 210.373048 165.544923
1 187.151731 185.253370
1 195.701075 254.403918
1 220.283409 217.659877
2 278.506713 86.960518
2 225.946100 159.649077
1 226.648894 213.503725
2 260.249220 104.509131
2 265.420401 270.807179
1 152.247450 137.550715
2 198.639399 181.978230
1 209.728430 158.022280
2 192.637561 141.821924
2 176.083040 265.032655
1 179.731044 180.794269
2 177.990816 153.648425
2 187.130761 314.502232
2 265.963792 191.213695
1 185.360659 197.011921
2 286.405724 278.387100
2 182.841620 195.494224
2 318.663361 212.086844
1 137.307360 190.373598
2 263.743331 122.335089
1 252.076088 210.989295
1 168.284687 235.299939
1 173.854726 144.211442
1 196.237098 195.919923
2 193.829613 188.086051
1 247.986423 240.240115
1 204.877312 187.415208
1 177.650271 183.390399
2 103.538866 152.669014
2 198.319540 303.084610
1 205.798159 183.467198
1 205.730338 286.865678
2 57.755639 111.164471
1 210.794420 172.530440
1 129.669349 251.218746
1 213.438761 231.027897
2 185.843443 126.349386
1 147.776709 217.191873
1 192.293669 76.174680
2 275.841799 139.125558
1 286.026126 198.725016
1 295.565577 183.449827
2 252.941911 89.213526
2 20.994490 632.140718
2 153.389716 641.988353
2 215.846863 380.439899
2 176.469311 624.306723
2 28.754951 434.886062
2 28.433730 395.907137
2 285.577834 399.682199
2 243.642724 359.433039
2 119.399959 429.388510
2 73.254313 598.941207
2 134.954239 645.637362
2 99.191083 646.504344
2 207.408084 475.388057
2 175.878546 664.310229
1 318.492403 625.405758
2 104.324306 657.415268
2 126.653387 432.691473
2 266.300101 650.071591
2 274.107095 592.329806
2 103.253955 590.804942
2 312.230247 634.672775
2 304.579580 620.142824
2 101.283697 637.130074
2 128.257233 665.854992
2 293.090473 663.990678
2 180.845234 529.021824
2 269.552207 342.806927
2 314.348262 619.033510
2 312.104887 620.113546
2 286.245624 590.087343
2 57.025810 559.819036
2 333.099781 615.552946
1 157.487720 793.321122
1 126.746203 786.033927
1 143.108860 781.374177
1 154.390032 786.035741
1 152.529190 780.121808
1 142.908453 785.024548
1 147.016255 764.763246
1 140.785421 784.378476
1 164.059055 789.500816
1 162.035259 791.309183
1 143.341848 761.361544
1 157.305392 776.514772
1 148.994945 781.462857
1 139.669431 765.674780
1 161.454364 774.691989
1 145.115120 801.068668
1 147.551750 782.847987
1 130.097206 782.724603
1 144.572743 765.796607
1 165.210033 792.478869
1 145.398130 795.977175
1 148.886593 775.785309
1 151.684056 759.675614
1 141.519321 797.625571
1 143.634279 768.792677
1 171.706840 790.920699
1 150.302771 764.452877
1 139.070384 777.583477
1 131.403224 778.324781
1 156.685346 781.153872
2 314.745031 695.223919
2 278.842459 682.923933
2 235.255087 804.442660
2 25.964187 815.865713
2 66.431093 926.363874
2 304.534268 779.614386
2 226.630879 780.766078
2 168.179667 893.592700
2 95.990597 827.499648
2 100.781039 780.964956
2 251.927141 815.949635
2 97.995087 682.932946
2 109.632884 844.386862
2 186.317673 845.551338
2 54.460575 712.218472
2 251.392151 680.540094
2 92.891069 894.358573
1 149.049650 777.270670
1 149.976077 806.842144
2 202.089665 837.402447
1 147.280896 737.365644
1 173.234290 811.797079
2 316.691987 673.360261
2 98.094292 864.907467
1 155.120213 782.136629
1 134.495536 785.705585
1 121.866964 711.814319
1 159.820400 789.455737
1 156.631278 805.706846
1 137.423231 800.508156
1 197.243114 779.281743
1 136.091129 754.320509
1 117.042809 806.614669
1 210.018918 806.064947
1 145.290929 773.406815
1 183.890387 821.389764
1 138.517749 786.348615
2 300.247095 779.499480
1 114.704769 773.112838
2 329.582324 815.295653
2 33.306067 836.912901
2 195.251539 781.337595
2 319.447897 781.358685
1 145.377519 769.651773
1 153.845163 814.840425
1 116.661311 799.804429
1 146.458342 810.040168
1 152.669242 790.067066
2 167.264140 755.795370
1 139.502643 817.565351
1 132.397915 808.219545
1 206.495615 736.175967
1 169.719816 775.617361
1 155.082576 739.108155
1 133.208112 723.642924
1 172.500214 753.190753
1 143.162516 746.495385
2 318.639356 671.518037
2 254.741204 734.010428
1 143.649970 763.433201
1 174.326941 858.081829
1 178.788468 781.079669
2 315.780325 765.723902
2 321.980984 768.110724
1 178.680267 840.704719
1 118.768089 747.897215
1 135.972710 790.167003
1 168.580974 792.086264
1 175.958156 798.069607
1 164.362027 735.013796
2 57.550638 867.904798
1 139.010198 822.471436
1 185.086517 792.239181
1 128.808424 745.537727
1 123.212866 786.527046
2 174.856999 766.015616
1 132.912338 739.380560
1 171.354538 843.156977
2 289.175340 781.658859
2 200.582091 752.650824
1 118.392926 831.690363
1 188.331179 773.363275
1 144.376098 780.840351
2 91.531073 741.651747
1 200.361015 783.346736
1 160.226849 727.347277
2 96.825081 697.074216
2 113.876701 734.672400
2 232.542453 813.184076
2 56.297517 880.722591
1 189.861802 741.156166
2 293.327286 789.126771
1 105.835377 751.424217
1 157.864658 779.712611
1 139.642028 786.684257
2 220.340994 782.093187
1 147.242439 782.641901
1 152.714499 846.028591
2 145.496825 698.817012
1 160.346057 793.661549
1 93.719910 762.072546
2 131.198452 815.472208
2 160.222523 794.968563
1 192.694417 772.499395
2 181.667009 824.309630
2 110.818029 821.578720
1 146.334709 783.820283
1 123.495970 828.514896
1 140.432159 808.811379
1 119.872781 752.060441
1 129.072122 807.730029
1 182.322946 711.776618
2 2.272871 794.349893
2 218.099572 793.380112
1 140.809440 823.317610
1 129.823832 766.868643
1 170.731683 755.308291
2 184.247429 878.723289
1 179.215703 792.719547
1 207.115452 757.130353
1 128.036109 766.367258
1 189.250509 806.776994
2 176.272576 823.812618
1 223.608471 824.885956
2 184.824675 942.988236
1 154.202114 780.139319
1 169.625508 789.567191
1 125.674325 741.073333
2 168.544589 948.410255
2 9.256828 816.967920
2 83.268019 831.929276
2 3.571692 863.177600
1 195.568502 819.335951
1 70.332900 723.064872
1 163.599152 778.942013
2 293.931859 763.107220
2 201.614908 858.596014
1 142.136193 771.581818
1 145.317023 787.018530
1 96.670122 716.109477
2 3.478740 781.737239
1 135.478595 787.182152
1 127.939108 858.669130
1 77.458048 800.729192
2 180.566382 838.336761
1 130.654629 837.018322
1 139.612679 769.822436
2 110.081968 695.904272
2 156.944579 729.545539
1 174.671843 742.216438
1 168.858903 734.570499
1 170.464894 822.137392
1 166.518163 752.763463
1 141.420714 758.574388
2 174.858981 875.898994
1 219.153831 842.794065
1 181.289165 755.937127
1 130.293415 801.882924
1 105.326487 747.699775
1 177.131937 758.880401
1 146.747875 759.413860
1 132.796307 767.182828
2 303.115204 822.870813
1 160.744455 816.174707
2 175.877217 837.198181
1 131.295351 864.634509
1 140.243038 829.970582
2 171.297359 861.645276
1 111.847807 724.608977
1 113.892086 785.512016
1 104.940675 786.299378
2 269.914430 731.790290
2 134.757620 772.604510
1 97.675491 788.885093
1 209.850351 799.811412
1 192.476577 725.444607
1 104.468884 714.582119
1 132.277871 774.026788
1 143.786154 741.555152
1 218.769012 800.469589
2 240.732522 726.646386
1 216.655483 809.188434
2 332.619574 700.872899
1 107.425015 728.220747
1 189.924556 816.369178
2 332.628797 750.091517
1 179.104864 761.809224
2 313.983128 722.395955
1 109.927824 815.762730
1 137.893675 835.593544
1 70.021591 820.011250
2 146.995682 822.558582
2 166.053236 725.181828
2 126.048344 834.275790
2 180.839950 786.621343
2 305.017097 681.362280
2 349.778605 9.205542
2 589.443399 329.344407
2 581.120796 112.089809
2 665.653347 275.935088
2 363.834378 164.526498
2 429.921659 60.700783
2 442.269964 137.611678
2 578.546029 74.844074
2 340.834231 314.390766
2 608.180601 176.614387
2 581.659812 104.667085
2 584.759719 8.514276
2 406.604858 243.912258
2 390.672135 228.799509
2 623.500289 78.874461
2 402.867411 243.143525
2 444.498006 305.325461
2 571.288115 214.680961
2 459.060437 293.612571
2 392.564337 185.844891
2 354.847492 279.297057
2 628.854552 226.653808
2 384.727194 223.124759
1 348.598891 176.245071
2 336.425336 206.533523
2 358.514168 141.387891
2 378.413605 144.076414
1 382.260213 656.654334
1 400.060358 664.114563
1 405.111228 654.743552
1 390.688447 647.845610
1 405.143784 645.741016
1 397.298582 643.386521
1 399.545928 650.646476
1 407.056579 652.214464
1 387.102474 631.882672
1 385.087245 644.224714
1 405.531501 633.996536
1 408.893194 651.784645
1 398.156383 646.538719
1 400.441090 649.314884
1 397.339133 647.323642
1 399.327124 649.262928
1 400.506485 650.383943
1 398.053061 653.189044
1 394.188539 646.559336
1 398.752565 649.912308
1 397.250624 649.699913
1 380.873523 652.353149
1 397.868197 650.876934
1 400.504314 653.885126
1 422.983944 640.758248
1 380.384746 651.717041
1 392.518443 649.812297
1 411.925322 644.440037
1 394.418308 649.889421
1 406.652711 633.066539
1 394.377634 647.022654
1 402.283887 655.352194
1 414.147286 642.437744
1 412.439738 656.811921
2 455.653924 403.258451
2 554.207542 524.403726
2 407.654692 539.267475
2 545.309700 599.809725
2 569.053141 516.305782
2 472.503920 468.156992
2 638.136057 382.283967
2 337.238754 627.361551
2 421.769390 657.734760
2 567.767176 623.068481
2 531.947152 538.399774
2 414.301767 487.742486
2 515.624875 369.475080
2 379.458646 395.931238
2 603.739266 638.164720
2 501.170248 578.989438
2 439.302773 543.991638
2 622.657885 589.764738
2 418.523773 349.099599
2 651.343269 665.120359
2 400.695022 591.662895
2 356.809001 521.837604
1 431.921099 641.233987
1 352.471407 602.253712
1 417.953410 661.202515
1 415.488712 660.724907
2 498.558902 647.294514
1 378.490537 602.066716
1 428.044964 610.225582
2 545.489935 644.056312
1 370.180581 653.020714
2 440.155803 600.796190
1 417.662552 588.731620
2 425.485507 602.344119
1 350.304073 655.001787
1 409.471609 614.933442
1 426.535752 643.766269
1 374.132547 666.147503
1 359.969568 653.241034
1 370.000454 656.716873
1 405.612536 622.058746
1 423.850517 615.942486
2 452.037575 478.119793
1 398.938260 595.957241
1 384.576288 632.089228
2 353.908292 624.507776
1 427.427855 642.848926
2 545.740750 598.567577
1 359.597594 657.569309
2 528.167178 516.550335
1 378.890701 638.473142
2 499.144027 598.783732
2 583.912136 630.048146
1 413.357232 594.665740
1 386.571430 664.434413
2 426.203867 661.324169
2 405.144068 661.152594
1 441.781314 653.367984
1 414.284369 637.127666
1 431.919376 637.494979
2 413.686546 613.146301
2 433.436336 660.507298
2 334.662675 622.839611
2 536.390185 545.361294
1 433.827574 631.574925
1 354.462292 661.221588
1 410.185647 618.622511
1 407.799877 629.350431
2 451.696221 638.119257
1 383.960744 628.320333
2 507.557282 664.093288
1 416.376590 649.882572
2 370.272893 597.922159
2 371.039463 633.014568
1 369.546822 653.886049
1 427.543674 608.029140
1 390.448177 650.607398
1 379.543198 661.204383
1 400.115861 583.482185
1 402.810704 648.771659
1 346.591394 652.116475
1 391.186423 627.630139
1 409.237081 630.393891
2 398.031423 600.006127
2 451.492195 455.774167
2 362.947164 600.374417
1 409.119616 601.828993
2 388.202281 591.274607
1 470.061656 656.251022
1 410.474252 618.286315
1 438.811647 612.837572
1 357.035681 574.549761
1 399.322513 637.907697
1 348.730705 604.029680
2 435.893809 574.351975
2 461.157980 665.570718
1 392.514598 636.260226
1 423.785989 650.690811
1 345.798142 626.397694
2 478.281827 563.258910
1 370.899051 588.786448
1 394.799606 656.054725
1 354.395167 625.281644
2 353.777809 468.258239
2 556.371987 592.388628
2 514.220794 624.740445
1 403.023865 656.073616
1 461.943763 638.907100
2 352.503420 612.660390
1 339.091519 659.456281
2 400.648810 613.950340
2 590.269414 658.316599
1 404.630833 637.973727
1 388.288270 648.196556
2 598.565331 661.094108
1 429.825264 636.022384
2 474.721769 658.803539
2 367.653291 619.679394
2 444.663547 644.491928
2 373.171002 622.019222
1 426.843412 638.714584
2 371.625541 617.801356
2 469.215124 620.156973
2 353.614628 598.289150
1 413.401870 658.443199
1 397.299289 539.008839
2 435.323297 665.435896
2 532.587923 616.938534
1 409.318903 650.069583
1 413.556827 623.732596
1 451.264259 566.206879
1 446.965000 645.728611
2 383.418868 641.510882
1 395.135899 639.649597
2 583.274281 651.515745
2 339.641143 641.202945
1 426.396766 638.519168
2 562.182297 619.247405
1 355.302137 653.183410
2 447.564156 662.969992
1 411.668134 668.368042
1 592.269184 788.914880
1 591.487549 810.596792
1 569.833038 799.846903
1 572.212885 807.626350
1 562.838830 823.133327
1 581.619194 791.499844
1 550.314057 812.352350
1 585.959880 788.115219
1 564.241788 810.020203
1 577.599504 805.651019
1 574.622168 791.722488
1 564.053403 790.297419
1 553.192257 793.616418
1 549.161840 788.600295
1 576.378288 808.759825
1 569.200985 800.474026
1 559.810518 804.961297
1 548.627846 793.185977
1 562.278597 797.613960
1 571.998115 799.433039
1 566.964520 801.578735
1 574.470780 783.193272
1 572.089694 783.789241
1 570.978102 799.174940
1 576.423917 815.735739
1 592.906930 809.881322
1 575.887485 815.058752
1 562.839817 799.521881
1 565.419632 797.485520
1 582.643007 781.605743
1 586.486928 795.935543
1 571.754810 812.072489
1 569.199946 795.767835
1 580.683493 819.967901
1 571.582199 797.383136
1 590.387599 797.733528
1 577.335586 808.401524
1 580.041311 806.092403
1 561.438024 797.509067
1 570.353356 805.491408
2 577.914558 714.854242
2 436.675419 920.930438
2 601.527925 716.441812
2 373.322691 854.021838
2 574.700117 858.400583
2 642.694306 910.732831
2 526.803464 864.987154
2 349.544459 746.803773
2 381.538185 894.107693
2 412.598899 810.795338
2 382.367949 691.752045
2 448.318685 952.522040
2 503.259611 871.763370
2 408.423329 772.895511
2 650.792042 795.792364
2 520.087113 997.883590
2 496.779949 667.697406
2 447.291469 719.800295
2 473.722511 702.352219
2 572.124382 759.782192
2 542.324607 680.102779
2 622.243191 962.189270
2 524.971951 840.720524
2 430.984447 864.594218
2 583.814646 844.751735
2 616.138961 886.174952
1 563.937694 779.540338
1 432.104411 671.909815
2 502.894621 873.134779
2 345.201502 762.783368
2 389.899437 865.134671
1 368.177717 674.924873
2 644.432647 751.118796
1 573.279883 740.868963
1 550.459848 790.380404
1 396.819228 676.594414
2 480.218012 802.162407
1 573.436748 798.944155
1 392.939008 689.395002
1 528.380904 776.695956
2 617.514724 785.818884
1 575.706223 832.975392
2 618.636926 779.455335
1 417.862373 690.794063
1 579.874804 764.404256
1 570.825340 793.070048
2 502.784707 812.484002
1 412.530875 701.897714
1 572.795395 792.843175
1 553.791361 835.890551
2 418.578568 858.731296
2 649.249557 768.353995
1 553.929361 790.580379
1 382.749934 689.546411
1 559.139035 769.640542
2 467.710395 859.295380
1 562.659192 761.400413
1 379.458913 671.679276
2 451.294074 815.690652
1 584.260399 801.129810
1 516.646814 778.038577
1 606.094625 812.213780
1 538.321079 776.635506
1 375.195368 681.464603
1 579.416312 831.527949
1 391.376814 678.296251
1 577.549079 846.730192
1 420.841670 686.331815
1 575.512623 767.971492
2 484.164319 788.039172
2 433.216034 750.438113
2 570.375703 685.474694
1 556.448260 827.902175
2 474.017905 690.979125
1 397.310843 680.892350
1 554.019639 789.625635
1 523.546444 790.611772
2 536.830445 717.698431
2 396.495390 813.743414
1 586.766394 819.677873
1 628.078147 762.950769
1 564.133332 819.996459
1 574.315302 776.660989
1 594.915381 808.410049
1 564.118592 892.254983
2 612.171241 764.051155
2 370.873409 780.892971
1 377.860055 694.277347
2 335.024305 725.039362
1 424.354543 681.537235
1 447.097563 711.104822
1 557.620164 818.557539
1 612.847677 863.026696
2 372.467235 700.169652
2 408.457578 673.885793
2 647.089093 883.321018
1 562.682294 819.964592
1 601.370957 802.066737
2 595.418370 870.343598
2 362.997474 787.749067
2 611.169891 759.868121
2 602.321393 754.026881
1 574.431644 783.017225
1 596.908078 828.539404
2 514.642680 818.285262
2 648.889803 793.189442
2 475.392261 814.624582
1 593.385679 788.089194
1 461.058831 684.431514
2 403.229928 697.037052
1 411.184972 701.778484
2 467.729063 835.865359
1 585.297534 838.451059
2 359.721046 771.355208
1 630.611830 810.964597
2 430.250388 689.281834
1 549.598600 750.367704
2 432.666221 666.722811
2 388.939421 686.517837
2 529.563276 721.038558
2 438.877672 687.187183
2 470.490050 846.973291
1 600.823808 835.280006
1 531.162031 800.255536
1 440.202697 690.264588
1 581.221858 779.559170
1 544.675978 809.916126
2 615.289039 801.810643
2 609.717528 734.544560
2 426.295004 706.409962
1 576.757341 764.012756
1 541.580304 794.293464
2 406.699442 697.237027
2 581.253667 769.691986
2 395.566168 677.493605
1 572.584486 837.206737
2 419.576734 707.063460
2 587.088094 732.818015
1 567.369577 794.866037
2 437.218639 846.328470
2 366.884684 832.621864
2 391.786248 836.069635
2 647.090352 746.131618
1 544.048726 783.048618
1 534.509157 803.749637
1 553.252403 854.971188
1 550.243180 753.607760
1 411.085183 697.272979
2 619.549269 856.291213
1 557.169834 868.178910
2 344.217828 706.243078
2 400.175755 700.394750
2 340.545318 740.234788
1 388.247135 716.905558
1 414.553170 727.599850
1 578.934236 811.382090
2 653.109015 788.129167
1 524.566802 832.759420
1 553.134493 794.987475
2 341.913036 743.375902
1 595.196755 827.827772
1 528.065477 821.435072
2 358.992630 879.735964
2 441.643846 925.660548
2 415.214835 750.434804
1 590.744750 788.293224
2 625.895990 771.683391
1 416.244596 699.658222
1 619.708294 799.897336
1 430.892575 689.134810
1 531.279176 798.154733
1 571.683271 808.805184
2 458.524420 830.162881
2 441.965169 842.700870
2 413.556204 685.326128
2 466.936075 855.611974
2 474.317412 717.209746
1 642.092677 781.173477
2 416.572582 700.300566
1 415.348610 670.933072
1 577.511261 803.727568
1 606.131690 786.546702
2 453.491397 669.419854
2 439.544320 723.316920
1 536.655189 847.102401
2 451.904580 711.400589
2 360.158747 750.648106
2 446.456689 837.346923
1 378.453793 695.244343
2 451.919123 753.329083
2 437.329359 789.554951
1 583.323528 847.359057
1 545.443429 739.860080
2 642.212402 804.173864
2 374.858260 827.255971
1 420.228115 690.593413
2 554.530800 721.248687
2 501.781931 806.255840
1 514.816227 811.904815
2 390.253851 885.105458
1 550.311948 781.437622
1 571.582320 816.063288
2 383.876832 714.133742
2 651.518889 683.471222
2 474.617873 679.727497
1 400.663049 682.308352
1 599.765885 724.250021
1 565.286472 790.759375
2 445.232970 865.880109
1 578.826962 769.464796
2 608.451217 747.564754
2 475.925042 755.612904
2 347.192141 697.563389
1 574.018120 792.268830
2 613.339899 887.928415
1 420.956647 674.811457
2 484.715335 847.456529
2 577.296727 753.268291
2 657.100208 758.076000
2 498.076545 868.427150
1 567.116734 795.498326
1 590.522796 725.760787
1 566.810512 800.762609
2 413.965285 820.742420
1 554.847155 762.954303
1 582.423145 815.627435
2 436.710748 705.909356
1 563.705553 772.399929
2 449.500975 750.326953
1 537.385646 791.328550
1 548.207296 739.119278
1 391.272141 688.884215
1 589.857062 786.680273
1 561.593130 779.404014
1 420.461993 700.029833
1 560.686760 813.659773
2 379.621029 731.524323
1 559.040842 802.708364
1 610.147559 799.273895
1 345.588293 669.826780
1 404.321786 709.853541
1 536.956907 802.592922
1 556.787120 802.145177
2 517.389044 682.164241
2 450.689508 822.254822
2 345.685594 749.087417
1 573.656340 772.394856
1 553.587005 768.635419
1 393.699740 671.846895
2 601.495577 765.453620
1 595.017332 781.966656
1 613.630667 714.881485
1 592.574408 767.277896
1 549.868195 806.282786
2 387.908494 845.890167
2 424.161655 840.607651
1 609.101530 767.180998
1 417.503873 677.575550
1 441.979845 719.746003
1 548.650670 870.365615
1 452.379860 724.222449
1 388.223694 693.594400
2 451.072050 681.379542
1 535.768648 820.009775
1 618.803163 800.661449
2 554.108203 824.306072
1 544.639271 757.295193
1 566.937727 810.076721
1 562.256555 737.981279
1 535.573458 798.471839
1 541.856823 792.409626
1 573.941403 837.301913
2 604.482646 815.452248
2 460.403393 714.552691
2 478.209028 686.334438
1 570.731897 754.506774
1 582.694360 811.287835
1 584.038532 812.667901
1 549.702921 789.476704
1 530.278985 828.653218
1 424.856713 674.898538
2 615.720522 774.381035
1 580.166270 780.039087
1 574.333248 761.511803
2 395.375595 895.805912
1 547.061389 775.019505
2 438.661989 876.973654
2 527.481576 685.256239
1 604.192194 790.806536
1 590.936632 806.115457
1 561.377583 804.219313
1 549.581750 802.782868
1 339.251862 693.954008
1 537.262861 824.658464
1 421.537871 676.695322
1 576.639067 817.239249
1 540.972609 752.630788
1 549.867279 850.858211
2 569.054121 782.753507
2 370.251466 884.171924
2 541.634247 730.783972
1 551.093575 861.146927
2 540.442980 862.961353
1 620.203736 816.982765
2 499.406969 688.114029
1 505.536113 761.386977
1 565.950622 807.967690
1 393.666697 705.092327
2 422.231072 681.672160
2 477.413361 709.195574
1 564.863956 779.133986
1 450.061441 668.127062
1 554.573873 888.510597
1 372.357468 669.285411
2 388.307844 689.443004
2 474.899832 830.252379
1 362.598961 701.009120
2 642.846970 825.114259
1 574.447952 781.239703
2 412.653711 742.414478
2 512.904303 846.560047
1 537.857010 841.552538
2 538.409822 856.733072
2 377.060562 845.366273
2 442.332648 774.101475
2 394.021454 707.044086
1 568.325544 785.118698
2 562.568034 871.323018
1 615.000541 765.430505
1 541.712262 911.351309
2 549.839149 848.008455
1 538.601098 804.176010
1 492.132609 768.356449
2 360.546432 697.794293
2 597.926741 790.690758
1 825.323420 313.131564
1 817.333145 301.770809
1 812.226200 290.236725
1 830.429414 297.607845
1 824.995430 303.209579
1 814.043604 287.613507
1 833.030645 316.684872
1 814.058431 301.075981
1 834.044190 283.999700
1 827.473053 308.571495
1 819.691371 300.488439
1 820.776003 303.481807
1 807.626186 302.934711
1 822.841290 275.549347
1 826.779512 299.570688
1 818.328382 301.953430
1 821.461269 298.275657
1 837.939457 290.559085
1 809.734327 290.916042
1 799.208382 306.913418
1 827.960425 295.295719
1 822.190965 301.146311
1 828.619228 297.276916
1 824.871657 302.618242
1 822.031434 305.360813
1 822.383471 302.747937
1 820.658663 284.509079
1 809.235061 314.367895
1 838.150705 307.822859
1 820.400217 300.308929
1 825.397005 287.726416
1 824.072163 310.451970
1 818.762404 303.936763
1 829.669497 290.198884
1 832.419664 315.356267
1 820.978513 300.690964
1 843.686914 295.652230
1 836.313379 292.914827
2 666.798979 177.648918
2 722.194114 196.170142
2 799.967573 112.965367
2 893.464066 245.978228
2 967.740334 176.295514
2 847.526756 47.555112
2 882.950573 98.002196
2 919.808063 177.226763
2 777.515608 169.121337
2 763.118143 314.693327
2 830.285743 135.188482
2 995.768737 265.352777
2 801.264136 178.192910
2 675.563414 185.947463
2 900.574006 251.836751
2 844.330495 166.834008
2 786.455709 275.805450
2 721.232896 113.150164
2 850.339335 302.945682
2 921.373790 74.377634
2 700.217118 149.705557
2 923.879637 114.424918
2 799.230402 268.265659
2 725.838965 321.164163
2 826.266588 220.737925
2 746.763665 98.818846
2 942.296089 88.085685
2 998.183651 278.084384
2 992.212422 18.595498
2 747.794707 283.159653
2 743.638688 290.934731
1 801.666890 281.920296
2 772.608523 285.104008
1 814.580641 257.885151
2 968.845860 279.222605
1 802.959249 328.055056
1 790.437563 333.145611
1 848.340566 299.665766
1 771.741922 311.390978
2 879.460422 121.304213
1 799.841937 298.286941
1 834.827053 307.841919
1 833.885549 308.071736
1 806.077748 288.480323
1 838.602307 309.630740
1 822.746193 283.416178
1 757.790175 279.749256
2 798.908337 269.348866
2 763.278420 302.887624
1 810.974850 325.711633
1 881.960969 279.592503
1 803.232632 295.031075
1 806.306111 289.037939
1 792.967464 309.290541
1 851.859439 305.334722
1 890.207677 283.150920
1 836.186483 266.783354
1 800.766023 292.091850
1 860.315542 301.289907
1 825.474711 308.549750
1 837.770138 274.973523
1 819.704401 309.166663
1 784.036905 282.374754
1 825.323356 308.504759
1 830.383437 267.379759
1 811.932080 321.429363
1 824.495547 333.104281
2 751.796060 318.081992
1 862.684122 319.617604
2 749.671746 280.048880
1 802.148072 303.564101
1 810.230167 308.282395
1 792.289249 267.029233
1 834.700157 281.710446
2 879.872242 240.746386
2 793.000871 285.756785
2 787.509960 277.748188
1 793.588906 296.188816
1 829.934374 255.296522
2 735.719999 248.407158
1 820.854771 312.295049
2 808.051619 299.926676
1 851.249401 291.644060
1 796.767072 305.060525
1 810.518658 282.482022
1 826.811910 299.397950
1 835.542384 301.951804
2 827.529775 106.524872
1 774.568634 284.530303
1 848.545517 260.292916
1 824.474546 321.982769
1 822.073144 273.301683
1 797.444338 304.197670
2 726.951444 234.986693
1 845.815881 284.599913
1 873.005848 281.863056
1 813.596246 312.400648
2 726.204011 214.431157
2 766.509388 292.211761
1 762.309065 254.626654
1 837.327147 284.607305
1 844.098060 229.915952
1 828.884979 262.345009
1 798.819993 289.564459
1 762.134949 299.834531
1 855.736220 223.555478
1 853.553200 211.498032
2 748.614831 297.714850
1 881.242849 267.114135
2 827.538174 148.222836
1 819.461064 261.622918
1 783.817184 325.284383
1 821.370536 247.457461
2 766.331409 290.613403
1 784.171554 305.292232
2 966.468174 151.609718
1 829.770151 270.496432
1 838.029528 303.313200
1 842.369803 239.068616
1 808.333396 326.400118
1 841.431857 258.135522
1 797.004524 328.712308
1 855.710430 282.053674
1 849.586439 229.409111
1 814.349561 289.117203
1 806.960914 288.231431
1 825.709181 321.093098
1 885.840785 253.803639
1 849.071500 290.616706
1 759.258825 311.615695
2 816.833143 281.266762
1 795.712580 305.446307
2 903.573352 269.918620
1 817.336650 291.667169
1 817.497926 297.521047
1 778.573186 299.512096
2 679.552671 253.760601
1 841.666241 282.526841
2 775.228589 256.236353
1 875.056347 291.942575
2 860.841384 306.277010
1 811.835793 251.259886
1 821.411096 306.577807
2 773.249806 277.212736
2 688.703189 223.327072
2 853.461554 617.476469
2 898.600168 540.882315
2 677.775509 342.930127
2 750.100477 352.702020
2 867.559483 627.575568
2 910.013623 458.782088
2 968.121624 355.378469
2 921.326964 580.380160
2 720.361765 580.513346
2 772.892698 525.418582
2 952.169677 569.099599
2 813.839232 641.817628
2 864.808386 501.433124
2 757.961885 346.761935
2 921.044725 367.612915
2 710.275476 501.749901
2 923.699222 340.109950
2 857.317670 417.800218
1 789.932746 378.763481
2 878.924895 372.737871
2 847.288236 433.540146
2 989.225065 483.055670
1 817.704852 337.234141
2 907.617604 427.144538
1 781.056936 337.570887
2 883.566940 348.127355
1 839.623091 339.257866
2 914.285977 341.678155
1 833.882239 340.561705
2 974.453866 425.902545
1 773.991619 337.063770
2 739.375464 364.260838
1 784.810491 335.936490
2 920.690157 435.147863
1 777.589149 346.034057
1 791.579684 352.573843
1 814.223874 377.722329
2 899.988038 361.916051
1 815.157217 356.135351
2 730.879782 942.588539
2 728.193996 675.485181
2 737.304823 749.460525
2 676.107195 838.903866
2 836.032604 668.933878
2 977.535892 947.458170
2 922.795936 866.236940
2 906.207141 929.633314
2 970.266889 912.324051
2 841.109441 723.509132
2 975.466924 771.741003
2 981.902447 834.698518
2 864.426634 915.553717
2 960.869334 752.871921
2 761.362816 885.111847
2 741.835712 871.078402
2 780.253001 708.401185
2 806.801612 766.132397
2 668.327721 736.116529
2 691.611866 804.918734
2 994.914599 824.433516
2 675.899817 694.624437
2 687.336586 933.378914
2 947.708564 783.879259
2 692.465452 773.538089
2 756.205619 903.751569
2 666.896667 773.863951
2 736.124316 897.886362
