1 202.078525 179.315206
1 186.819888 180.064576
1 214.176846 164.074055
1 182.952212 174.534474
1 206.669392 164.939290
1 196.768541 177.505941
1 204.328503 189.087506
1 210.958168 179.125455
1 211.836927 174.842533
1 203.527437 163.832954
1 193.067098 161.343859
1 199.534577 179.521387
1 201.970054 177.160632
1 209.442568 186.467994
1 180.724814 194.967207
1 203.531713 193.973627
1 193.107182 173.501593
1 196.032144 186.401373
1 216.060535 192.472274
1 198.853969 176.148251
1 192.250519 197.907028
1 194.037276 181.435106
1 199.799649 178.648621
1 181.725132 173.312320
1 183.153069 197.091140
1 188.637822 183.889312
1 199.026631 174.339036
1 190.123317 178.772194
1 201.737982 180.358956
1 199.410362 165.275356
1 200.678000 184.928028
1 178.902086 190.791062
1 199.439138 173.536568
1 210.518514 165.218820
1 201.121318 185.842062
1 185.497611 180.646397
1 198.505473 182.127880
1 182.344040 172.955946
1 194.792092 166.717099
1 186.702925 186.835629
1 203.281993 182.508794
1 215.404842 195.972708
1 209.131122 169.530986
1 205.148379 156.622375
1 203.190361 193.766879
1 201.587909 182.185522
1 210.067252 172.806962
1 254.928888 190.905811
1 181.850433 214.230856
1 215.564706 183.163436
1 164.953975 180.150661
1 189.569362 151.206290
1 206.342902 190.196059
1 188.241766 156.590513
1 169.711899 174.984640
1 178.809139 154.310756
1 174.277626 137.624145
1 218.551935 156.450554
1 173.478230 163.420373
1 253.405677 198.373895
1 196.610928 166.910367
1 192.511771 222.670011
1 175.128865 188.149819
1 159.675511 157.260473
1 173.473530 154.842278
1 202.988334 214.191201
1 195.966196 165.453343
1 118.851778 159.393100
1 180.792037 164.810878
1 249.096000 209.513029
1 205.660788 199.888086
1 178.941240 176.977118
1 156.650480 195.924054
1 171.732369 207.186485
1 167.513780 248.697199
1 269.750779 158.693956
1 187.030052 193.744166
1 171.374144 124.381565
1 247.900779 168.323063
1 191.040845 170.893955
1 235.200543 205.770405
1 198.206691 164.510083
1 134.037563 186.396637
1 273.946742 191.001916
1 161.338923 135.035792
1 209.408508 202.891979
1 144.733844 168.696610
1 207.086605 202.294075
1 258.306252 206.564460
1 279.764626 202.314298
1 229.374454 184.605407
1 217.205913 175.302320
1 256.354024 221.813689
1 250.106069 240.433578
1 210.067405 185.077155
1 198.230789 193.865042
1 182.097728 226.942731
1 204.422670 178.244565
1 201.802576 185.439171
1 164.634707 129.804772
1 201.901762 129.253636
1 156.022621 157.727698
1 171.693692 199.348766
1 154.175206 147.593205
1 192.654122 203.052972
1 167.913690 203.343692
1 165.683612 151.649554
1 200.612297 211.952659
1 179.576763 145.416574
1 214.901379 167.012814
1 171.740165 187.131968
1 279.796977 178.061624
1 193.522067 218.636985
1 155.764794 146.103371
1 202.225615 211.087033
1 304.948490 186.616053
1 310.012971 194.153942
2 59.664177 453.414726
2 50.576305 436.787278
2 51.425367 440.837784
2 43.175214 434.119097
2 75.720087 415.002922
2 58.804816 428.815023
2 60.732494 408.726670
2 72.406240 438.663397
2 68.614963 418.307461
2 78.024736 442.886722
2 67.604440 409.186050
2 50.591738 412.758446
2 74.532559 427.224107
2 45.398665 416.726962
2 56.673980 431.836704
2 39.766784 432.656259
2 54.629899 427.696813
2 39.445893 422.065107
2 64.010856 425.553187
2 59.602518 430.313672
2 64.184752 413.590620
2 80.182577 438.192942
2 61.246465 421.775181
2 60.792721 428.363508
2 61.668450 429.694248
2 53.810192 419.722364
2 56.705041 425.612133
2 56.175670 411.315359
2 83.436392 431.710276
2 56.345963 431.619136
2 62.089104 430.141319
2 43.408837 443.731623
2 62.548742 428.029501
2 65.727367 424.865274
2 71.831915 415.201987
2 54.176240 408.216230
2 54.332525 422.651007
2 65.391002 431.691994
2 45.589576 434.050779
2 63.955935 438.324871
2 40.333242 444.457525
2 47.776520 438.419990
2 83.859896 425.730642
1 329.266727 642.771891
2 29.908740 433.155305
1 333.191974 646.749296
2 56.109693 418.917711
2 54.990682 460.995144
2 41.279898 445.189912
1 137.580917 790.113407
1 154.195366 773.573497
1 148.767415 779.060031
1 148.218661 777.629893
1 139.421185 798.342218
1 138.908182 789.084680
1 146.418749 784.457072
1 160.131038 787.909778
1 150.308837 780.140365
1 157.117436 792.632554
1 158.460107 771.246079
1 157.586055 786.824144
1 151.165851 778.942263
1 154.737368 774.207855
1 153.580006 777.188003
1 150.928066 781.749938
1 161.261873 761.410870
1 149.508251 763.863873
1 144.243613 785.552113
1 163.909595 777.338638
1 146.093343 790.984559
1 136.628337 785.524255
1 140.338804 770.199865
1 135.578839 792.133503
1 153.267474 780.133094
1 150.762099 774.299002
1 129.636304 786.653029
1 147.859911 793.014543
1 150.481933 780.709372
1 147.324617 770.897743
1 165.789670 780.267917
1 143.297630 795.898551
1 154.225798 768.676333
1 146.283493 780.222102
1 156.864742 796.891839
1 161.861036 758.807051
1 128.360333 771.670554
1 157.033526 783.322430
1 154.356766 782.354495
1 171.076966 768.126136
1 149.792901 793.426537
1 155.137713 786.289303
1 165.961065 763.317471
1 160.573092 762.600482
1 136.732431 786.938872
1 161.660195 743.229703
1 134.886936 729.017689
1 188.003466 793.108316
1 137.524158 784.298176
1 117.480530 840.233255
1 154.299121 717.719441
1 160.171493 728.168990
1 129.614669 795.003721
1 167.167669 824.504186
1 181.101066 798.984724
1 171.099827 697.867810
1 126.794249 817.898849
1 155.350524 829.208227
1 121.081565 789.766801
1 168.848557 795.903797
1 147.160518 771.580059
1 141.018213 822.600896
1 157.817966 803.576925
1 127.183514 764.944341
1 145.280681 719.723449
1 121.667914 780.476258
1 158.160159 802.739289
1 186.006268 683.708433
1 129.706395 729.035354
1 109.662237 700.615843
1 128.936840 801.508418
1 181.046931 808.894852
1 206.453400 759.520459
1 102.045805 679.588075
1 176.832900 667.913307
1 150.185939 773.199038
1 153.930228 801.361929
1 144.527067 776.614814
1 167.283801 752.405324
1 185.101885 744.085172
1 177.296442 775.272227
1 185.746573 698.009860
1 120.033510 684.813509
1 228.588204 737.779828
1 156.792261 773.803601
1 156.114452 821.777796
1 183.910601 681.316780
1 117.583900 767.073077
1 117.464896 763.381908
1 211.747132 677.342773
1 132.870579 852.523077
1 173.543768 703.394334
1 198.973883 790.677665
1 203.064141 782.781527
1 119.226078 842.509848
1 162.850713 836.561355
1 146.899732 804.292972
1 127.869973 781.027680
1 174.263796 824.790029
1 180.201649 762.673051
1 195.328210 726.492389
1 191.400702 784.353083
1 184.901044 728.507824
1 120.641970 811.601318
1 95.850814 824.810962
1 188.539175 796.088207
1 167.398950 741.800048
1 168.536025 798.848888
1 194.794325 699.222749
1 183.050665 776.859721
1 114.239890 759.741582
1 156.891661 764.844384
1 174.516578 775.356791
1 127.011383 856.525983
1 91.565070 745.836735
1 164.702624 821.423497
1 60.372391 822.509921
1 117.976426 804.543439
1 91.025024 753.049631
1 168.089156 812.483656
1 157.258511 761.218017
1 105.066521 743.946457
2 484.248733 151.095240
2 487.072859 134.072046
2 483.869978 133.688808
2 506.632547 149.885286
2 492.965995 129.845313
2 518.370217 137.655406
2 500.372290 132.347817
2 493.720714 134.765195
2 500.592111 143.538737
2 509.219396 138.393067
2 509.805614 158.859363
2 494.685072 156.280964
2 516.707945 155.811111
2 493.952420 155.236588
2 512.198795 143.865391
2 498.891104 142.434045
2 503.031665 142.810787
2 503.838197 164.691625
2 482.063822 143.746553
2 491.287710 130.238975
2 493.997559 149.054409
2 505.718363 140.086895
2 516.354893 141.664266
2 492.726283 160.391446
2 497.273132 140.416961
2 480.665799 140.519273
2 491.863470 139.404843
2 484.169628 124.939385
2 500.296424 143.208910
2 502.431803 130.208756
2 488.163780 137.309645
2 507.653555 163.648638
2 490.172815 141.775291
2 497.665782 137.406016
2 504.235634 136.967520
2 507.121802 126.362128
2 504.037112 143.205893
2 519.923327 144.451390
2 507.237126 134.154348
2 495.384363 140.921447
2 497.827101 132.321328
2 520.065446 142.572758
2 485.296409 121.877189
2 495.878229 119.440463
2 499.532163 145.276059
2 486.023560 139.868389
1 414.159271 654.484542
1 396.965906 656.429721
1 409.232629 630.668999
1 407.023245 639.978443
1 393.944144 650.141133
1 399.197276 650.149638
1 405.431374 649.333913
1 391.300101 656.779568
1 399.486811 646.725757
1 400.259023 649.944374
1 399.088965 649.256337
1 395.487644 652.575963
1 399.326209 652.158784
1 411.968041 650.520766
1 398.848586 635.686138
1 391.609420 665.205160
1 408.133576 630.837110
1 399.173399 644.191207
1 409.607785 663.929181
1 400.774781 650.308213
1 399.641320 649.664334
1 400.950645 653.944074
1 396.906714 642.965381
1 396.371375 649.914623
1 381.955513 645.056636
1 398.298446 654.480653
1 405.424793 638.575822
1 381.367666 653.613494
1 410.397212 637.327155
1 398.660293 649.819049
1 401.354440 647.757411
1 390.971265 647.465206
1 405.861198 641.062399
1 398.602001 647.378318
1 394.385557 654.002274
1 393.340697 642.555826
1 411.539163 654.654595
1 401.664526 639.774492
1 408.226809 628.395687
1 395.338749 637.154486
1 403.421915 634.225238
1 415.984239 646.909203
1 399.215922 650.971434
1 423.036678 654.281203
2 556.654560 492.168320
2 566.327921 479.929622
2 559.645556 478.749257
2 542.108217 474.036524
2 559.685605 487.433473
2 563.369408 490.282628
2 559.161220 474.688788
2 557.486451 481.565274
2 556.840378 498.166857
2 563.704203 473.647680
2 558.252617 486.808067
2 558.899972 479.781194
2 548.343974 488.373185
2 569.635254 470.297255
2 565.753896 479.453980
2 547.504747 473.173566
2 568.280122 458.401332
2 552.993692 480.154732
2 536.452940 475.645585
2 545.797056 473.774194
2 567.445625 494.042759
2 562.460124 483.713340
2 543.069621 483.761617
2 558.284391 476.821103
2 547.655082 458.294657
2 561.074381 495.485274
2 563.167474 480.654356
2 566.168079 497.857587
2 557.684401 461.115869
2 560.512513 470.929234
2 563.243376 477.289553
2 542.971177 465.114985
2 544.830961 464.668945
2 553.586758 461.895545
2 564.947799 458.268381
2 567.193653 481.763242
2 564.631733 472.059136
2 559.099342 479.038836
2 580.142647 476.366680
2 565.634408 455.665149
2 557.992754 503.939145
2 564.291244 478.719299
2 544.664903 471.243575
2 545.146850 474.591171
1 398.720259 647.146209
1 392.048628 621.248134
1 429.870576 662.579315
1 419.718660 657.776999
1 381.156132 633.085115
1 363.511530 645.081430
1 391.322449 598.838019
2 575.136311 485.117748
1 393.566906 636.930991
1 412.421097 648.607203
1 438.869428 663.300245
1 387.691057 624.626378
1 393.415988 636.889951
1 408.156531 631.318001
1 428.226640 583.325602
1 385.318892 644.473828
2 523.948929 434.817976
2 568.236961 441.303327
1 390.944266 656.253545
1 479.906437 629.119957
1 431.294298 657.271087
1 373.027670 626.594899
1 413.576357 593.565672
1 380.547832 633.893726
1 414.072386 638.414681
1 402.198747 654.156017
1 398.275540 607.347027
1 411.994902 601.491153
1 434.985993 643.535139
1 409.181400 625.274239
1 399.953015 625.067422
1 380.526312 616.644714
1 402.198632 624.665474
1 402.945454 610.996427
1 401.907929 660.603910
1 379.324516 622.397332
1 385.298248 620.194175
1 454.646906 664.519194
1 383.216341 654.788458
1 378.426053 608.864104
2 552.908743 478.506841
1 401.516289 626.503989
1 388.427095 640.308637
1 366.020100 621.003988
1 409.873266 661.918479
1 410.268885 648.787226
1 384.171237 639.727537
1 422.459617 656.715685
1 419.242199 634.548188
1 393.071477 635.892202
1 412.478348 617.734215
1 363.115511 649.791431
1 400.790110 604.093874
1 444.999938 644.366896
1 485.852132 588.612614
1 441.143621 656.710403
2 547.593393 501.783425
1 359.746561 645.833023
1 369.889111 602.358635
1 427.287711 603.980017
1 388.006168 622.131928
1 396.779205 621.904949
1 401.611207 631.585030
1 401.631959 639.441208
1 416.261983 613.969038
1 392.114856 668.457714
1 410.850476 670.035768
1 395.577588 668.116983
1 394.221399 669.527537
1 575.661683 787.109299
1 554.016372 799.904415
1 581.751516 787.336215
1 566.340280 801.260464
1 570.123937 800.021367
1 591.474880 793.367133
1 567.376086 804.549630
1 560.549366 808.971070
1 587.251436 782.693528
1 583.242380 791.272099
1 572.751738 801.405733
1 552.745377 812.852118
1 564.153244 803.367135
1 566.634687 799.764181
1 569.401358 802.703440
1 581.768991 798.964816
1 577.898006 790.170492
1 574.622078 798.789140
1 583.571398 807.125762
1 573.053080 813.579015
1 584.509425 787.087501
1 572.145453 786.877142
1 574.188549 798.183811
1 555.463841 818.504065
1 589.863390 791.962140
1 560.629967 802.699365
1 568.084256 806.421477
1 556.173005 808.304817
1 572.362892 786.040284
1 559.722450 798.231480
1 554.189676 788.492689
1 565.268759 792.765162
1 570.431892 804.553449
1 553.812317 802.677720
1 566.122417 793.535738
1 558.457108 801.771453
1 553.909713 813.565870
1 588.384833 811.338194
1 564.321143 806.739449
1 563.309108 788.919077
1 546.552111 799.804377
1 578.038975 812.878854
1 570.841369 788.925269
1 569.494965 799.816144
1 577.269699 796.321275
2 389.538227 833.879714
2 402.161750 844.896420
2 378.960659 833.429814
2 409.237313 811.380150
2 399.890100 830.041025
2 387.390942 851.011779
2 400.025746 809.960347
2 405.207302 850.738799
2 397.114311 827.173351
2 397.580039 831.068220
2 401.636197 813.259206
2 401.312932 830.117661
2 387.290173 814.781166
2 399.712033 820.898581
2 402.382769 830.642689
2 411.152661 844.794265
2 395.711069 837.208026
2 390.150597 825.066402
2 399.501159 818.059710
2 398.257724 839.003859
2 416.083383 812.282884
2 385.918454 817.639902
2 412.266138 813.407596
2 399.456228 830.895849
2 413.065501 846.807698
2 415.642324 835.764118
2 408.008256 824.890422
2 398.878255 849.165779
2 401.366324 848.649844
2 401.175089 840.522349
2 399.819838 837.191383
2 405.832256 845.406995
2 398.449407 821.013905
2 402.179150 831.091748
2 405.133892 836.167852
2 418.329704 828.496631
2 391.501291 844.196585
2 402.664223 816.254259
2 404.526549 830.470441
2 402.357607 815.581699
2 393.088402 831.176945
2 397.917414 854.296024
2 388.306593 841.258806
2 382.629465 844.753000
2 420.595440 794.635980
2 382.116116 814.485627
1 567.016345 775.613754
1 539.618481 793.694258
2 363.341135 866.120028
1 571.397340 795.885714
1 595.708478 808.767533
1 627.403376 810.243978
1 591.941001 815.300947
1 406.056611 676.611032
1 556.156424 769.382533
1 624.108243 843.343077
2 442.707505 807.848096
1 390.299148 677.433995
1 595.361973 784.061442
2 418.764283 863.253999
1 578.468174 761.053572
2 434.921608 837.372810
1 553.374590 780.299337
2 372.003758 837.725041
1 373.076787 670.173731
1 423.023974 698.419651
1 600.088616 816.871484
2 369.759219 864.263460
2 435.403138 783.732354
2 389.808828 825.300821
1 560.417291 798.129511
1 399.951050 671.632830
1 588.666214 765.773421
2 468.345125 800.387838
1 439.729234 679.096925
1 545.709855 828.255466
2 389.636162 838.100337
1 423.186556 673.344205
1 377.261183 678.969519
1 572.413313 796.311114
1 359.741852 670.460768
2 397.031791 804.794476
1 605.841770 816.702867
2 376.059970 846.655846
2 424.166958 867.950390
1 563.321828 812.395180
1 537.846912 816.485194
1 531.707193 795.033016
1 405.970646 667.722559
1 585.686480 833.445733
1 542.554831 814.981771
1 593.333413 796.093216
1 372.502480 682.579886
1 548.879367 822.461444
1 443.861578 692.044393
1 575.773902 806.670458
1 513.574187 785.934560
1 591.563771 770.515110
1 573.318995 774.732989
2 397.481607 833.687659
1 617.681173 790.429095
2 426.549509 829.571384
2 413.472466 878.502469
1 371.755304 707.440526
2 395.642800 867.607643
2 437.765005 828.423936
1 395.729647 671.071577
1 610.511690 816.888117
1 506.896649 792.636431
1 595.204921 780.944248
2 363.745615 864.131297
1 646.883205 762.508931
2 375.702978 847.747001
1 389.641955 680.580376
2 431.209804 764.851351
1 615.392613 762.413316
1 587.360180 785.773608
1 569.850970 758.513748
1 544.357306 861.583891
1 581.353623 824.795855
1 418.445709 722.894372
1 578.216099 800.110540
1 547.653138 791.411179
1 570.922234 761.610018
1 451.744764 673.437100
2 428.930260 838.525851
1 362.910663 670.933688
1 591.662739 793.171635
1 510.668760 776.234014
1 570.347761 803.874301
2 439.690752 758.307869
2 371.356065 841.906912
2 378.007715 805.818915
1 555.253257 807.961923
1 413.876425 679.211015
1 375.132389 691.806238
2 428.340456 800.098070
2 376.596679 833.133185
2 417.722752 787.092741
1 577.289213 826.726852
2 395.095420 847.198151
1 555.564312 780.039714
1 594.433109 820.903081
2 429.993539 789.362214
1 609.423651 822.128657
2 412.096074 823.423888
1 563.585630 744.465708
1 616.008160 779.335410
2 365.431164 867.367738
2 398.781432 812.644074
1 571.574861 793.585833
2 437.396229 797.616336
2 402.565454 818.102232
1 460.345688 680.965495
2 386.927807 815.568070
1 363.807029 684.637507
2 383.329963 846.604431
2 414.364944 820.100673
1 617.300337 852.892814
1 459.892379 675.007637
2 411.819160 846.849049
1 586.289651 802.302331
1 602.188986 798.872875
2 405.675899 785.180426
2 385.506825 807.303112
1 528.421958 845.353798
2 361.997273 803.992511
1 566.241572 820.803172
1 534.455999 809.027990
1 433.874905 681.856348
2 393.802868 818.695471
1 616.973375 767.449969
2 389.569984 744.373725
1 590.946050 814.741236
2 414.311412 852.086551
2 389.620209 868.714824
1 436.217875 669.244311
2 385.555046 849.920598
2 405.530986 836.292767
2 369.302722 855.799072
2 442.052029 833.601905
1 391.529206 687.070393
2 400.921746 775.075426
1 408.683261 669.054817
1 574.457096 806.295449
2 401.925401 788.695068
1 559.609070 822.918803
1 510.621193 792.961946
1 634.168168 808.265540
2 370.350308 787.316789
1 385.693606 676.957809
1 569.337897 774.801152
1 598.947111 836.747288
2 390.991513 835.193717
1 601.891388 824.405158
1 822.570945 295.209373
1 796.388864 306.657840
1 821.036917 304.551643
1 829.830806 294.046739
1 821.918281 286.535242
1 827.008361 306.982318
1 819.703925 311.468283
1 819.562622 309.232983
1 802.629404 300.577595
1 839.125300 303.166866
1 819.550908 293.675277
1 823.128751 297.453261
1 823.478148 298.508401
1 821.751465 291.149601
1 818.087407 302.558102
1 815.426318 276.391480
1 825.283169 296.602609
1 818.450751 282.660983
1 820.312877 300.045297
1 819.187439 300.062221
1 804.173060 292.202385
1 820.927539 293.228590
1 822.934482 292.983958
1 828.970412 303.746897
1 820.841994 316.170513
1 815.418058 296.885520
1 819.024018 294.624643
1 831.099042 306.238499
1 818.992631 313.060734
1 819.454788 297.964086
1 839.922837 300.968418
1 814.089782 286.227806
1 814.952164 321.010370
1 825.252307 296.898763
1 803.852044 302.353583
1 809.983797 301.390875
1 823.426854 290.314283
1 799.510615 313.051670
1 837.694861 287.564907
1 805.251090 281.217554
1 834.640377 300.015460
1 819.206725 279.764840
1 822.409595 321.539671
1 803.484546 312.865743
1 821.588987 277.873229
1 817.297562 303.155753
1 814.325253 299.945888
1 826.184956 286.264424
1 795.669137 301.242204
1 826.556014 274.311823
1 791.259153 316.660583
1 768.729089 291.250657
1 763.488581 300.783248
1 791.644952 300.240063
1 762.772044 266.968686
1 809.321286 300.025162
1 871.657848 319.345637
1 841.559482 329.102467
1 821.102368 315.204887
1 778.994681 291.112932
1 811.961093 285.532540
1 851.730441 270.214370
1 855.708633 274.971134
1 819.647871 288.010721
1 844.449940 287.335362
1 799.378338 290.475289
1 812.529266 298.714423
1 858.277716 330.366598
1 822.821869 258.147055
1 815.487079 288.866520
1 783.624187 278.237651
1 805.634030 296.606843
1 845.713311 274.937339
1 833.581039 240.606349
1 839.349730 317.839439
1 755.297684 311.338538
1 792.742895 282.473397
1 802.473381 279.271817
1 799.009430 276.463784
1 819.391398 292.689555
1 846.839791 292.174857
1 810.405211 306.453004
1 804.657772 283.761732
1 764.755587 274.550150
1 849.444774 286.500415
1 771.909183 313.074863
1 836.076392 311.758449
1 822.388428 285.190402
1 816.446051 289.484412
1 826.460864 297.285601
1 811.482760 313.326935
1 798.432235 296.954690
1 899.891221 305.358323
1 807.475066 315.722171
1 802.914998 303.379500
1 802.299198 327.237814
1 756.188945 285.385649
1 910.425822 295.311664
1 797.945098 245.054455
1 819.517767 308.710372
1 815.900919 261.018922
1 862.892317 284.801861
1 819.952896 240.695264
1 816.790786 266.279580
1 855.832940 313.006924
1 772.577568 278.245111
1 829.701595 327.457636
1 863.799126 299.413469
1 809.392486 308.358824
1 813.720943 289.331219
1 808.523470 322.843991
1 777.894524 280.098638
1 790.259291 293.673511
1 796.708989 284.802707
1 835.631766 319.932255
1 838.548695 293.315071
1 846.047271 228.690366
1 811.985179 317.428561
1 714.217684 275.953641
1 810.664564 255.037864
1 818.430805 268.162367
1 847.137843 285.139047
1 811.218309 246.785927
1 847.546643 321.220591
2 840.676232 608.621616
2 852.475574 633.410839
2 846.066883 625.840064
2 851.954105 627.968782
2 854.026035 648.220403
2 839.991632 615.530566
2 853.077069 632.163393
2 838.369887 634.561641
2 841.955730 613.519406
2 866.584727 624.813974
2 852.416090 642.763955
2 837.016986 614.694498
2 840.738615 643.357703
2 843.478089 641.697435
2 838.721206 644.038280
2 859.753973 642.335668
2 837.233535 635.162835
2 850.632442 625.157595
2 853.359522 611.015333
2 850.418268 615.658842
2 858.067359 619.559308
2 857.351504 643.163369
2 850.318600 639.521488
2 835.521914 631.914579
2 831.556330 614.604932
2 850.077215 631.957816
2 856.027421 643.177058
2 852.373098 634.690302
2 851.245743 630.290808
2 836.293860 616.051164
2 837.884820 636.400251
2 853.265255 626.674026
2 854.054095 633.278565
2 849.995893 630.763458
2 846.559716 642.299393
2 834.979246 636.262926
2 855.763583 644.513919
2 846.730506 607.687930
2 856.436795 633.342058
2 852.717873 632.804110
2 842.090755 638.151091
2 850.444308 630.218780
2 850.868218 630.077384
2 841.498960 633.550477
2 831.691895 631.432495
1 844.315099 354.675681
1 800.460295 337.599477
1 820.041536 334.905516
1 802.594406 353.539538
1 830.134490 339.535471
