1 199.269705 173.437265
1 210.114308 186.948301
1 205.196307 190.114481
1 200.028815 178.904122
1 188.380839 167.329228
1 212.278736 161.253949
1 195.050289 171.076614
1 208.432975 176.476157
1 199.578806 182.418145
1 186.174945 200.079040
1 180.475691 186.882647
1 220.977149 175.115079
1 196.939850 198.505773
1 196.346362 175.409721
1 193.785615 175.874331
1 201.650211 166.035300
1 182.203108 183.478241
1 198.891638 173.225857
1 180.544847 186.930235
1 186.504118 179.103378
1 180.106523 173.681083
1 212.387992 187.255458
1 209.544623 167.571960
1 181.902077 174.280506
1 205.334414 178.161422
1 212.620355 185.058393
1 188.913952 189.585743
1 204.101071 172.079548
1 207.066242 193.777773
1 214.856571 170.711981
1 202.955266 172.699582
1 184.536981 177.049929
1 184.258736 186.863044
1 194.252804 187.623283
1 198.418725 169.288476
2 293.914801 136.273860
2 245.197685 60.614106
2 294.372177 189.389279
2 247.747488 300.629079
2 123.511157 300.565481
2 304.332227 62.381701
2 318.756259 57.705115
2 240.868928 171.431778
2 158.408097 123.982872
2 317.447416 179.969107
2 89.577762 289.336909
2 225.903249 289.597707
2 18.138077 109.929903
2 3.136457 219.714821
2 198.110545 10.437739
2 246.814734 268.601933
2 31.140934 115.490686
2 265.037625 240.178044
2 114.672760 10.294318
2 140.521718 239.398896
2 24.569977 251.627972
2 87.105782 18.602916
1 218.118860 172.174200
2 324.838656 293.032790
2 28.302707 205.402092
2 144.535984 256.202561
1 207.451063 157.352558
2 222.689276 263.279331
1 233.324339 184.132270
1 191.105559 216.566058
2 118.997681 312.931936
2 229.169346 34.964768
1 192.475325 154.531016
1 194.628810 188.710693
2 61.739456 126.533016
1 201.421177 179.691978
1 245.505958 139.792802
2 84.236164 40.551425
1 183.395961 173.583117
2 150.363545 131.706516
1 245.394881 141.941791
1 195.105419 174.849738
2 170.533688 104.548044
1 200.317449 186.261852
2 150.781593 248.076520
1 250.633494 132.061709
1 156.172441 196.987495
1 190.419851 191.268947
1 216.849790 176.377661
1 196.836408 170.992645
2 284.500587 220.737118
1 229.468474 203.123318
1 223.155161 119.466823
2 107.712019 238.623350
1 153.143633 159.970260
2 56.983966 40.232087
2 154.277638 240.777782
2 137.524156 91.345707
1 241.342165 149.547779
1 175.141635 201.208996
1 249.691316 134.685311
1 255.653474 170.449183
1 197.738893 193.556203
1 210.841014 221.699374
1 211.541924 168.215700
1 229.522057 186.703564
1 193.700170 185.669319
2 17.504635 223.688024
1 174.103831 159.485876
2 39.869316 85.907720
2 134.459107 234.620460
2 134.739971 266.848401
2 94.701253 268.231887
2 228.956617 146.590261
1 186.966030 207.148543
1 186.613593 179.658426
1 226.267089 188.269557
1 227.922807 134.999045
2 333.062048 161.193795
1 223.518114 204.511492
1 195.200031 207.962776
2 93.502357 266.337004
2 163.805579 99.273879
2 282.853378 131.290088
1 224.584713 233.096439
1 216.278532 160.230638
2 189.309993 67.735173
1 228.783412 197.869801
2 162.181998 287.304099
1 135.431233 221.584713
2 238.207859 283.512504
2 190.722742 54.550901
1 157.746573 255.707876
2 224.701409 34.756041
1 223.290232 185.611176
1 182.413627 158.948690
1 138.927655 188.241714
2 141.974653 107.953694
1 236.970324 158.730520
2 122.426187 318.256695
1 259.823537 139.015040
2 156.524988 72.944348
1 208.391995 220.114362
2 176.779819 48.187828
2 231.964053 230.669958
2 153.636218 114.770892
1 244.408263 181.477732
2 325.770185 146.741203
1 224.409812 180.203618
1 172.161617 217.869314
2 192.255922 121.404165
2 234.892767 70.401880
1 251.816326 134.863181
2 190.869085 274.804357
1 170.500963 189.153037
2 40.651929 126.611944
1 167.262775 172.266264
1 214.857584 171.747438
1 165.324162 180.996017
2 68.270832 63.238434
1 223.633658 160.384233
2 100.699071 118.869698
1 217.573111 179.813395
1 237.196300 181.201736
2 13.726886 242.082861
1 202.825797 212.647106
1 173.461561 177.579912
1 208.997078 157.478746
1 236.363469 187.419478
2 98.093198 72.298512
2 32.882906 7.568523
1 196.202114 179.932403
2 169.021701 183.834010
2 171.244360 543.570455
2 20.994490 632.140718
2 66.088670 339.827348
2 215.846863 380.439899
2 176.469311 624.306723
2 142.015951 484.013842
2 162.585077 510.800457
2 28.754951 434.886062
2 258.849622 571.780342
2 28.433730 395.907137
2 285.577834 399.682199
2 119.399959 429.388510
2 73.254313 598.941207
2 134.954239 645.637362
2 99.191083 646.504344
2 207.408084 475.388057
2 175.878546 664.310229
2 101.325125 334.986486
2 57.362094 455.470419
2 86.734992 647.963022
2 287.211024 579.232581
2 320.983146 558.766389
2 207.922837 657.485300
2 325.116712 596.337017
2 252.862460 605.846061
2 322.853003 594.789807
2 32.992235 367.570557
2 328.193075 560.166929
2 290.303148 604.958919
1 145.030728 772.537774
1 157.487720 793.321122
1 152.529190 780.121808
1 145.163527 789.729331
1 142.908453 785.024548
1 147.016255 764.763246
1 149.145823 789.074265
1 164.059055 789.500816
1 129.883861 767.236260
1 162.035259 791.309183
1 143.341848 761.361544
1 148.994945 781.462857
1 139.604911 775.162807
1 148.445724 798.992661
1 161.454364 774.691989
1 145.115120 801.068668
1 147.551750 782.847987
1 130.097206 782.724603
1 146.637271 794.320656
1 144.572743 765.796607
1 165.210033 792.478869
1 145.398130 795.977175
1 138.434013 794.852440
1 137.038868 779.913534
1 148.886593 775.785309
1 154.683136 787.143884
1 151.684056 759.675614
1 141.519321 797.625571
1 172.323697 786.749599
1 143.634279 768.792677
1 171.706840 790.920699
1 150.302771 764.452877
1 154.831874 780.177508
1 165.169143 762.646692
1 139.070384 777.583477
1 164.121171 782.791520
1 131.403224 778.324781
1 147.781349 780.633312
1 142.264031 791.512781
1 156.685346 781.153872
1 144.954823 801.106475
1 168.558070 768.279076
2 314.745031 695.223919
2 278.842459 682.923933
2 179.601668 815.345060
2 235.255087 804.442660
2 66.431093 926.363874
2 304.534268 779.614386
2 226.630879 780.766078
2 168.179667 893.592700
2 155.089063 886.894080
2 95.990597 827.499648
2 100.781039 780.964956
2 109.632884 844.386862
2 186.317673 845.551338
2 132.847880 719.890740
2 92.891069 894.358573
2 78.445487 880.182434
2 292.569065 875.351900
1 185.928746 803.901372
1 162.456990 795.686347
1 131.839229 761.447955
1 148.121796 754.817376
1 108.940510 844.453901
2 185.953723 814.081345
1 134.468173 818.051528
1 121.230960 774.441989
2 332.835424 714.814024
2 178.661860 799.628753
1 162.516336 791.298143
1 153.550824 755.801947
1 141.404201 792.114219
1 130.654497 786.775418
1 158.172653 758.187195
1 136.730683 837.430564
1 139.195345 791.599075
2 198.992597 815.396445
1 145.302735 793.396244
1 137.834808 819.682142
2 213.831942 750.900775
2 189.064185 816.747837
2 225.923362 798.139641
1 111.393904 789.772532
1 145.896057 786.807640
1 174.540807 770.696643
2 204.895457 788.494493
1 146.284326 751.960969
2 263.818271 679.832060
2 160.769826 846.800148
1 166.075453 786.181451
2 203.971456 836.635796
2 321.936585 740.597176
1 112.732422 820.643542
2 156.632144 776.097462
1 163.842643 748.302391
1 129.471146 754.874952
1 169.726328 821.147719
2 209.830739 807.329980
1 165.460563 752.672628
2 330.900140 726.914406
1 158.990712 779.215767
1 174.620333 820.903113
2 228.268603 832.320238
2 112.947310 669.260545
2 185.937023 785.391960
1 163.532525 774.859455
1 148.092711 805.441229
1 140.614308 762.437696
1 171.083716 824.221723
1 151.312307 817.576187
1 130.422204 776.799990
1 202.718677 824.776590
2 200.349107 801.745211
2 158.117019 875.451599
2 34.351484 781.938329
1 137.854826 768.118632
1 152.659718 742.828633
2 82.405795 810.474312
2 205.937600 824.294935
2 252.822610 764.708028
1 172.208591 804.147838
1 145.151857 785.784836
2 216.767619 785.411316
1 156.435684 779.315604
1 198.479061 791.320179
2 179.282367 794.939795
1 125.839000 780.285546
1 151.858916 821.412226
1 174.620583 762.159494
2 135.930634 845.813119
2 327.310848 744.386946
2 349.778605 9.205542
2 605.066590 47.788371
2 589.443399 329.344407
2 581.120796 112.089809
2 665.653347 275.935088
2 363.834378 164.526498
2 647.042743 256.695106
2 527.996854 292.824059
2 666.366008 82.483431
2 649.420891 250.178670
2 429.921659 60.700783
2 442.269964 137.611678
2 578.546029 74.844074
2 463.885595 159.578450
2 340.834231 314.390766
2 608.180601 176.614387
2 581.659812 104.667085
2 584.759719 8.514276
2 406.604858 243.912258
2 393.617551 91.206526
2 530.761359 200.478255
2 390.672135 228.799509
2 623.500289 78.874461
2 402.867411 243.143525
2 444.498006 305.325461
2 652.018250 129.120588
2 339.538722 254.406282
2 383.433924 238.269566
2 662.533191 296.268261
2 458.730242 150.292996
1 382.260213 656.654334
1 400.060358 664.114563
1 405.111228 654.743552
1 414.979481 651.653271
1 403.504982 652.571265
1 390.688447 647.845610
1 405.143784 645.741016
1 397.298582 643.386521
1 399.545928 650.646476
1 408.363581 655.378863
1 407.056579 652.214464
1 387.102474 631.882672
1 385.087245 644.224714
1 398.156383 646.538719
1 400.441090 649.314884
1 397.339133 647.323642
1 395.364842 649.921690
1 394.188539 646.559336
1 398.752565 649.912308
1 397.250624 649.699913
1 406.456430 640.285232
1 400.504314 653.885126
1 421.667448 648.733453
1 380.384746 651.717041
1 392.518443 649.812297
1 411.925322 644.440037
1 394.418308 649.889421
1 406.652711 633.066539
1 394.377634 647.022654
1 394.835188 662.032331
1 395.472651 631.200161
1 402.283887 655.352194
1 414.147286 642.437744
1 412.439738 656.811921
1 402.351592 650.678890
1 411.733015 641.469493
1 401.110278 649.500800
2 455.653924 403.258451
2 363.487086 575.203866
2 554.207542 524.403726
2 407.654692 539.267475
2 422.263068 585.874800
2 545.309700 599.809725
2 569.053141 516.305782
2 472.503920 468.156992
2 638.136057 382.283967
2 337.238754 627.361551
2 514.384405 514.909617
2 567.767176 623.068481
2 414.301767 487.742486
2 379.458646 395.931238
2 603.739266 638.164720
2 439.302773 543.991638
2 622.657885 589.764738
2 651.343269 665.120359
2 400.695022 591.662895
2 356.809001 521.837604
1 433.212712 665.425885
1 397.722942 638.170532
1 403.156023 637.499189
1 431.504958 651.537460
1 364.514607 633.377207
2 435.628609 648.185591
1 378.383389 627.445699
1 414.455337 638.831191
1 395.805298 640.738735
2 376.875421 610.408889
1 412.027031 646.083670
1 397.786007 623.929038
1 410.645178 653.455406
2 417.870399 632.065228
2 435.335304 617.665742
1 411.740702 648.447174
1 430.268097 647.874039
1 356.565052 626.272570
1 411.362530 658.521227
1 369.041518 617.352137
1 414.998140 643.475164
2 414.590009 608.923056
1 430.082972 630.333849
1 378.383619 651.346353
1 398.112726 666.318922
1 432.277993 588.552800
2 336.050405 520.733226
2 388.844153 587.520948
2 402.958821 576.469230
1 435.114346 624.897671
1 386.176315 635.704680
2 387.871667 629.878775
1 393.104851 664.269768
1 380.630259 665.889357
2 421.219122 629.688726
2 385.338179 605.835574
1 379.641732 639.136951
2 377.417719 637.991347
1 426.356884 662.505337
1 418.201009 648.289632
1 411.449454 646.249283
1 381.623786 616.724919
1 431.396089 635.251436
1 437.213637 601.994863
1 396.134227 614.052219
1 394.019544 630.777082
1 453.765095 619.028930
1 432.300387 619.863665
2 467.065599 634.171337
1 416.811948 613.747128
1 444.255596 658.204210
2 548.830575 488.609065
1 400.317669 549.137444
1 363.772281 630.729604
2 465.292095 575.495910
2 356.431676 634.649825
1 396.121435 659.617581
2 429.643496 639.905722
2 411.717931 661.085603
1 412.965563 631.177571
2 434.266414 649.066609
2 334.260702 645.119341
1 377.904260 654.441447
1 368.861276 656.436807
1 394.742350 654.211887
1 405.346775 625.781861
2 397.544120 665.936768
1 374.496018 654.446147
2 438.631616 630.961066
2 431.447890 654.356363
1 435.558681 657.389348
1 418.583614 644.219280
2 367.131196 552.393659
2 390.462635 559.424190
2 439.441542 612.221673
2 436.075483 624.790987
1 350.236256 654.076421
2 365.744720 514.963165
2 391.936551 581.191183
1 384.634523 626.144123
2 416.581646 612.004672
2 398.083260 511.070621
1 406.453181 632.548528
1 379.231922 599.414350
1 390.704714 664.021344
1 398.416231 658.361342
1 443.522705 654.395868
2 396.710737 619.357286
1 416.422723 642.786432
1 389.143725 644.626613
2 459.576284 614.567548
2 397.898895 592.071783
2 361.982193 657.821053
1 346.703250 638.225242
1 363.051005 591.496259
2 429.144012 644.792657
1 459.466079 657.302184
1 464.120956 633.451520
1 403.194114 651.542551
1 425.882590 644.472657
2 361.586800 645.928137
2 470.871836 645.141342
2 527.888081 619.531750
1 391.172765 640.981493
2 434.002198 657.918785
1 380.213293 626.363330
2 404.231292 657.830525
1 431.501006 590.996235
2 337.311668 575.936029
1 430.853542 632.965120
1 395.695513 650.740191
1 395.147537 618.154479
2 463.786757 621.245889
2 385.159054 631.380171
1 421.462049 642.991352
1 400.084232 637.438967
1 450.959388 639.457958
1 591.487549 810.596792
1 569.833038 799.846903
1 572.212885 807.626350
1 562.838830 823.133327
1 581.619194 791.499844
1 562.109298 801.404777
1 569.393378 799.362321
1 575.479506 794.895237
1 550.314057 812.352350
1 564.241788 810.020203
1 569.629502 802.786922
1 564.053403 790.297419
1 553.192257 793.616418
1 549.161840 788.600295
1 576.378288 808.759825
1 569.200985 800.474026
1 576.727973 810.336564
1 553.858209 800.021254
1 548.627846 793.185977
1 562.278597 797.613960
1 571.998115 799.433039
1 574.470780 783.193272
1 572.089694 783.789241
1 570.978102 799.174940
1 576.423917 815.735739
1 592.906930 809.881322
1 592.085861 806.001343
1 565.419632 797.485520
1 555.859829 792.941726
1 571.754810 812.072489
1 569.199946 795.767835
1 580.683493 819.967901
1 571.582199 797.383136
1 590.387599 797.733528
1 577.335586 808.401524
1 580.041311 806.092403
1 567.753650 797.303679
1 561.438024 797.509067
1 570.353356 805.491408
2 577.914558 714.854242
2 436.675419 920.930438
2 443.770658 934.503837
2 373.322691 854.021838
2 574.700117 858.400583
2 610.104511 840.210379
2 642.694306 910.732831
2 659.645040 947.878012
2 349.544459 746.803773
2 381.538185 894.107693
2 339.589366 723.918474
2 412.598899 810.795338
2 382.367949 691.752045
2 448.318685 952.522040
2 408.423329 772.895511
2 520.087113 997.883590
2 496.779949 667.697406
2 447.291469 719.800295
2 646.125732 813.346760
2 473.722511 702.352219
2 648.836860 787.895538
2 572.124382 759.782192
2 542.324607 680.102779
2 622.243191 962.189270
2 524.971951 840.720524
2 430.984447 864.594218
2 583.814646 844.751735
2 341.023123 700.356871
2 651.250493 775.032528
1 397.704954 677.937209
1 552.594206 787.903213
2 526.131889 667.120702
1 554.371445 758.175142
1 387.393505 673.856415
1 528.718866 789.874299
2 641.623881 711.951874
1 579.712449 808.738875
1 404.758139 705.357081
1 593.824574 809.569160
1 384.740951 685.758238
2 607.179032 991.453995
1 601.427435 784.663015
2 370.803357 778.093048
1 573.868318 793.131693
1 388.629720 678.274580
1 560.943075 823.339103
1 558.729185 823.682112
2 436.531718 666.786753
1 555.090831 803.964831
1 569.894678 787.185067
1 556.271709 796.322842
1 506.306141 836.614747
2 380.354103 680.861890
1 599.702711 826.876173
1 404.820926 706.603787
1 561.566656 801.661136
1 530.137396 824.828856
1 520.931566 833.490237
2 633.321100 826.505424
1 542.284502 792.764246
1 573.973998 790.992940
1 558.813324 818.484386
2 389.271501 893.108545
1 445.227951 669.870784
1 639.618034 787.078313
2 501.807680 736.630272
2 367.450376 782.911868
2 502.675204 771.654031
2 509.834268 721.307707
1 586.719708 788.252635
1 530.726931 801.817840
2 524.325784 728.709501
2 457.249781 897.153000
1 532.018255 793.905495
1 555.477817 808.377466
1 529.400486 775.368533
1 400.114966 698.839855
1 628.060899 835.760055
2 360.352942 678.676228
1 439.338739 678.599568
1 571.969341 843.855990
2 621.424912 802.611538
1 530.420525 783.810631
1 570.908868 790.304056
1 556.407175 844.644303
1 526.058330 812.361503
2 459.367062 734.473909
2 608.668007 852.734294
2 525.084718 897.663682
1 548.883136 786.343080
2 613.368875 797.123112
1 565.892635 805.590514
1 607.060739 798.907142
1 517.069141 816.698511
1 551.791810 822.528987
1 615.514000 869.291765
1 419.792778 678.054245
1 552.939220 798.604466
1 392.978636 684.592763
2 477.924097 841.476351
1 437.192399 675.281840
2 443.157981 671.671920
2 644.382781 747.101390
2 448.347466 776.373384
1 561.006555 808.934825
2 618.311871 945.574338
1 587.284854 772.869186
2 444.569717 710.603656
1 547.235957 793.038388
2 483.073922 730.257334
1 551.875081 806.598024
2 351.178061 701.389631
1 494.177184 824.716363
2 603.629386 789.513690
1 440.658600 668.380239
1 563.469400 776.311968
1 589.209238 798.622011
1 568.533814 739.592473
1 443.271544 675.177739
2 477.344543 788.293797
2 567.310162 779.218825
1 416.571424 676.194437
2 547.776979 828.187894
1 415.083572 686.949788
1 556.944595 750.646491
1 507.084666 808.684257
2 434.583147 805.093531
1 534.807206 826.403078
1 556.811713 805.167450
2 528.900539 700.110724
1 575.315503 804.634940
1 502.237322 834.857296
2 593.015814 685.572959
1 394.752504 672.367608
1 429.093128 666.980900
2 419.709375 705.878700
1 562.259017 794.737967
2 495.709826 796.043122
1 571.925746 814.295160
1 376.680167 710.628804
1 397.367744 695.288163
1 392.615112 690.633889
1 561.396757 823.007420
1 569.385150 836.145835
2 513.678471 689.658666
1 541.450753 798.625885
2 379.980557 748.847922
1 562.716336 774.193077
1 414.779673 722.022288
1 551.609614 770.884289
2 450.174320 790.705854
2 443.779835 679.638179
2 450.459194 690.383262
1 593.510729 817.035271
1 533.404017 812.097743
2 557.968291 769.125263
2 500.343983 720.129617
2 629.301737 959.825331
1 546.823632 829.771464
2 418.915437 667.219879
1 514.325554 805.441543
2 437.634431 674.864101
1 505.984221 835.539449
1 585.060797 787.188849
2 474.979796 775.801670
1 537.228555 821.190142
1 572.293803 830.863420
1 501.525282 793.741760
1 597.050770 811.423986
2 495.929128 669.708177
1 377.220987 678.946966
1 559.809635 770.073695
1 544.372543 821.355913
2 438.557646 672.499909
2 440.033531 768.128430
1 535.190378 773.185457
2 595.675429 733.166322
1 388.650589 694.908412
1 399.964957 680.396082
2 361.184435 674.533263
1 576.220687 802.197665
1 557.358542 835.972318
1 608.889068 875.272392
1 439.348666 704.585217
1 512.217414 857.378326
1 503.815867 784.128035
1 385.617694 683.675607
2 603.672856 861.721355
2 593.337444 949.077096
2 445.121919 702.576995
1 461.268339 669.418567
2 458.304965 830.186164
1 605.798890 833.038642
1 521.060501 813.318684
1 579.094832 704.688933
2 381.322713 694.371323
1 571.485126 817.310155
2 433.382492 679.389238
1 378.754602 670.756965
2 398.697833 705.036713
1 556.182912 755.660692
1 583.655349 814.068957
1 483.467332 828.042615
1 594.110656 762.368566
1 582.900108 770.961451
2 371.288172 748.761516
1 556.394519 767.794245
1 537.686608 834.826479
1 577.565641 808.494502
1 817.333145 301.770809
1 812.226200 290.236725
1 830.429414 297.607845
1 824.995430 303.209579
1 814.043604 287.613507
1 833.030645 316.684872
1 834.044190 283.999700
1 827.473053 308.571495
1 820.776003 303.481807
1 835.591285 300.783414
1 820.155986 304.158386
1 822.841290 275.549347
1 826.779512 299.570688
1 802.061386 300.942897
1 818.328382 301.953430
1 821.461269 298.275657
1 837.939457 290.559085
1 809.734327 290.916042
1 799.208382 306.913418
1 822.190965 301.146311
1 828.619228 297.276916
1 818.187449 299.010597
1 820.658663 284.509079
1 809.235061 314.367895
1 817.915434 307.558264
1 838.150705 307.822859
1 833.266366 306.872088
1 825.397005 287.726416
1 818.762404 303.936763
1 812.497967 279.106009
1 829.669497 290.198884
1 832.419664 315.356267
1 820.978513 300.690964
1 836.313379 292.914827
2 666.798979 177.648918
2 722.194114 196.170142
2 755.215109 262.818065
2 967.740334 176.295514
2 847.526756 47.555112
2 896.554048 172.220755
2 882.950573 98.002196
2 777.515608 169.121337
2 763.118143 314.693327
2 995.768737 265.352777
2 801.264136 178.192910
2 675.563414 185.947463
2 900.574006 251.836751
2 792.672124 105.940476
2 909.989381 231.012482
2 721.232896 113.150164
2 850.339335 302.945682
2 955.189126 119.127902
2 923.431828 272.093459
2 921.373790 74.377634
2 809.899771 309.508034
2 923.879637 114.424918
2 799.230402 268.265659
2 826.266588 220.737925
2 746.763665 98.818846
2 998.183651 278.084384
2 992.212422 18.595498
2 961.750529 170.609145
2 747.794707 283.159653
1 823.429682 308.960063
2 703.369715 200.577091
1 855.417034 291.785305
1 835.254007 301.512095
1 808.921341 271.295703
1 805.763228 274.190266
1 862.064375 298.162712
1 840.567001 266.229138
1 809.528765 299.431235
2 746.911361 273.999107
1 797.925504 311.205003
1 880.476770 291.338122
2 965.444805 297.985404
1 855.609878 313.367462
2 882.950199 173.467281
1 831.197167 279.752659
1 874.440541 309.807311
1 844.569087 275.626818
1 794.836844 286.851686
1 801.969576 326.865598
2 796.992015 281.099632
1 830.137122 303.589609
2 763.265183 209.177829
2 732.002324 121.651836
1 822.898410 310.012677
1 870.275052 289.300737
1 779.457846 260.298623
2 950.437611 256.257088
1 894.319528 300.629788
1 860.975060 306.218651
2 816.399267 188.685678
1 837.761359 286.470212
1 824.758724 280.302510
1 800.885052 333.199148
2 929.297235 271.383399
1 802.454496 329.891282
2 817.648069 191.077970
1 800.102081 257.986512
2 809.773966 283.060975
1 852.211302 296.331435
2 826.104892 302.282352
2 913.251306 260.659282
1 820.064234 306.086618
2 785.905597 254.485423
1 753.479654 249.491762
1 926.054269 300.920017
2 807.966179 209.659980
1 868.606015 285.511870
1 848.442011 272.912587
2 833.243534 273.029215
1 804.497527 286.545404
1 832.894828 309.955488
1 828.410204 295.840900
1 792.354660 289.590701
2 741.424110 281.192923
2 948.164115 316.955785
1 858.445343 303.892640
1 880.139592 259.397408
1 768.618414 264.514954
1 814.047962 309.992805
2 772.236736 330.462428
2 738.669394 80.150132
1 850.672366 286.466261
1 808.847492 280.062340
1 903.042653 294.422056
1 784.768057 325.155899
1 798.781937 332.799780
2 735.913204 182.091518
1 886.436928 316.500363
2 934.847890 257.761250
1 797.965439 313.790686
1 782.680227 293.585696
1 813.505133 290.696367
1 935.478120 220.858981
2 827.458584 261.327217
1 817.712889 303.742175
1 822.679501 281.142076
1 829.342773 299.531184
2 824.220568 169.959361
2 886.136224 229.926308
1 871.198051 295.318673
2 888.097291 271.670339
1 757.376019 303.536775
2 807.633737 219.895423
1 867.364807 260.737527
1 813.715119 291.021447
1 792.819153 254.413002
2 926.045994 255.035291
1 827.758847 279.252241
2 936.861503 246.854195
2 850.749086 273.395761
1 834.894932 299.286837
1 828.164197 313.087948
1 775.938201 281.530878
1 807.555990 299.970373
1 771.293499 310.924158
2 879.308259 277.192778
1 839.387535 291.569781
1 802.284011 291.198584
2 921.087301 269.983025
2 679.532372 144.162480
1 819.321857 283.611860
2 839.368478 220.185652
1 927.079581 304.307107
1 898.780411 323.056531
1 819.092871 303.548420
2 780.866424 280.032625
2 800.443128 222.624846
1 795.025128 301.910013
1 863.244505 281.260426
1 798.052763 304.078134
1 858.780275 293.630108
2 868.608386 218.576856
2 924.822934 360.146150
2 853.461554 617.476469
2 898.600168 540.882315
2 677.775509 342.930127
2 750.100477 352.702020
2 867.559483 627.575568
2 910.013623 458.782088
2 968.121624 355.378469
2 921.326964 580.380160
2 857.254788 594.139169
2 977.632657 440.842494
2 720.361765 580.513346
2 772.892698 525.418582
2 958.985674 356.512416
2 813.839232 641.817628
2 864.808386 501.433124
2 757.961885 346.761935
2 821.702857 505.467745
2 923.699222 340.109950
2 857.317670 417.800218
1 819.431706 355.993249
2 795.581114 539.430581
2 669.491465 355.291244
2 897.285985 430.201101
2 908.853896 411.057408
2 685.009910 362.787589
2 953.057729 361.647965
2 918.688396 392.042493
1 859.814082 361.067580
2 766.533944 336.360288
2 905.117258 333.658522
1 868.253834 357.702208
1 793.289452 345.881363
2 915.066432 361.900975
1 799.362062 351.795100
2 897.120281 372.106196
2 966.760985 399.902316
2 795.744533 402.468702
2 963.279830 391.568102
2 918.088132 337.375059
2 730.879782 942.588539
2 817.317326 740.240759
2 728.193996 675.485181
2 737.304823 749.460525
2 676.107195 838.903866
2 836.032604 668.933878
2 977.535892 947.458170
2 906.207141 929.633314
2 970.266889 912.324051
2 841.109441 723.509132
2 981.902447 834.698518
2 864.426634 915.553717
2 960.869334 752.871921
2 761.362816 885.111847
2 693.274694 781.004788
2 780.253001 708.401185
2 806.801612 766.132397
2 668.383672 748.082300
