1 199.269705 173.437265
1 205.196307 190.114481
1 200.028815 178.904122
1 188.380839 167.329228
1 212.483211 172.490510
1 195.050289 171.076614
1 179.145205 192.423152
1 203.705688 176.662764
1 220.372450 167.082820
1 190.286978 163.249754
1 191.860712 185.192797
1 186.174945 200.079040
1 180.475691 186.882647
1 204.553109 188.063940
1 220.977149 175.115079
1 199.999612 180.015226
1 196.346362 175.409721
1 193.785615 175.874331
1 182.203108 183.478241
1 186.504118 179.103378
1 180.106523 173.681083
1 212.946587 178.048028
1 181.902077 174.280506
1 205.334414 178.161422
1 212.620355 185.058393
1 188.913952 189.585743
1 204.101071 172.079548
1 214.856571 170.711981
1 202.955266 172.699582
1 194.252804 187.623283
1 201.516642 175.161366
1 221.555916 184.444234
1 209.057956 178.535843
1 198.418725 169.288476
2 293.914801 136.273860
2 171.706898 110.554810
2 245.197685 60.614106
2 123.511157 300.565481
2 318.756259 57.705115
2 158.408097 123.982872
2 238.095347 173.144910
2 6.988644 146.061295
2 317.447416 179.969107
2 89.577762 289.336909
2 225.903249 289.597707
2 18.138077 109.929903
2 198.110545 10.437739
2 246.814734 268.601933
2 31.140934 115.490686
2 265.037625 240.178044
2 24.569977 251.627972
2 87.105782 18.602916
2 203.383335 10.801702
1 200.759466 170.692448
2 139.350713 226.105632
1 244.927180 181.482655
2 8.795781 176.085391
2 297.085479 155.864645
1 191.931895 147.505393
2 122.663544 257.707945
1 225.216474 187.790587
1 153.884198 177.751502
1 205.734553 212.627370
1 176.627155 176.365936
1 182.791995 208.204207
1 166.921149 147.985158
1 221.443392 158.726019
2 156.588929 65.979631
1 220.834966 193.110707
1 200.132540 208.821407
1 201.825372 223.059873
1 215.860772 174.628188
1 180.839289 178.612602
1 210.702561 220.296234
2 187.323693 20.794101
1 167.670215 151.152543
1 198.538195 146.607960
1 181.634011 206.899984
1 218.582160 167.842650
2 309.817415 136.510584
1 199.960801 95.748643
1 188.795408 132.943505
1 201.490824 218.449990
1 185.276348 205.785974
1 190.695748 221.385360
1 185.366695 172.206126
1 213.079758 128.167400
1 212.227098 213.037391
2 242.107470 234.396523
1 184.835220 205.246849
2 224.628822 186.305911
1 163.078856 123.935569
1 207.729766 191.955994
2 112.609974 257.394031
1 190.401013 175.871553
2 154.768732 98.825237
1 189.144258 147.333059
1 190.928614 220.291899
1 197.120305 171.498790
2 188.666484 174.570405
1 220.897799 164.062278
2 148.769348 232.596128
1 174.143823 201.944278
1 212.833182 205.399246
1 246.778312 205.988367
1 174.933924 149.911670
1 174.307743 156.171459
1 179.846039 195.611390
1 199.310858 196.804784
2 172.858469 164.721320
1 198.473836 226.790813
1 216.445050 180.883694
1 152.708288 217.662480
1 230.808249 162.581212
1 189.284177 196.589494
1 207.680108 193.223575
1 203.500194 173.846546
1 201.377500 195.828490
1 176.384094 180.535895
1 192.971491 197.611778
1 251.001710 168.775667
1 192.127707 191.315221
1 165.255629 213.637195
1 221.616271 183.208189
1 227.957230 158.638828
2 238.206801 172.288502
1 233.977896 203.094905
1 194.872771 130.691884
1 191.939267 243.308902
1 158.944714 144.500243
1 201.549688 170.778119
1 170.599923 157.334496
1 213.863044 155.941496
1 236.697683 161.982751
1 187.589505 210.153583
1 179.460350 108.782345
2 208.258793 26.510175
1 145.284380 241.971456
2 237.269880 164.884348
1 181.399345 179.160576
1 200.039977 205.681811
1 219.842966 147.146628
1 212.847307 157.915912
1 186.962261 221.684094
1 161.485868 164.293539
1 178.796944 179.454530
1 195.735815 174.017749
1 248.656598 170.028114
1 142.882943 182.228739
1 201.828795 192.123928
2 171.244360 543.570455
2 20.994490 632.140718
2 66.088670 339.827348
2 153.389716 641.988353
2 215.846863 380.439899
2 197.668517 576.454287
2 176.469311 624.306723
2 142.015951 484.013842
2 162.585077 510.800457
2 28.754951 434.886062
2 258.849622 571.780342
2 285.577834 399.682199
2 243.642724 359.433039
2 119.399959 429.388510
2 73.254313 598.941207
2 99.191083 646.504344
2 207.408084 475.388057
2 175.878546 664.310229
1 325.842776 657.909274
2 244.954738 555.900671
2 172.446370 597.496994
2 103.573934 647.055486
1 102.902630 622.870115
2 282.426424 636.263839
2 279.760629 561.516952
2 212.915814 642.379495
2 194.439097 602.078930
1 145.030728 772.537774
1 143.108860 781.374177
1 154.390032 786.035741
1 145.163527 789.729331
1 147.016255 764.763246
1 140.785421 784.378476
1 149.145823 789.074265
1 164.059055 789.500816
1 157.305392 776.514772
1 139.319658 769.947154
1 150.635253 800.337475
1 139.669431 765.674780
1 161.454364 774.691989
1 147.551750 782.847987
1 130.097206 782.724603
1 146.637271 794.320656
1 144.572743 765.796607
1 138.434013 794.852440
1 148.886593 775.785309
1 154.683136 787.143884
1 151.684056 759.675614
1 141.519321 797.625571
1 143.634279 768.792677
1 150.302771 764.452877
1 139.070384 777.583477
1 164.121171 782.791520
1 131.403224 778.324781
1 147.781349 780.633312
1 144.954823 801.106475
2 144.085517 872.816056
2 179.601668 815.345060
2 25.964187 815.865713
2 66.431093 926.363874
2 304.534268 779.614386
2 168.179667 893.592700
2 206.757819 820.565459
2 95.990597 827.499648
2 100.781039 780.964956
2 251.927141 815.949635
2 97.995087 682.932946
2 109.632884 844.386862
2 186.317673 845.551338
2 132.847880 719.890740
2 92.891069 894.358573
2 78.445487 880.182434
1 106.757089 784.648117
1 137.143490 835.933846
1 197.004508 755.354300
1 109.119349 793.041183
2 42.906013 862.353363
1 172.649734 809.825150
1 164.948459 798.812813
1 93.255341 800.253797
1 197.026270 772.915982
1 187.437336 786.560937
1 127.951886 764.174249
1 143.504138 691.108717
1 177.295464 748.665947
1 144.502277 789.643702
1 203.855976 788.494623
2 18.227955 787.578568
2 156.976821 865.130630
1 175.923708 817.499813
1 123.218051 708.399636
1 163.614078 813.252800
1 106.616612 750.518501
1 137.282084 833.792254
1 118.685713 797.736738
1 145.187762 791.199530
2 52.264342 860.985741
1 91.968226 750.157946
1 129.915507 783.198928
2 93.141290 872.948518
2 153.849002 767.261184
2 298.044030 678.576696
2 36.416928 872.661726
1 136.141652 674.614131
2 225.149437 673.224366
1 141.470230 819.733397
1 129.244776 781.111918
1 165.482372 727.460174
1 141.503026 758.490290
1 159.740326 831.116052
2 73.027130 825.699464
1 146.621973 794.081555
1 188.774663 748.417178
2 26.690631 805.074050
2 34.769799 824.044436
2 278.057245 776.364146
1 165.647594 734.218214
2 210.332942 849.223720
1 128.812032 795.744765
1 174.786680 788.648395
1 186.257189 789.265751
2 271.156548 839.878417
1 163.069597 801.763514
1 187.894815 844.665525
2 57.413771 796.760019
2 126.559442 834.716697
1 149.418957 787.225383
1 134.880711 830.347954
2 235.838827 686.940572
2 41.887583 851.262266
1 131.543023 774.790060
1 100.244557 837.226071
1 131.529894 795.142464
1 155.647436 792.107375
1 182.461628 750.827315
1 141.680819 742.870109
2 149.370587 881.107785
1 137.422176 800.993772
2 182.715716 807.354652
1 139.889877 802.084332
1 103.483085 726.411751
1 167.399507 738.259672
1 171.972386 708.117661
1 114.628766 742.704374
1 109.010997 787.363635
1 162.403050 795.685502
1 128.365587 772.886402
1 171.824005 796.052782
2 50.441007 882.619488
1 185.200105 764.630044
1 129.925738 783.851403
1 90.468086 745.995295
1 117.118573 733.584210
1 159.558268 784.295494
2 104.340025 774.004678
1 177.411245 808.615284
1 142.713417 711.901076
1 109.705429 778.184332
1 117.899206 745.354287
2 23.677073 870.312052
1 119.718835 785.371961
1 134.535252 784.961937
1 156.892230 815.632469
1 204.268984 691.079333
1 113.422815 814.945395
1 109.360395 756.968535
1 143.029314 793.986667
1 102.904794 812.563627
1 192.332729 797.138448
1 172.428492 720.834309
1 116.510537 769.206635
2 191.380059 822.508321
2 293.856621 705.018802
2 198.314832 828.338013
1 180.156674 722.026150
1 169.920818 806.673016
2 77.792056 887.478299
1 161.242403 753.735948
1 214.675975 761.140639
2 253.725480 904.245543
1 135.041061 764.880466
1 136.910204 829.345075
1 85.407343 823.488682
1 142.542814 757.894459
1 88.787734 724.542512
1 143.986894 752.922713
1 60.369594 794.424063
2 118.140820 854.284994
2 155.697307 887.209483
2 349.778605 9.205542
2 605.066590 47.788371
2 581.120796 112.089809
2 665.653347 275.935088
2 363.834378 164.526498
2 647.042743 256.695106
2 527.996854 292.824059
2 666.366008 82.483431
2 649.420891 250.178670
2 429.921659 60.700783
2 442.269964 137.611678
2 340.834231 314.390766
2 608.180601 176.614387
2 581.659812 104.667085
2 584.759719 8.514276
2 406.604858 243.912258
2 393.617551 91.206526
2 390.672135 228.799509
2 623.500289 78.874461
2 371.782737 51.913341
2 402.867411 243.143525
2 444.498006 305.325461
2 571.288115 214.680961
2 459.060437 293.612571
1 382.260213 656.654334
1 414.979481 651.653271
1 403.504982 652.571265
1 390.688447 647.845610
1 408.363581 655.378863
1 407.056579 652.214464
1 412.893603 637.657770
1 405.531501 633.996536
1 408.893194 651.784645
1 398.156383 646.538719
1 400.441090 649.314884
1 397.339133 647.323642
1 399.327124 649.262928
1 400.506485 650.383943
1 395.364842 649.921690
1 398.752565 649.912308
1 397.250624 649.699913
1 406.456430 640.285232
1 421.667448 648.733453
1 422.983944 640.758248
1 380.384746 651.717041
1 392.518443 649.812297
1 411.925322 644.440037
1 408.039858 649.382839
1 394.418308 649.889421
1 406.652711 633.066539
1 394.377634 647.022654
1 394.835188 662.032331
1 395.472651 631.200161
1 414.147286 642.437744
1 394.118353 663.469716
1 393.106662 639.004447
1 411.733015 641.469493
2 455.653924 403.258451
2 554.207542 524.403726
2 407.654692 539.267475
2 545.309700 599.809725
2 569.053141 516.305782
2 472.503920 468.156992
2 337.238754 627.361551
2 514.384405 514.909617
2 421.769390 657.734760
2 531.947152 538.399774
2 414.301767 487.742486
2 515.624875 369.475080
2 379.458646 395.931238
2 603.739266 638.164720
2 501.170248 578.989438
2 493.003781 406.135317
2 439.302773 543.991638
2 622.657885 589.764738
2 624.977644 549.091301
2 418.523773 349.099599
2 651.343269 665.120359
2 400.695022 591.662895
2 356.809001 521.837604
1 419.597041 629.924104
1 370.685891 656.761433
1 416.282723 644.866577
1 411.717706 619.224535
1 396.281322 588.799619
1 459.773586 657.271433
2 519.521268 607.613022
2 504.094383 614.066969
1 405.211861 634.866071
1 466.793223 623.049548
1 471.776655 613.703832
1 426.800635 634.983879
1 406.184073 659.692680
1 405.555337 637.331483
2 454.617632 462.275166
1 439.011929 635.101011
1 416.938931 640.144043
1 399.548259 664.702342
2 553.905216 575.472433
1 389.982077 626.138149
1 412.203009 611.422368
1 371.934587 640.370549
1 409.049424 628.316033
1 396.376886 643.695661
1 403.774417 629.115449
1 366.337531 628.258102
2 391.041571 613.558790
2 439.183333 599.900331
1 406.712878 578.257774
1 450.867877 638.382020
1 394.097982 625.899186
1 402.851877 602.419892
2 557.988465 506.803564
1 391.399199 658.194034
1 409.398294 634.026295
1 427.691634 647.782825
1 427.076022 643.504904
2 482.183715 365.922801
1 364.785620 649.265179
1 455.113525 613.270191
1 403.677028 640.828431
2 495.815656 572.954584
2 498.080229 634.843976
1 450.178473 656.287589
1 412.005652 662.775059
1 383.537618 601.957398
1 394.033978 617.544497
2 564.741926 614.189498
2 388.620464 641.185265
2 411.079688 569.837598
1 452.693808 642.536181
1 458.825562 645.821110
1 356.380778 658.265460
2 469.727458 552.618247
1 404.568667 619.927694
1 397.206251 595.088315
1 454.675724 643.149722
2 398.800768 475.419790
1 403.546959 621.128546
2 474.551386 562.646002
1 451.895206 634.168958
2 518.166911 659.172563
1 443.734525 619.135641
2 441.933230 568.250959
2 388.268302 460.471310
1 404.266107 663.166997
1 410.130250 640.693412
1 355.667801 658.462749
2 506.035246 666.488827
2 546.126058 648.760556
1 469.986554 638.634277
2 481.307995 658.595269
1 475.091452 599.217176
1 388.705190 625.451536
2 365.384460 624.497900
1 421.005752 581.625633
1 426.226717 647.056380
1 402.687271 634.865390
1 452.717979 593.593418
1 410.137856 631.775331
1 403.329009 626.178203
1 383.177475 638.906895
1 592.269184 788.914880
1 591.487549 810.596792
1 569.833038 799.846903
1 562.838830 823.133327
1 562.109298 801.404777
1 575.479506 794.895237
1 550.314057 812.352350
1 585.959880 788.115219
1 564.241788 810.020203
1 569.629502 802.786922
1 574.622168 791.722488
1 549.161840 788.600295
1 576.378288 808.759825
1 569.200985 800.474026
1 559.810518 804.961297
1 548.627846 793.185977
1 571.998115 799.433039
1 566.964520 801.578735
1 572.089694 783.789241
1 592.906930 809.881322
1 592.085861 806.001343
1 575.887485 815.058752
1 574.647485 814.706093
1 562.839817 799.521881
1 565.419632 797.485520
1 586.486928 795.935543
1 571.754810 812.072489
1 569.199946 795.767835
1 580.683493 819.967901
1 571.582199 797.383136
1 577.335586 808.401524
1 580.041311 806.092403
1 567.753650 797.303679
1 561.438024 797.509067
2 577.914558 714.854242
2 436.675419 920.930438
2 601.527925 716.441812
2 443.770658 934.503837
2 373.322691 854.021838
2 574.700117 858.400583
2 610.104511 840.210379
2 659.645040 947.878012
2 526.803464 864.987154
2 486.398273 802.952947
2 349.544459 746.803773
2 412.598899 810.795338
2 382.367949 691.752045
2 448.318685 952.522040
2 503.259611 871.763370
2 408.423329 772.895511
2 496.779949 667.697406
2 447.291469 719.800295
2 646.125732 813.346760
2 473.722511 702.352219
2 648.836860 787.895538
2 542.324607 680.102779
2 622.243191 962.189270
2 430.984447 864.594218
2 583.814646 844.751735
2 616.138961 886.174952
1 368.071154 688.643711
1 527.793411 802.138914
1 538.735943 801.048558
2 571.852269 844.807301
1 593.237008 802.042186
1 510.141597 782.833380
1 550.018855 821.070997
2 527.644494 679.220683
1 375.090047 672.664231
1 562.395696 806.824104
1 591.710445 810.850197
1 604.993445 831.977500
1 580.829842 824.742094
2 551.245644 799.498583
1 628.027144 780.419478
1 527.575292 820.456540
2 577.898578 789.180350
1 426.940099 673.034742
1 433.606855 693.038764
2 621.194862 810.574120
1 389.079368 685.321866
1 561.880791 808.308731
1 558.403146 748.856302
1 516.201506 788.715496
1 614.145158 832.534376
2 427.279037 765.383291
2 570.025121 800.008199
2 437.906856 684.786078
1 591.712796 824.149109
2 660.853684 920.991530
1 550.194195 794.999866
1 529.959970 807.506586
2 443.388449 799.217553
2 498.654688 873.956863
1 571.964339 845.367750
1 577.186349 807.430571
1 408.082034 694.241835
1 574.537976 835.509196
1 360.429336 670.335236
1 403.561211 688.442678
2 513.056753 876.070192
1 594.473950 886.461946
2 624.239814 786.518350
1 562.473283 782.470665
1 547.240551 769.063819
1 376.515265 672.230794
1 600.754585 864.874174
2 598.428407 735.256332
1 600.923639 804.035950
1 410.621998 670.315269
2 513.837111 878.569595
1 560.535368 808.055431
1 413.772710 681.635847
2 624.272470 824.251685
1 370.669540 696.014484
1 376.126597 670.572207
1 609.281904 764.341988
1 434.586436 668.041262
2 442.186416 724.222073
1 374.187280 695.768986
1 592.838030 808.613473
2 543.779672 870.785473
2 589.300672 783.134454
2 556.263626 778.849095
1 604.414961 836.212551
1 406.500445 717.219743
1 516.448954 753.122820
1 351.663826 691.416801
1 594.582527 843.444707
2 558.163402 814.213231
1 602.273106 890.984035
2 406.531505 667.827438
2 647.916383 856.911494
1 529.737516 791.031556
2 644.917383 834.744733
2 449.399680 963.993058
1 428.222130 689.171888
2 599.455164 838.495482
2 449.116279 923.473633
1 563.631936 741.216469
2 423.615304 687.572746
2 619.336557 765.748523
1 536.665923 832.169091
2 639.030082 674.334092
1 534.739400 794.907073
2 444.447527 906.098536
2 640.842676 925.515802
1 432.540246 686.279946
1 507.451437 864.918311
1 414.375610 669.187670
1 360.345420 693.581952
2 470.020589 820.019354
2 568.905920 829.792446
1 515.935414 789.916325
2 664.423581 764.748709
1 522.221346 807.582315
2 477.097211 879.665591
1 532.188538 779.208259
1 434.050634 672.291087
2 483.496499 699.597343
1 530.005558 763.435510
1 553.630437 785.310901
2 346.449551 795.517502
1 526.880961 750.480181
2 424.300602 776.554671
1 620.258930 776.795245
1 429.346628 689.986917
1 336.226543 691.270938
1 428.373784 667.143913
2 604.196625 780.153295
1 532.969314 814.205598
1 365.588087 674.572550
1 817.333145 301.770809
1 812.226200 290.236725
1 830.429414 297.607845
1 814.043604 287.613507
1 833.030645 316.684872
1 831.667684 295.476292
1 814.058431 301.075981
1 827.473053 308.571495
1 820.776003 303.481807
1 835.591285 300.783414
1 807.626186 302.934711
1 820.155986 304.158386
1 822.841290 275.549347
1 802.061386 300.942897
1 830.789986 321.305360
1 821.461269 298.275657
1 837.939457 290.559085
1 799.208382 306.913418
1 827.960425 295.295719
1 822.190965 301.146311
1 824.871657 302.618242
1 822.031434 305.360813
1 822.383471 302.747937
1 809.235061 314.367895
1 817.915434 307.558264
1 838.150705 307.822859
1 817.894563 302.926957
1 833.266366 306.872088
1 825.397005 287.726416
1 824.072163 310.451970
1 820.862003 300.408726
1 818.762404 303.936763
1 829.669497 290.198884
1 820.978513 300.690964
1 843.686914 295.652230
2 666.798979 177.648918
2 722.194114 196.170142
2 799.967573 112.965367
2 847.526756 47.555112
2 896.554048 172.220755
2 882.950573 98.002196
2 919.808063 177.226763
2 763.118143 314.693327
2 830.285743 135.188482
2 995.768737 265.352777
2 801.264136 178.192910
2 675.563414 185.947463
2 844.330495 166.834008
2 792.672124 105.940476
2 786.455709 275.805450
2 721.232896 113.150164
2 850.339335 302.945682
2 923.431828 272.093459
2 921.373790 74.377634
2 700.217118 149.705557
2 923.879637 114.424918
2 725.838965 321.164163
2 826.266588 220.737925
2 942.296089 88.085685
2 998.183651 278.084384
2 992.212422 18.595498
2 961.750529 170.609145
2 747.794707 283.159653
2 743.638688 290.934731
1 792.095231 317.620058
1 816.326276 311.807746
1 820.350007 235.048275
1 846.259484 331.472950
1 865.272852 271.182791
2 898.111129 326.401752
1 798.544886 263.248180
1 804.114391 305.446572
2 954.098387 235.632111
2 900.181854 237.363446
2 753.791280 294.294518
1 794.690761 293.900547
1 781.542586 314.118031
1 818.577308 254.198277
1 828.354185 262.528130
1 820.975785 298.889194
2 783.207279 310.715315
2 721.501701 307.301100
1 838.700163 252.725015
1 812.719157 308.181347
2 853.023821 306.807569
1 864.624827 316.608063
2 826.930073 214.770451
1 845.636062 311.474519
2 792.268028 237.035828
2 930.246450 117.780079
2 733.663947 296.576339
2 924.638424 226.767394
1 865.134098 314.918341
2 997.267989 203.299654
2 985.022730 331.797922
1 799.954784 291.103819
2 849.513868 294.685120
1 859.743006 309.671418
1 812.595723 264.751661
1 866.052163 219.638938
1 829.314373 310.869275
1 814.652897 278.924219
2 858.269847 289.369150
1 877.381397 306.272786
2 850.419157 159.305642
1 825.944606 325.849703
2 764.460865 276.475757
2 834.592096 262.614991
1 813.878433 274.460652
2 778.837294 322.964880
1 797.415175 306.668444
1 824.409031 305.580601
2 886.879823 202.885326
1 791.815328 330.942116
2 749.816076 269.702438
2 785.765418 153.827583
1 847.416285 264.950980
1 819.348310 304.684102
2 907.371755 154.698223
2 789.039008 251.476201
1 871.834383 305.323882
1 829.146974 270.296458
1 833.579816 311.712460
2 768.477708 301.988483
1 879.752069 330.050218
2 960.929110 201.482238
2 944.377235 287.512391
1 825.720598 298.197191
1 784.622055 257.979719
1 823.334713 304.067078
1 833.847141 286.677962
2 789.347407 298.791740
2 852.868865 174.221476
1 822.504937 234.866485
2 910.751045 328.655437
1 829.869077 271.374452
2 853.461554 617.476469
2 677.775509 342.930127
2 867.559483 627.575568
2 910.013623 458.782088
2 968.121624 355.378469
2 909.437058 404.824141
2 857.254788 594.139169
2 977.632657 440.842494
2 958.985674 356.512416
2 952.169677 569.099599
2 813.839232 641.817628
2 864.808386 501.433124
2 922.861860 409.129112
2 757.961885 346.761935
2 921.044725 367.612915
2 710.275476 501.749901
2 821.702857 505.467745
2 923.699222 340.109950
2 857.317670 417.800218
2 832.961925 457.785573
2 937.918171 395.932300
2 732.444781 365.970271
2 962.987868 434.069175
2 713.091105 377.178512
1 796.353250 343.514277
2 783.638329 343.192348
2 819.065158 498.894226
1 876.357904 346.003898
2 823.120558 470.415249
2 946.805547 341.748094
1 836.637557 362.259592
2 715.066475 366.956392
2 894.741707 402.954901
2 737.577879 355.642511
2 728.818845 390.339423
1 809.799272 361.982128
1 832.530479 353.587456
1 875.664363 337.003091
2 882.350924 376.492070
1 813.182272 398.171440
1 858.881709 352.478867
1 859.154940 343.919510
2 969.437354 380.572882
1 871.332755 339.673104
2 897.596620 388.873612
2 730.879782 942.588539
2 728.193996 675.485181
2 737.304823 749.460525
2 836.032604 668.933878
2 977.535892 947.458170
2 922.795936 866.236940
2 906.207141 929.633314
2 970.266889 912.324051
2 841.109441 723.509132
2 975.466924 771.741003
2 981.902447 834.698518
2 960.869334 752.871921
2 693.274694 781.004788
2 666.953286 932.102326
2 741.835712 871.078402
2 780.253001 708.401185
2 807.989822 723.697615
2 996.219761 805.578737
2 747.328524 751.175035
2 716.832567 919.129600
