1 199.269705 173.437265
1 210.114308 186.948301
1 205.196307 190.114481
1 201.889364 166.244283
1 188.380839 167.329228
1 212.278736 161.253949
1 212.483211 172.490510
1 195.050289 171.076614
1 179.145205 192.423152
1 203.705688 176.662764
1 208.432975 176.476157
1 190.286978 163.249754
1 191.860712 185.192797
1 199.578806 182.418145
1 186.174945 200.079040
1 180.475691 186.882647
1 204.553109 188.063940
1 220.977149 175.115079
1 196.939850 198.505773
1 199.999612 180.015226
1 196.346362 175.409721
1 193.785615 175.874331
1 201.650211 166.035300
1 182.203108 183.478241
1 198.891638 173.225857
1 180.544847 186.930235
1 186.504118 179.103378
1 180.106523 173.681083
1 212.387992 187.255458
1 209.544623 167.571960
1 181.902077 174.280506
1 205.334414 178.161422
1 212.620355 185.058393
1 188.913952 189.585743
1 204.101071 172.079548
1 179.717881 187.837870
1 214.856571 170.711981
1 202.955266 172.699582
1 184.536981 177.049929
1 184.258736 186.863044
1 201.516642 175.161366
1 221.555916 184.444234
1 204.039642 182.773306
1 209.057956 178.535843
1 198.418725 169.288476
2 147.719864 139.178096
2 293.914801 136.273860
2 245.197685 60.614106
2 294.372177 189.389279
2 247.747488 300.629079
2 123.511157 300.565481
2 304.332227 62.381701
2 318.756259 57.705115
2 158.408097 123.982872
2 238.095347 173.144910
2 6.988644 146.061295
2 317.447416 179.969107
2 89.577762 289.336909
2 225.903249 289.597707
2 18.138077 109.929903
2 3.136457 219.714821
2 129.998060 280.385958
2 198.110545 10.437739
2 246.814734 268.601933
2 31.140934 115.490686
2 265.037625 240.178044
2 114.672760 10.294318
2 140.521718 239.398896
2 24.569977 251.627972
2 87.105782 18.602916
2 203.383335 10.801702
1 218.118860 172.174200
2 324.838656 293.032790
2 28.302707 205.402092
2 144.535984 256.202561
1 205.048482 222.929130
1 207.451063 157.352558
2 144.372426 36.499484
1 207.914784 171.184384
1 238.248142 181.613177
2 222.689276 263.279331
1 233.324339 184.132270
1 191.105559 216.566058
2 118.997681 312.931936
2 192.141473 267.662603
2 229.169346 34.964768
1 192.475325 154.531016
1 194.628810 188.710693
2 61.739456 126.533016
1 170.426312 177.395379
1 201.421177 179.691978
1 245.505958 139.792802
1 157.732173 176.031451
2 84.236164 40.551425
2 150.363545 131.706516
1 245.394881 141.941791
1 195.105419 174.849738
2 170.533688 104.548044
1 200.317449 186.261852
2 150.781593 248.076520
1 250.633494 132.061709
1 156.172441 196.987495
1 190.419851 191.268947
1 216.849790 176.377661
2 235.912003 10.376968
1 196.836408 170.992645
2 284.500587 220.737118
2 251.795427 155.162393
1 209.522782 173.601242
1 229.468474 203.123318
1 223.155161 119.466823
2 107.712019 238.623350
1 153.143633 159.970260
2 154.277638 240.777782
2 137.524156 91.345707
1 241.342165 149.547779
1 175.141635 201.208996
1 249.691316 134.685311
1 255.653474 170.449183
1 197.738893 193.556203
1 210.841014 221.699374
1 211.541924 168.215700
1 229.522057 186.703564
1 193.700170 185.669319
2 17.504635 223.688024
1 196.788828 148.024655
1 174.103831 159.485876
1 236.339910 133.005488
2 39.869316 85.907720
2 134.459107 234.620460
2 134.739971 266.848401
2 94.701253 268.231887
2 228.956617 146.590261
1 186.613593 179.658426
1 226.267089 188.269557
1 227.922807 134.999045
2 333.062048 161.193795
1 223.518114 204.511492
1 195.200031 207.962776
2 93.502357 266.337004
1 213.095548 168.877530
2 163.805579 99.273879
1 254.039119 160.559135
2 282.853378 131.290088
1 193.738485 115.284403
1 224.584713 233.096439
2 189.309993 67.735173
1 228.783412 197.869801
2 162.181998 287.304099
1 135.431233 221.584713
2 190.722742 54.550901
1 192.199664 222.876604
1 157.746573 255.707876
2 224.701409 34.756041
1 223.290232 185.611176
1 182.413627 158.948690
2 150.658806 271.633439
1 138.927655 188.241714
2 141.974653 107.953694
1 236.970324 158.730520
2 232.218906 148.052480
1 178.932245 216.974115
1 228.523614 155.199883
1 200.085814 147.248561
1 211.187457 154.248760
2 112.233372 192.891670
1 220.701860 186.005082
2 87.409390 253.779295
1 224.409812 180.203618
1 191.999353 142.341036
1 230.590145 160.931535
1 151.663751 149.633494
2 161.401980 120.342584
1 201.526864 167.771128
1 192.907590 186.527599
2 268.062147 144.219438
2 188.280654 232.109052
2 171.244360 543.570455
2 20.994490 632.140718
2 66.088670 339.827348
2 153.389716 641.988353
2 176.469311 624.306723
2 142.015951 484.013842
2 162.585077 510.800457
2 28.754951 434.886062
2 258.849622 571.780342
2 28.433730 395.907137
2 285.577834 399.682199
2 243.642724 359.433039
2 206.003233 444.655875
2 119.399959 429.388510
2 134.954239 645.637362
2 99.191083 646.504344
2 207.408084 475.388057
2 175.878546 664.310229
2 101.325125 334.986486
2 57.362094 455.470419
2 86.734992 647.963022
2 287.211024 579.232581
2 303.763331 617.661532
2 320.983146 558.766389
2 207.922837 657.485300
2 325.116712 596.337017
2 252.862460 605.846061
2 322.853003 594.789807
2 291.576039 654.249420
2 312.294752 665.671923
2 309.564183 608.978790
2 303.320377 556.136244
2 292.517820 562.935911
2 326.075241 639.587437
1 145.030728 772.537774
1 157.487720 793.321122
1 143.108860 781.374177
1 154.390032 786.035741
1 152.529190 780.121808
1 145.163527 789.729331
1 147.016255 764.763246
1 140.785421 784.378476
1 149.145823 789.074265
1 164.059055 789.500816
1 129.883861 767.236260
1 162.035259 791.309183
1 143.341848 761.361544
1 157.305392 776.514772
1 148.994945 781.462857
1 150.635253 800.337475
1 139.604911 775.162807
1 139.669431 765.674780
1 148.445724 798.992661
1 161.454364 774.691989
1 145.115120 801.068668
1 147.551750 782.847987
1 130.097206 782.724603
1 146.637271 794.320656
1 144.572743 765.796607
1 165.210033 792.478869
1 145.398130 795.977175
1 138.434013 794.852440
1 137.038868 779.913534
1 148.886593 775.785309
1 154.683136 787.143884
1 151.684056 759.675614
1 141.519321 797.625571
1 172.323697 786.749599
1 143.634279 768.792677
1 171.706840 790.920699
1 150.302771 764.452877
1 154.831874 780.177508
1 165.169143 762.646692
1 139.070384 777.583477
1 164.121171 782.791520
1 131.403224 778.324781
1 147.781349 780.633312
1 142.264031 791.512781
1 156.685346 781.153872
1 144.954823 801.106475
1 168.558070 768.279076
2 314.745031 695.223919
2 278.842459 682.923933
2 144.085517 872.816056
2 179.601668 815.345060
2 235.255087 804.442660
2 25.964187 815.865713
2 66.431093 926.363874
2 304.534268 779.614386
2 168.179667 893.592700
2 155.089063 886.894080
2 206.757819 820.565459
2 95.990597 827.499648
2 100.781039 780.964956
2 251.927141 815.949635
2 97.995087 682.932946
2 109.632884 844.386862
2 54.460575 712.218472
2 132.847880 719.890740
2 251.392151 680.540094
2 92.891069 894.358573
2 78.445487 880.182434
2 292.569065 875.351900
1 185.928746 803.901372
1 162.456990 795.686347
1 131.839229 761.447955
1 120.100715 812.970292
1 148.121796 754.817376
1 108.940510 844.453901
2 185.953723 814.081345
1 134.468173 818.051528
1 121.230960 774.441989
1 137.311170 808.446672
2 332.835424 714.814024
2 178.661860 799.628753
1 162.516336 791.298143
1 167.434229 789.107735
1 153.550824 755.801947
1 141.404201 792.114219
1 130.654497 786.775418
1 158.172653 758.187195
1 139.195345 791.599075
1 165.946026 792.749271
2 198.992597 815.396445
1 145.302735 793.396244
1 137.834808 819.682142
2 213.831942 750.900775
2 189.064185 816.747837
1 134.242372 770.211998
2 225.923362 798.139641
1 152.026004 817.441502
1 111.393904 789.772532
1 145.896057 786.807640
1 174.540807 770.696643
2 192.726908 759.405762
1 143.422903 744.299027
2 204.895457 788.494493
2 22.931545 697.881650
1 146.284326 751.960969
2 263.818271 679.832060
2 160.769826 846.800148
1 166.075453 786.181451
2 203.971456 836.635796
2 321.936585 740.597176
1 112.732422 820.643542
1 196.701192 726.241941
2 156.632144 776.097462
1 163.842643 748.302391
1 107.462235 785.120847
2 177.408007 835.711638
1 129.471146 754.874952
1 169.726328 821.147719
1 127.545581 794.859770
2 209.830739 807.329980
1 165.460563 752.672628
2 330.900140 726.914406
1 158.990712 779.215767
1 174.620333 820.903113
1 124.154371 773.492298
2 228.268603 832.320238
2 112.947310 669.260545
2 185.937023 785.391960
1 137.840922 800.495195
1 163.532525 774.859455
1 148.092711 805.441229
1 140.614308 762.437696
1 171.083716 824.221723
1 163.358853 768.466191
2 148.348100 788.458579
1 184.092120 786.437635
2 200.349107 801.745211
2 261.036766 741.343907
2 279.775989 684.110785
2 151.110878 861.065630
1 213.762690 740.696322
2 319.283778 769.248627
2 324.201671 767.058219
1 157.533120 755.146881
2 152.918037 792.304308
1 137.854826 768.118632
1 146.428884 762.443863
1 182.465997 784.885567
1 207.519155 718.834558
2 349.778605 9.205542
2 605.066590 47.788371
2 589.443399 329.344407
2 581.120796 112.089809
2 665.653347 275.935088
2 363.834378 164.526498
2 647.042743 256.695106
2 527.996854 292.824059
2 649.420891 250.178670
2 429.921659 60.700783
2 442.269964 137.611678
2 578.546029 74.844074
2 463.885595 159.578450
2 340.834231 314.390766
2 608.180601 176.614387
2 581.659812 104.667085
2 584.759719 8.514276
2 406.604858 243.912258
2 393.617551 91.206526
2 530.761359 200.478255
2 390.672135 228.799509
2 371.782737 51.913341
2 402.867411 243.143525
2 334.950622 271.238755
2 444.498006 305.325461
2 571.288115 214.680961
2 459.060437 293.612571
2 652.018250 129.120588
2 339.538722 254.406282
2 383.433924 238.269566
2 662.533191 296.268261
2 583.056389 51.092400
1 382.260213 656.654334
1 400.060358 664.114563
1 405.111228 654.743552
1 414.979481 651.653271
1 403.504982 652.571265
1 390.688447 647.845610
1 405.143784 645.741016
1 397.298582 643.386521
1 399.545928 650.646476
1 408.363581 655.378863
1 407.056579 652.214464
1 387.102474 631.882672
1 385.087245 644.224714
1 412.893603 637.657770
1 405.531501 633.996536
1 408.893194 651.784645
1 398.156383 646.538719
1 400.441090 649.314884
1 397.339133 647.323642
1 399.327124 649.262928
1 395.364842 649.921690
1 398.053061 653.189044
1 394.188539 646.559336
1 398.752565 649.912308
1 397.250624 649.699913
1 406.456430 640.285232
1 380.873523 652.353149
1 400.504314 653.885126
1 421.667448 648.733453
1 422.983944 640.758248
1 380.384746 651.717041
1 392.518443 649.812297
1 411.925322 644.440037
1 408.039858 649.382839
1 394.418308 649.889421
1 406.652711 633.066539
1 394.377634 647.022654
1 394.835188 662.032331
1 395.472651 631.200161
1 402.283887 655.352194
1 414.147286 642.437744
1 412.439738 656.811921
1 394.118353 663.469716
1 402.351592 650.678890
1 393.106662 639.004447
1 411.733015 641.469493
1 401.110278 649.500800
2 455.653924 403.258451
2 363.487086 575.203866
2 554.207542 524.403726
2 407.654692 539.267475
2 422.263068 585.874800
2 545.309700 599.809725
2 409.899350 583.813836
2 569.053141 516.305782
2 472.503920 468.156992
2 638.136057 382.283967
2 337.238754 627.361551
2 514.384405 514.909617
2 421.769390 657.734760
2 567.767176 623.068481
2 531.947152 538.399774
2 346.897906 350.992522
2 515.624875 369.475080
2 379.458646 395.931238
2 501.170248 578.989438
2 493.003781 406.135317
2 622.657885 589.764738
2 418.523773 349.099599
2 651.343269 665.120359
2 400.695022 591.662895
2 356.809001 521.837604
1 433.212712 665.425885
1 397.722942 638.170532
1 352.482858 623.279532
1 403.156023 637.499189
1 375.611082 632.796814
1 431.504958 651.537460
2 435.628609 648.185591
1 378.383389 627.445699
1 414.455337 638.831191
1 395.805298 640.738735
2 450.468317 550.646143
1 412.027031 646.083670
1 397.786007 623.929038
1 410.645178 653.455406
2 417.870399 632.065228
2 435.335304 617.665742
1 430.268097 647.874039
1 403.402382 631.698785
1 416.146908 637.737365
1 416.707032 658.002329
1 356.565052 626.272570
1 411.362530 658.521227
1 369.041518 617.352137
1 414.998140 643.475164
2 414.590009 608.923056
2 413.185100 583.815412
2 518.470672 525.779081
1 430.082972 630.333849
1 406.559984 609.787712
1 378.383619 651.346353
1 398.112726 666.318922
1 432.277993 588.552800
1 425.243661 660.753383
2 336.050405 520.733226
2 388.844153 587.520948
1 412.527529 652.881400
2 402.958821 576.469230
1 446.397020 634.261661
2 452.162524 647.805138
1 435.114346 624.897671
2 387.871667 629.878775
1 393.104851 664.269768
1 380.630259 665.889357
1 427.123004 663.302140
1 414.668613 650.624557
2 421.219122 629.688726
2 385.338179 605.835574
1 379.641732 639.136951
2 377.417719 637.991347
1 451.255206 647.387790
1 426.356884 662.505337
1 371.799975 634.313106
1 418.201009 648.289632
1 411.449454 646.249283
1 403.999339 666.401758
1 431.396089 635.251436
1 437.213637 601.994863
1 405.482556 553.265885
1 368.220979 633.762243
1 396.134227 614.052219
1 394.019544 630.777082
1 453.765095 619.028930
2 467.065599 634.171337
1 416.811948 613.747128
1 444.255596 658.204210
1 372.607735 606.487565
2 548.830575 488.609065
1 400.317669 549.137444
1 363.772281 630.729604
2 465.292095 575.495910
2 356.431676 634.649825
1 396.121435 659.617581
2 429.643496 639.905722
1 418.257370 643.182608
2 411.717931 661.085603
1 412.965563 631.177571
2 434.266414 649.066609
2 334.260702 645.119341
1 377.904260 654.441447
1 368.861276 656.436807
1 411.106641 624.867631
1 394.742350 654.211887
1 405.346775 625.781861
2 397.544120 665.936768
1 374.496018 654.446147
1 450.513017 588.186839
2 438.631616 630.961066
2 431.447890 654.356363
1 367.279034 612.895006
1 435.558681 657.389348
1 422.178054 661.691814
2 393.457170 604.157109
1 430.607564 655.119062
2 381.718656 655.679446
1 471.108803 631.070809
1 358.890962 630.843180
1 362.981486 665.697449
1 350.970859 656.767508
2 390.462635 559.424190
2 416.973140 606.390441
2 425.432840 648.439567
1 403.986050 622.418864
2 436.075483 624.790987
1 392.876486 645.311500
1 366.411310 649.178439
1 357.125342 663.378536
2 445.764307 645.342017
1 364.404042 599.668083
1 357.120062 594.040632
2 407.898892 655.785027
1 411.867848 658.869671
1 408.915499 633.089046
2 487.601426 663.989839
1 344.336105 631.178506
1 411.668134 668.368042
1 592.269184 788.914880
1 591.487549 810.596792
1 569.833038 799.846903
1 572.212885 807.626350
1 562.838830 823.133327
1 581.619194 791.499844
1 562.109298 801.404777
1 569.393378 799.362321
1 575.479506 794.895237
1 550.314057 812.352350
1 585.959880 788.115219
1 564.241788 810.020203
1 569.629502 802.786922
1 577.599504 805.651019
1 574.622168 791.722488
1 564.053403 790.297419
1 553.192257 793.616418
1 549.161840 788.600295
1 576.378288 808.759825
1 569.200985 800.474026
1 576.727973 810.336564
1 553.858209 800.021254
1 559.810518 804.961297
1 548.627846 793.185977
1 562.278597 797.613960
1 571.998115 799.433039
1 566.964520 801.578735
1 574.470780 783.193272
1 572.089694 783.789241
1 570.978102 799.174940
1 576.423917 815.735739
1 592.906930 809.881322
1 592.085861 806.001343
1 575.887485 815.058752
1 574.647485 814.706093
1 562.839817 799.521881
1 565.419632 797.485520
1 555.859829 792.941726
1 586.486928 795.935543
1 571.754810 812.072489
1 569.199946 795.767835
1 580.683493 819.967901
1 571.582199 797.383136
1 590.387599 797.733528
1 577.335586 808.401524
1 580.041311 806.092403
1 561.438024 797.509067
1 570.353356 805.491408
2 577.914558 714.854242
2 436.675419 920.930438
2 601.527925 716.441812
2 373.322691 854.021838
2 610.104511 840.210379
2 642.694306 910.732831
2 659.645040 947.878012
2 526.803464 864.987154
2 486.398273 802.952947
2 349.544459 746.803773
2 381.538185 894.107693
2 339.589366 723.918474
2 412.598899 810.795338
2 382.367949 691.752045
2 448.318685 952.522040
2 503.259611 871.763370
2 408.423329 772.895511
2 650.792042 795.792364
2 520.087113 997.883590
2 496.779949 667.697406
2 447.291469 719.800295
2 646.125732 813.346760
2 473.722511 702.352219
2 648.836860 787.895538
2 572.124382 759.782192
2 542.324607 680.102779
2 622.243191 962.189270
2 524.971951 840.720524
2 430.984447 864.594218
2 583.814646 844.751735
2 341.023123 700.356871
2 651.250493 775.032528
1 397.704954 677.937209
1 552.594206 787.903213
1 533.948562 790.216379
1 561.852499 753.216755
2 475.837178 681.365200
2 526.131889 667.120702
1 554.371445 758.175142
1 387.393505 673.856415
1 528.718866 789.874299
2 453.813455 697.345393
1 617.015195 766.787689
1 566.315950 781.292630
2 641.623881 711.951874
1 579.712449 808.738875
1 404.758139 705.357081
1 593.824574 809.569160
1 384.740951 685.758238
2 664.943654 775.971340
2 607.179032 991.453995
1 601.427435 784.663015
2 370.803357 778.093048
1 573.868318 793.131693
1 356.653024 674.907917
1 388.629720 678.274580
1 560.943075 823.339103
1 558.729185 823.682112
1 411.220246 704.666974
2 436.531718 666.786753
1 569.894678 787.185067
1 556.271709 796.322842
1 506.306141 836.614747
2 380.354103 680.861890
1 599.702711 826.876173
1 404.820926 706.603787
1 561.566656 801.661136
1 530.137396 824.828856
2 575.217895 671.271971
2 633.321100 826.505424
1 424.212693 678.546335
1 542.284502 792.764246
1 573.973998 790.992940
1 558.813324 818.484386
2 389.271501 893.108545
1 445.227951 669.870784
1 639.618034 787.078313
2 501.807680 736.630272
2 367.450376 782.911868
1 536.291711 801.308688
1 537.319451 734.597013
2 502.675204 771.654031
2 509.834268 721.307707
1 586.719708 788.252635
1 530.726931 801.817840
2 524.325784 728.709501
2 457.249781 897.153000
1 568.618284 799.917782
2 612.504497 825.526479
1 555.477817 808.377466
1 529.400486 775.368533
1 400.114966 698.839855
1 628.060899 835.760055
1 638.319422 841.053945
2 360.352942 678.676228
2 618.774985 876.164079
1 439.338739 678.599568
1 571.969341 843.855990
2 621.424912 802.611538
1 530.420525 783.810631
1 570.908868 790.304056
1 556.407175 844.644303
1 526.058330 812.361503
1 559.633871 830.958230
1 458.085837 697.289818
2 459.367062 734.473909
2 608.668007 852.734294
2 525.084718 897.663682
1 548.883136 786.343080
2 613.368875 797.123112
1 565.892635 805.590514
1 607.060739 798.907142
1 517.069141 816.698511
1 551.791810 822.528987
1 615.514000 869.291765
1 419.792778 678.054245
1 552.939220 798.604466
1 392.978636 684.592763
2 477.924097 841.476351
1 437.192399 675.281840
2 443.157981 671.671920
2 644.382781 747.101390
2 448.347466 776.373384
1 561.006555 808.934825
2 618.311871 945.574338
1 587.284854 772.869186
2 444.569717 710.603656
1 547.235957 793.038388
2 483.073922 730.257334
1 551.875081 806.598024
2 351.178061 701.389631
1 494.177184 824.716363
2 603.629386 789.513690
1 440.658600 668.380239
1 563.469400 776.311968
1 589.209238 798.622011
1 531.146293 811.835063
1 568.533814 739.592473
1 443.271544 675.177739
2 477.344543 788.293797
2 567.310162 779.218825
1 426.638420 675.119705
1 416.571424 676.194437
2 547.776979 828.187894
1 433.709922 701.078902
1 415.083572 686.949788
1 556.944595 750.646491
1 507.084666 808.684257
2 434.583147 805.093531
1 534.807206 826.403078
1 556.811713 805.167450
2 528.900539 700.110724
1 575.315503 804.634940
1 516.739015 780.517049
1 582.975438 779.727939
2 578.373009 694.094406
1 380.024055 669.670459
1 429.093128 666.980900
1 378.896183 690.612163
2 438.429444 747.151470
2 475.326705 678.256033
2 428.543087 669.818183
1 567.798412 776.412648
1 562.259017 794.737967
1 533.865409 795.344715
2 358.856012 739.893948
1 604.834908 800.309652
1 624.258738 733.564472
1 597.091195 796.838047
1 396.071934 682.571352
2 418.280526 854.655758
1 576.803846 775.567881
2 567.051268 713.661933
1 388.629720 678.274580
1 505.183078 829.221400
1 570.956560 827.551214
1 591.821296 825.213812
1 597.850224 815.016653
2 612.080342 747.088639
1 560.547900 812.770719
1 420.029704 667.140717
1 562.716336 774.193077
1 543.716821 785.156855
1 541.056674 823.052416
2 400.516491 670.205174
1 538.553128 760.987317
2 454.020618 732.763794
1 580.557314 810.049223
1 527.317889 816.564827
1 577.233563 777.965595
2 459.337332 790.624377
1 817.333145 301.770809
1 812.226200 290.236725
1 830.429414 297.607845
1 824.995430 303.209579
1 814.043604 287.613507
1 833.030645 316.684872
1 831.667684 295.476292
1 814.058431 301.075981
1 834.044190 283.999700
1 827.473053 308.571495
1 819.691371 300.488439
1 835.591285 300.783414
1 807.626186 302.934711
1 820.155986 304.158386
1 822.841290 275.549347
1 826.779512 299.570688
1 802.061386 300.942897
1 818.328382 301.953430
1 830.789986 321.305360
1 821.461269 298.275657
1 837.939457 290.559085
1 809.734327 290.916042
1 799.208382 306.913418
1 827.960425 295.295719
1 822.190965 301.146311
1 828.619228 297.276916
1 824.871657 302.618242
1 818.187449 299.010597
1 822.031434 305.360813
1 822.383471 302.747937
1 820.658663 284.509079
1 809.235061 314.367895
1 817.915434 307.558264
1 817.894563 302.926957
1 820.400217 300.308929
1 833.266366 306.872088
1 825.397005 287.726416
1 824.072163 310.451970
1 820.862003 300.408726
1 818.762404 303.936763
1 812.497967 279.106009
1 829.669497 290.198884
1 832.419664 315.356267
1 820.978513 300.690964
1 797.302606 305.825083
1 843.686914 295.652230
1 836.313379 292.914827
2 666.798979 177.648918
2 722.194114 196.170142
2 799.967573 112.965367
2 755.215109 262.818065
2 967.740334 176.295514
2 847.526756 47.555112
2 896.554048 172.220755
2 882.950573 98.002196
2 919.808063 177.226763
2 777.515608 169.121337
2 763.118143 314.693327
2 830.285743 135.188482
2 995.768737 265.352777
2 801.264136 178.192910
2 675.563414 185.947463
2 900.574006 251.836751
2 844.330495 166.834008
2 792.672124 105.940476
2 786.455709 275.805450
2 909.989381 231.012482
2 721.232896 113.150164
2 850.339335 302.945682
2 955.189126 119.127902
2 923.431828 272.093459
2 921.373790 74.377634
2 700.217118 149.705557
2 923.879637 114.424918
2 799.230402 268.265659
2 725.838965 321.164163
2 826.266588 220.737925
2 746.763665 98.818846
2 942.296089 88.085685
2 998.183651 278.084384
2 992.212422 18.595498
2 961.750529 170.609145
2 747.794707 283.159653
2 743.638688 290.934731
1 828.275963 331.892290
1 823.429682 308.960063
1 855.417034 291.785305
1 835.254007 301.512095
1 808.921341 271.295703
1 805.763228 274.190266
1 862.064375 298.162712
1 840.567001 266.229138
1 839.156609 302.474523
1 809.528765 299.431235
2 746.911361 273.999107
1 797.925504 311.205003
1 880.476770 291.338122
2 965.444805 297.985404
1 855.609878 313.367462
2 882.950199 173.467281
1 831.197167 279.752659
1 874.440541 309.807311
1 817.345165 277.327441
1 831.368790 332.802208
1 794.836844 286.851686
1 801.969576 326.865598
2 796.992015 281.099632
1 830.137122 303.589609
2 763.265183 209.177829
2 732.002324 121.651836
1 822.898410 310.012677
1 870.275052 289.300737
1 779.457846 260.298623
2 950.437611 256.257088
2 930.464826 79.598083
1 894.319528 300.629788
1 831.909003 302.517208
1 873.051813 228.717336
1 860.975060 306.218651
2 816.399267 188.685678
1 837.761359 286.470212
1 824.758724 280.302510
1 800.885052 333.199148
2 929.297235 271.383399
1 802.454496 329.891282
2 817.648069 191.077970
2 762.966157 322.980247
1 800.102081 257.986512
2 809.773966 283.060975
1 852.211302 296.331435
2 826.104892 302.282352
1 805.453550 275.000737
2 913.251306 260.659282
1 820.064234 306.086618
2 785.905597 254.485423
1 753.479654 249.491762
1 926.054269 300.920017
2 928.711560 233.042939
2 807.966179 209.659980
2 831.379383 222.483537
1 868.606015 285.511870
1 848.442011 272.912587
2 833.243534 273.029215
1 804.497527 286.545404
1 832.894828 309.955488
1 828.410204 295.840900
1 792.354660 289.590701
2 741.424110 281.192923
2 948.164115 316.955785
1 858.445343 303.892640
1 880.139592 259.397408
1 768.618414 264.514954
1 814.047962 309.992805
2 772.236736 330.462428
2 738.669394 80.150132
1 850.672366 286.466261
1 808.847492 280.062340
1 903.042653 294.422056
1 784.768057 325.155899
1 798.781937 332.799780
2 735.913204 182.091518
1 886.436928 316.500363
1 833.125391 231.538599
2 934.847890 257.761250
1 797.965439 313.790686
1 782.680227 293.585696
1 813.505133 290.696367
1 935.478120 220.858981
2 827.458584 261.327217
1 817.712889 303.742175
1 822.679501 281.142076
2 793.094050 227.114861
1 845.300049 294.418721
1 829.342773 299.531184
1 835.571822 313.029016
1 871.198051 295.318673
1 771.389899 311.180656
1 925.721827 311.155460
2 733.851784 276.796580
1 820.869114 240.247925
1 813.715119 291.021447
2 867.368353 286.436201
1 865.450000 299.988023
2 926.009800 153.769843
2 833.504172 179.843601
2 728.354015 209.525881
1 837.685129 316.327634
2 971.264869 189.233110
2 924.822934 360.146150
2 853.461554 617.476469
2 898.600168 540.882315
2 677.775509 342.930127
2 750.100477 352.702020
2 867.559483 627.575568
2 910.013623 458.782088
2 968.121624 355.378469
2 909.437058 404.824141
2 857.254788 594.139169
2 977.632657 440.842494
2 720.361765 580.513346
2 772.892698 525.418582
2 813.839232 641.817628
2 864.808386 501.433124
2 922.861860 409.129112
2 757.961885 346.761935
2 710.275476 501.749901
2 821.702857 505.467745
2 923.699222 340.109950
2 857.317670 417.800218
1 819.431706 355.993249
2 795.581114 539.430581
2 669.491465 355.291244
2 897.285985 430.201101
2 908.853896 411.057408
2 685.009910 362.787589
2 953.057729 361.647965
2 918.688396 392.042493
1 859.814082 361.067580
2 766.533944 336.360288
2 905.117258 333.658522
1 868.253834 357.702208
1 793.289452 345.881363
2 915.066432 361.900975
1 799.362062 351.795100
1 814.702869 348.591288
2 897.120281 372.106196
1 850.286740 341.401363
2 861.690011 334.046732
1 771.684390 333.494996
1 814.505248 364.680995
2 730.879782 942.588539
2 817.317326 740.240759
2 728.193996 675.485181
2 737.304823 749.460525
2 676.107195 838.903866
2 836.032604 668.933878
2 977.535892 947.458170
2 906.207141 929.633314
2 970.266889 912.324051
2 841.109441 723.509132
2 975.466924 771.741003
2 981.902447 834.698518
2 864.426634 915.553717
2 960.869334 752.871921
2 761.362816 885.111847
2 693.274694 781.004788
2 666.953286 932.102326
2 741.835712 871.078402
2 780.253001 708.401185
2 806.801612 766.132397
2 994.345001 857.715824
2 668.383672 748.082300
