1 227.392955 302.192280
1 313.969586 315.599614
1 230.003390 178.856653
1 314.414491 210.164995
1 33.712336 314.647254
1 140.683214 156.090703
1 327.772860 137.490116
1 24.904997 303.394023
1 173.588134 18.022255
1 95.152191 45.713199
1 104.480227 300.510895
1 48.617216 75.470187
1 239.003649 113.693761
1 118.284728 190.161764
1 263.906661 32.168027
1 85.354037 176.337397
1 85.447888 324.330994
1 241.341109 212.649048
2 311.303603 181.219448
2 296.287722 49.767000
2 304.295869 104.174248
2 218.346695 214.268148
2 22.485585 138.729812
2 260.349239 159.039324
2 6.199062 263.813075
2 324.061254 12.367633
2 274.374649 192.921543
2 262.440707 310.060783
2 23.491015 238.615023
2 208.130459 204.658832
2 160.450556 37.472569
2 84.408012 75.818389
2 186.346612 292.779963
2 49.404244 283.744333
2 27.811361 294.507556
2 75.593692 277.491447
2 68.494765 61.885264
2 138.617246 81.614730
2 159.875039 88.026675
2 69.140203 105.949610
2 28.657664 4.273275
2 56.607664 307.899096
2 312.166270 137.625010
2 26.267607 21.270480
2 264.232769 249.187822
2 261.253687 240.587349
2 300.165929 88.900625
2 5.282396 281.764965
2 179.557570 147.614208
2 62.846291 87.112377
1 327.653397 211.120998
1 253.318395 232.885996
2 63.789461 278.873681
2 33.482512 202.533337
2 265.872087 196.892172
2 323.262462 223.785405
2 161.656225 89.761919
2 180.923179 308.534912
2 248.939879 180.387802
2 67.780916 64.668856
2 323.860762 201.812631
1 54.957244 307.264271
2 272.557433 258.631682
2 261.280829 98.077010
1 46.951242 315.603257
2 29.439288 22.213120
2 260.917165 200.624750
1 85.468999 320.832226
1 82.345534 286.615508
2 253.300553 202.567821
1 236.906396 327.420913
2 58.926370 86.669326
2 21.278423 292.803778
1 308.877150 139.502431
1 163.491249 479.108492
1 58.795044 497.863921
1 219.538441 433.763289
1 193.193735 378.532522
1 221.169798 380.067057
1 194.360526 412.161575
1 259.142315 558.966514
1 299.019580 518.467157
1 230.529024 558.307207
1 218.647039 658.015779
1 206.277293 379.037724
1 193.212425 450.287582
1 180.265875 471.780884
1 149.900140 516.909154
1 204.424429 617.270977
1 152.879955 490.706121
1 30.461587 417.075698
1 283.232829 381.018830
1 0.480891 612.236223
1 146.920984 561.102274
1 315.283949 603.734123
1 196.074973 595.980173
1 33.137175 649.557979
1 284.242584 396.271092
2 299.201049 449.494960
2 173.855350 592.209000
2 260.483380 481.198041
2 115.556649 362.056388
2 252.749137 558.805498
2 273.631074 376.147589
2 134.712736 598.533107
2 330.712272 586.209813
2 233.907174 613.206898
2 281.478477 407.085735
2 27.028763 525.779509
2 60.834130 666.560717
2 22.493793 578.740681
2 314.257561 665.376860
2 62.149583 504.820760
2 231.058875 589.727769
2 205.058867 651.079323
2 254.849018 547.807566
2 206.069341 333.801522
2 64.670478 522.482213
2 91.462422 610.635597
2 284.807814 501.714916
2 90.035731 550.198436
2 92.715450 413.027946
1 310.116177 522.465561
2 263.676441 372.708641
1 218.728761 377.269096
1 234.731806 481.158703
1 249.010158 657.880160
1 208.299474 396.049001
1 191.854510 599.250864
2 74.525848 551.442267
1 158.146843 479.846684
1 287.942879 502.576720
1 135.060784 513.204068
1 17.497378 363.094352
1 206.157227 382.944745
2 280.861946 445.302955
1 310.116177 522.465561
1 17.344675 546.632696
1 45.807102 410.775116
2 290.693077 473.228843
1 266.809833 537.177414
2 301.021801 395.830165
1 205.783307 561.411928
2 270.770584 483.590536
2 303.867181 545.783823
1 83.280528 335.739360
1 217.565881 454.319895
2 269.713521 425.315890
2 295.026973 368.211461
1 185.360884 591.730800
2 304.312737 481.605311
1 154.238209 640.034216
1 231.952453 592.261900
1 195.142564 422.054446
1 88.200576 350.372649
1 154.256596 697.091081
1 321.284877 954.658500
1 175.153870 719.705380
1 74.087412 798.805581
1 114.278012 944.504855
1 273.741613 784.874202
1 63.229111 954.847485
1 19.453530 890.267033
1 263.934164 694.517496
1 136.924088 691.493316
1 36.741120 839.077199
1 265.422237 881.274801
1 91.065556 770.707594
1 127.126240 953.447158
1 167.710973 983.034401
1 131.248527 879.788805
1 219.812535 708.683614
1 44.055137 933.189976
1 250.228455 871.586628
1 203.154321 897.236786
1 18.933626 746.526430
1 290.334198 928.099551
1 274.301190 683.853948
1 102.448526 768.324268
2 87.527853 892.257136
2 131.113662 912.742586
2 180.811485 721.035935
2 296.334759 892.508787
2 240.171921 802.840766
2 107.076504 909.006980
2 155.575248 687.687698
2 116.215981 692.181778
2 274.114663 758.089276
2 240.933586 706.704299
2 277.356968 681.089350
2 0.594326 910.431778
2 13.041661 803.003318
2 316.195059 764.532779
2 205.393524 890.153634
2 118.604955 699.130390
2 168.701846 780.767669
2 165.308361 678.683242
2 245.606666 798.682587
2 219.097761 795.967136
2 21.331296 998.623514
1 138.438625 978.675876
2 242.537294 826.010912
2 160.838709 879.884832
1 18.432784 707.902659
2 192.411536 874.492063
1 106.207912 854.813800
1 277.568888 700.241772
2 183.721522 877.935646
1 83.222442 752.263137
1 150.626113 959.874471
1 136.945199 687.994548
1 260.330330 701.593426
2 136.887775 806.726251
1 294.855833 830.915136
2 119.616141 930.827556
1 271.102549 765.049919
2 297.268725 953.602718
2 150.335068 856.365655
2 222.067178 781.969407
1 159.163826 953.651407
2 132.034374 706.920555
1 554.275334 217.325744
1 659.482798 27.387874
1 554.549485 150.343773
1 494.573009 201.953483
1 366.801041 295.120732
1 624.710932 4.766620
1 399.545331 170.074996
1 554.231944 143.679682
1 538.309617 284.726028
1 337.443010 171.977115
1 555.786333 203.063245
1 333.861333 157.776151
1 617.951880 303.828925
1 600.836980 316.081911
1 400.372799 10.856292
1 415.575331 234.658095
1 378.244299 230.097020
1 506.271850 286.688390
1 387.232029 36.243329
1 400.507023 34.230554
1 469.101412 153.836452
1 494.527024 169.923801
1 639.038861 132.143028
1 400.560107 254.793233
1 343.499290 58.704461
1 480.077981 178.862291
1 376.892342 172.228952
1 560.683041 218.215616
1 414.725986 88.442162
1 409.032608 238.411885
2 497.057436 147.554779
2 396.730953 108.485341
2 346.692532 131.045582
2 547.567860 119.249576
2 352.786408 298.573828
2 568.405990 298.771720
2 403.785010 190.942886
2 386.675433 147.413109
2 389.899839 75.260711
2 629.392762 195.655718
2 487.276280 269.425335
2 617.622418 208.299237
2 452.664790 48.360798
2 616.741788 12.729389
2 551.283602 2.600051
2 345.087822 55.576289
2 553.615903 138.542809
2 508.720626 78.371781
2 583.254824 9.354457
2 629.694619 226.715719
2 375.697774 56.666100
2 467.638588 215.260343
2 479.458388 222.666591
1 630.555081 331.299128
1 359.848071 195.611325
1 374.202799 217.161962
1 334.690803 165.710534
1 532.178588 319.744309
2 483.185031 290.774207
2 590.337847 291.593696
1 535.858838 320.898109
1 451.363412 165.168704
1 363.058221 211.554128
2 474.249383 232.605813
2 354.905806 161.120396
1 355.041687 190.472235
1 455.616723 233.739176
2 657.437037 197.153279
1 610.111611 215.233959
2 401.032803 184.676305
1 549.655304 238.081526
1 422.465397 69.316808
2 392.069199 227.858512
2 602.436340 189.756345
1 392.981598 218.882648
1 392.566412 241.968943
1 383.609205 253.852257
1 393.737297 186.913725
1 578.762703 315.071600
1 397.023532 228.751610
1 494.020537 119.424725
1 337.497819 498.309166
1 400.627405 354.314444
1 479.796687 394.757654
1 531.729551 438.009189
1 465.860585 497.771392
1 439.673418 455.271631
1 605.222508 510.639681
1 538.450583 385.941499
1 634.484924 386.131854
1 636.274505 643.814850
1 536.492319 547.066807
1 476.762103 405.179591
1 582.233200 512.266875
1 611.870395 354.925545
1 428.424631 359.832228
1 372.358615 528.288930
1 649.120156 403.353534
1 580.333194 508.599401
1 575.767190 358.325627
1 616.376797 646.466445
1 508.200340 343.851177
1 597.926505 594.775631
1 414.058782 537.756811
1 607.111084 487.176608
1 532.285224 549.423580
1 471.975369 344.255530
2 533.400303 599.213708
2 576.459885 523.426468
2 448.339665 568.537646
2 338.545480 618.229938
2 616.722677 420.477605
2 488.089405 503.064856
2 411.144280 406.662058
2 623.372161 468.380917
2 552.020073 656.825809
2 467.628122 554.710692
2 557.924016 394.976669
2 487.438303 384.154701
2 528.320052 391.491566
2 562.553138 558.126708
2 616.423212 525.475439
2 598.103253 453.918760
2 475.160978 406.484023
2 403.064486 466.049517
2 540.981224 355.940442
2 662.607590 345.115221
1 489.165447 430.741901
2 642.038615 510.280680
2 521.306620 508.710700
2 420.350232 435.922189
1 565.512563 506.415966
1 344.908685 431.485285
2 450.782070 538.097474
1 377.088661 524.406339
2 515.401571 532.299536
1 583.804241 450.891312
2 336.352810 392.715920
1 647.431752 406.995179
1 473.551349 506.804133
1 540.459261 565.526344
1 591.059113 488.607637
1 465.775518 503.844473
2 620.798236 503.856848
2 379.831637 470.075308
1 500.534860 334.845662
2 541.503882 477.015989
1 572.555844 639.327381
2 542.570498 553.863125
2 606.487766 417.910627
1 524.046725 461.260721
1 552.236044 359.549879
2 447.558207 412.387839
1 484.338249 518.677153
1 432.743468 514.130394
2 662.823440 406.201750
1 592.439092 520.487247
1 584.556381 505.588446
1 588.890733 629.738526
1 550.002680 507.659797
1 465.171081 543.071945
2 588.786724 497.545076
1 600.192065 541.955861
2 553.858411 542.636895
1 450.268605 509.171987
2 570.620793 409.774206
2 635.312287 383.592008
2 457.702914 552.166773
1 572.555844 639.327381
1 497.665503 554.264975
2 637.077539 532.754413
1 448.444223 345.479782
1 567.564693 493.884773
2 617.368644 473.206540
1 539.055682 516.243592
2 636.361642 498.390655
1 554.897489 517.788687
2 339.979313 518.643120
1 648.339469 353.084997
1 400.374457 528.894231
1 519.339281 739.861842
1 662.544581 850.616544
1 595.691517 676.109538
1 450.262727 972.000762
1 514.578574 810.166524
1 573.766390 747.255712
1 631.519930 765.158865
1 489.580713 845.742489
1 386.681430 967.360749
1 534.212399 935.118961
1 575.931702 827.643372
1 445.027406 693.433344
1 514.116324 880.708123
1 560.013102 804.072625
1 540.790254 809.096258
1 583.042329 701.874352
1 397.046499 880.540643
1 416.923185 703.356275
1 635.012244 862.428616
1 635.301028 902.354209
2 458.647282 888.125089
2 486.158226 701.801227
2 459.009833 947.583832
2 387.540374 943.278405
2 502.008098 803.772595
2 658.978667 687.662515
2 376.102059 924.033618
2 410.316333 800.393337
2 465.223297 959.861419
2 372.024948 827.011581
2 372.156638 796.222384
2 579.728320 968.079010
2 605.570660 885.512517
2 479.682360 718.267100
2 424.326101 922.616785
2 573.949316 771.258111
2 444.632350 769.252331
2 427.137828 896.014539
2 432.330753 767.295837
2 647.750576 935.049148
2 634.725527 904.321227
2 490.173772 705.255456
2 345.161844 771.372761
2 563.959389 771.416082
1 533.756594 802.538736
1 570.442750 789.323816
1 582.596853 738.858933
2 540.754320 749.558870
1 575.998513 816.539684
2 537.287253 995.160979
1 504.937576 850.310225
2 529.832648 784.966343
1 533.045144 792.537870
1 449.540675 668.900867
1 569.284133 800.812768
1 498.615146 783.991622
2 536.377559 787.680789
2 658.180224 920.300339
1 560.851261 795.767342
1 573.943638 797.454668
1 504.366567 790.995905
1 383.957103 858.118758
2 492.367100 843.916296
2 518.673828 827.234338
1 587.555598 677.341875
2 600.335622 782.143864
2 444.741843 755.786568
1 664.138181 764.915629
2 387.751822 774.289302
2 458.022205 890.266933
2 447.137898 693.508161
1 484.406493 788.253272
1 946.685645 109.988788
1 827.422182 105.188145
1 766.849249 309.958389
1 767.907736 98.066569
1 723.442000 85.014089
1 900.365892 54.065705
1 974.755801 146.535561
1 980.420592 68.781357
1 962.258994 313.001479
1 672.372467 90.696022
1 848.896776 101.239247
1 983.302944 111.420018
1 929.245363 145.278844
1 893.361030 289.998926
1 778.319062 153.347837
1 699.510087 290.988315
1 727.528044 274.202015
1 799.138123 243.896612
1 980.670262 100.503480
1 928.259221 68.468331
1 925.703512 260.486935
2 761.223703 188.258693
2 825.531417 308.638669
2 722.519278 299.405164
2 802.479489 279.875984
2 712.757922 330.332361
2 879.787301 294.005986
2 785.736209 193.188338
2 670.936081 239.491144
2 875.924621 256.132601
2 803.246346 171.690774
2 980.532567 95.485614
2 827.670306 273.804941
2 893.840095 186.712941
2 963.742458 276.499814
2 804.450220 289.370520
2 837.232900 322.303772
2 931.047050 81.067241
2 985.729523 320.669806
2 893.714932 139.460270
2 835.685507 164.206653
2 672.715336 96.579324
2 772.732596 169.926988
2 941.315398 214.493748
2 936.921860 78.835459
1 850.538909 310.734187
2 717.257470 271.821926
1 836.066181 90.663798
2 798.673291 155.724941
2 680.767212 267.417032
1 788.143630 262.767673
2 957.037595 271.337851
2 819.710112 287.320241
1 845.177143 288.137010
2 799.652101 2.138268
1 768.458978 301.062069
1 908.826662 173.936571
2 787.296575 282.784461
1 949.927761 104.518542
1 678.615128 164.024873
1 799.622546 263.785809
2 832.811573 325.954671
2 858.854058 286.934203
2 851.896121 320.891925
2 876.763821 325.228850
1 885.912874 275.099262
1 846.028471 316.687116
2 861.503184 252.593592
1 735.515247 185.099931
1 919.122480 152.046566
2 796.379906 188.180584
2 803.553130 328.477588
2 945.615828 288.214179
1 897.002882 277.254034
1 899.575181 185.401700
2 863.238336 308.041459
2 873.296231 168.117997
1 787.471077 86.451194
1 874.823422 331.918180
2 953.751380 314.159252
1 948.256984 162.786033
1 937.866447 132.255574
1 863.146065 315.482234
1 686.405109 282.885676
1 988.547133 303.415133
1 894.753210 300.610883
1 868.749289 321.503956
1 908.717054 175.936828
2 921.058795 86.070969
1 897.060344 547.312910
1 735.501662 492.877225
1 788.146643 665.920776
1 732.729678 562.481058
1 874.550603 338.888955
1 772.921251 442.633022
1 933.083970 644.164863
1 701.520157 588.107285
1 818.778591 659.622318
1 785.529985 378.422290
1 793.020601 467.315333
1 996.085707 409.312371
1 795.199957 354.587125
1 849.637310 379.541859
1 739.893326 519.316578
1 713.646393 559.191219
1 969.534941 365.967606
1 927.313567 450.265303
1 820.994823 456.586847
1 689.472887 423.828622
1 880.941533 540.155885
1 832.153658 388.326459
1 739.328962 440.117238
1 973.331642 581.856048
2 960.949527 569.570709
2 888.106214 369.840557
2 927.315655 378.736469
2 683.668105 524.249998
2 828.378831 474.763314
2 848.086646 586.213854
2 811.866568 632.505143
2 778.108954 615.200695
2 732.608011 515.422528
2 879.844751 592.811505
2 735.073520 632.649006
2 896.992502 567.010741
2 751.724726 452.877944
2 697.186770 591.876354
2 773.996828 552.161962
2 933.404402 379.427592
2 816.502501 606.469002
2 902.932218 421.229533
1 718.362582 532.442338
1 757.659426 523.967867
1 862.266060 360.498997
1 811.865109 341.004758
1 678.168011 549.299288
2 761.961914 373.357405
1 717.100318 401.728828
2 805.732853 500.808434
1 694.714594 427.524266
1 844.828367 407.705063
1 671.141100 404.159782
1 842.584477 358.083117
2 942.512862 445.070850
2 799.511842 447.074892
1 971.674228 597.659964
2 720.460826 462.270499
1 801.261135 533.400393
2 821.218690 579.720121
1 704.385289 602.629526
1 955.148215 423.466225
1 748.391541 585.722003
2 677.052776 415.199294
1 873.114064 337.853047
1 954.231549 441.418115
2 772.725966 352.346586
1 802.451633 525.028666
1 956.530625 356.276124
2 696.354316 566.070046
1 690.842720 568.677892
1 778.878139 501.664182
1 787.999159 645.859114
1 744.710132 582.185798
1 782.681012 401.751202
1 795.548625 370.198872
1 727.293436 627.949608
2 772.635878 505.039404
2 851.007913 343.175769
2 857.064137 355.611403
1 703.387701 565.016151
1 914.379728 564.274866
1 818.843501 903.990710
1 777.875427 961.349815
1 784.662348 807.976081
1 713.883973 681.871294
1 861.669362 870.495413
1 884.976513 967.340616
1 985.729791 736.182174
1 705.506024 782.124510
1 752.682000 760.811311
1 889.445493 755.067427
1 991.276271 928.139018
1 761.411600 684.993317
1 742.257953 755.718707
1 948.075843 711.627920
1 790.947674 667.164776
1 787.572453 772.058655
1 729.567595 828.907751
1 804.312989 796.868233
1 992.452014 887.245723
1 984.950837 781.143714
2 806.888779 903.158509
2 711.178231 902.302355
2 910.685141 887.346740
2 955.729005 752.378792
2 824.573524 951.077650
2 688.667302 741.599192
2 851.580954 973.453359
2 751.369956 730.967509
2 961.570173 672.819592
2 828.199575 803.765985
2 730.353121 806.652293
2 851.828095 829.326335
2 957.127626 945.695485
2 670.284679 670.533588
2 853.446083 923.633050
1 822.361241 918.711050
1 966.608778 739.623709
1 773.784807 690.329249
2 797.049072 976.830361
2 679.755662 920.835776
2 729.217840 756.854470
2 881.252200 926.862522
2 739.773793 751.047103
2 916.136485 877.497217
1 936.140953 768.426940
2 724.656831 795.078239
1 878.916649 893.416683
1 811.151380 945.650003
1 816.414513 808.305142
2 796.004025 983.750752
1 940.615866 774.954133
2 810.406519 917.878849
1 733.560987 764.252846
2 998.380582 916.594717
2 943.851369 792.189252
1 930.661233 771.515185
2 732.954459 696.241923
2 800.886213 989.947448
2 866.961927 892.584482
1 930.319648 747.108512
1 741.596089 838.571285
1 817.938301 792.276269
2 928.238009 888.934126
1 909.626656 780.050410
1 696.966035 750.592215
1 887.220683 860.102007
1 884.429564 772.264400
2 748.259777 730.302086
2 754.997605 726.994651
