1 202.078525 179.315206
1 186.819888 180.064576
1 214.176846 164.074055
1 182.952212 174.534474
1 196.768541 177.505941
1 204.328503 189.087506
1 210.958168 179.125455
1 203.527437 163.832954
1 199.534577 179.521387
1 201.970054 177.160632
1 209.442568 186.467994
1 180.724814 194.967207
1 203.531713 193.973627
1 193.107182 173.501593
1 196.032144 186.401373
1 198.853969 176.148251
1 192.250519 197.907028
1 194.037276 181.435106
1 199.799649 178.648621
1 181.725132 173.312320
1 183.153069 197.091140
1 188.637822 183.889312
1 189.229870 181.374885
1 199.026631 174.339036
1 190.123317 178.772194
1 211.479674 193.053529
1 201.737982 180.358956
1 199.410362 165.275356
1 200.678000 184.928028
1 178.902086 190.791062
1 199.439138 173.536568
1 210.518514 165.218820
1 201.121318 185.842062
1 185.497611 180.646397
1 198.505473 182.127880
1 182.344040 172.955946
1 186.702925 186.835629
1 215.404842 195.972708
1 209.131122 169.530986
1 205.148379 156.622375
1 203.190361 193.766879
1 201.587909 182.185522
1 210.067252 172.806962
1 165.820447 158.648885
1 244.522108 230.546331
1 219.140980 196.921707
1 189.465289 114.242301
1 221.117140 167.197539
1 160.260955 235.957645
1 206.907298 203.603749
1 142.086215 164.569932
1 264.990131 232.090263
1 195.977060 198.659641
1 169.387354 165.364100
1 207.023599 167.844032
1 152.402733 145.746135
1 174.758713 289.503151
1 223.569905 159.258289
1 217.951854 172.578628
1 215.758415 219.393270
1 206.082195 177.825227
1 220.548275 174.959513
1 211.152203 147.151580
1 190.065411 221.416950
1 152.025151 137.706202
1 220.798439 219.094140
1 176.293653 145.733295
1 244.737200 181.082256
1 203.253818 195.983068
1 232.959423 221.667956
1 181.464548 208.476521
1 222.530309 194.618343
1 208.347734 142.809010
1 232.042050 114.558797
1 203.568790 143.760028
1 184.651195 153.989884
1 204.591736 276.784349
1 179.549755 177.872202
1 225.132948 183.484125
1 192.334616 203.286979
1 182.507787 134.534947
1 216.083616 143.977634
1 150.733945 215.545301
1 215.754486 201.017214
1 182.292379 174.192840
1 261.159316 149.132420
1 190.923484 152.833105
1 253.470649 150.867352
1 254.578498 109.273280
1 228.269041 231.247651
1 207.544047 168.470259
1 188.154168 146.475507
1 183.541422 163.143394
1 149.378384 153.259494
1 262.969249 163.315622
1 182.760478 237.567797
1 170.296047 285.071982
1 194.380691 217.863955
1 196.101263 212.470758
1 200.186225 166.231591
1 139.086969 158.925318
1 180.996548 131.612355
1 169.848232 227.207733
1 209.358672 226.109337
1 247.629034 165.140604
1 257.671155 143.926686
1 294.605928 122.154133
1 212.008153 137.999363
1 180.617903 221.197531
1 148.412971 107.144659
1 244.085816 195.099833
1 203.112538 176.927591
1 196.137977 160.922028
1 208.695446 240.591840
1 235.898508 165.713386
1 262.020674 165.831163
1 182.075815 178.015480
1 198.701729 198.180263
1 228.456175 163.213188
1 215.556256 232.655059
1 194.935134 135.591252
1 141.125267 118.850052
1 191.300732 216.141220
1 202.934342 196.423463
1 193.477914 146.725141
1 195.332054 195.015800
1 211.795722 150.392043
2 59.664177 453.414726
2 50.576305 436.787278
2 58.482343 434.984402
2 51.425367 440.837784
2 75.720087 415.002922
2 63.347146 425.863559
2 72.406240 438.663397
2 68.614963 418.307461
2 78.024736 442.886722
2 67.604440 409.186050
2 50.591738 412.758446
2 64.626408 427.958435
2 74.532559 427.224107
2 45.398665 416.726962
2 56.673980 431.836704
2 64.811656 413.906890
2 39.766784 432.656259
2 54.629899 427.696813
2 39.445893 422.065107
2 64.010856 425.553187
2 80.182577 438.192942
2 70.931752 442.930283
2 61.246465 421.775181
2 60.792721 428.363508
2 61.668450 429.694248
2 53.810192 419.722364
2 56.705041 425.612133
2 56.175670 411.315359
2 63.494198 428.757342
2 83.436392 431.710276
2 56.345963 431.619136
2 62.089104 430.141319
2 43.408837 443.731623
2 62.548742 428.029501
2 61.552714 420.683760
2 54.176240 408.216230
2 54.332525 422.651007
2 65.391002 431.691994
2 45.589576 434.050779
2 63.955935 438.324871
2 47.776520 438.419990
2 83.859896 425.730642
2 79.651548 418.587872
2 39.453795 400.276595
1 332.251030 650.674978
1 318.038444 657.360204
2 77.108218 419.315498
2 65.385952 394.760913
2 95.611819 461.710275
1 329.011930 656.845223
1 137.580917 790.113407
1 154.195366 773.573497
1 148.767415 779.060031
1 148.218661 777.629893
1 139.421185 798.342218
1 138.908182 789.084680
1 146.418749 784.457072
1 150.308837 780.140365
1 157.117436 792.632554
1 146.027089 803.146904
1 157.586055 786.824144
1 151.165851 778.942263
1 154.737368 774.207855
1 153.580006 777.188003
1 164.555545 789.736037
1 150.928066 781.749938
1 161.261873 761.410870
1 149.508251 763.863873
1 146.093343 790.984559
1 136.628337 785.524255
1 135.578839 792.133503
1 135.556030 777.083723
1 150.762099 774.299002
1 129.636304 786.653029
1 147.859911 793.014543
1 150.481933 780.709372
1 147.324617 770.897743
1 165.789670 780.267917
1 170.979326 792.811980
1 143.297630 795.898551
1 154.225798 768.676333
1 146.283493 780.222102
1 156.864742 796.891839
1 161.861036 758.807051
1 128.360333 771.670554
1 157.033526 783.322430
1 154.356766 782.354495
1 171.076966 768.126136
1 149.792901 793.426537
1 155.137713 786.289303
1 165.961065 763.317471
1 160.573092 762.600482
1 134.234740 763.365257
1 207.153322 760.476203
1 154.841149 796.761344
1 120.172929 776.390079
1 136.791782 788.588726
1 155.887660 737.153251
1 188.377867 789.564893
1 190.892322 804.473137
1 208.425133 801.005976
1 117.554955 778.933704
1 160.106070 801.048343
1 153.170962 793.063699
1 143.309912 785.977148
1 210.985162 776.490753
1 151.775392 783.370766
1 150.490240 788.478490
1 175.344442 830.847581
1 145.284190 779.121094
1 135.858250 774.450216
1 212.291392 825.275069
1 174.289949 803.008474
1 160.393910 822.034230
1 129.306163 822.674706
1 160.451399 808.283876
1 120.218785 750.476537
1 148.796015 800.733713
1 127.893493 796.027238
1 157.433683 810.067624
1 154.144293 784.268651
1 224.440160 782.090019
1 170.572337 798.886602
1 154.445832 778.085018
1 155.147786 764.237624
1 114.563212 749.223578
1 185.730880 774.931691
1 328.780285 682.791834
1 180.246650 774.853125
1 109.060247 752.648566
1 133.241836 787.380722
1 151.909951 829.369307
1 188.976042 766.123392
1 180.482292 762.673518
1 181.449415 714.497211
1 194.768267 760.075720
1 131.457488 794.547173
1 77.493137 790.871266
1 151.009846 776.713108
1 155.645311 761.725116
1 181.370597 763.004599
1 188.454398 798.175035
1 165.560492 764.324466
1 141.538884 783.073917
1 163.323205 880.412080
1 191.371593 804.790703
1 144.058709 855.625456
1 204.604774 771.928352
1 151.675982 835.229210
1 168.874405 716.523416
1 117.554955 778.933704
1 163.587232 761.765312
1 170.368712 777.675290
1 162.868786 780.132948
1 161.240493 846.084707
1 178.203402 810.027272
1 125.384925 797.341522
1 167.613510 803.889611
1 174.862378 743.754659
1 192.393839 753.924922
1 153.032415 764.560972
1 209.759180 795.215381
1 289.565219 679.467416
1 142.932330 777.937215
1 175.248228 813.402139
1 147.330859 807.444757
1 155.744294 758.732295
1 143.234107 856.299790
1 190.095033 784.966813
1 224.447921 751.000638
1 204.348589 779.080272
1 143.187761 804.901643
1 124.996172 761.079688
1 121.381697 764.913954
1 139.282147 758.481890
1 142.915402 799.945078
1 143.518151 801.072018
1 182.778112 840.314007
1 211.238413 818.119030
1 198.163411 782.466912
1 315.928727 667.487248
1 219.903925 769.452905
1 126.037725 779.946846
1 190.519062 725.841091
1 222.710011 780.175290
1 135.439482 796.513716
1 240.935200 781.689393
1 146.325838 876.252061
1 114.536574 791.581673
1 164.051484 787.691581
1 158.184611 719.392480
2 499.585782 134.991032
2 484.248733 151.095240
2 487.072859 134.072046
2 483.869978 133.688808
2 506.632547 149.885286
2 492.965995 129.845313
2 518.370217 137.655406
2 500.372290 132.347817
2 487.886167 155.139001
2 500.592111 143.538737
2 509.219396 138.393067
2 509.805614 158.859363
2 516.707945 155.811111
2 493.952420 155.236588
2 512.198795 143.865391
2 498.891104 142.434045
2 503.031665 142.810787
2 503.838197 164.691625
2 482.063822 143.746553
2 496.084056 144.129262
2 491.287710 130.238975
2 492.726283 160.391446
2 497.273132 140.416961
2 487.985610 127.781588
2 480.665799 140.519273
2 491.863470 139.404843
2 484.169628 124.939385
2 500.296424 143.208910
2 502.431803 130.208756
2 488.163780 137.309645
2 507.653555 163.648638
2 490.172815 141.775291
2 497.665782 137.406016
2 507.121802 126.362128
2 504.037112 143.205893
2 519.923327 144.451390
2 507.237126 134.154348
2 495.384363 140.921447
2 497.827101 132.321328
2 520.065446 142.572758
2 485.296409 121.877189
2 495.878229 119.440463
2 499.532163 145.276059
2 541.739367 149.412497
1 414.159271 654.484542
1 396.965906 656.429721
1 409.232629 630.668999
1 407.023245 639.978443
1 393.944144 650.141133
1 405.431374 649.333913
1 391.300101 656.779568
1 399.486811 646.725757
1 400.259023 649.944374
1 399.088965 649.256337
1 395.487644 652.575963
1 399.326209 652.158784
1 398.848586 635.686138
1 391.609420 665.205160
1 408.133576 630.837110
1 399.173399 644.191207
1 409.607785 663.929181
1 389.841955 658.005263
1 400.774781 650.308213
1 399.641320 649.664334
1 400.950645 653.944074
1 396.906714 642.965381
1 396.371375 649.914623
1 381.955513 645.056636
1 398.298446 654.480653
1 405.424793 638.575822
1 410.397212 637.327155
1 398.660293 649.819049
1 401.354440 647.757411
1 390.971265 647.465206
1 405.861198 641.062399
1 398.602001 647.378318
1 394.385557 654.002274
1 393.340697 642.555826
1 411.539163 654.654595
1 401.664526 639.774492
1 408.226809 628.395687
1 403.421915 634.225238
1 415.984239 646.909203
1 399.215922 650.971434
1 423.036678 654.281203
2 556.654560 492.168320
2 559.645556 478.749257
2 542.108217 474.036524
2 559.685605 487.433473
2 563.369408 490.282628
2 573.381410 471.477110
2 559.161220 474.688788
2 557.486451 481.565274
2 563.704203 473.647680
2 558.252617 486.808067
2 558.899972 479.781194
2 548.343974 488.373185
2 569.635254 470.297255
2 565.753896 479.453980
2 547.504747 473.173566
2 568.280122 458.401332
2 552.993692 480.154732
2 536.452940 475.645585
2 545.797056 473.774194
2 567.445625 494.042759
2 562.460124 483.713340
2 543.069621 483.761617
2 558.284391 476.821103
2 561.074381 495.485274
2 563.167474 480.654356
2 557.684401 461.115869
2 552.590856 490.349685
2 560.512513 470.929234
2 563.243376 477.289553
2 542.971177 465.114985
2 544.830961 464.668945
2 553.586758 461.895545
2 567.193653 481.763242
2 564.631733 472.059136
2 559.099342 479.038836
2 580.142647 476.366680
2 557.992754 503.939145
2 580.160206 485.271098
2 564.291244 478.719299
2 548.831643 495.501298
2 544.664903 471.243575
2 545.146850 474.591171
2 568.669514 482.475636
1 404.883902 656.203726
1 349.652226 662.937487
1 426.970648 643.628211
1 393.204520 636.755157
1 385.270064 636.193493
1 345.599829 654.867445
1 359.652500 640.186095
1 423.385249 655.806313
1 439.384561 610.767213
1 403.250836 639.354068
1 376.322613 661.405909
1 406.627456 630.813461
1 415.955835 663.913449
1 382.972635 647.822987
1 411.741476 631.008395
1 391.625494 638.687215
1 430.860202 664.267647
1 396.370770 592.608028
1 369.446492 627.633787
1 450.526456 632.185963
1 431.712604 664.580081
1 426.627037 601.718556
1 344.955882 631.374959
1 383.320145 613.939997
1 397.523880 651.312089
1 355.295972 650.453064
1 425.873015 627.070608
1 467.689544 624.912581
1 422.605396 614.487341
1 409.689128 663.811597
1 399.667533 660.561651
1 428.472998 663.488479
1 421.708332 659.388477
1 399.475326 628.468121
1 426.797982 616.346687
1 369.022199 648.801415
1 358.354557 639.992001
2 565.596531 530.936000
1 413.684990 614.412823
1 375.353375 660.852388
1 394.604369 633.948231
2 537.582912 471.824520
1 409.492237 664.662730
1 339.278761 660.983884
1 399.317046 656.574236
1 422.857202 599.833468
1 404.245747 638.463772
1 347.981213 610.633855
1 402.426852 632.220543
1 439.237371 617.867489
1 478.371854 588.298581
1 398.010738 657.120656
1 435.568699 660.908029
1 459.680682 616.054433
1 404.396225 576.043171
1 368.126779 661.184652
1 377.321045 608.526523
1 414.425220 617.591307
1 437.932482 655.978146
1 405.317396 666.315172
2 580.314344 505.625460
1 439.076024 581.674838
1 415.289009 644.882763
1 437.332427 627.532979
1 382.285693 622.619575
1 411.188674 650.125968
1 390.962194 564.872423
1 409.320373 655.211622
2 545.098148 447.436506
1 421.595665 643.946956
1 384.605037 629.371974
1 429.563115 601.859331
1 409.263078 637.758072
1 428.113036 651.521001
1 412.752176 616.627233
1 408.388460 663.662675
1 367.588846 623.024903
1 342.741493 660.643153
1 468.148084 639.860621
1 376.116780 652.197407
1 357.621214 593.252207
1 404.643183 661.578322
1 369.085044 623.575191
1 375.549421 660.947289
1 447.458441 666.476756
1 415.461140 618.017437
1 400.463955 615.841769
1 388.165611 646.544904
1 436.385947 567.508529
1 394.421744 655.654307
1 402.770100 660.284568
1 492.970837 611.401177
1 434.029218 615.616250
2 532.014366 431.804105
1 392.114856 668.457714
1 395.577588 668.116983
1 394.221399 669.527537
1 575.661683 787.109299
1 554.016372 799.904415
1 566.340280 801.260464
1 591.474880 793.367133
1 567.376086 804.549630
1 560.549366 808.971070
1 587.251436 782.693528
1 587.747347 813.579480
1 583.242380 791.272099
1 572.751738 801.405733
1 564.153244 803.367135
1 566.634687 799.764181
1 569.401358 802.703440
1 581.768991 798.964816
1 574.622078 798.789140
1 583.571398 807.125762
1 573.053080 813.579015
1 584.509425 787.087501
1 572.145453 786.877142
1 574.188549 798.183811
1 555.463841 818.504065
1 589.863390 791.962140
1 560.629967 802.699365
1 568.084256 806.421477
1 556.173005 808.304817
1 572.362892 786.040284
1 559.722450 798.231480
1 554.189676 788.492689
1 565.268759 792.765162
1 570.431892 804.553449
1 553.812317 802.677720
1 556.450136 801.912863
1 558.457108 801.771453
1 551.165307 798.782531
1 588.384833 811.338194
1 564.321143 806.739449
1 563.309108 788.919077
1 546.552111 799.804377
1 578.038975 812.878854
1 570.841369 788.925269
1 569.494965 799.816144
1 577.269699 796.321275
2 402.161750 844.896420
2 378.960659 833.429814
2 411.442228 835.670410
2 409.237313 811.380150
2 399.890100 830.041025
2 387.390942 851.011779
2 400.025746 809.960347
2 405.207302 850.738799
2 397.114311 827.173351
2 401.636197 813.259206
2 401.312932 830.117661
2 387.290173 814.781166
2 402.382769 830.642689
2 395.711069 837.208026
2 390.150597 825.066402
2 399.501159 818.059710
2 398.257724 839.003859
2 376.583223 838.678080
2 382.307555 837.874612
2 416.083383 812.282884
2 412.266138 813.407596
2 399.456228 830.895849
2 413.065501 846.807698
2 408.008256 824.890422
2 390.094158 829.951194
2 398.878255 849.165779
2 401.366324 848.649844
2 401.175089 840.522349
2 405.832256 845.406995
2 398.449407 821.013905
2 402.179150 831.091748
2 405.133892 836.167852
2 418.329704 828.496631
2 400.384027 826.575821
2 391.501291 844.196585
2 402.664223 816.254259
2 404.526549 830.470441
2 402.357607 815.581699
2 393.088402 831.176945
2 397.917414 854.296024
2 388.306593 841.258806
1 552.064439 789.263466
1 542.972755 758.344490
1 395.405618 689.676783
1 562.729636 796.094424
2 377.734135 824.462270
1 565.515069 812.206693
1 549.055091 761.810604
2 415.601946 804.214827
1 538.268500 820.842959
2 409.771392 830.274759
2 434.492830 864.122803
1 552.850765 780.387402
1 590.622271 794.980608
1 558.511561 809.430452
1 576.781054 825.097029
1 547.467746 843.533424
1 403.140088 692.663343
2 379.193047 853.881595
2 438.158499 821.267059
2 391.811161 824.225151
2 440.016208 798.226335
2 374.445247 837.814733
1 558.285476 780.691644
1 601.722876 830.295769
1 355.290210 667.495947
1 569.859137 777.873106
1 440.170291 691.710094
1 586.861984 832.209033
2 402.597119 845.087739
1 381.991289 684.320157
1 541.799511 811.497412
1 563.003765 768.844523
1 573.914427 805.201776
1 595.294764 805.929712
2 412.254476 832.616277
1 571.563096 815.663210
1 576.273035 775.841957
2 455.081900 850.401459
1 566.271119 777.451803
1 566.412887 794.799012
2 414.528566 825.341901
1 581.903405 790.149437
2 384.316049 845.777457
1 539.907205 823.636598
1 561.666738 781.336568
1 571.662781 815.140926
1 561.759695 762.038024
1 521.980136 814.372923
1 534.798030 779.084894
2 497.209478 810.873592
1 562.198897 830.350319
1 559.220330 790.063087
2 429.601385 866.942301
2 371.682572 842.590356
1 553.266822 777.549077
1 566.988304 764.073073
2 492.521814 817.090283
1 606.411672 788.440957
2 393.087693 880.055713
1 552.964261 813.378289
1 510.824240 851.091819
1 531.154768 799.117307
1 343.671947 688.307611
1 563.643143 824.020618
1 575.467566 773.073919
1 531.717754 848.172503
1 578.460886 762.565546
1 559.184926 792.921754
1 406.182089 708.571741
1 558.486802 839.486140
1 430.417643 669.020075
2 411.290858 773.402376
1 588.271084 749.779473
1 387.871097 743.360481
1 594.462334 826.185940
2 394.561445 789.046336
1 525.501380 822.226972
2 386.140281 856.849499
1 577.216657 813.931552
1 574.564645 822.992696
2 469.548255 865.330539
1 543.299013 786.217369
2 404.539280 848.115938
1 554.100149 853.275223
1 551.674096 805.979011
1 520.002119 766.245458
1 571.778060 770.616356
2 503.730526 861.864953
2 376.235949 827.348846
1 594.125176 812.637362
1 529.872788 798.240529
1 583.624880 759.926224
1 542.487965 835.438817
2 395.162021 846.999185
1 481.839389 766.988732
1 540.094891 801.845755
1 535.014153 856.424818
1 530.168591 873.094744
2 421.657262 821.361328
1 513.841839 795.291456
2 440.567509 822.680851
1 361.838348 696.424095
1 528.837564 788.352588
1 408.098925 667.086556
2 401.029880 870.121051
1 541.215256 775.777864
1 605.750442 807.907480
1 552.342739 797.816307
1 588.128438 787.383872
1 600.657682 798.777251
1 535.159233 779.064434
1 641.387411 771.176539
2 397.065503 846.841892
2 391.945611 833.171740
1 556.382440 765.467399
2 334.229168 846.643400
1 498.424767 789.551118
1 580.020899 803.161271
2 391.779866 813.541781
1 549.240048 789.563020
1 529.293316 805.415876
1 557.375243 806.578574
2 425.785600 822.448639
1 586.686411 773.151561
1 582.759511 794.170117
1 564.639860 778.023702
1 443.323689 675.054659
1 571.292844 788.490617
1 568.648433 812.893172
1 546.060421 798.358669
1 624.347136 807.997198
1 379.831242 684.191718
1 434.872047 684.191929
1 379.680032 681.367837
2 483.156360 896.340880
2 408.742499 824.947696
1 557.610413 818.808267
1 550.437207 783.768297
1 599.595555 789.851999
2 358.916647 812.161407
1 385.520608 686.428141
1 594.301470 786.372499
2 384.924495 804.513197
1 542.590040 790.750932
2 403.258486 829.558258
1 558.292510 765.877054
1 609.375805 795.612078
1 574.657699 790.036621
1 420.415727 670.629921
2 486.897091 774.129705
1 508.204970 804.236298
1 556.504706 768.060200
2 423.458350 863.237800
2 412.947325 787.644024
2 435.416226 805.875741
1 366.080584 703.836130
1 608.202778 840.329452
1 607.075161 768.291360
2 367.130045 843.591319
1 565.809846 776.571623
2 498.168276 793.028826
1 620.834797 799.569478
1 597.873383 741.852575
2 390.836619 867.925373
2 356.049261 816.891484
1 532.539166 874.388160
1 576.972340 775.266087
2 402.120272 796.749550
1 357.035968 700.614789
2 422.643105 822.868392
1 601.542523 810.928959
2 413.953987 884.441355
1 591.704621 735.592361
1 566.537962 807.721704
1 581.303497 746.771738
2 397.158166 837.295330
2 430.015164 889.728976
1 561.828188 782.400757
2 515.694246 775.326035
1 509.274046 838.986275
1 538.167009 835.285921
1 566.356924 827.920893
1 634.051963 751.179110
2 410.820820 794.008172
1 530.907768 790.351713
2 442.876653 807.202878
1 556.158839 844.795817
1 408.373228 682.993247
1 525.129350 734.750028
1 622.657647 771.104921
1 436.832246 684.021043
1 533.174423 810.429645
1 529.165805 807.411898
1 577.880153 881.423486
2 486.614132 793.303875
1 401.510199 719.592680
1 582.793758 797.426473
1 368.278684 673.083377
1 486.927927 758.895518
2 423.789487 834.650073
1 630.020542 822.449276
2 375.009804 834.355256
1 578.106431 838.147608
1 608.085640 788.212801
1 614.585178 795.363027
1 581.488513 725.340804
2 386.195108 834.477262
1 540.360674 805.002639
1 570.960594 791.098055
2 441.981110 875.309760
2 406.178924 841.830891
2 425.160010 824.489374
1 556.314671 837.608257
1 555.419290 805.257206
1 593.372316 764.224464
1 434.757382 736.675265
1 562.507980 823.271252
1 561.755502 778.038651
2 400.721861 865.872694
2 418.651087 837.385798
1 561.143478 792.046064
1 551.829202 849.287640
1 606.307995 827.720669
2 356.850512 821.335824
2 365.836643 869.993412
1 500.593667 775.616546
1 626.554310 743.772590
2 402.677391 830.633692
1 437.309106 686.133832
2 364.843202 823.020603
2 419.291925 828.151484
1 562.023609 778.831622
1 396.542292 683.664353
1 567.929800 835.364646
1 431.321360 667.816838
2 445.929832 812.326681
1 537.141903 724.003885
1 372.982232 731.250152
2 352.156909 807.369595
1 458.794636 697.669991
2 390.572642 861.039178
1 653.968794 849.264099
2 384.201787 818.695385
1 541.065323 807.053929
1 368.162715 678.293637
1 579.525323 842.444779
1 543.318406 819.307012
2 407.204993 828.127788
2 503.358744 789.626053
2 381.616464 885.682562
1 575.757442 779.641281
1 622.152834 726.514342
1 580.777934 802.764288
1 574.843804 770.993499
1 540.238474 777.913021
1 561.813736 818.663031
1 587.274910 814.520716
2 423.328412 800.000065
2 444.796204 843.362758
1 515.987756 810.035242
2 349.044908 792.963976
1 591.419261 814.448191
1 541.731932 749.012979
1 822.570945 295.209373
1 796.388864 306.657840
1 821.036917 304.551643
1 829.830806 294.046739
1 821.918281 286.535242
1 827.008361 306.982318
1 819.703925 311.468283
1 819.562622 309.232983
1 802.629404 300.577595
1 839.125300 303.166866
1 819.550908 293.675277
1 823.128751 297.453261
1 823.478148 298.508401
1 818.087407 302.558102
1 815.426318 276.391480
1 818.450751 282.660983
1 820.312877 300.045297
1 819.187439 300.062221
1 820.927539 293.228590
1 822.934482 292.983958
1 815.418058 296.885520
1 819.024018 294.624643
1 831.099042 306.238499
1 818.992631 313.060734
1 819.454788 297.964086
1 814.089782 286.227806
1 814.952164 321.010370
1 803.852044 302.353583
1 809.983797 301.390875
1 823.426854 290.314283
1 799.510615 313.051670
1 837.694861 287.564907
1 831.735188 292.686087
1 805.251090 281.217554
1 819.206725 279.764840
1 822.409595 321.539671
1 803.484546 312.865743
1 821.588987 277.873229
1 817.297562 303.155753
1 814.325253 299.945888
1 826.184956 286.264424
1 848.013317 280.040402
1 831.067747 295.555129
1 874.130120 306.417670
1 802.963992 315.373555
1 842.341489 278.604994
1 838.783431 286.731125
1 814.981187 270.356944
1 857.717563 322.766678
1 805.340537 311.013022
1 816.273133 297.195632
1 794.919864 290.404187
1 862.265825 291.338266
1 852.015705 278.735203
1 804.223956 232.720113
1 816.707114 310.213252
1 782.382529 290.112595
1 821.301618 270.788651
1 795.093171 277.096116
1 857.078292 293.568770
1 819.678445 261.481471
1 818.067463 298.251284
1 821.586396 310.348633
1 861.942402 233.224722
1 846.056399 327.765362
1 854.622053 316.876432
1 830.530138 270.933230
1 783.154270 296.338112
1 839.553307 262.145375
1 816.653441 227.572875
1 846.427157 200.659686
1 824.123519 290.692818
1 821.468140 323.988645
1 830.246357 309.128514
1 793.738476 279.177824
1 874.169559 325.574155
1 841.851104 303.720720
1 796.103530 300.233894
1 778.286643 301.185316
1 829.305539 312.760545
1 841.775599 311.770014
1 826.543802 267.799414
1 822.358530 310.950913
1 759.457623 256.742983
1 803.688204 268.938674
1 816.515716 257.395375
1 848.815641 247.880390
1 785.068527 291.250322
1 791.930761 318.911119
1 842.201887 274.995964
1 823.903454 295.473614
1 849.096554 331.302628
1 848.611614 262.961109
1 797.890549 238.456032
1 827.392499 321.049261
1 770.977001 293.245686
1 804.796633 323.368349
1 787.180646 269.584619
1 820.778602 272.495765
1 818.391116 311.374770
1 816.495771 253.088557
1 817.461806 293.064836
1 825.011005 310.376503
1 856.943176 332.531276
1 841.309242 299.741215
1 844.084347 323.646149
1 862.380105 255.778982
1 764.932744 217.655559
1 839.480238 221.206481
1 802.875871 278.809735
1 834.113864 296.220129
1 830.355821 258.948071
1 837.257499 279.068695
1 767.242660 278.400711
1 780.623172 249.810996
1 788.576903 248.607713
1 839.285661 288.866582
1 868.986169 331.138791
1 810.166020 243.330214
1 793.567342 293.705591
1 834.904671 270.964349
1 792.761191 278.884867
1 776.313510 270.825661
1 819.546972 297.794138
1 795.414454 264.148410
2 840.676232 608.621616
2 852.475574 633.410839
2 846.066883 625.840064
2 851.954105 627.968782
2 854.026035 648.220403
2 839.991632 615.530566
2 838.369887 634.561641
2 841.955730 613.519406
2 866.584727 624.813974
2 852.416090 642.763955
2 837.016986 614.694498
2 863.400528 639.149061
2 837.233535 635.162835
2 853.881323 619.546542
2 850.632442 625.157595
2 853.359522 611.015333
2 850.418268 615.658842
2 858.067359 619.559308
2 857.351504 643.163369
2 835.521914 631.914579
2 831.556330 614.604932
2 850.077215 631.957816
2 856.027421 643.177058
2 852.373098 634.690302
2 851.245743 630.290808
2 836.293860 616.051164
2 837.884820 636.400251
2 853.265255 626.674026
2 848.812040 628.612968
2 850.192135 635.737483
2 854.054095 633.278565
2 849.995893 630.763458
2 834.979246 636.262926
2 855.763583 644.513919
2 846.730506 607.687930
2 852.717873 632.804110
2 842.090755 638.151091
2 850.444308 630.218780
2 850.868218 630.077384
2 841.498960 633.550477
2 831.691895 631.432495
1 811.376773 339.740552
1 797.076555 339.397231
1 845.224141 345.730543
1 820.833009 344.565294
1 805.662439 335.709925
1 846.446402 354.990095
1 835.290458 334.151053
1 802.361307 367.977685
1 880.142113 351.977833
1 831.128807 343.471753
1 801.473255 380.997657
1 882.233834 386.141561
1 787.199151 350.814362
1 796.863343 361.677833
1 864.468556 342.613229
