1 202.078525 179.315206
1 186.819888 180.064576
1 214.176846 164.074055
1 182.952212 174.534474
1 204.328503 189.087506
1 210.958168 179.125455
1 189.331589 163.877402
1 203.527437 163.832954
1 193.067098 161.343859
1 199.534577 179.521387
1 201.970054 177.160632
1 180.724814 194.967207
1 203.531713 193.973627
1 193.107182 173.501593
1 196.032144 186.401373
1 216.060535 192.472274
1 198.853969 176.148251
1 192.250519 197.907028
1 194.037276 181.435106
1 183.153069 197.091140
1 188.637822 183.889312
1 189.229870 181.374885
1 199.026631 174.339036
1 190.123317 178.772194
1 211.479674 193.053529
1 201.737982 180.358956
1 200.678000 184.928028
1 178.902086 190.791062
1 199.439138 173.536568
1 210.518514 165.218820
1 201.121318 185.842062
1 185.497611 180.646397
1 198.505473 182.127880
1 182.344040 172.955946
1 186.702925 186.835629
1 215.404842 195.972708
1 209.131122 169.530986
1 205.148379 156.622375
1 203.190361 193.766879
1 201.587909 182.185522
1 210.067252 172.806962
1 221.238086 218.614897
1 166.332999 170.523479
1 196.695684 225.898875
1 147.440777 169.692213
1 154.830185 137.922257
1 196.744118 176.595109
1 200.423493 146.040656
1 215.669464 175.145744
1 165.041125 142.124615
1 191.618128 161.678474
1 190.253544 162.641333
1 208.908387 179.633513
1 158.384816 179.353698
1 208.969979 134.491698
1 171.429791 270.598033
1 206.205349 184.384363
1 212.913859 175.107282
1 139.304074 185.916723
1 200.710734 182.660550
1 125.580184 103.062302
1 222.957903 231.100350
1 227.802918 171.252730
1 208.050518 165.858057
1 207.151170 219.322593
1 119.811156 174.843116
1 221.247101 195.810353
1 218.187161 212.249192
1 186.725848 150.554625
1 158.772860 136.354573
1 243.717870 193.978118
1 205.525053 171.305260
1 154.963117 146.912372
1 245.970166 193.267597
1 176.619532 197.407364
1 216.660405 182.028478
1 130.148983 87.134068
1 209.070313 193.595421
1 135.895985 148.525282
1 242.609633 130.896859
1 112.419105 81.690145
1 150.692858 171.491419
1 190.643205 157.355326
1 257.370260 188.749081
1 157.178590 206.299635
1 230.212861 178.707829
1 227.071281 166.061273
1 181.783176 167.387994
1 162.997467 212.872617
1 166.040607 145.567981
1 187.481656 125.389370
1 231.547441 162.053368
1 202.554428 155.806076
1 227.764249 158.235384
1 90.124974 175.160242
1 205.805081 141.447802
1 195.120630 180.312101
1 207.225031 175.335091
1 194.113718 153.596051
1 195.633458 197.788894
1 131.613448 189.699354
1 178.959503 150.431553
1 140.809671 175.940868
1 183.172305 137.416899
1 210.604206 143.406207
1 215.531163 148.980848
1 187.688893 280.468421
1 116.562184 186.438538
1 182.245926 194.532083
1 207.463457 105.317720
1 219.675393 172.645962
1 152.671661 175.215710
2 59.664177 453.414726
2 58.482343 434.984402
2 51.425367 440.837784
2 43.175214 434.119097
2 75.720087 415.002922
2 58.804816 428.815023
2 63.347146 425.863559
2 60.732494 408.726670
2 72.406240 438.663397
2 68.614963 418.307461
2 78.024736 442.886722
2 67.604440 409.186050
2 50.591738 412.758446
2 64.626408 427.958435
2 74.532559 427.224107
2 45.398665 416.726962
2 56.673980 431.836704
2 64.811656 413.906890
2 39.766784 432.656259
2 54.629899 427.696813
2 39.445893 422.065107
2 64.010856 425.553187
2 59.602518 430.313672
2 70.931752 442.930283
2 61.246465 421.775181
2 60.792721 428.363508
2 61.668450 429.694248
2 53.810192 419.722364
2 56.705041 425.612133
2 56.175670 411.315359
2 63.494198 428.757342
2 83.436392 431.710276
2 56.345963 431.619136
2 62.089104 430.141319
2 43.408837 443.731623
2 62.548742 428.029501
2 65.727367 424.865274
2 71.831915 415.201987
2 61.552714 420.683760
2 54.176240 408.216230
2 54.332525 422.651007
2 65.391002 431.691994
2 45.589576 434.050779
2 63.955935 438.324871
2 40.333242 444.457525
2 47.776520 438.419990
2 83.859896 425.730642
2 55.133066 443.414516
1 137.580917 790.113407
1 154.195366 773.573497
1 148.767415 779.060031
1 148.218661 777.629893
1 139.421185 798.342218
1 138.908182 789.084680
1 146.418749 784.457072
1 160.131038 787.909778
1 157.117436 792.632554
1 158.460107 771.246079
1 146.027089 803.146904
1 151.165851 778.942263
1 154.737368 774.207855
1 153.580006 777.188003
1 164.555545 789.736037
1 150.928066 781.749938
1 161.261873 761.410870
1 149.508251 763.863873
1 144.243613 785.552113
1 163.909595 777.338638
1 146.093343 790.984559
1 136.628337 785.524255
1 140.338804 770.199865
1 135.578839 792.133503
1 135.556030 777.083723
1 153.267474 780.133094
1 150.762099 774.299002
1 129.636304 786.653029
1 147.859911 793.014543
1 130.425149 772.329319
1 147.324617 770.897743
1 165.789670 780.267917
1 170.979326 792.811980
1 143.297630 795.898551
1 154.225798 768.676333
1 146.283493 780.222102
1 156.864742 796.891839
1 161.861036 758.807051
1 128.360333 771.670554
1 154.356766 782.354495
1 171.076966 768.126136
1 149.792901 793.426537
1 155.137713 786.289303
1 144.477388 777.595097
1 165.961065 763.317471
1 160.573092 762.600482
1 94.487468 795.755118
1 128.622728 766.945053
1 120.026754 771.416673
1 153.365634 794.454328
1 142.628838 759.805848
1 129.793508 784.505602
1 160.665861 819.696936
1 145.325318 788.851412
1 108.603646 802.882453
1 153.946243 770.356379
1 140.429681 806.807474
1 180.530905 746.983831
1 133.423201 848.050594
1 150.286483 796.571553
1 178.994221 773.283280
1 141.422602 785.994329
1 167.791346 788.645531
1 201.431508 762.821371
1 140.550799 815.682574
1 149.856981 748.892105
1 127.899251 759.279230
1 132.318165 765.941479
2 310.662498 839.297454
1 156.599786 731.669767
1 195.759333 800.389003
1 191.801159 742.796216
1 86.272013 834.599351
1 154.065523 763.293124
1 167.733135 813.053755
1 128.333182 825.862607
1 171.683753 722.001162
1 190.446393 766.852098
1 152.449966 754.048848
1 177.592141 777.985022
1 116.692423 760.734011
1 131.269776 763.397246
1 170.529917 803.795218
1 85.833420 768.622486
1 154.345990 789.053550
1 158.411056 733.692160
1 174.220223 817.323648
1 149.313514 748.952931
1 121.213574 790.822574
1 173.842634 761.647432
1 193.537328 802.403498
1 144.094127 702.402267
1 118.119758 768.631645
1 215.386183 742.989346
1 107.737768 776.222473
1 135.369280 775.171576
1 135.844769 797.431643
1 203.444764 784.619161
1 142.969299 790.757920
1 146.454703 778.040188
1 146.307476 770.167544
1 186.765246 785.294990
1 127.560359 779.587445
1 160.567869 769.815015
1 202.839827 773.306125
2 499.585782 134.991032
2 487.072859 134.072046
2 483.869978 133.688808
2 506.632547 149.885286
2 492.965995 129.845313
2 518.370217 137.655406
2 500.372290 132.347817
2 487.886167 155.139001
2 493.720714 134.765195
2 500.592111 143.538737
2 509.219396 138.393067
2 509.805614 158.859363
2 494.685072 156.280964
2 516.707945 155.811111
2 493.952420 155.236588
2 512.198795 143.865391
2 498.891104 142.434045
2 503.031665 142.810787
2 503.838197 164.691625
2 482.063822 143.746553
2 496.084056 144.129262
2 491.287710 130.238975
2 493.997559 149.054409
2 505.718363 140.086895
2 516.354893 141.664266
2 492.726283 160.391446
2 487.985610 127.781588
2 480.665799 140.519273
2 491.863470 139.404843
2 484.169628 124.939385
2 500.296424 143.208910
2 502.431803 130.208756
2 488.163780 137.309645
2 507.653555 163.648638
2 490.172815 141.775291
2 497.665782 137.406016
2 504.235634 136.967520
2 507.121802 126.362128
2 504.037112 143.205893
2 519.923327 144.451390
2 507.237126 134.154348
2 495.384363 140.921447
2 497.827101 132.321328
2 520.065446 142.572758
2 485.296409 121.877189
2 495.878229 119.440463
2 499.532163 145.276059
2 486.023560 139.868389
2 483.973720 133.827345
2 512.421640 155.144231
1 414.159271 654.484542
1 396.965906 656.429721
1 409.232629 630.668999
1 407.023245 639.978443
1 393.944144 650.141133
1 399.197276 650.149638
1 405.431374 649.333913
1 391.300101 656.779568
1 400.259023 649.944374
1 399.088965 649.256337
1 395.487644 652.575963
1 399.326209 652.158784
1 411.968041 650.520766
1 398.848586 635.686138
1 391.609420 665.205160
1 408.133576 630.837110
1 399.173399 644.191207
1 409.607785 663.929181
1 389.841955 658.005263
1 400.774781 650.308213
1 399.641320 649.664334
1 396.906714 642.965381
1 396.371375 649.914623
1 398.298446 654.480653
1 405.424793 638.575822
1 381.367666 653.613494
1 410.397212 637.327155
1 398.660293 649.819049
1 401.354440 647.757411
1 390.971265 647.465206
1 405.861198 641.062399
1 394.385557 654.002274
1 393.340697 642.555826
1 411.539163 654.654595
1 401.664526 639.774492
1 408.226809 628.395687
1 395.338749 637.154486
1 415.984239 646.909203
1 399.215922 650.971434
1 423.036678 654.281203
2 556.654560 492.168320
2 566.327921 479.929622
2 559.645556 478.749257
2 542.108217 474.036524
2 559.685605 487.433473
2 563.369408 490.282628
2 573.381410 471.477110
2 559.161220 474.688788
2 557.486451 481.565274
2 556.840378 498.166857
2 563.704203 473.647680
2 558.252617 486.808067
2 558.899972 479.781194
2 548.343974 488.373185
2 559.745212 479.979779
2 569.635254 470.297255
2 565.753896 479.453980
2 547.504747 473.173566
2 568.280122 458.401332
2 552.993692 480.154732
2 536.452940 475.645585
2 545.797056 473.774194
2 567.445625 494.042759
2 562.460124 483.713340
2 543.069621 483.761617
2 558.284391 476.821103
2 547.655082 458.294657
2 561.074381 495.485274
2 563.167474 480.654356
2 566.168079 497.857587
2 557.684401 461.115869
2 552.590856 490.349685
2 560.512513 470.929234
2 563.243376 477.289553
2 542.971177 465.114985
2 544.830961 464.668945
2 553.586758 461.895545
2 564.947799 458.268381
2 567.193653 481.763242
2 564.631733 472.059136
2 559.099342 479.038836
2 580.142647 476.366680
2 565.634408 455.665149
2 557.992754 503.939145
2 580.160206 485.271098
2 564.291244 478.719299
2 548.831643 495.501298
2 544.664903 471.243575
2 545.146850 474.591171
2 568.669514 482.475636
1 438.075978 615.748228
1 395.131001 649.456708
2 551.736498 454.938753
2 567.095975 480.414081
1 412.381401 613.011917
1 384.806462 593.305408
1 429.956101 636.070158
1 380.834873 644.568425
1 386.427199 665.596302
1 420.259024 637.898503
1 433.778790 662.441861
2 545.387065 492.398864
2 525.245062 482.596557
1 396.472132 656.440845
1 404.374435 657.953055
2 563.999093 450.096873
1 368.114974 626.466508
1 465.716019 624.242684
2 571.668126 463.104478
2 611.008506 509.822540
1 411.523424 636.059052
1 369.183873 612.637650
2 531.437781 474.065556
2 584.814607 514.245466
1 413.268923 633.935352
1 430.124068 645.888853
1 383.486810 588.666390
1 378.033830 636.326280
1 361.964495 632.240491
1 468.557265 596.472374
1 464.432088 654.187123
1 408.908335 643.846698
1 393.259550 642.894317
1 417.302016 635.453147
2 571.151842 453.550691
1 415.790196 625.901614
1 405.258191 646.603942
1 406.647362 633.952610
1 392.114856 668.457714
1 394.954126 674.308099
1 410.850476 670.035768
1 395.577588 668.116983
1 394.221399 669.527537
1 575.661683 787.109299
1 554.016372 799.904415
1 581.751516 787.336215
1 566.340280 801.260464
1 570.123937 800.021367
1 591.474880 793.367133
1 567.376086 804.549630
1 587.251436 782.693528
1 587.747347 813.579480
1 583.242380 791.272099
1 572.751738 801.405733
1 552.745377 812.852118
1 564.153244 803.367135
1 566.634687 799.764181
1 569.401358 802.703440
1 581.768991 798.964816
1 572.759855 799.243772
1 577.898006 790.170492
1 574.622078 798.789140
1 583.571398 807.125762
1 573.053080 813.579015
1 584.509425 787.087501
1 572.145453 786.877142
1 574.188549 798.183811
1 555.463841 818.504065
1 560.629967 802.699365
1 568.084256 806.421477
1 556.173005 808.304817
1 572.362892 786.040284
1 569.348468 803.664456
1 559.722450 798.231480
1 565.268759 792.765162
1 570.431892 804.553449
1 553.812317 802.677720
1 566.122417 793.535738
1 556.450136 801.912863
1 558.457108 801.771453
1 553.909713 813.565870
1 551.165307 798.782531
1 588.384833 811.338194
1 564.321143 806.739449
1 563.309108 788.919077
1 546.552111 799.804377
1 578.038975 812.878854
1 570.841369 788.925269
1 577.269699 796.321275
2 389.538227 833.879714
2 402.161750 844.896420
2 378.960659 833.429814
2 411.442228 835.670410
2 409.237313 811.380150
2 399.890100 830.041025
2 387.390942 851.011779
2 400.025746 809.960347
2 405.207302 850.738799
2 397.114311 827.173351
2 397.580039 831.068220
2 401.636197 813.259206
2 401.312932 830.117661
2 399.712033 820.898581
2 402.382769 830.642689
2 397.509522 816.278095
2 411.152661 844.794265
2 395.711069 837.208026
2 390.150597 825.066402
2 399.501159 818.059710
2 398.257724 839.003859
2 376.583223 838.678080
2 382.307555 837.874612
2 416.083383 812.282884
2 385.918454 817.639902
2 412.266138 813.407596
2 399.456228 830.895849
2 413.065501 846.807698
2 415.642324 835.764118
2 408.008256 824.890422
2 390.094158 829.951194
2 398.878255 849.165779
2 401.366324 848.649844
2 401.175089 840.522349
2 399.819838 837.191383
2 405.832256 845.406995
2 398.449407 821.013905
2 402.179150 831.091748
2 405.133892 836.167852
2 418.329704 828.496631
2 400.384027 826.575821
2 391.501291 844.196585
2 402.664223 816.254259
2 404.526549 830.470441
2 402.357607 815.581699
2 393.088402 831.176945
2 397.917414 854.296024
2 388.306593 841.258806
2 382.629465 844.753000
2 412.484715 880.615324
2 366.944895 804.855768
1 567.589983 788.142841
1 601.181500 807.846361
1 559.911650 841.635073
1 551.975556 818.771060
1 389.311140 680.558704
2 392.858589 840.503700
2 390.195528 844.220747
1 577.529249 825.549711
1 547.379760 790.925359
2 392.956256 831.706971
1 385.072456 675.585920
1 582.169192 822.855052
1 565.796733 809.118480
1 564.633999 804.987459
1 523.001227 830.178107
2 381.920333 859.953579
1 376.872761 721.718694
1 622.214415 809.732893
1 422.739332 673.199035
1 595.513158 834.977144
1 377.108606 691.047593
1 564.459186 830.056052
2 397.255944 838.795136
1 585.813285 829.378154
2 371.212688 845.844653
1 417.959262 667.567742
1 585.423773 838.222235
1 581.653190 780.955385
2 398.085220 809.781656
1 528.844022 795.426898
1 566.098216 841.724515
1 656.723912 821.051967
1 571.454491 822.474341
1 596.948274 839.962455
2 442.465269 826.233485
1 529.611691 855.332410
2 394.550597 833.678093
1 582.856790 774.318953
1 608.013625 797.945820
2 426.220144 884.033617
1 568.377041 811.701579
2 381.761148 845.017361
2 414.619413 824.445621
2 404.872873 804.158948
1 597.526487 764.555708
2 335.217995 822.149340
1 548.783550 780.944394
2 411.405813 868.148363
1 563.844039 812.652330
1 578.400456 787.046035
2 436.229538 835.855480
2 436.011229 814.622200
2 381.996989 852.532095
1 600.917615 718.230238
2 387.385439 842.131897
1 490.125490 822.831103
1 518.119893 767.156385
2 401.814891 836.159084
2 359.751882 847.774111
1 539.405160 805.137914
1 544.997873 826.593731
1 604.485922 746.631655
2 436.466754 816.547545
2 357.070227 871.477107
1 561.961730 776.493586
2 412.661630 844.288494
2 398.786618 807.663250
1 350.579394 691.944126
1 572.205197 794.691761
1 560.280308 812.273711
1 581.708891 825.847798
1 417.946134 668.607598
2 381.286530 812.116745
1 579.481702 768.072123
2 445.778450 810.349975
1 609.632612 739.242104
1 558.845811 808.055388
1 624.283226 855.281522
1 408.376270 696.664558
1 539.767647 847.612688
1 519.484269 804.363258
1 595.036712 787.402166
1 548.993433 885.804103
1 343.140550 667.565248
1 366.779829 725.489453
1 368.356687 725.038171
1 411.318242 685.635740
1 557.447570 784.429358
1 558.291721 744.526140
2 414.373772 804.181886
2 368.912824 842.584644
1 555.973616 789.052627
1 552.102908 813.167522
1 585.075793 823.149613
1 568.562893 774.596757
1 616.364811 811.783842
2 383.410164 879.100013
1 540.669387 749.405067
1 498.465070 811.074992
1 654.820471 814.980700
1 509.789919 769.294224
1 531.682604 792.016378
1 576.639876 825.154543
1 591.679176 786.621568
1 591.800763 786.696187
2 402.029927 883.418106
1 541.548473 811.278410
1 569.037955 778.859438
2 382.457310 829.677295
1 576.632242 852.354235
2 420.887221 854.798644
1 358.263667 668.327468
1 412.438929 676.530932
1 566.690673 779.177591
1 608.177776 810.444202
2 419.782787 863.866641
2 454.510729 815.694428
1 441.077983 701.396515
1 530.713084 845.704970
1 576.138513 843.851035
1 541.905238 808.389098
1 796.388864 306.657840
1 821.036917 304.551643
1 829.830806 294.046739
1 821.918281 286.535242
1 827.008361 306.982318
1 819.703925 311.468283
1 819.562622 309.232983
1 802.629404 300.577595
1 839.125300 303.166866
1 819.550908 293.675277
1 823.128751 297.453261
1 816.029020 288.743721
1 823.478148 298.508401
1 821.751465 291.149601
1 818.087407 302.558102
1 815.426318 276.391480
1 818.450751 282.660983
1 820.312877 300.045297
1 819.187439 300.062221
1 820.927539 293.228590
1 822.934482 292.983958
1 828.970412 303.746897
1 820.841994 316.170513
1 815.418058 296.885520
1 819.024018 294.624643
1 831.099042 306.238499
1 819.454788 297.964086
1 814.089782 286.227806
1 814.952164 321.010370
1 825.252307 296.898763
1 803.852044 302.353583
1 809.983797 301.390875
1 823.426854 290.314283
1 831.735188 292.686087
1 805.251090 281.217554
1 819.206725 279.764840
1 822.409595 321.539671
1 803.484546 312.865743
1 821.588987 277.873229
1 817.297562 303.155753
1 814.325253 299.945888
1 826.184956 286.264424
1 806.573549 305.626831
1 782.623511 255.555069
1 791.064262 261.325855
1 853.846249 248.872293
1 803.319716 257.267775
1 854.610344 306.696346
1 862.475079 295.210424
1 815.049519 271.177062
1 786.929045 283.021176
1 802.957937 241.477463
1 823.683157 277.741197
1 815.013290 245.321910
1 837.151959 275.840565
1 847.041717 291.301728
1 832.081234 262.720666
1 864.113988 301.305455
1 786.092819 210.871410
1 805.522704 296.355815
1 858.857512 310.754487
1 820.803665 272.491836
1 781.596655 236.211709
1 794.587577 255.459899
1 812.365230 306.540348
1 853.898513 299.444799
1 843.738586 296.902350
1 800.002477 276.491890
1 784.552975 315.478722
1 845.358668 256.032335
1 806.182787 246.243443
1 788.658462 314.600932
1 746.348315 254.130887
1 861.243231 304.966643
1 816.624527 267.423988
1 809.099317 248.589414
1 797.165106 297.078318
1 808.334162 282.979509
1 777.724429 195.368361
1 815.942946 249.302317
1 809.260370 270.545168
1 828.372376 325.555572
1 825.199649 319.615263
1 843.615346 274.876280
1 830.098562 284.329405
1 799.673711 318.302965
1 846.945543 270.236704
1 768.138693 292.786519
1 823.100783 288.890002
1 852.785211 258.382338
1 807.506920 229.782422
1 808.621089 285.308149
1 851.641359 291.369737
1 747.513032 276.961991
1 779.310366 248.840956
1 813.176078 201.576094
1 796.668059 317.959319
1 860.893168 290.447835
1 865.899905 281.195402
1 783.410466 300.478198
1 821.928919 289.687023
1 799.424335 220.988201
1 858.496004 283.046439
2 840.676232 608.621616
2 852.475574 633.410839
2 846.066883 625.840064
2 851.954105 627.968782
2 854.026035 648.220403
2 839.991632 615.530566
2 853.077069 632.163393
2 838.369887 634.561641
2 841.955730 613.519406
2 866.584727 624.813974
2 828.963805 622.449259
2 852.416090 642.763955
2 837.016986 614.694498
2 840.738615 643.357703
2 843.478089 641.697435
2 838.721206 644.038280
2 863.400528 639.149061
2 859.753973 642.335668
2 837.233535 635.162835
2 853.881323 619.546542
2 850.632442 625.157595
2 853.359522 611.015333
2 850.418268 615.658842
2 858.067359 619.559308
2 857.351504 643.163369
2 850.318600 639.521488
2 835.521914 631.914579
2 831.556330 614.604932
2 850.077215 631.957816
2 856.027421 643.177058
2 852.373098 634.690302
2 851.245743 630.290808
2 836.293860 616.051164
2 837.884820 636.400251
2 853.265255 626.674026
2 848.812040 628.612968
2 850.192135 635.737483
2 854.054095 633.278565
2 849.995893 630.763458
2 846.559716 642.299393
2 834.979246 636.262926
2 855.763583 644.513919
2 846.730506 607.687930
2 856.436795 633.342058
2 852.717873 632.804110
2 842.090755 638.151091
2 850.444308 630.218780
2 850.868218 630.077384
2 841.498960 633.550477
2 831.691895 631.432495
1 838.090966 348.273564
1 836.577811 341.508525
1 823.461920 347.050320
1 874.966121 333.616836
1 862.323265 335.993449
1 871.042901 353.347486
