1 199.269705 173.437265
1 205.196307 190.114481
1 188.380839 167.329228
1 212.278736 161.253949
1 212.483211 172.490510
1 179.145205 192.423152
1 208.432975 176.476157
1 190.286978 163.249754
1 191.860712 185.192797
1 199.578806 182.418145
1 186.174945 200.079040
1 180.475691 186.882647
1 220.977149 175.115079
1 199.999612 180.015226
1 196.346362 175.409721
1 193.785615 175.874331
1 182.203108 183.478241
1 198.891638 173.225857
1 180.544847 186.930235
1 212.387992 187.255458
1 212.946587 178.048028
1 209.544623 167.571960
1 181.902077 174.280506
1 205.334414 178.161422
1 212.620355 185.058393
1 188.913952 189.585743
1 179.717881 187.837870
1 207.066242 193.777773
1 214.856571 170.711981
1 202.955266 172.699582
1 184.536981 177.049929
1 184.258736 186.863044
1 201.516642 175.161366
1 221.555916 184.444234
1 204.039642 182.773306
1 209.057956 178.535843
1 198.418725 169.288476
2 147.719864 139.178096
2 293.914801 136.273860
2 171.706898 110.554810
2 245.197685 60.614106
2 294.372177 189.389279
2 247.747488 300.629079
2 123.511157 300.565481
2 304.332227 62.381701
2 318.756259 57.705115
2 240.868928 171.431778
2 158.408097 123.982872
2 6.988644 146.061295
2 317.447416 179.969107
2 89.577762 289.336909
2 225.903249 289.597707
2 18.138077 109.929903
2 3.136457 219.714821
2 198.110545 10.437739
2 114.672760 10.294318
2 140.521718 239.398896
2 24.569977 251.627972
2 87.105782 18.602916
2 203.383335 10.801702
1 202.991092 169.261321
1 202.089860 171.382096
1 164.692262 157.324560
2 145.134436 291.991331
1 229.254214 174.116380
1 160.467641 196.230658
1 188.056175 193.886748
1 272.078118 174.615923
1 231.331398 192.103938
1 120.800833 175.113551
1 203.984316 172.491230
1 278.143593 218.910801
2 208.266284 161.181647
1 216.814902 215.285178
1 212.739984 203.477799
1 184.520245 249.774467
2 2.074291 239.663073
1 143.017429 147.805744
1 165.605630 176.519231
1 170.803107 213.465294
1 173.691441 214.318433
2 324.653986 193.208452
1 252.879520 148.439116
2 270.951982 309.741732
1 207.847980 135.726738
2 252.137825 165.083238
1 199.143620 160.990209
1 126.704116 187.885682
1 232.593431 211.836865
1 151.292450 204.206753
2 231.929638 322.529020
1 200.347724 149.542349
2 258.445798 166.681750
1 224.809543 196.628612
2 129.248223 139.838257
2 229.221811 186.029024
2 221.830746 210.726502
1 192.696313 197.272785
2 219.722177 167.203560
2 319.382976 76.551592
1 190.946954 137.968185
1 130.625629 171.697001
1 127.485530 167.725202
2 285.367698 75.588150
1 177.180432 185.416510
1 174.281560 199.311192
1 225.357450 184.173502
2 228.271122 20.158402
2 119.392991 271.788714
1 131.740882 107.592740
2 166.421773 6.143418
1 196.251072 223.646662
1 183.590755 201.580601
1 209.758015 209.772798
1 192.157950 177.146358
1 195.727314 175.815803
1 211.011483 190.191801
2 274.449254 140.910965
1 223.649144 222.437370
1 179.279645 191.866968
1 167.159135 182.760612
2 280.757914 159.743404
1 247.683097 170.904369
1 200.166700 193.500701
1 183.475714 133.837027
2 274.430075 226.125822
1 233.531353 129.512806
1 255.455710 171.695650
1 168.083711 199.535816
2 206.495819 107.006580
1 189.515756 155.685727
1 174.896332 202.770761
1 177.426704 208.001884
1 200.121221 190.506509
1 122.020257 128.492029
1 220.764771 200.954104
1 210.131988 187.401896
1 203.553708 202.987732
1 218.951139 155.841226
1 211.173348 211.224584
2 268.062673 215.327132
2 97.644449 32.971775
1 196.968794 189.705251
1 219.513056 176.798088
2 277.662980 240.612917
1 226.217747 161.213806
1 171.848100 215.130143
1 144.894923 70.564109
1 220.785362 150.125012
2 286.443358 189.932966
1 211.042376 196.876899
1 261.569298 181.627515
1 221.465056 192.495129
1 126.907564 107.636070
2 200.140961 158.510760
2 257.908854 85.187783
1 178.118447 234.791178
1 164.576713 198.861018
1 190.755565 241.418240
1 231.348148 243.177616
1 226.292685 157.230627
2 232.998472 139.121214
1 199.210372 180.902509
2 223.215135 232.694265
2 262.531034 235.132953
1 150.073794 155.378602
2 283.503906 151.359044
1 198.382439 182.867555
2 194.651279 15.598500
2 289.543981 254.105631
1 194.413153 141.248881
2 230.256826 248.018590
2 233.307047 254.480227
1 170.875860 208.782745
2 246.425127 240.459697
1 222.070096 230.519875
1 203.756140 142.805498
1 165.141220 185.684279
1 177.447195 155.214012
1 182.685720 196.883227
2 300.053847 111.785348
2 228.965546 111.770258
2 247.575216 124.730634
1 189.983125 205.861399
1 184.206669 198.219410
2 253.610035 182.573668
2 171.244360 543.570455
2 20.994490 632.140718
2 66.088670 339.827348
2 153.389716 641.988353
2 197.668517 576.454287
2 176.469311 624.306723
2 142.015951 484.013842
2 28.754951 434.886062
2 28.433730 395.907137
2 243.642724 359.433039
2 119.399959 429.388510
2 73.254313 598.941207
2 134.954239 645.637362
2 99.191083 646.504344
2 207.408084 475.388057
2 175.878546 664.310229
1 318.492403 625.405758
2 211.695705 434.850076
2 308.281466 659.547244
2 266.300101 650.071591
2 102.955879 641.616473
2 213.994990 513.263988
2 274.107095 592.329806
2 57.737365 624.243276
2 59.064450 659.405464
2 299.719276 543.955290
2 14.716980 598.352132
2 298.012568 550.455133
1 315.349703 603.480856
1 157.487720 793.321122
1 126.746203 786.033927
1 152.529190 780.121808
1 145.163527 789.729331
1 147.016255 764.763246
1 140.785421 784.378476
1 164.059055 789.500816
1 162.035259 791.309183
1 143.341848 761.361544
1 157.305392 776.514772
1 150.635253 800.337475
1 139.604911 775.162807
1 139.669431 765.674780
1 148.445724 798.992661
1 145.115120 801.068668
1 146.637271 794.320656
1 144.572743 765.796607
1 165.210033 792.478869
1 137.038868 779.913534
1 148.886593 775.785309
1 154.683136 787.143884
1 151.684056 759.675614
1 143.634279 768.792677
1 150.302771 764.452877
1 154.831874 780.177508
1 139.070384 777.583477
1 131.403224 778.324781
1 147.781349 780.633312
1 142.264031 791.512781
1 156.685346 781.153872
1 144.954823 801.106475
1 168.558070 768.279076
2 314.745031 695.223919
2 278.842459 682.923933
2 144.085517 872.816056
2 179.601668 815.345060
2 235.255087 804.442660
2 25.964187 815.865713
2 66.431093 926.363874
2 304.534268 779.614386
2 168.179667 893.592700
2 155.089063 886.894080
2 251.927141 815.949635
2 97.995087 682.932946
2 109.632884 844.386862
2 186.317673 845.551338
2 54.460575 712.218472
2 132.847880 719.890740
2 92.891069 894.358573
2 78.445487 880.182434
1 149.976077 806.842144
2 202.089665 837.402447
1 147.280896 737.365644
1 173.234290 811.797079
1 194.230595 785.423680
2 98.094292 864.907467
2 19.942881 669.561648
1 155.120213 782.136629
1 134.495536 785.705585
1 171.193033 817.937765
1 185.775732 734.874636
2 113.050642 828.947719
1 159.820400 789.455737
2 175.650063 867.515087
1 156.631278 805.706846
1 137.423231 800.508156
1 216.746876 790.518379
1 136.091129 754.320509
1 117.042809 806.614669
1 210.018918 806.064947
1 145.290929 773.406815
2 300.247095 779.499480
2 329.582324 815.295653
2 33.306067 836.912901
2 195.251539 781.337595
2 319.447897 781.358685
2 292.608339 792.254848
1 145.377519 769.651773
1 116.661311 799.804429
1 152.669242 790.067066
2 167.264140 755.795370
2 52.759505 846.317368
1 139.502643 817.565351
1 132.397915 808.219545
1 206.495615 736.175967
1 169.719816 775.617361
1 119.866568 764.422453
1 155.082576 739.108155
1 133.208112 723.642924
1 172.500214 753.190753
2 143.734986 712.178540
2 318.639356 671.518037
2 254.741204 734.010428
1 143.649970 763.433201
1 185.268213 807.432060
1 143.315642 788.115266
1 178.788468 781.079669
2 315.780325 765.723902
1 162.206375 807.906747
2 321.980984 768.110724
1 178.680267 840.704719
1 168.580974 792.086264
1 175.958156 798.069607
1 164.362027 735.013796
2 57.550638 867.904798
1 139.010198 822.471436
1 185.086517 792.239181
1 128.808424 745.537727
1 171.699703 817.144590
2 174.856999 766.015616
2 328.480744 829.318046
2 200.582091 752.650824
2 213.908301 785.195706
1 118.392926 831.690363
1 188.331179 773.363275
2 91.531073 741.651747
1 200.361015 783.346736
1 160.226849 727.347277
2 96.825081 697.074216
2 113.876701 734.672400
2 331.051901 671.927887
1 131.790709 696.843116
2 200.470444 799.053259
2 161.889782 894.919809
2 280.397481 774.309499
1 145.479685 795.467734
2 143.366471 898.327971
2 311.368625 829.953242
2 230.644562 759.625494
2 181.667009 824.309630
1 132.783110 761.038589
1 121.864755 888.527118
1 181.278328 795.538263
1 147.799431 786.971117
1 165.436845 774.915033
1 101.998178 786.089533
2 133.006385 712.099468
2 281.564893 810.942852
1 191.374770 810.630421
1 135.506549 812.193397
2 130.253970 827.241818
1 186.728054 674.038233
1 154.105955 778.551418
1 204.163741 807.203545
1 75.369847 809.002675
2 40.680568 864.642140
2 243.053157 672.742812
1 137.839457 784.799069
1 137.942450 776.525172
1 141.070160 692.748758
2 349.778605 9.205542
2 589.443399 329.344407
2 581.120796 112.089809
2 665.653347 275.935088
2 363.834378 164.526498
2 647.042743 256.695106
2 666.366008 82.483431
2 649.420891 250.178670
2 442.269964 137.611678
2 578.546029 74.844074
2 463.885595 159.578450
2 340.834231 314.390766
2 608.180601 176.614387
2 581.659812 104.667085
2 584.759719 8.514276
2 406.604858 243.912258
2 393.617551 91.206526
2 390.672135 228.799509
2 623.500289 78.874461
2 402.867411 243.143525
2 444.498006 305.325461
2 571.288115 214.680961
2 459.060437 293.612571
2 392.564337 185.844891
2 426.653908 244.780837
2 354.847492 279.297057
2 628.854552 226.653808
2 577.404898 44.058153
2 439.932411 248.986059
1 400.060358 664.114563
1 405.111228 654.743552
1 390.688447 647.845610
1 399.545928 650.646476
1 385.087245 644.224714
1 405.531501 633.996536
1 408.893194 651.784645
1 398.156383 646.538719
1 399.327124 649.262928
1 400.506485 650.383943
1 395.364842 649.921690
1 398.053061 653.189044
1 394.188539 646.559336
1 398.752565 649.912308
1 397.250624 649.699913
1 406.456430 640.285232
1 380.873523 652.353149
1 397.868197 650.876934
1 400.504314 653.885126
1 392.518443 649.812297
1 411.925322 644.440037
1 408.039858 649.382839
1 394.418308 649.889421
1 406.652711 633.066539
1 394.377634 647.022654
1 394.835188 662.032331
1 402.283887 655.352194
1 414.147286 642.437744
1 412.439738 656.811921
1 394.118353 663.469716
1 402.351592 650.678890
1 411.733015 641.469493
1 401.110278 649.500800
2 455.653924 403.258451
2 554.207542 524.403726
2 407.654692 539.267475
2 545.309700 599.809725
2 409.899350 583.813836
2 569.053141 516.305782
2 638.136057 382.283967
2 514.384405 514.909617
2 421.769390 657.734760
2 567.767176 623.068481
2 531.947152 538.399774
2 414.301767 487.742486
2 346.897906 350.992522
2 515.624875 369.475080
2 379.458646 395.931238
2 603.739266 638.164720
2 493.003781 406.135317
2 439.302773 543.991638
2 622.657885 589.764738
2 624.977644 549.091301
2 651.343269 665.120359
2 400.695022 591.662895
2 356.809001 521.837604
1 431.921099 641.233987
1 352.471407 602.253712
1 415.488712 660.724907
2 498.558902 647.294514
1 387.235629 649.513650
2 545.489935 644.056312
1 370.180581 653.020714
2 440.155803 600.796190
1 417.662552 588.731620
2 425.485507 602.344119
1 409.471609 614.933442
1 426.535752 643.766269
1 395.568425 629.273144
1 386.949400 637.568875
1 386.226733 663.878510
1 359.969568 653.241034
1 370.000454 656.716873
1 407.004909 634.566787
1 423.850517 615.942486
1 398.938260 595.957241
2 358.341784 651.281587
2 566.836845 553.429797
1 384.576288 632.089228
2 353.908292 624.507776
1 427.427855 642.848926
1 359.597594 657.569309
2 430.532262 660.115876
2 350.933127 514.250702
2 528.167178 516.550335
2 397.939054 562.999285
1 378.890701 638.473142
2 499.144027 598.783732
2 583.912136 630.048146
1 353.059871 631.360523
1 413.357232 594.665740
1 386.571430 664.434413
2 426.203867 661.324169
1 441.781314 653.367984
1 414.284369 637.127666
1 431.919376 637.494979
2 413.686546 613.146301
2 334.662675 622.839611
2 377.911086 635.739585
2 536.390185 545.361294
1 433.827574 631.574925
2 419.230271 633.194030
2 428.489283 615.443077
2 339.264753 553.907692
2 356.422241 600.014135
2 404.581552 603.232004
2 586.186362 652.034341
1 381.654926 666.655716
1 406.674456 657.769035
2 474.499920 611.608165
1 434.097298 607.499738
1 450.769336 657.946305
1 410.844317 610.489652
2 527.231636 583.425278
1 393.433769 634.890094
1 425.420466 630.073412
1 407.973778 599.136391
1 382.088745 633.120209
2 578.158996 616.505155
1 592.269184 788.914880
1 591.487549 810.596792
1 569.833038 799.846903
1 562.838830 823.133327
1 581.619194 791.499844
1 562.109298 801.404777
1 569.393378 799.362321
1 585.959880 788.115219
1 564.241788 810.020203
1 569.629502 802.786922
1 577.599504 805.651019
1 564.053403 790.297419
1 549.161840 788.600295
1 576.378288 808.759825
1 569.200985 800.474026
1 576.727973 810.336564
1 553.858209 800.021254
1 559.810518 804.961297
1 548.627846 793.185977
1 562.278597 797.613960
1 571.998115 799.433039
1 566.964520 801.578735
1 574.470780 783.193272
1 572.089694 783.789241
1 570.978102 799.174940
1 576.423917 815.735739
1 592.906930 809.881322
1 592.085861 806.001343
1 575.887485 815.058752
1 574.647485 814.706093
1 562.839817 799.521881
1 555.859829 792.941726
1 582.643007 781.605743
1 571.754810 812.072489
1 569.199946 795.767835
1 571.582199 797.383136
1 577.335586 808.401524
1 580.041311 806.092403
1 567.753650 797.303679
1 561.438024 797.509067
1 570.353356 805.491408
2 577.914558 714.854242
2 601.527925 716.441812
2 373.322691 854.021838
2 574.700117 858.400583
2 610.104511 840.210379
2 659.645040 947.878012
2 526.803464 864.987154
2 486.398273 802.952947
2 349.544459 746.803773
2 381.538185 894.107693
2 339.589366 723.918474
2 412.598899 810.795338
2 382.367949 691.752045
2 448.318685 952.522040
2 503.259611 871.763370
2 408.423329 772.895511
2 650.792042 795.792364
2 520.087113 997.883590
2 496.779949 667.697406
2 646.125732 813.346760
2 473.722511 702.352219
2 648.836860 787.895538
2 572.124382 759.782192
2 542.324607 680.102779
2 524.971951 840.720524
2 430.984447 864.594218
2 583.814646 844.751735
2 616.138961 886.174952
1 563.937694 779.540338
1 432.104411 671.909815
2 502.894621 873.134779
2 345.201502 762.783368
2 389.899437 865.134671
1 542.671411 787.215171
2 509.887577 859.866177
1 573.279883 740.868963
1 550.459848 790.380404
2 480.218012 802.162407
1 392.939008 689.395002
1 528.380904 776.695956
2 617.514724 785.818884
1 575.706223 832.975392
2 618.636926 779.455335
2 606.194409 775.522024
1 575.483959 805.225773
1 417.862373 690.794063
1 579.874804 764.404256
1 570.825340 793.070048
2 502.784707 812.484002
1 412.530875 701.897714
1 572.795395 792.843175
1 553.791361 835.890551
2 418.578568 858.731296
2 649.249557 768.353995
1 577.103974 846.351881
1 553.929361 790.580379
1 382.749934 689.546411
2 467.710395 859.295380
2 376.187349 791.991333
1 562.659192 761.400413
1 379.458913 671.679276
1 584.260399 801.129810
1 606.094625 812.213780
1 538.321079 776.635506
1 375.195368 681.464603
2 443.606069 866.261401
1 579.416312 831.527949
1 391.376814 678.296251
1 577.549079 846.730192
1 420.841670 686.331815
1 575.512623 767.971492
2 484.164319 788.039172
2 433.216034 750.438113
2 467.967412 767.667424
2 570.375703 685.474694
1 556.448260 827.902175
2 450.335116 768.840354
2 474.017905 690.979125
1 554.019639 789.625635
1 561.743194 834.261955
1 523.546444 790.611772
2 536.830445 717.698431
1 582.224061 867.436230
2 396.495390 813.743414
1 586.766394 819.677873
1 588.508729 790.766665
1 628.078147 762.950769
1 564.133332 819.996459
1 594.915381 808.410049
1 564.118592 892.254983
2 612.171241 764.051155
1 377.860055 694.277347
2 335.024305 725.039362
1 424.354543 681.537235
1 447.097563 711.104822
2 467.714401 790.167730
2 451.320188 691.120494
1 557.620164 818.557539
2 525.611863 700.135655
1 612.847677 863.026696
2 372.467235 700.169652
2 647.089093 883.321018
1 562.682294 819.964592
1 601.370957 802.066737
1 592.942797 768.489279
2 595.418370 870.343598
2 455.574792 778.213848
2 362.997474 787.749067
2 611.169891 759.868121
2 602.321393 754.026881
1 574.431644 783.017225
1 596.908078 828.539404
2 514.642680 818.285262
2 446.442659 733.278305
2 648.889803 793.189442
1 571.971873 755.944613
1 593.385679 788.089194
2 403.229928 697.037052
1 411.184972 701.778484
2 467.729063 835.865359
2 470.368510 737.550811
1 585.297534 838.451059
1 440.779645 700.495126
2 359.721046 771.355208
2 449.773619 825.627545
2 491.331325 804.229612
1 595.021860 792.458912
1 553.690257 793.474290
1 537.396019 877.452493
2 471.665814 811.070633
2 638.060408 800.785418
1 600.823808 835.280006
2 389.336342 837.363444
1 411.079407 690.817544
1 400.724118 670.010017
2 635.657502 800.747193
2 589.243027 756.304082
1 377.012080 698.727936
1 589.406120 815.717204
1 538.137379 760.039597
1 488.611638 830.231927
2 454.015495 794.421696
1 612.153873 760.130421
1 382.547338 669.178792
2 470.562937 690.004756
2 506.115471 873.858417
1 561.093070 794.142116
2 465.537289 820.688623
1 398.574032 679.041655
2 367.265858 779.931219
2 655.416599 857.577575
2 630.120986 795.678016
2 633.613339 795.713552
1 581.879653 815.424328
1 550.803193 831.512635
2 431.206747 774.591336
2 521.263180 870.496871
2 490.710432 797.235012
2 524.231105 691.031082
1 381.933177 689.697209
2 445.037835 759.745853
2 485.486045 708.901983
1 598.142173 831.870010
1 547.144798 808.445043
2 358.992630 879.735964
2 555.251939 715.769217
1 595.657120 813.704897
2 425.604870 866.258092
2 663.880626 849.762989
1 825.323420 313.131564
1 817.333145 301.770809
1 812.226200 290.236725
1 824.995430 303.209579
1 814.043604 287.613507
1 814.058431 301.075981
1 834.044190 283.999700
1 827.473053 308.571495
1 819.691371 300.488439
1 820.776003 303.481807
1 807.626186 302.934711
1 820.155986 304.158386
1 826.779512 299.570688
1 802.061386 300.942897
1 818.328382 301.953430
1 830.789986 321.305360
1 821.461269 298.275657
1 837.939457 290.559085
1 809.734327 290.916042
1 799.208382 306.913418
1 827.960425 295.295719
1 822.190965 301.146311
1 828.619228 297.276916
1 824.871657 302.618242
1 818.187449 299.010597
1 822.031434 305.360813
1 822.383471 302.747937
1 820.658663 284.509079
1 809.235061 314.367895
1 817.915434 307.558264
1 820.400217 300.308929
1 833.266366 306.872088
1 825.397005 287.726416
1 824.072163 310.451970
1 820.862003 300.408726
1 818.762404 303.936763
1 812.497967 279.106009
1 829.669497 290.198884
1 820.978513 300.690964
1 797.302606 305.825083
1 843.686914 295.652230
1 836.313379 292.914827
2 666.798979 177.648918
2 722.194114 196.170142
2 799.967573 112.965367
2 893.464066 245.978228
2 755.215109 262.818065
2 967.740334 176.295514
2 896.554048 172.220755
2 882.950573 98.002196
2 919.808063 177.226763
2 777.515608 169.121337
2 763.118143 314.693327
2 830.285743 135.188482
2 995.768737 265.352777
2 675.563414 185.947463
2 900.574006 251.836751
2 844.330495 166.834008
2 792.672124 105.940476
2 786.455709 275.805450
2 909.989381 231.012482
2 721.232896 113.150164
2 850.339335 302.945682
2 923.431828 272.093459
2 921.373790 74.377634
2 700.217118 149.705557
2 923.879637 114.424918
2 799.230402 268.265659
2 725.838965 321.164163
2 826.266588 220.737925
2 746.763665 98.818846
2 942.296089 88.085685
2 992.212422 18.595498
2 961.750529 170.609145
2 747.794707 283.159653
2 743.638688 290.934731
1 801.666890 281.920296
2 772.608523 285.104008
1 814.580641 257.885151
2 968.845860 279.222605
2 775.377077 276.817009
1 802.959249 328.055056
1 790.437563 333.145611
1 771.741922 311.390978
1 807.582056 297.962367
2 879.460422 121.304213
1 806.701095 284.231876
1 799.841937 298.286941
1 834.827053 307.841919
1 833.885549 308.071736
1 806.077748 288.480323
1 853.504438 305.234230
1 757.790175 279.749256
2 798.908337 269.348866
1 809.740280 260.403240
2 763.278420 302.887624
1 881.960969 279.592503
1 782.107222 252.445565
1 803.232632 295.031075
1 806.306111 289.037939
2 826.347447 280.331322
1 792.967464 309.290541
1 851.859439 305.334722
1 836.186483 266.783354
1 800.766023 292.091850
1 860.315542 301.289907
1 837.770138 274.973523
1 819.704401 309.166663
1 784.036905 282.374754
1 830.383437 267.379759
1 825.769520 329.730401
1 741.466259 323.975637
2 790.570800 267.499221
1 846.687922 237.043067
2 914.661009 298.325652
2 852.223683 217.655754
2 885.951251 218.191607
1 853.993138 330.109684
2 798.823144 252.153700
1 814.651194 299.080589
2 998.096592 141.476008
1 859.040647 293.063601
1 820.854771 312.295049
1 823.044271 292.001017
1 869.806886 246.710091
1 878.961489 283.806550
2 771.881015 317.074443
2 924.822934 360.146150
2 898.600168 540.882315
2 677.775509 342.930127
2 750.100477 352.702020
2 910.013623 458.782088
2 968.121624 355.378469
2 909.437058 404.824141
2 921.326964 580.380160
2 857.254788 594.139169
2 977.632657 440.842494
2 772.892698 525.418582
2 958.985674 356.512416
2 813.839232 641.817628
2 864.808386 501.433124
2 922.861860 409.129112
2 757.961885 346.761935
2 921.044725 367.612915
2 710.275476 501.749901
2 821.702857 505.467745
2 923.699222 340.109950
2 857.317670 417.800218
1 789.932746 378.763481
2 878.924895 372.737871
2 847.288236 433.540146
2 989.225065 483.055670
2 744.191486 343.425280
2 907.617604 427.144538
2 694.038028 359.375809
1 851.522757 335.024613
1 781.056936 337.570887
1 812.743017 380.438826
1 858.726184 358.926212
2 901.975576 360.500672
2 834.571031 440.691023
2 730.879782 942.588539
2 817.317326 740.240759
2 728.193996 675.485181
2 737.304823 749.460525
2 836.032604 668.933878
2 977.535892 947.458170
2 922.795936 866.236940
2 906.207141 929.633314
2 970.266889 912.324051
2 841.109441 723.509132
2 975.466924 771.741003
2 864.426634 915.553717
2 960.869334 752.871921
2 761.362816 885.111847
2 693.274694 781.004788
2 666.953286 932.102326
2 806.801612 766.132397
2 668.327721 736.116529
2 709.897302 916.734428
2 994.914599 824.433516
2 670.996465 796.300578
2 987.049652 725.975781
