1 199.269705 173.437265
1 210.114308 186.948301
1 205.196307 190.114481
1 201.889364 166.244283
1 200.028815 178.904122
1 188.380839 167.329228
1 212.278736 161.253949
1 212.483211 172.490510
1 195.050289 171.076614
1 179.145205 192.423152
1 203.705688 176.662764
1 220.372450 167.082820
1 208.432975 176.476157
1 190.286978 163.249754
1 199.578806 182.418145
1 186.174945 200.079040
1 180.475691 186.882647
1 204.553109 188.063940
1 220.977149 175.115079
1 199.999612 180.015226
1 193.785615 175.874331
1 201.650211 166.035300
1 182.203108 183.478241
1 198.891638 173.225857
1 180.544847 186.930235
1 186.504118 179.103378
1 180.106523 173.681083
1 212.387992 187.255458
1 212.946587 178.048028
1 181.902077 174.280506
1 212.620355 185.058393
1 188.913952 189.585743
1 204.101071 172.079548
1 179.717881 187.837870
1 207.066242 193.777773
1 214.856571 170.711981
1 202.955266 172.699582
1 184.536981 177.049929
1 184.258736 186.863044
1 194.252804 187.623283
1 201.516642 175.161366
1 221.555916 184.444234
1 204.039642 182.773306
1 209.057956 178.535843
1 198.418725 169.288476
2 147.719864 139.178096
2 293.914801 136.273860
2 171.706898 110.554810
2 245.197685 60.614106
2 294.372177 189.389279
2 247.747488 300.629079
2 123.511157 300.565481
2 304.332227 62.381701
2 318.756259 57.705115
2 158.408097 123.982872
2 238.095347 173.144910
2 6.988644 146.061295
2 317.447416 179.969107
2 89.577762 289.336909
2 225.903249 289.597707
2 18.138077 109.929903
2 3.136457 219.714821
2 129.998060 280.385958
2 198.110545 10.437739
2 246.814734 268.601933
2 31.140934 115.490686
2 265.037625 240.178044
2 114.672760 10.294318
2 140.521718 239.398896
2 24.569977 251.627972
2 87.105782 18.602916
2 203.383335 10.801702
2 127.613452 251.779075
1 157.420873 189.537446
2 250.539402 245.095849
2 294.299697 233.902168
2 266.187665 176.972021
2 73.913809 277.843859
1 189.324513 169.112629
1 169.086280 164.397239
2 297.712550 196.745375
2 177.911953 104.472366
2 132.504087 277.176305
1 263.620519 176.883841
1 191.679700 186.192238
1 218.048623 145.327541
1 193.961823 172.577464
2 183.236779 115.806886
2 262.652924 152.187483
1 146.890525 176.744213
1 155.159688 190.679446
1 145.216339 232.213145
1 161.883220 170.539184
2 159.690667 67.992969
2 259.797432 257.197078
1 217.150261 182.246941
1 221.873058 182.817452
1 210.997533 158.298909
1 200.344311 207.669292
2 220.307396 33.042652
1 189.559881 174.476840
1 209.548277 216.895356
1 205.024745 147.260602
1 197.888420 191.238142
2 158.769348 65.194285
1 192.429539 158.773689
1 131.847373 173.984183
1 188.238149 160.162966
2 319.688320 159.356230
1 236.644717 240.561864
1 243.084731 192.292455
1 202.457762 166.963871
1 229.946825 163.901561
1 231.401227 219.699652
1 260.228562 229.333059
1 162.761244 218.641585
1 260.649318 212.374283
2 199.251494 160.899099
1 212.282847 174.480664
1 202.502376 161.021376
2 208.035251 128.538731
1 169.926128 179.016680
2 253.092486 87.467717
1 180.932221 248.081386
1 190.866705 188.043201
1 208.170858 188.416431
1 151.639590 217.463174
1 222.315189 142.426881
1 167.262873 176.176416
2 150.579498 137.891981
1 155.577755 165.482184
1 235.572411 171.220125
1 108.670502 189.464440
1 228.893226 158.838577
1 244.711808 171.456449
2 291.295808 206.321126
1 212.299677 157.382371
1 207.515087 133.249632
2 291.512857 170.364781
1 158.860856 173.792483
1 227.219040 214.307509
2 11.851872 193.514784
2 180.593958 129.965285
1 194.473074 164.505871
1 223.743272 226.442715
1 195.230723 224.754673
2 171.244360 543.570455
2 20.994490 632.140718
2 66.088670 339.827348
2 153.389716 641.988353
2 215.846863 380.439899
2 197.668517 576.454287
2 176.469311 624.306723
2 142.015951 484.013842
2 162.585077 510.800457
2 28.754951 434.886062
2 258.849622 571.780342
2 28.433730 395.907137
2 285.577834 399.682199
2 243.642724 359.433039
2 206.003233 444.655875
2 119.399959 429.388510
2 73.254313 598.941207
2 134.954239 645.637362
2 99.191083 646.504344
2 207.408084 475.388057
2 179.290939 649.359716
2 96.802118 336.518071
2 191.076041 594.739489
2 279.068926 581.117710
2 124.409343 616.854016
2 285.305642 649.120787
2 266.917950 561.230664
1 323.684873 656.923939
1 145.030728 772.537774
1 157.487720 793.321122
1 126.746203 786.033927
1 143.108860 781.374177
1 154.390032 786.035741
1 152.529190 780.121808
1 142.908453 785.024548
1 147.016255 764.763246
1 164.059055 789.500816
1 129.883861 767.236260
1 162.035259 791.309183
1 143.341848 761.361544
1 157.305392 776.514772
1 148.994945 781.462857
1 139.319658 769.947154
1 150.635253 800.337475
1 139.604911 775.162807
1 139.669431 765.674780
1 148.445724 798.992661
1 161.454364 774.691989
1 145.115120 801.068668
1 147.551750 782.847987
1 146.637271 794.320656
1 144.572743 765.796607
1 165.210033 792.478869
1 138.434013 794.852440
1 137.038868 779.913534
1 148.886593 775.785309
1 154.683136 787.143884
1 151.684056 759.675614
1 141.519321 797.625571
1 172.323697 786.749599
1 143.634279 768.792677
1 171.706840 790.920699
1 150.302771 764.452877
1 165.169143 762.646692
1 139.070384 777.583477
1 164.121171 782.791520
1 131.403224 778.324781
1 147.781349 780.633312
1 142.264031 791.512781
1 156.685346 781.153872
1 144.954823 801.106475
1 168.558070 768.279076
2 314.745031 695.223919
2 278.842459 682.923933
2 144.085517 872.816056
2 179.601668 815.345060
2 235.255087 804.442660
2 25.964187 815.865713
2 304.534268 779.614386
2 226.630879 780.766078
2 168.179667 893.592700
2 155.089063 886.894080
2 206.757819 820.565459
2 95.990597 827.499648
2 100.781039 780.964956
2 251.927141 815.949635
2 97.995087 682.932946
2 109.632884 844.386862
2 186.317673 845.551338
2 54.460575 712.218472
2 132.847880 719.890740
2 251.392151 680.540094
2 92.891069 894.358573
2 78.445487 880.182434
2 292.569065 875.351900
1 173.217200 757.902968
1 146.677132 750.654344
1 184.496437 812.853049
1 105.476905 756.860178
1 154.867440 801.195837
1 195.809392 847.218810
2 18.255678 810.476004
2 68.180196 906.322811
2 261.776322 691.496903
2 299.841217 778.103614
2 65.452725 923.928132
2 240.004977 841.292238
1 139.522822 791.163519
2 178.674983 777.044937
1 163.012386 764.983285
1 133.734564 788.687541
1 142.138823 826.204993
1 149.594336 794.239716
1 171.227329 796.080856
1 153.874264 831.646259
1 138.284540 797.405120
1 143.581474 805.559708
1 136.995367 801.263553
1 153.191698 790.240078
1 161.436510 759.714694
1 124.947493 785.433881
1 177.934517 807.803831
2 253.196204 757.289362
1 204.371526 784.550761
1 139.556579 803.406824
1 114.058210 779.098258
1 132.503005 804.797175
1 122.506921 789.208482
1 117.688841 759.389956
1 156.747842 741.774718
1 151.841296 774.799514
2 133.459376 720.581111
2 234.543873 675.779427
1 167.102665 760.493131
2 104.381586 758.152553
2 57.480582 848.404623
2 295.541201 733.264549
1 141.873425 803.974003
2 158.623794 761.110880
1 135.952637 851.944389
1 182.399278 787.654261
1 111.998479 782.945300
1 170.752866 793.322116
1 143.655739 792.340350
2 78.136359 851.790649
2 295.859100 809.959900
1 178.176988 817.816163
1 154.517599 767.725906
1 166.381419 729.215602
1 186.370518 786.498463
2 252.018368 831.815674
1 168.770090 743.435126
1 160.057718 796.943016
2 161.966759 902.847709
2 265.608552 736.176159
1 118.413268 825.142911
2 260.411869 799.204811
1 116.843240 814.186428
1 117.686614 789.701720
2 113.066928 716.326399
1 129.519122 770.864259
2 294.244638 738.138327
2 146.812523 737.615352
1 154.536904 794.932890
2 57.616092 893.396067
1 204.138642 825.058211
1 146.681523 780.646032
2 216.378016 885.985767
1 159.203344 772.340514
1 108.749407 812.499490
1 174.259418 824.221965
1 189.418220 820.256923
2 42.492985 905.007461
2 332.688333 752.092633
1 160.223993 722.524224
2 103.762537 857.911596
1 129.270893 801.453202
1 165.723817 782.654979
1 179.410796 857.480046
2 137.972024 892.705432
2 243.283258 804.953407
1 123.792834 826.788848
1 174.516772 765.478033
2 41.258175 775.338258
1 173.030799 760.929258
2 114.602614 714.576087
1 194.149605 818.819843
1 161.294351 787.958279
2 349.778605 9.205542
2 605.066590 47.788371
2 589.443399 329.344407
2 581.120796 112.089809
2 665.653347 275.935088
2 363.834378 164.526498
2 647.042743 256.695106
2 527.996854 292.824059
2 666.366008 82.483431
2 649.420891 250.178670
2 429.921659 60.700783
2 442.269964 137.611678
2 578.546029 74.844074
2 463.885595 159.578450
2 340.834231 314.390766
2 608.180601 176.614387
2 581.659812 104.667085
2 584.759719 8.514276
2 406.604858 243.912258
2 393.617551 91.206526
2 530.761359 200.478255
2 390.672135 228.799509
2 623.500289 78.874461
2 371.782737 51.913341
2 402.867411 243.143525
2 334.950622 271.238755
2 444.498006 305.325461
2 571.288115 214.680961
2 459.060437 293.612571
1 382.260213 656.654334
1 400.060358 664.114563
1 405.111228 654.743552
1 414.979481 651.653271
1 403.504982 652.571265
1 390.688447 647.845610
1 405.143784 645.741016
1 397.298582 643.386521
1 399.545928 650.646476
1 408.363581 655.378863
1 407.056579 652.214464
1 387.102474 631.882672
1 385.087245 644.224714
1 412.893603 637.657770
1 405.531501 633.996536
1 408.893194 651.784645
1 398.156383 646.538719
1 400.441090 649.314884
1 397.339133 647.323642
1 399.327124 649.262928
1 400.506485 650.383943
1 395.364842 649.921690
1 398.053061 653.189044
1 394.188539 646.559336
1 398.752565 649.912308
1 397.250624 649.699913
1 406.456430 640.285232
1 380.873523 652.353149
1 397.868197 650.876934
1 400.504314 653.885126
1 421.667448 648.733453
1 422.983944 640.758248
1 380.384746 651.717041
1 392.518443 649.812297
1 411.925322 644.440037
1 394.418308 649.889421
1 406.652711 633.066539
1 394.377634 647.022654
1 394.835188 662.032331
1 395.472651 631.200161
1 402.283887 655.352194
1 414.147286 642.437744
1 412.439738 656.811921
1 394.118353 663.469716
1 402.351592 650.678890
1 411.733015 641.469493
1 401.110278 649.500800
2 455.653924 403.258451
2 363.487086 575.203866
2 554.207542 524.403726
2 407.654692 539.267475
2 422.263068 585.874800
2 545.309700 599.809725
2 409.899350 583.813836
2 569.053141 516.305782
2 472.503920 468.156992
2 638.136057 382.283967
2 337.238754 627.361551
2 514.384405 514.909617
2 421.769390 657.734760
2 567.767176 623.068481
2 531.947152 538.399774
2 346.897906 350.992522
2 515.624875 369.475080
2 379.458646 395.931238
2 603.739266 638.164720
2 493.003781 406.135317
2 439.302773 543.991638
2 622.657885 589.764738
2 624.977644 549.091301
2 418.523773 349.099599
2 651.343269 665.120359
2 400.695022 591.662895
2 356.809001 521.837604
1 412.390204 642.316642
1 382.135849 623.737248
2 562.663011 618.539871
1 411.848883 639.000998
1 428.275267 659.328599
1 440.366747 634.564260
1 404.983702 598.503359
2 394.139515 612.729264
2 403.047902 658.107999
1 455.203380 650.731629
1 431.609103 646.483500
1 380.135996 594.214018
1 358.419343 561.281199
1 419.239319 636.709749
1 395.088844 649.327866
1 415.476452 643.243600
1 428.764424 658.336178
2 405.629161 619.675774
1 364.071501 641.009362
2 423.142408 566.488150
2 490.211375 462.658154
1 457.926491 630.968827
2 446.827445 576.310598
2 403.767220 642.190017
2 350.278327 637.094897
2 578.455289 662.627056
1 414.760308 631.339818
2 423.462063 566.872870
1 403.706383 649.010764
1 359.303688 630.242385
1 354.438905 515.207230
1 425.919632 603.364289
1 376.455199 660.595379
1 401.723325 650.321034
2 430.654614 657.751431
1 420.777324 646.870711
1 435.994125 665.317842
1 421.503894 641.108120
2 405.143348 538.517699
2 409.521187 549.102613
2 463.740384 607.828364
2 377.062246 635.386432
1 444.197370 607.126525
2 410.777071 578.692515
1 372.003576 658.231219
1 401.252998 610.158862
2 441.295859 430.856676
2 453.517696 625.177574
2 429.192976 538.499790
1 502.827975 648.231409
1 367.059951 640.356085
1 356.020495 631.024418
1 397.826151 598.248626
1 446.809331 630.087683
1 372.613677 627.198256
2 553.248970 641.291367
2 564.707240 481.524380
1 380.829019 666.382268
1 378.694061 649.444368
1 365.489945 656.693634
2 428.529199 601.676610
1 363.744168 572.615719
1 373.834058 655.485192
1 393.561679 645.388245
1 408.203499 608.141206
2 410.409878 661.848810
1 365.782698 657.699411
1 412.667705 636.369852
2 421.747300 631.485318
1 386.936039 645.370092
1 355.844962 590.406357
1 419.239319 636.709749
1 406.762258 644.465057
1 433.043019 640.477041
1 334.889523 589.253097
1 423.926212 665.549779
1 377.869362 659.910558
1 411.668134 668.368042
1 592.269184 788.914880
1 591.487549 810.596792
1 569.833038 799.846903
1 572.212885 807.626350
1 562.838830 823.133327
1 581.619194 791.499844
1 562.109298 801.404777
1 569.393378 799.362321
1 575.479506 794.895237
1 550.314057 812.352350
1 585.959880 788.115219
1 569.629502 802.786922
1 577.599504 805.651019
1 564.053403 790.297419
1 553.192257 793.616418
1 549.161840 788.600295
1 576.378288 808.759825
1 569.200985 800.474026
1 576.727973 810.336564
1 553.858209 800.021254
1 559.810518 804.961297
1 548.627846 793.185977
1 562.278597 797.613960
1 571.998115 799.433039
1 566.964520 801.578735
1 574.470780 783.193272
1 572.089694 783.789241
1 570.978102 799.174940
1 576.423917 815.735739
1 592.906930 809.881322
1 592.085861 806.001343
1 575.887485 815.058752
1 562.839817 799.521881
1 565.419632 797.485520
1 555.859829 792.941726
1 582.643007 781.605743
1 586.486928 795.935543
1 571.754810 812.072489
1 569.199946 795.767835
1 580.683493 819.967901
1 571.582199 797.383136
1 590.387599 797.733528
1 577.335586 808.401524
1 580.041311 806.092403
1 567.753650 797.303679
1 561.438024 797.509067
1 570.353356 805.491408
2 577.914558 714.854242
2 436.675419 920.930438
2 601.527925 716.441812
2 443.770658 934.503837
2 373.322691 854.021838
2 574.700117 858.400583
2 610.104511 840.210379
2 642.694306 910.732831
2 659.645040 947.878012
2 526.803464 864.987154
2 486.398273 802.952947
2 349.544459 746.803773
2 381.538185 894.107693
2 339.589366 723.918474
2 382.367949 691.752045
2 448.318685 952.522040
2 408.423329 772.895511
2 650.792042 795.792364
2 520.087113 997.883590
2 496.779949 667.697406
2 447.291469 719.800295
2 646.125732 813.346760
2 473.722511 702.352219
2 648.836860 787.895538
2 572.124382 759.782192
2 542.324607 680.102779
2 622.243191 962.189270
2 583.814646 844.751735
1 596.552422 807.617628
1 546.044544 836.711157
1 375.244336 670.646019
1 541.445565 791.865831
1 625.016509 839.890383
1 418.066114 679.466677
2 629.398940 981.951194
1 404.219161 684.542326
1 599.446449 801.289245
1 426.909877 693.042902
1 558.709465 767.033655
1 581.228670 747.998944
1 586.936851 782.838404
2 453.451906 987.822112
1 593.769400 764.853194
1 384.478303 683.809913
1 450.131220 667.939443
1 548.779702 754.170462
1 566.196223 836.617437
1 575.013209 879.286214
2 591.095078 733.392841
1 429.157851 668.059768
1 502.971608 787.054684
1 584.940165 808.664271
1 554.178452 840.899472
1 595.260842 783.138637
1 414.598578 683.012955
1 597.671431 772.883687
2 342.108707 685.578030
2 407.791854 732.350277
1 352.098602 700.145899
2 333.562609 687.865171
1 600.180500 789.976369
1 563.969225 811.663741
2 410.370451 808.903202
1 570.772750 827.862648
1 574.750636 822.215396
1 619.715601 812.965678
1 585.588358 844.884970
2 365.579933 704.933646
1 441.057760 732.416872
1 413.556666 682.997973
1 638.358018 782.696407
1 385.218536 694.536306
2 398.431488 679.846849
1 567.753725 844.504095
1 390.543512 688.459375
1 560.624121 779.413332
2 582.751372 893.268931
1 619.070639 802.186736
1 522.373993 823.667675
2 611.772625 728.785103
1 632.427550 785.029381
1 535.996339 832.275406
1 552.132535 771.896455
1 533.970447 752.254193
1 398.872229 684.582389
2 583.399394 733.944350
1 586.923241 815.027092
1 365.248035 667.568984
2 493.507983 707.423923
2 596.276145 729.599737
1 395.085535 675.367640
2 661.834890 832.112163
1 570.799142 783.223989
1 418.099127 684.577811
2 334.082409 703.344889
1 529.475107 810.318803
1 588.762949 798.701706
1 541.666912 758.729730
2 553.136356 877.263358
1 566.717039 816.528897
1 464.394203 675.051335
1 402.608380 674.690020
1 376.732965 699.769074
1 605.180627 763.296519
1 595.496389 784.215166
1 596.046761 764.360794
1 563.029533 779.426655
1 560.944411 829.124004
1 568.135797 824.884951
1 581.834422 784.281102
1 404.873530 672.641038
1 594.318520 814.399542
1 369.675842 696.159121
1 566.427221 806.982064
1 536.812396 817.941199
2 523.535003 678.716474
1 526.973534 794.733328
2 507.819860 675.294378
1 520.031398 768.322258
1 603.291711 816.403787
1 599.860143 791.314003
2 476.594904 834.340423
1 432.781171 714.215636
1 565.525655 754.859589
1 602.487369 784.447738
1 581.591988 801.535064
1 628.334873 790.351127
2 515.116799 721.234437
1 456.708407 712.982978
1 628.805483 806.404559
1 574.132239 836.189425
1 596.954411 787.268201
1 586.700122 798.729523
1 501.031547 824.474998
1 533.652453 812.041619
1 415.432160 694.244611
1 422.337729 676.643166
1 553.000330 788.096571
2 444.381691 802.520258
2 582.675506 736.743945
1 637.065173 827.552364
1 585.115913 819.655485
1 564.380322 794.491855
1 591.089864 782.437383
1 598.683156 818.504161
2 437.217820 687.765710
2 377.738745 832.162185
1 588.657401 858.161303
2 385.167993 752.119362
2 540.756194 748.493886
2 634.805726 773.554577
2 658.436910 757.250732
2 507.165805 839.033103
1 577.706774 788.579952
1 406.175096 687.419830
2 596.195592 710.365336
2 559.523326 674.988933
1 551.093301 796.154312
1 621.414082 821.264058
1 556.847798 847.673575
2 523.606309 902.242270
1 563.686360 830.648773
2 488.354314 867.014363
1 614.668694 860.607515
1 598.527463 770.407524
1 409.242811 674.290182
1 401.405994 676.187316
1 638.410363 805.205152
1 424.328706 729.318964
1 566.132407 798.556982
1 451.939261 673.467443
1 372.023611 679.737915
1 380.344802 682.242958
2 402.171125 891.179596
1 627.456951 809.614142
2 517.627464 699.817885
1 377.572127 686.781431
1 587.785320 786.755948
1 416.377306 671.062351
1 570.614132 809.799998
1 591.958609 775.687909
1 557.369570 854.113663
2 634.990201 784.115598
2 498.863400 876.302479
2 383.567391 866.365129
1 583.971044 792.642643
2 479.947737 852.066416
1 825.323420 313.131564
1 817.333145 301.770809
1 812.226200 290.236725
1 830.429414 297.607845
1 824.995430 303.209579
1 833.030645 316.684872
1 831.667684 295.476292
1 834.044190 283.999700
1 827.473053 308.571495
1 819.691371 300.488439
1 820.776003 303.481807
1 835.591285 300.783414
1 807.626186 302.934711
1 820.155986 304.158386
1 826.779512 299.570688
1 802.061386 300.942897
1 818.328382 301.953430
1 821.461269 298.275657
1 837.939457 290.559085
1 809.734327 290.916042
1 799.208382 306.913418
1 827.960425 295.295719
1 822.190965 301.146311
1 828.619228 297.276916
1 824.871657 302.618242
1 818.187449 299.010597
1 822.031434 305.360813
1 822.383471 302.747937
1 820.658663 284.509079
1 809.235061 314.367895
1 817.915434 307.558264
1 817.894563 302.926957
1 820.400217 300.308929
1 833.266366 306.872088
1 825.397005 287.726416
1 824.072163 310.451970
1 820.862003 300.408726
1 818.762404 303.936763
1 812.497967 279.106009
1 829.669497 290.198884
1 832.419664 315.356267
1 820.978513 300.690964
1 797.302606 305.825083
1 843.686914 295.652230
1 836.313379 292.914827
2 666.798979 177.648918
2 722.194114 196.170142
2 799.967573 112.965367
2 893.464066 245.978228
2 755.215109 262.818065
2 967.740334 176.295514
2 847.526756 47.555112
2 896.554048 172.220755
2 882.950573 98.002196
2 919.808063 177.226763
2 763.118143 314.693327
2 995.768737 265.352777
2 801.264136 178.192910
2 675.563414 185.947463
2 900.574006 251.836751
2 844.330495 166.834008
2 792.672124 105.940476
2 786.455709 275.805450
2 909.989381 231.012482
2 721.232896 113.150164
2 850.339335 302.945682
2 955.189126 119.127902
2 923.431828 272.093459
2 921.373790 74.377634
2 809.899771 309.508034
2 700.217118 149.705557
2 923.879637 114.424918
2 799.230402 268.265659
2 826.266588 220.737925
2 746.763665 98.818846
2 942.296089 88.085685
2 998.183651 278.084384
2 992.212422 18.595498
2 961.750529 170.609145
2 747.794707 283.159653
2 743.638688 290.934731
2 879.216504 295.343518
2 750.443188 285.945294
2 950.253752 257.080158
1 790.642201 276.444612
1 833.581600 310.456561
1 834.986908 323.134857
2 779.606519 306.520886
2 912.496549 308.069321
1 858.834895 264.351327
2 986.727668 269.679945
1 839.177024 318.491235
1 803.590491 307.495009
1 832.001557 320.020989
1 771.421594 300.245721
2 760.405208 313.128137
1 795.689234 297.920228
1 816.233720 270.064858
2 978.857283 95.632712
1 851.184583 318.523722
1 826.550254 295.516588
2 770.288556 295.009273
1 854.025106 312.938038
2 777.753952 136.525357
1 868.487447 304.971884
1 880.092306 291.338955
1 825.441452 328.500014
1 820.728981 298.985844
1 793.955436 319.105782
2 901.549160 298.479317
1 806.476487 307.548236
1 878.564864 302.398391
1 828.824702 279.999488
2 720.418927 139.257163
1 768.537608 264.963131
1 872.292308 324.051950
1 766.127905 298.367223
1 818.722993 305.899238
1 846.320295 318.576148
1 847.995626 318.982075
1 887.015412 310.316896
2 737.879770 290.339384
1 821.386669 323.024253
1 860.530085 260.606316
1 839.557112 312.145611
1 840.552790 266.857251
1 797.837502 292.167539
2 842.549929 229.775294
1 851.698347 301.871551
1 817.887227 311.428263
2 997.898821 203.696151
2 840.791432 294.115992
1 813.293904 302.254147
2 922.232461 319.781300
1 809.380769 309.587501
1 847.077891 322.198679
2 750.852554 264.931817
1 807.605027 305.241815
1 834.931661 267.893669
1 826.845196 314.656103
1 859.785062 303.097042
1 801.049773 225.599057
2 733.817542 296.024323
2 848.648160 241.859149
1 842.732533 300.253879
2 924.511632 218.173899
1 750.823829 305.407860
1 880.391958 328.992071
1 817.086704 240.641604
2 907.660448 286.122828
2 923.370277 226.433521
2 891.576181 244.123765
1 865.883993 322.302175
2 895.330074 171.642155
2 899.885203 318.684566
2 933.428230 266.755199
2 878.230673 273.898377
2 797.728164 283.665965
2 944.746384 290.242844
2 780.174691 199.550716
2 971.463487 319.387268
1 867.862758 268.133422
1 816.756399 295.938663
2 950.722753 238.283314
2 767.404735 308.475481
1 840.602266 295.587900
2 740.435191 326.058211
1 783.313400 323.303953
1 803.312690 322.860234
1 838.417881 302.015776
1 741.694841 322.366111
1 856.381912 311.263241
1 802.105558 279.915015
1 823.407395 283.489856
1 832.544941 314.289891
1 775.588377 293.014372
1 859.254806 306.723668
1 824.118404 234.975283
1 767.325027 275.246348
1 850.500526 298.115300
1 885.322006 285.124585
1 859.404690 290.233099
1 874.052630 331.711675
1 781.418051 311.219538
2 755.061182 327.864983
1 754.644506 331.339476
1 840.889158 306.509801
1 862.114722 295.596253
1 793.781612 264.978758
2 712.344298 282.924526
1 822.370670 328.023837
1 791.773413 297.322352
1 900.853064 265.512280
2 767.325175 267.526380
2 933.803991 298.642043
1 889.277735 319.018712
2 924.822934 360.146150
2 853.461554 617.476469
2 898.600168 540.882315
2 677.775509 342.930127
2 750.100477 352.702020
2 867.559483 627.575568
2 968.121624 355.378469
2 921.326964 580.380160
2 977.632657 440.842494
2 720.361765 580.513346
2 772.892698 525.418582
2 958.985674 356.512416
2 952.169677 569.099599
2 813.839232 641.817628
2 864.808386 501.433124
2 922.861860 409.129112
2 757.961885 346.761935
2 921.044725 367.612915
2 710.275476 501.749901
2 821.702857 505.467745
2 923.699222 340.109950
2 857.317670 417.800218
2 828.035799 531.277835
1 853.265398 353.265579
2 761.630411 345.580260
1 839.680529 340.557381
2 752.433157 369.630285
1 881.683490 337.199370
1 829.288203 338.650346
1 835.709944 344.220270
2 744.607951 357.112981
2 753.165305 397.171278
1 867.240651 358.789642
2 943.015074 349.248212
2 923.577886 338.346947
2 777.139099 360.398167
1 872.360360 336.710751
1 789.959202 338.005769
2 917.800702 352.102786
2 993.955056 359.459356
2 902.750450 385.462582
2 913.495470 386.802060
2 973.545574 349.252425
2 971.432136 379.453304
2 972.670144 357.063592
2 753.652948 343.799004
1 794.925589 360.337606
2 938.215322 366.657258
2 819.004937 427.129897
2 772.835975 342.301737
1 831.620883 355.578611
1 826.207956 398.935617
2 780.639146 402.307563
2 753.111032 343.838572
2 730.879782 942.588539
2 817.317326 740.240759
2 728.193996 675.485181
2 737.304823 749.460525
2 676.107195 838.903866
2 836.032604 668.933878
2 977.535892 947.458170
2 922.795936 866.236940
2 906.207141 929.633314
2 970.266889 912.324051
2 841.109441 723.509132
2 975.466924 771.741003
2 981.902447 834.698518
2 864.426634 915.553717
2 960.869334 752.871921
2 761.362816 885.111847
2 693.274694 781.004788
2 666.953286 932.102326
2 741.835712 871.078402
2 780.253001 708.401185
2 806.801612 766.132397
2 693.922756 767.617362
2 812.813258 748.232833
2 689.826143 786.166933
2 954.573295 897.019310
2 680.398027 803.843294
2 669.378526 812.637293
2 760.843791 920.853114
2 981.747821 836.642630
2 808.901891 705.323968
2 731.094989 898.190075
1 675.820605 858.566898
2 711.634564 804.285217
