1 199.269705 173.437265
1 210.114308 186.948301
1 205.196307 190.114481
1 201.889364 166.244283
1 200.028815 178.904122
1 188.380839 167.329228
1 212.278736 161.253949
1 212.483211 172.490510
1 195.050289 171.076614
1 179.145205 192.423152
1 203.705688 176.662764
1 220.372450 167.082820
1 208.432975 176.476157
1 190.286978 163.249754
1 191.860712 185.192797
1 199.578806 182.418145
1 186.174945 200.079040
1 180.475691 186.882647
1 204.553109 188.063940
1 220.977149 175.115079
1 196.939850 198.505773
1 199.999612 180.015226
1 196.346362 175.409721
1 193.785615 175.874331
1 201.650211 166.035300
1 182.203108 183.478241
1 198.891638 173.225857
1 180.544847 186.930235
1 186.504118 179.103378
1 180.106523 173.681083
1 212.387992 187.255458
1 212.946587 178.048028
1 209.544623 167.571960
1 181.902077 174.280506
1 205.334414 178.161422
1 212.620355 185.058393
1 188.913952 189.585743
1 204.101071 172.079548
1 179.717881 187.837870
1 207.066242 193.777773
1 214.856571 170.711981
1 202.955266 172.699582
1 184.536981 177.049929
1 184.258736 186.863044
1 194.252804 187.623283
1 201.516642 175.161366
1 221.555916 184.444234
1 204.039642 182.773306
1 209.057956 178.535843
1 198.418725 169.288476
2 147.719864 139.178096
2 293.914801 136.273860
2 171.706898 110.554810
2 245.197685 60.614106
2 294.372177 189.389279
2 247.747488 300.629079
2 123.511157 300.565481
2 304.332227 62.381701
2 318.756259 57.705115
2 240.868928 171.431778
2 158.408097 123.982872
2 238.095347 173.144910
2 6.988644 146.061295
2 317.447416 179.969107
2 89.577762 289.336909
2 225.903249 289.597707
2 18.138077 109.929903
2 3.136457 219.714821
2 129.998060 280.385958
2 198.110545 10.437739
2 246.814734 268.601933
2 31.140934 115.490686
2 265.037625 240.178044
2 114.672760 10.294318
2 140.521718 239.398896
2 24.569977 251.627972
2 87.105782 18.602916
2 203.383335 10.801702
1 213.538331 184.855698
1 185.166440 153.930021
1 198.881235 218.497347
2 280.753105 196.661240
1 173.584443 164.360774
1 260.838885 203.213856
1 200.294959 181.491940
1 174.136258 142.444024
1 171.326445 172.030402
1 186.293075 208.054470
2 143.065153 135.168122
1 189.133196 196.973158
1 216.541075 168.479351
1 229.048953 177.090691
1 246.493704 165.481715
2 138.891404 140.638466
1 162.369304 174.278183
2 70.265766 230.424090
1 202.234060 188.857576
1 164.039951 166.154059
1 162.677380 237.177402
1 203.689359 196.243471
1 209.029256 189.871356
1 224.605791 159.678000
1 214.603374 189.733477
1 186.918841 186.048054
1 182.472477 177.344694
1 187.634199 150.892171
1 227.629507 169.047240
1 234.915932 172.328910
2 153.124957 119.014207
1 248.455984 141.657848
1 160.317738 145.869475
1 184.213176 196.709477
1 214.613314 174.039498
1 234.777090 174.013371
1 202.328885 197.889795
1 182.072586 193.572311
1 214.428198 206.533286
1 236.306984 184.747607
1 128.058439 178.356003
2 284.130159 174.934642
1 189.831653 215.583150
2 144.084111 231.923728
2 171.244360 543.570455
2 20.994490 632.140718
2 66.088670 339.827348
2 153.389716 641.988353
2 215.846863 380.439899
2 197.668517 576.454287
2 176.469311 624.306723
2 142.015951 484.013842
2 162.585077 510.800457
2 28.754951 434.886062
2 258.849622 571.780342
2 28.433730 395.907137
2 285.577834 399.682199
2 243.642724 359.433039
2 206.003233 444.655875
2 119.399959 429.388510
2 73.254313 598.941207
2 134.954239 645.637362
2 99.191083 646.504344
2 207.408084 475.388057
2 175.878546 664.310229
2 139.645090 653.501376
2 127.897369 615.892258
1 145.030728 772.537774
1 157.487720 793.321122
1 126.746203 786.033927
1 143.108860 781.374177
1 154.390032 786.035741
1 152.529190 780.121808
1 145.163527 789.729331
1 142.908453 785.024548
1 147.016255 764.763246
1 140.785421 784.378476
1 149.145823 789.074265
1 164.059055 789.500816
1 129.883861 767.236260
1 162.035259 791.309183
1 143.341848 761.361544
1 157.305392 776.514772
1 148.994945 781.462857
1 139.319658 769.947154
1 150.635253 800.337475
1 139.604911 775.162807
1 139.669431 765.674780
1 148.445724 798.992661
1 161.454364 774.691989
1 145.115120 801.068668
1 147.551750 782.847987
1 130.097206 782.724603
1 146.637271 794.320656
1 144.572743 765.796607
1 165.210033 792.478869
1 145.398130 795.977175
1 138.434013 794.852440
1 137.038868 779.913534
1 148.886593 775.785309
1 154.683136 787.143884
1 151.684056 759.675614
1 141.519321 797.625571
1 172.323697 786.749599
1 143.634279 768.792677
1 171.706840 790.920699
1 150.302771 764.452877
1 154.831874 780.177508
1 165.169143 762.646692
1 139.070384 777.583477
1 164.121171 782.791520
1 131.403224 778.324781
1 147.781349 780.633312
1 142.264031 791.512781
1 156.685346 781.153872
1 144.954823 801.106475
1 168.558070 768.279076
2 45.445622 846.788738
2 314.745031 695.223919
2 278.842459 682.923933
2 144.085517 872.816056
2 179.601668 815.345060
2 235.255087 804.442660
2 25.964187 815.865713
2 66.431093 926.363874
2 304.534268 779.614386
2 226.630879 780.766078
2 168.179667 893.592700
2 155.089063 886.894080
2 206.757819 820.565459
2 95.990597 827.499648
2 100.781039 780.964956
2 251.927141 815.949635
2 97.995087 682.932946
2 109.632884 844.386862
2 186.317673 845.551338
2 54.460575 712.218472
2 132.847880 719.890740
2 251.392151 680.540094
2 92.891069 894.358573
2 78.445487 880.182434
2 292.569065 875.351900
1 150.916625 835.134653
1 170.579666 762.935783
1 134.744107 831.787583
1 170.019873 743.345878
1 67.968666 759.904451
2 140.849920 922.966944
2 300.152652 803.190639
1 106.932548 775.501886
1 191.050748 765.408618
1 183.573870 823.275694
1 122.120974 805.555177
1 119.011124 783.314592
1 155.635129 769.207063
1 208.443746 749.864992
2 305.891953 775.849872
1 174.459037 757.639252
1 160.470818 735.975741
1 219.678707 755.445595
1 137.203169 817.704189
2 104.974948 708.062887
1 168.918942 714.506152
2 260.549327 813.109315
2 292.370977 766.614685
1 170.736731 755.332966
2 243.002350 855.577262
1 173.070558 789.428733
1 141.934112 781.115141
2 87.031660 700.950954
2 267.488695 818.853147
1 205.323726 838.472103
2 123.899913 720.154797
1 125.409744 767.686092
2 349.778605 9.205542
2 605.066590 47.788371
2 589.443399 329.344407
2 581.120796 112.089809
2 665.653347 275.935088
2 363.834378 164.526498
2 647.042743 256.695106
2 527.996854 292.824059
2 666.366008 82.483431
2 649.420891 250.178670
2 429.921659 60.700783
2 442.269964 137.611678
2 578.546029 74.844074
2 463.885595 159.578450
2 340.834231 314.390766
2 608.180601 176.614387
2 581.659812 104.667085
2 584.759719 8.514276
2 406.604858 243.912258
2 393.617551 91.206526
2 530.761359 200.478255
2 390.672135 228.799509
2 623.500289 78.874461
2 371.782737 51.913341
2 402.867411 243.143525
2 334.950622 271.238755
2 444.498006 305.325461
2 571.288115 214.680961
2 459.060437 293.612571
2 417.852763 274.178584
1 382.260213 656.654334
1 400.060358 664.114563
1 405.111228 654.743552
1 414.979481 651.653271
1 403.504982 652.571265
1 390.688447 647.845610
1 405.143784 645.741016
1 397.298582 643.386521
1 399.545928 650.646476
1 408.363581 655.378863
1 407.056579 652.214464
1 387.102474 631.882672
1 385.087245 644.224714
1 412.893603 637.657770
1 405.531501 633.996536
1 408.893194 651.784645
1 398.156383 646.538719
1 400.441090 649.314884
1 397.339133 647.323642
1 399.327124 649.262928
1 400.506485 650.383943
1 395.364842 649.921690
1 398.053061 653.189044
1 394.188539 646.559336
1 398.752565 649.912308
1 397.250624 649.699913
1 406.456430 640.285232
1 380.873523 652.353149
1 397.868197 650.876934
1 400.504314 653.885126
1 421.667448 648.733453
1 422.983944 640.758248
1 380.384746 651.717041
1 392.518443 649.812297
1 411.925322 644.440037
1 408.039858 649.382839
1 394.418308 649.889421
1 406.652711 633.066539
1 394.377634 647.022654
1 394.835188 662.032331
1 395.472651 631.200161
1 402.283887 655.352194
1 414.147286 642.437744
1 412.439738 656.811921
1 394.118353 663.469716
1 402.351592 650.678890
1 393.106662 639.004447
1 411.733015 641.469493
1 401.110278 649.500800
2 455.653924 403.258451
2 363.487086 575.203866
2 554.207542 524.403726
2 407.654692 539.267475
2 422.263068 585.874800
2 545.309700 599.809725
2 409.899350 583.813836
2 569.053141 516.305782
2 472.503920 468.156992
2 638.136057 382.283967
2 337.238754 627.361551
2 514.384405 514.909617
2 421.769390 657.734760
2 567.767176 623.068481
2 531.947152 538.399774
2 414.301767 487.742486
2 346.897906 350.992522
2 515.624875 369.475080
2 379.458646 395.931238
2 603.739266 638.164720
2 501.170248 578.989438
2 493.003781 406.135317
2 439.302773 543.991638
2 622.657885 589.764738
2 624.977644 549.091301
2 418.523773 349.099599
2 651.343269 665.120359
2 400.695022 591.662895
2 356.809001 521.837604
1 358.608883 645.770626
1 377.544624 617.312038
2 404.476292 551.996009
1 437.928814 612.846885
1 410.918998 621.818826
1 392.961186 656.541072
1 443.853968 640.725123
1 421.532115 602.734685
1 422.656126 643.604794
1 430.909346 646.633821
1 390.398759 601.259540
1 380.467697 662.746039
2 412.497147 573.761475
1 420.937034 620.726482
2 409.804160 629.654669
2 343.771507 647.568560
1 453.363243 616.024515
1 391.783405 653.861861
1 433.225652 639.560989
1 445.983850 627.079201
2 448.845035 632.728329
2 603.209731 636.844950
1 387.945002 631.647581
1 374.500889 654.172501
2 665.847815 624.289455
2 619.414177 345.497273
2 403.770208 590.426137
1 392.049028 651.967466
1 420.165116 647.299413
2 421.692609 570.964899
1 419.241649 636.354747
1 414.860981 654.257444
2 382.417098 531.841014
2 374.925190 544.172401
2 535.881494 626.345373
2 637.021478 652.266557
1 396.741582 656.095589
1 403.219982 656.932550
1 411.668134 668.368042
1 592.269184 788.914880
1 591.487549 810.596792
1 569.833038 799.846903
1 572.212885 807.626350
1 562.838830 823.133327
1 581.619194 791.499844
1 562.109298 801.404777
1 569.393378 799.362321
1 575.479506 794.895237
1 550.314057 812.352350
1 585.959880 788.115219
1 564.241788 810.020203
1 569.629502 802.786922
1 577.599504 805.651019
1 574.622168 791.722488
1 564.053403 790.297419
1 553.192257 793.616418
1 549.161840 788.600295
1 576.378288 808.759825
1 569.200985 800.474026
1 576.727973 810.336564
1 553.858209 800.021254
1 559.810518 804.961297
1 548.627846 793.185977
1 562.278597 797.613960
1 571.998115 799.433039
1 566.964520 801.578735
1 574.470780 783.193272
1 572.089694 783.789241
1 570.978102 799.174940
1 576.423917 815.735739
1 592.906930 809.881322
1 592.085861 806.001343
1 575.887485 815.058752
1 574.647485 814.706093
1 562.839817 799.521881
1 565.419632 797.485520
1 555.859829 792.941726
1 582.643007 781.605743
1 586.486928 795.935543
1 571.754810 812.072489
1 569.199946 795.767835
1 580.683493 819.967901
1 571.582199 797.383136
1 590.387599 797.733528
1 577.335586 808.401524
1 580.041311 806.092403
1 567.753650 797.303679
1 561.438024 797.509067
1 570.353356 805.491408
2 577.914558 714.854242
2 436.675419 920.930438
2 601.527925 716.441812
2 443.770658 934.503837
2 373.322691 854.021838
2 574.700117 858.400583
2 610.104511 840.210379
2 642.694306 910.732831
2 659.645040 947.878012
2 526.803464 864.987154
2 486.398273 802.952947
2 349.544459 746.803773
2 381.538185 894.107693
2 339.589366 723.918474
2 412.598899 810.795338
2 382.367949 691.752045
2 448.318685 952.522040
2 503.259611 871.763370
2 408.423329 772.895511
2 650.792042 795.792364
2 520.087113 997.883590
2 496.779949 667.697406
2 447.291469 719.800295
2 646.125732 813.346760
2 473.722511 702.352219
2 648.836860 787.895538
2 572.124382 759.782192
2 542.324607 680.102779
2 622.243191 962.189270
2 524.971951 840.720524
2 430.984447 864.594218
2 583.814646 844.751735
2 616.138961 886.174952
2 646.449386 792.250374
1 551.040801 773.846545
1 613.915059 761.045497
1 568.460779 822.063898
1 579.965929 824.806019
1 583.599479 842.425021
2 563.341795 806.065670
1 564.512757 783.144562
1 560.504753 878.914602
1 560.703962 850.045475
2 556.369918 700.378178
1 583.247633 845.269164
1 594.706059 813.398869
1 562.380148 808.200083
1 580.065831 759.017736
2 497.495198 783.867961
1 535.115666 770.288129
1 560.696858 824.475644
1 593.324544 883.024017
1 628.224710 790.383104
1 429.621364 689.863714
1 574.844492 800.076572
2 475.179905 706.303351
1 567.275361 829.135522
1 558.715012 825.602905
2 645.257061 864.998220
1 557.923479 783.033127
1 404.895050 669.386539
2 498.528733 905.043472
1 608.113869 857.026667
2 608.002615 850.416566
2 603.373950 776.086237
1 596.713587 770.701092
2 412.387490 802.321103
2 569.295019 807.009968
1 588.432544 855.845018
2 627.582044 863.466606
1 549.913311 840.230267
1 608.287850 814.660315
2 613.825033 878.129994
2 614.048389 824.251404
2 496.395099 996.157797
2 588.337250 681.180113
1 553.130789 789.950458
2 553.996975 798.671045
1 552.691735 845.910425
2 579.611364 721.961034
2 582.231709 704.649306
1 581.804716 844.568111
1 587.414759 842.572385
2 608.320888 987.262215
2 526.108965 801.774115
2 638.319400 833.013632
1 570.643628 786.425894
1 590.266645 813.186478
1 570.150161 815.750531
1 572.763908 793.184864
1 584.299439 809.397709
1 611.434872 787.714577
1 589.279511 802.202068
1 540.747679 818.475309
1 558.583115 829.354990
2 550.697933 682.089135
2 589.147689 824.264113
1 409.668324 667.028466
1 609.579232 837.256206
1 563.515095 767.824958
1 594.659059 817.811759
1 562.609645 802.255884
1 546.598420 815.804104
1 825.323420 313.131564
1 817.333145 301.770809
1 812.226200 290.236725
1 830.429414 297.607845
1 824.995430 303.209579
1 814.043604 287.613507
1 833.030645 316.684872
1 831.667684 295.476292
1 814.058431 301.075981
1 834.044190 283.999700
1 827.473053 308.571495
1 819.691371 300.488439
1 820.776003 303.481807
1 835.591285 300.783414
1 807.626186 302.934711
1 820.155986 304.158386
1 822.841290 275.549347
1 826.779512 299.570688
1 802.061386 300.942897
1 818.328382 301.953430
1 830.789986 321.305360
1 821.461269 298.275657
1 837.939457 290.559085
1 809.734327 290.916042
1 799.208382 306.913418
1 827.960425 295.295719
1 822.190965 301.146311
1 828.619228 297.276916
1 824.871657 302.618242
1 818.187449 299.010597
1 822.031434 305.360813
1 822.383471 302.747937
1 820.658663 284.509079
1 809.235061 314.367895
1 817.915434 307.558264
1 838.150705 307.822859
1 817.894563 302.926957
1 820.400217 300.308929
1 833.266366 306.872088
1 825.397005 287.726416
1 824.072163 310.451970
1 820.862003 300.408726
1 818.762404 303.936763
1 812.497967 279.106009
1 829.669497 290.198884
1 832.419664 315.356267
1 820.978513 300.690964
1 797.302606 305.825083
1 843.686914 295.652230
1 836.313379 292.914827
2 666.798979 177.648918
2 722.194114 196.170142
2 799.967573 112.965367
2 893.464066 245.978228
2 755.215109 262.818065
2 967.740334 176.295514
2 847.526756 47.555112
2 896.554048 172.220755
2 882.950573 98.002196
2 919.808063 177.226763
2 777.515608 169.121337
2 763.118143 314.693327
2 830.285743 135.188482
2 995.768737 265.352777
2 801.264136 178.192910
2 675.563414 185.947463
2 900.574006 251.836751
2 844.330495 166.834008
2 792.672124 105.940476
2 786.455709 275.805450
2 909.989381 231.012482
2 721.232896 113.150164
2 850.339335 302.945682
2 955.189126 119.127902
2 923.431828 272.093459
2 921.373790 74.377634
2 809.899771 309.508034
2 700.217118 149.705557
2 923.879637 114.424918
2 799.230402 268.265659
2 725.838965 321.164163
2 826.266588 220.737925
2 746.763665 98.818846
2 942.296089 88.085685
2 998.183651 278.084384
2 992.212422 18.595498
2 961.750529 170.609145
2 747.794707 283.159653
2 743.638688 290.934731
1 848.980745 280.187892
1 839.329497 279.676868
1 841.311851 313.931233
1 829.696455 288.734990
2 967.223454 109.499310
1 813.727606 311.377317
2 791.632460 135.288087
1 823.059542 326.839264
1 871.166432 275.010012
2 781.165224 233.406545
1 776.795054 285.729930
1 805.917501 277.523620
1 841.879770 280.976975
1 817.639020 301.995832
2 729.679597 324.533520
1 839.190134 307.363065
2 960.576579 127.236101
1 814.291888 248.824815
1 823.112649 254.008450
1 884.840766 248.210762
1 831.258708 305.602799
1 851.226519 260.572106
1 857.971341 256.122498
2 749.141039 268.473765
1 802.659754 289.677640
2 785.114679 322.508828
1 825.783630 269.849160
1 837.395317 285.625304
2 753.181760 320.894829
1 824.617192 286.464129
1 796.691702 296.112497
1 810.969740 294.827701
1 804.859404 284.841335
1 825.284278 288.775225
1 798.533715 261.778232
1 824.416798 271.214500
2 724.688152 265.842846
2 906.317364 183.340594
1 801.970843 310.513751
1 835.116749 290.829411
2 924.822934 360.146150
2 853.461554 617.476469
2 898.600168 540.882315
2 677.775509 342.930127
2 750.100477 352.702020
2 867.559483 627.575568
2 910.013623 458.782088
2 968.121624 355.378469
2 909.437058 404.824141
2 921.326964 580.380160
2 857.254788 594.139169
2 977.632657 440.842494
2 720.361765 580.513346
2 772.892698 525.418582
2 958.985674 356.512416
2 952.169677 569.099599
2 813.839232 641.817628
2 864.808386 501.433124
2 922.861860 409.129112
2 757.961885 346.761935
2 921.044725 367.612915
2 710.275476 501.749901
2 821.702857 505.467745
2 923.699222 340.109950
2 857.317670 417.800218
2 835.796895 366.853768
1 847.138087 353.198776
2 915.974800 359.103390
2 904.139290 417.031673
1 813.876690 333.364765
1 871.659916 333.494707
2 969.852074 364.390294
2 729.300584 337.095983
1 909.267676 388.748539
1 808.241680 343.496753
2 884.811661 404.017549
2 730.879782 942.588539
2 817.317326 740.240759
2 728.193996 675.485181
2 737.304823 749.460525
2 676.107195 838.903866
2 836.032604 668.933878
2 977.535892 947.458170
2 922.795936 866.236940
2 906.207141 929.633314
2 970.266889 912.324051
2 841.109441 723.509132
2 975.466924 771.741003
2 981.902447 834.698518
2 864.426634 915.553717
2 960.869334 752.871921
2 761.362816 885.111847
2 693.274694 781.004788
2 666.953286 932.102326
2 741.835712 871.078402
2 780.253001 708.401185
2 806.801612 766.132397
2 693.153819 859.773890
2 681.553314 803.185726
