1 202.078525 179.315206
1 186.819888 180.064576
1 214.176846 164.074055
1 182.952212 174.534474
1 206.669392 164.939290
1 196.768541 177.505941
1 204.328503 189.087506
1 210.958168 179.125455
1 203.527437 163.832954
1 193.067098 161.343859
1 199.534577 179.521387
1 201.970054 177.160632
1 209.442568 186.467994
1 180.724814 194.967207
1 203.531713 193.973627
1 193.107182 173.501593
1 196.032144 186.401373
1 216.060535 192.472274
1 192.250519 197.907028
1 199.799649 178.648621
1 189.229870 181.374885
1 199.026631 174.339036
1 190.123317 178.772194
1 211.479674 193.053529
1 201.737982 180.358956
1 199.410362 165.275356
1 200.678000 184.928028
1 178.902086 190.791062
1 199.439138 173.536568
1 210.518514 165.218820
1 185.497611 180.646397
1 198.505473 182.127880
1 194.792092 166.717099
1 203.281993 182.508794
1 215.404842 195.972708
1 209.131122 169.530986
1 201.587909 182.185522
1 210.067252 172.806962
1 215.803423 201.093171
1 175.768648 225.595744
1 213.412288 175.352949
1 212.766478 160.196875
1 158.864576 236.056876
1 236.491151 236.316786
1 230.256006 180.211142
1 219.395582 188.235999
1 206.852902 185.217197
1 194.868743 234.060836
1 139.909965 149.248786
1 213.332601 225.296059
1 222.551243 185.781766
1 209.395585 148.002513
1 156.567595 194.120269
1 154.128913 127.068039
1 276.012377 152.349597
1 285.147647 109.941782
1 244.393414 143.434683
1 200.163256 177.391198
1 244.417044 145.445165
1 198.243393 187.216947
1 222.568924 181.665552
1 202.378440 162.303715
1 217.347831 215.556595
1 211.744694 188.798112
1 222.660279 111.768417
1 223.784403 175.201416
1 215.792549 187.441131
1 254.644166 251.587579
1 165.510173 170.219301
1 197.818149 175.934588
1 148.196547 180.081599
1 227.733866 174.159260
1 135.777488 198.873704
1 204.854974 203.368784
1 199.643541 257.238877
1 157.931434 205.256594
1 146.406574 171.489063
1 155.622944 197.386380
1 196.434121 200.884812
1 184.020305 155.442016
1 182.312102 162.037727
1 183.173828 191.774082
1 206.366545 186.727643
1 209.178588 156.482403
1 152.125881 190.339274
1 210.226749 305.135661
1 186.596482 210.563379
1 237.160804 205.635450
1 233.500072 97.955424
1 185.971632 200.263787
1 273.405616 92.907140
1 163.997686 161.824994
1 177.345830 199.359388
1 219.452839 180.653171
1 157.554704 194.295894
1 156.890742 240.108709
1 207.940662 147.645929
1 217.280495 187.957875
1 207.153238 185.481756
1 194.215765 188.218008
1 138.251187 126.810999
1 163.974258 206.792249
1 186.698385 207.786562
1 192.220093 168.984334
1 163.674522 182.017590
1 159.149915 227.106972
1 204.361903 162.212845
1 226.910040 202.215554
1 158.622275 179.928044
1 205.541835 191.142725
1 226.761205 194.654397
1 205.036286 154.690438
1 201.706599 181.984866
1 196.416891 148.411661
1 216.677806 229.923139
1 225.645553 188.436862
1 196.393896 181.065413
1 158.786512 214.167440
1 217.448864 153.715169
1 195.103851 213.977267
1 179.890053 149.207296
1 216.658568 106.675570
1 218.390310 208.849092
1 148.447884 124.103025
1 248.006101 174.002346
1 209.914772 177.970847
1 278.799673 120.915021
1 204.278227 204.423473
1 282.573164 132.366900
1 229.348237 197.736471
1 211.313656 165.689986
1 205.596357 215.841476
1 192.142728 191.555970
1 117.470802 164.220378
1 164.680159 234.608011
1 185.788748 211.623121
1 152.094784 117.012625
1 236.388252 221.562110
1 182.571845 243.932149
1 211.858937 177.147972
1 256.057139 223.728853
1 225.826032 137.441643
1 218.633072 155.606036
1 229.701594 154.300233
1 246.844209 218.355790
1 198.527962 156.286938
1 175.888018 182.054627
1 124.077455 177.817720
1 125.555422 192.219304
1 212.717687 147.441297
1 256.907639 162.999349
1 225.864138 156.184603
1 222.093301 176.707388
1 140.377418 150.643925
1 214.924709 90.716205
1 241.173553 180.970871
1 193.679878 238.481771
1 152.049992 168.844342
1 215.520074 267.297651
1 259.655724 226.794691
1 234.261134 159.736325
1 238.895439 182.559843
1 123.512992 175.284699
1 183.848981 213.681315
1 171.387203 172.654784
2 59.664177 453.414726
2 58.482343 434.984402
2 51.425367 440.837784
2 43.175214 434.119097
2 72.406240 438.663397
2 68.614963 418.307461
2 67.604440 409.186050
2 50.591738 412.758446
2 64.626408 427.958435
2 74.532559 427.224107
2 45.398665 416.726962
2 56.673980 431.836704
2 39.766784 432.656259
2 39.445893 422.065107
2 64.010856 425.553187
2 59.602518 430.313672
2 80.182577 438.192942
2 70.931752 442.930283
2 61.246465 421.775181
2 61.668450 429.694248
2 53.810192 419.722364
2 56.175670 411.315359
2 83.436392 431.710276
2 56.345963 431.619136
2 62.548742 428.029501
2 71.831915 415.201987
2 61.552714 420.683760
2 65.391002 431.691994
2 45.589576 434.050779
2 63.955935 438.324871
2 40.333242 444.457525
2 47.776520 438.419990
2 16.448044 477.594605
2 47.792308 423.094329
2 127.206184 419.287506
1 327.327442 603.090057
2 43.525511 416.093883
1 330.072790 644.733030
1 325.002431 616.686001
1 328.800148 622.038345
2 99.941756 474.516071
2 69.551504 406.841487
1 308.590476 631.600149
2 69.229397 457.440156
1 318.737463 601.656366
1 325.540775 648.252763
1 137.580917 790.113407
1 154.195366 773.573497
1 148.767415 779.060031
1 148.218661 777.629893
1 139.421185 798.342218
1 138.908182 789.084680
1 150.308837 780.140365
1 157.117436 792.632554
1 146.027089 803.146904
1 157.586055 786.824144
1 164.555545 789.736037
1 150.928066 781.749938
1 161.261873 761.410870
1 144.243613 785.552113
1 163.909595 777.338638
1 136.628337 785.524255
1 135.556030 777.083723
1 150.762099 774.299002
1 129.636304 786.653029
1 147.859911 793.014543
1 130.425149 772.329319
1 165.789670 780.267917
1 170.979326 792.811980
1 143.297630 795.898551
1 154.225798 768.676333
1 146.283493 780.222102
1 161.861036 758.807051
1 128.360333 771.670554
1 157.033526 783.322430
1 149.792901 793.426537
1 155.137713 786.289303
1 160.573092 762.600482
1 194.935306 767.445255
1 186.035664 757.673729
1 134.895546 778.224939
1 218.863946 751.914616
1 160.662815 847.805459
1 161.458298 808.998866
1 123.442355 767.747756
1 178.378303 800.539954
1 155.848362 811.126031
1 139.777134 790.811354
1 160.023804 797.179586
1 193.023682 738.435581
1 150.363423 760.211118
1 184.850040 743.819194
1 190.654623 750.096986
1 145.142130 791.974730
1 138.515686 775.085810
1 111.480774 786.339045
1 78.731106 747.559081
1 213.856191 768.536875
1 196.294316 831.583524
1 139.398608 790.940535
1 161.884115 768.170128
1 149.999870 810.753467
1 196.030049 827.549681
1 151.116420 803.261163
1 158.584680 804.852050
1 187.067469 786.317843
1 163.673795 756.927207
1 170.074469 805.109725
1 172.034964 814.044522
1 156.030347 814.485400
1 198.303725 774.341080
1 144.651768 792.513371
1 154.045313 822.394940
1 183.665758 805.566324
1 97.601150 767.401710
1 140.661776 778.153088
1 145.866308 820.934999
1 172.522277 730.418250
1 171.220115 792.155000
1 174.037365 805.062200
1 203.526162 751.951452
1 180.907791 754.322423
1 89.043269 815.635064
1 116.846731 789.333856
1 166.506442 835.674336
1 187.232573 848.262006
1 125.541388 729.908578
1 172.468236 790.162469
1 111.272069 777.871362
1 157.787648 779.366747
1 177.520290 820.691400
1 130.202912 728.033928
1 162.172409 885.221355
1 173.682829 812.402775
1 181.443797 766.343323
1 137.398164 753.340512
1 202.768309 777.370424
1 164.698989 773.007206
1 166.822293 824.616552
1 231.818253 711.499697
1 168.567699 823.887771
1 177.642021 766.865474
1 147.787967 872.786899
2 330.552798 782.721947
2 331.556878 803.727966
1 120.719349 769.520424
1 160.867550 805.447647
1 127.781804 810.676694
1 116.182166 785.380993
1 153.194825 849.077183
1 131.736067 766.066029
1 218.492523 765.258580
1 139.209673 798.089388
1 215.537793 686.387106
1 139.639421 726.959717
1 86.483441 743.633271
1 155.687439 770.800109
1 191.484683 794.576909
1 238.796693 774.323446
1 201.827326 738.579229
1 130.283035 782.545349
1 143.374529 759.732700
1 132.865812 803.822682
2 483.869978 133.688808
2 506.632547 149.885286
2 518.370217 137.655406
2 500.372290 132.347817
2 487.886167 155.139001
2 493.720714 134.765195
2 500.592111 143.538737
2 509.219396 138.393067
2 509.805614 158.859363
2 494.685072 156.280964
2 516.707945 155.811111
2 493.952420 155.236588
2 512.198795 143.865391
2 498.891104 142.434045
2 503.838197 164.691625
2 496.084056 144.129262
2 491.287710 130.238975
2 493.997559 149.054409
2 492.726283 160.391446
2 487.985610 127.781588
2 480.665799 140.519273
2 491.863470 139.404843
2 484.169628 124.939385
2 500.296424 143.208910
2 488.163780 137.309645
2 507.653555 163.648638
2 490.172815 141.775291
2 497.665782 137.406016
2 504.235634 136.967520
2 507.121802 126.362128
2 504.037112 143.205893
2 507.237126 134.154348
2 495.384363 140.921447
2 497.827101 132.321328
2 495.878229 119.440463
2 499.532163 145.276059
2 486.023560 139.868389
1 409.232629 630.668999
1 393.944144 650.141133
1 405.431374 649.333913
1 399.486811 646.725757
1 400.259023 649.944374
1 399.088965 649.256337
1 395.487644 652.575963
1 411.968041 650.520766
1 391.609420 665.205160
1 409.607785 663.929181
1 389.841955 658.005263
1 400.774781 650.308213
1 399.641320 649.664334
1 396.906714 642.965381
1 396.371375 649.914623
1 398.298446 654.480653
1 405.424793 638.575822
1 381.367666 653.613494
1 410.397212 637.327155
1 398.660293 649.819049
1 390.971265 647.465206
1 405.861198 641.062399
1 398.602001 647.378318
1 394.385557 654.002274
1 393.340697 642.555826
1 411.539163 654.654595
1 401.664526 639.774492
1 408.226809 628.395687
1 403.421915 634.225238
1 415.984239 646.909203
1 399.215922 650.971434
2 556.654560 492.168320
2 566.327921 479.929622
2 559.645556 478.749257
2 542.108217 474.036524
2 559.685605 487.433473
2 573.381410 471.477110
2 559.161220 474.688788
2 558.252617 486.808067
2 559.745212 479.979779
2 569.635254 470.297255
2 565.753896 479.453980
2 568.280122 458.401332
2 552.993692 480.154732
2 536.452940 475.645585
2 545.797056 473.774194
2 558.284391 476.821103
2 547.655082 458.294657
2 561.074381 495.485274
2 563.167474 480.654356
2 566.168079 497.857587
2 557.684401 461.115869
2 552.590856 490.349685
2 560.512513 470.929234
2 563.243376 477.289553
2 544.830961 464.668945
2 564.947799 458.268381
2 565.634408 455.665149
2 557.992754 503.939145
2 580.160206 485.271098
2 564.291244 478.719299
2 544.664903 471.243575
2 545.146850 474.591171
1 416.955139 651.288152
1 383.843898 639.186373
1 368.546811 627.214870
1 427.297643 648.298020
1 393.424160 641.966480
1 442.721679 629.614588
2 558.163834 451.741958
1 406.913635 661.396579
1 403.837433 621.802129
1 432.518889 651.483645
1 407.655739 569.189993
2 543.448400 473.664198
1 385.493321 614.020055
1 363.336935 595.546458
1 389.719004 614.943286
1 357.714497 596.826857
1 612.508406 658.819873
1 352.617027 619.580108
1 458.974365 651.036789
1 342.255460 638.241473
1 443.863537 626.874547
1 451.000060 631.653654
1 335.938330 656.577758
1 414.248655 656.508561
1 413.821380 616.598068
1 358.732210 610.267449
1 423.934646 611.853117
1 429.613951 630.499620
1 375.146074 658.664039
1 390.323708 631.885173
2 584.856330 483.482775
1 375.036889 592.229829
1 401.357770 634.132391
1 393.561003 635.975126
2 509.744637 461.352530
1 398.442249 629.107796
1 413.931069 600.199020
1 376.287431 651.623056
1 382.427427 534.302815
1 440.964107 604.877018
1 422.705146 652.983951
1 398.411233 655.817376
1 410.493397 649.871697
1 365.154434 605.439545
1 425.614784 636.349826
1 450.973237 626.944804
1 353.811619 651.955303
1 338.509048 612.254709
1 358.688695 657.309261
1 380.021432 660.103211
1 436.134617 664.349432
1 345.236758 637.807516
1 373.804207 633.580489
1 413.627416 649.456996
1 362.913485 615.339018
1 419.147934 608.789143
1 414.815341 634.082244
1 460.328254 648.658936
1 385.437172 651.597752
1 405.143922 636.334884
1 395.960780 603.768282
1 425.225127 631.919340
1 365.017221 613.969394
1 399.228935 579.085983
2 504.982114 455.031538
1 389.645999 610.354868
1 371.909137 592.267651
1 430.216138 624.357944
1 388.858848 636.122541
1 414.298155 609.147477
2 593.275725 464.569097
1 390.488584 653.966691
1 391.157740 625.238706
1 438.768324 662.225151
1 474.346773 658.201973
1 432.107515 555.105731
2 618.234204 479.090480
1 453.468576 627.422026
1 422.768664 629.277686
1 371.261237 656.579041
1 381.233920 630.671298
1 392.146976 588.112125
1 450.008606 657.155267
1 398.946153 658.033017
1 408.319165 583.269757
1 490.679412 653.465272
1 421.031355 636.989844
2 582.725149 487.143190
1 383.207337 654.792821
1 419.718641 664.953625
2 562.459515 516.275684
1 372.774044 580.432517
1 393.610508 611.373964
1 373.280298 621.948779
1 414.874850 656.768544
1 392.173039 592.995746
1 441.129157 637.769131
1 432.227067 605.791846
1 370.307108 627.945982
1 371.038052 639.032993
1 346.681089 632.397224
1 392.114856 668.457714
1 395.577588 668.116983
1 575.661683 787.109299
1 554.016372 799.904415
1 581.751516 787.336215
1 566.340280 801.260464
1 567.376086 804.549630
1 560.549366 808.971070
1 587.251436 782.693528
1 587.747347 813.579480
1 572.751738 801.405733
1 552.745377 812.852118
1 569.401358 802.703440
1 581.768991 798.964816
1 577.898006 790.170492
1 574.622078 798.789140
1 583.571398 807.125762
1 584.509425 787.087501
1 572.145453 786.877142
1 574.188549 798.183811
1 555.463841 818.504065
1 589.863390 791.962140
1 560.629967 802.699365
1 568.084256 806.421477
1 556.173005 808.304817
1 569.348468 803.664456
1 559.722450 798.231480
1 554.189676 788.492689
1 570.431892 804.553449
1 553.812317 802.677720
1 556.450136 801.912863
1 558.457108 801.771453
1 553.909713 813.565870
1 564.321143 806.739449
1 563.309108 788.919077
1 578.038975 812.878854
1 570.841369 788.925269
1 577.269699 796.321275
2 411.442228 835.670410
2 409.237313 811.380150
2 400.025746 809.960347
2 397.114311 827.173351
2 401.636197 813.259206
2 401.312932 830.117661
2 387.290173 814.781166
2 399.712033 820.898581
2 402.382769 830.642689
2 397.509522 816.278095
2 411.152661 844.794265
2 395.711069 837.208026
2 390.150597 825.066402
2 399.501159 818.059710
2 398.257724 839.003859
2 382.307555 837.874612
2 385.918454 817.639902
2 412.266138 813.407596
2 399.456228 830.895849
2 413.065501 846.807698
2 415.642324 835.764118
2 408.008256 824.890422
2 398.878255 849.165779
2 401.366324 848.649844
2 401.175089 840.522349
2 405.832256 845.406995
2 402.179150 831.091748
2 405.133892 836.167852
2 400.384027 826.575821
2 391.501291 844.196585
2 402.664223 816.254259
2 404.526549 830.470441
2 402.357607 815.581699
2 397.917414 854.296024
2 388.306593 841.258806
1 406.932928 681.021065
1 377.889100 683.228181
1 580.956065 794.267258
1 407.484638 671.239123
1 530.956871 794.840878
1 602.559910 806.188176
1 550.802204 806.300771
1 393.279622 675.110032
2 389.704993 774.476077
1 580.102408 827.011354
1 609.231721 722.052989
2 383.653377 858.634794
2 353.332993 867.126542
1 581.801260 805.552046
1 588.247016 776.468816
1 620.275647 788.631988
2 395.436705 841.043747
2 435.892154 825.913438
2 381.397155 833.196434
1 537.824117 788.847085
1 545.416427 819.339066
1 592.993286 812.930466
1 427.304354 715.253331
2 381.766481 740.666903
1 582.307153 803.823316
1 583.697282 768.751941
1 541.291417 811.359974
2 420.532651 825.774403
1 444.041207 738.143410
2 392.707911 840.269768
2 386.405628 819.905320
1 569.389716 786.408715
1 380.408076 684.909648
2 373.755775 797.014177
1 540.710643 790.029773
2 422.134790 829.071567
1 389.620156 672.997994
1 606.251020 816.716231
1 524.595428 792.470844
1 631.625970 804.489111
2 421.373484 822.402337
1 557.676031 816.877608
1 585.206344 817.162212
1 578.094235 817.392555
1 603.698916 792.939078
1 589.827248 890.135623
1 437.477225 669.331557
1 567.419714 771.178988
1 414.835315 726.458113
1 588.347921 837.433191
1 590.665029 828.114866
1 563.770115 827.100768
1 634.245264 825.696234
1 594.760292 769.677999
2 410.298374 778.186796
1 421.475656 710.602633
2 392.032390 816.544898
2 413.903380 883.387857
1 534.050948 811.487409
1 582.529927 781.145985
1 581.099670 800.514103
1 559.674422 827.766864
2 442.303256 839.808266
1 374.834227 686.059213
1 528.086253 820.712652
1 503.466156 776.557039
2 380.510940 809.612774
1 552.178891 808.065171
1 365.881414 677.799719
1 542.604599 816.604176
1 535.013681 804.834764
1 605.621198 784.811319
2 377.814783 857.524377
1 538.004092 817.151964
1 503.031449 799.969633
1 623.161491 803.869490
1 563.015856 807.092148
1 599.220912 813.915322
1 349.827151 668.123695
2 396.941737 824.684165
1 603.471222 846.117525
2 399.582465 854.808284
2 376.280680 881.278811
2 370.351392 804.149712
1 492.655354 808.880656
1 601.101200 789.992162
2 380.431762 812.693253
1 544.929301 784.588425
1 550.779826 859.469013
1 566.252369 761.371257
2 390.146984 848.847511
1 418.077570 680.310292
1 623.333380 846.162844
1 574.313484 823.248181
1 379.512267 729.068159
2 363.982954 863.628477
1 569.423325 779.219409
2 398.382180 768.863317
1 450.826773 687.268082
1 550.738941 800.322967
1 548.253930 847.363643
1 554.244429 821.410907
1 575.722238 831.320385
2 444.965381 807.572637
1 507.649378 871.481214
1 561.285914 783.014070
1 592.269215 745.075221
1 598.698927 823.342145
1 585.338196 844.652437
1 602.093576 846.324391
1 588.188951 817.650388
1 636.434149 765.833792
1 584.004553 749.512733
1 397.085533 695.607586
1 594.411602 795.087798
1 511.470130 827.221925
1 585.578125 764.904427
2 394.657950 801.701276
2 451.556536 810.313803
2 382.112644 822.353533
1 585.858105 809.840531
1 568.335308 781.918137
2 376.871993 839.085727
1 550.406667 856.015013
1 555.213354 817.351485
1 575.355237 881.842416
1 589.404209 771.427466
2 343.317414 758.038890
1 551.884829 810.036862
1 545.590759 764.769328
1 604.539148 796.341365
2 418.731010 845.008608
1 657.526997 810.686478
1 388.081576 687.779099
2 393.128211 822.966246
1 401.561321 708.469101
2 358.527881 831.303653
1 520.689607 759.130661
1 580.119507 815.546365
1 554.631005 760.859997
1 576.377280 802.939080
2 448.203584 821.028685
2 396.045532 849.906055
1 575.194299 792.686508
1 448.875876 675.905624
1 563.464812 855.650440
1 539.949247 820.033058
2 425.910914 847.619749
1 429.662366 700.548822
2 472.882346 851.712669
2 395.113943 852.345442
1 553.530004 816.738791
1 554.592966 815.406580
1 362.759789 671.899597
1 575.196498 774.953239
1 503.543536 797.364240
1 413.643129 720.742162
2 393.542575 862.844613
1 515.883643 866.699908
1 589.097568 806.875159
1 590.596426 799.760360
1 560.827026 826.835950
2 407.437783 797.229010
2 397.858038 868.892094
1 542.942434 794.355779
1 575.791182 824.154945
1 610.103997 761.424404
2 345.002468 814.447147
2 385.674255 867.700805
2 416.141156 826.043989
2 435.691190 801.730794
1 590.574760 838.268936
1 612.590878 866.113270
1 604.287328 786.036527
1 564.101786 850.980340
1 367.706327 695.663163
1 616.658466 759.350955
1 578.019231 801.573684
1 557.839144 761.585289
1 557.572499 814.513269
2 352.465288 821.052853
2 386.094513 867.394444
1 428.848797 669.827640
2 377.450132 862.414389
1 583.031657 851.085269
2 466.297850 871.981966
2 363.566532 851.192350
1 517.748551 803.035811
1 547.037382 738.818682
1 559.548839 831.460876
2 396.004653 868.643956
1 546.077130 841.032348
1 594.282622 790.679948
1 551.527477 738.344230
2 409.740621 880.040408
2 399.312786 831.168109
2 394.221258 878.358395
2 356.734551 833.998537
2 375.625658 845.114944
1 526.278191 784.421776
2 424.650230 816.351287
1 633.640934 845.230495
1 613.030059 893.699163
1 578.721137 763.370146
2 377.009761 777.306091
2 400.715466 883.245076
1 606.954034 772.635883
1 476.686221 707.299429
1 561.477599 821.890422
1 542.066714 779.958675
2 395.565196 775.238296
1 605.800698 762.185849
1 529.668032 838.958063
1 627.119435 760.154552
2 353.385707 839.445765
1 454.318826 707.132200
2 391.777108 804.314140
1 555.382288 773.693725
1 556.738659 781.752715
1 532.198082 827.907567
2 409.691732 771.002334
1 528.436536 862.213355
1 521.789787 813.303278
1 554.892235 792.963338
1 570.818587 734.994166
1 570.315506 798.632580
1 577.788923 803.357465
2 395.882216 768.704546
1 521.888700 765.934585
1 543.692824 791.141271
1 404.036926 704.312765
1 562.163302 777.250592
1 408.764146 711.546633
2 401.229475 789.096270
1 542.228606 767.184627
2 420.364543 853.563167
2 405.603633 863.262061
2 447.129928 738.505405
1 560.900011 805.543076
1 537.950231 721.670327
1 621.006048 830.153362
2 431.403630 864.672961
1 554.842805 805.291343
1 368.694631 703.863027
1 599.075058 842.612002
2 468.605891 810.257579
1 581.617021 686.567792
2 377.503153 850.227759
1 563.702427 749.518500
2 437.356178 761.295067
1 526.642176 836.195992
2 469.954324 840.051964
1 511.088924 807.882118
1 599.067435 818.066818
2 400.063528 803.927764
2 382.664980 867.235625
2 407.900748 783.283273
1 607.083709 795.142369
1 639.915352 797.658889
2 339.354280 840.104879
1 535.554672 825.557874
1 504.169534 742.028421
1 507.283380 782.322674
1 580.164373 804.513838
1 583.701677 791.050244
1 549.898256 785.191460
1 601.227055 802.047478
1 632.414262 833.943552
1 565.362169 843.310390
1 516.781493 847.801688
1 363.930624 678.015975
1 543.421045 841.876429
2 410.846064 784.592356
2 433.673975 775.468390
1 539.136728 840.577727
1 570.184905 871.493716
1 573.043918 777.726515
2 391.896056 859.575379
1 343.888879 673.905832
2 411.118612 873.684526
2 401.746332 739.914879
2 411.780762 869.814599
1 568.064632 820.831688
1 624.893151 825.363424
2 461.103226 830.293997
1 542.609364 756.542166
1 559.406219 748.508702
1 601.330414 876.322463
1 555.564156 771.371214
2 432.852933 723.582372
1 567.335303 805.547888
1 587.621238 817.914180
1 606.323817 806.702826
2 390.043993 799.735652
1 565.280573 831.062104
1 558.756369 810.449706
1 418.831690 667.767602
1 546.108273 751.897389
2 366.583965 805.982501
1 594.544991 817.899701
1 544.645198 779.842589
2 442.528832 785.099490
2 397.851993 828.296103
1 617.887053 904.881879
1 543.287705 802.699285
1 643.123052 817.784457
1 603.814417 780.479026
2 411.446772 847.578911
1 554.924755 843.322904
1 589.530250 827.843948
2 441.271385 735.225277
1 600.327365 728.075683
1 573.519939 824.456023
1 348.911891 716.464192
1 411.807416 670.569997
2 366.683868 873.411733
1 539.383040 881.658405
1 403.637523 739.456569
1 516.317427 794.853644
1 594.831187 758.669213
1 614.878947 773.365313
1 624.075045 865.380412
1 545.567963 827.353870
1 551.874162 827.659722
1 591.378616 783.570563
1 390.413412 683.854401
2 343.160625 846.011876
2 400.488832 856.793633
1 592.539347 806.480074
1 542.589571 796.646655
1 608.284656 815.187525
1 572.955486 826.184587
2 340.406765 736.581072
1 432.036020 683.451932
2 366.404969 754.876985
1 541.324987 825.326182
1 539.594806 819.544739
1 540.785244 799.349965
1 529.258169 828.443340
1 629.046198 833.489928
1 531.564028 852.955323
2 375.941614 700.360299
1 586.527684 859.657636
2 412.922944 802.980412
2 440.654908 718.785267
1 603.804637 817.574809
2 469.878698 864.109334
2 361.391736 781.967151
1 454.007385 708.631582
2 348.767127 790.482985
2 399.099477 769.924694
1 556.659115 768.579408
1 516.800805 761.220818
1 561.052508 784.992055
2 457.868526 858.872355
2 480.374321 853.484727
1 588.160430 876.201659
2 414.836984 829.820512
2 361.178950 801.937561
1 622.325665 772.637534
1 583.443321 861.689591
1 613.955105 901.633931
1 602.075871 790.915380
2 426.708323 839.106747
1 575.867565 802.898435
2 395.884852 807.947323
2 421.227632 844.016014
2 376.917836 745.004078
1 513.636457 794.962914
1 460.856508 758.172168
2 392.483648 779.662393
1 366.983844 791.533292
1 427.359417 683.650290
1 600.976940 753.424371
1 574.766503 760.354983
1 585.474926 795.403155
1 546.353220 774.828872
2 446.867297 789.432722
2 400.696833 906.246425
1 537.253109 846.253948
1 337.387657 705.643070
1 556.660964 859.552016
1 542.366155 875.258287
1 617.223897 773.383465
1 569.286666 792.324164
1 581.080351 806.432242
1 593.462407 776.563583
2 430.158317 867.334566
1 549.315460 814.573286
2 418.163722 845.696049
2 470.782685 837.875456
1 554.043883 868.610944
1 412.714171 712.529093
2 474.168748 711.649616
2 405.412167 839.430852
1 547.812267 748.243391
1 382.821461 719.621529
1 547.306141 827.518317
1 517.490855 788.723110
2 366.099347 843.361180
1 572.214119 818.025390
2 354.376662 815.713425
2 443.989114 800.082892
1 378.962915 701.442730
2 400.197028 801.968672
1 582.956533 753.975143
1 572.773580 863.505903
2 394.672619 775.155275
1 586.992154 851.796205
2 378.848030 802.675439
1 563.486954 730.840938
1 621.964355 824.147996
2 372.207111 868.281446
1 400.350160 713.309668
1 583.019799 832.942898
1 529.786028 804.301721
1 578.937446 798.053451
1 571.586421 818.898629
1 556.481048 858.788964
1 576.560007 773.056646
1 597.812980 723.497242
1 587.566572 838.116087
1 609.359330 771.492774
1 538.099403 787.275776
2 420.943295 849.623884
2 466.181318 824.321063
1 538.747718 744.807101
1 569.921525 799.616519
2 475.032517 785.436302
1 548.149446 836.131035
1 564.294449 787.303512
1 593.511367 842.880200
2 385.372805 776.392774
2 368.359352 731.330949
1 572.100454 800.206593
2 419.022666 828.658716
1 524.522922 763.861426
2 419.925384 774.135437
1 593.232143 833.934456
1 542.685553 804.766136
1 630.095491 876.296415
1 537.058334 814.967153
1 424.428102 674.753678
2 424.842920 897.972023
1 604.096851 906.540454
1 611.886337 742.297325
1 571.134074 851.435765
1 568.928739 830.553090
2 445.709448 730.108442
1 394.468828 737.794538
1 567.152430 754.254537
1 607.255482 817.037374
1 564.953239 785.275356
1 592.835915 773.490826
1 393.137134 672.269238
2 395.739360 802.597641
1 584.542484 786.695206
1 452.021302 768.118797
1 545.644103 769.763238
1 577.828917 791.611527
1 558.754184 848.302105
1 576.098855 839.249313
1 627.981956 741.510280
2 462.824298 851.363191
1 580.921580 727.136598
1 525.479269 826.158034
1 609.170132 819.392072
1 593.329461 891.934351
1 579.779985 831.880932
1 593.033218 856.169418
1 584.912346 759.008709
1 598.480913 719.657725
1 516.189007 831.705275
1 577.641795 803.712860
1 822.570945 295.209373
1 796.388864 306.657840
1 829.830806 294.046739
1 802.629404 300.577595
1 839.125300 303.166866
1 823.128751 297.453261
1 816.029020 288.743721
1 818.087407 302.558102
1 825.283169 296.602609
1 818.450751 282.660983
1 820.312877 300.045297
1 819.187439 300.062221
1 804.173060 292.202385
1 822.934482 292.983958
1 828.970412 303.746897
1 820.841994 316.170513
1 815.418058 296.885520
1 831.099042 306.238499
1 818.992631 313.060734
1 814.089782 286.227806
1 814.952164 321.010370
1 825.252307 296.898763
1 803.852044 302.353583
1 809.983797 301.390875
1 823.426854 290.314283
1 837.694861 287.564907
1 834.640377 300.015460
1 822.409595 321.539671
1 803.484546 312.865743
1 821.588987 277.873229
1 814.325253 299.945888
1 843.207251 295.235641
1 783.891667 264.118932
1 813.100189 313.943933
1 789.226405 326.181778
1 826.814041 322.721397
1 780.927874 308.098742
1 826.027467 291.670931
1 786.917764 260.248455
1 803.919174 291.522456
1 800.593400 264.784589
1 818.282573 331.262882
1 851.675016 301.812355
1 855.091265 282.936664
1 807.252507 307.129947
1 808.701658 256.796479
1 804.363933 326.262555
1 869.788474 281.797859
1 828.751012 240.271412
1 770.281921 291.939362
1 810.727850 294.962760
1 829.244072 286.612969
1 765.979494 305.935325
1 828.057998 287.153021
1 872.013473 289.750087
1 793.699419 268.506782
1 846.377897 308.546905
1 819.242988 270.631184
1 826.714617 324.928828
1 810.182016 331.916815
1 805.550340 242.468949
1 769.058873 263.088759
1 907.063710 324.471311
1 829.417640 315.469812
1 842.087424 250.253440
1 776.788199 300.231549
1 862.092761 312.575050
1 843.550614 306.912383
1 765.817279 265.529707
1 813.212985 321.258068
1 863.266977 281.327719
1 803.613692 293.216134
1 834.900696 300.749564
1 830.424191 280.966758
1 855.283668 294.554782
1 805.421007 314.371134
1 828.462539 310.380000
1 870.734314 323.781455
1 778.485692 271.764917
1 778.201833 312.498278
1 803.583377 308.415303
1 781.652380 322.322069
1 792.778807 279.153413
1 850.663266 247.323504
1 816.981329 228.360900
1 799.473167 306.414463
1 829.525562 296.120969
1 792.697098 295.875127
1 815.721259 313.700528
1 782.114285 322.420403
1 783.559101 267.512249
1 833.527241 313.231410
1 787.850596 308.578310
1 830.900072 326.409188
1 793.631209 290.364532
1 849.734339 324.512514
1 757.563598 293.666481
1 796.208481 290.954715
1 808.147524 315.096758
1 890.521230 270.844724
1 835.925990 268.331248
1 761.595459 330.147701
1 814.525251 279.315929
1 817.417398 271.281619
1 834.780130 253.321855
1 812.064243 279.975091
1 869.215849 287.901438
1 842.231006 325.067133
1 777.688070 261.805645
1 871.542776 300.547248
1 823.730847 324.468460
1 840.437987 294.209514
1 845.532686 270.971571
1 791.435985 234.399509
1 784.090113 291.225031
1 826.994011 317.903728
1 761.162395 230.791151
1 834.880732 247.158844
1 863.584134 323.446885
1 818.646208 272.959482
1 775.312756 288.047235
1 825.253585 264.467277
1 755.755967 214.034990
1 788.519737 275.319441
1 727.696594 269.216086
1 823.574092 239.613491
1 826.494832 329.998300
1 745.681957 258.104932
1 837.064134 304.338611
1 889.176008 291.424724
1 892.746306 307.513476
1 801.937897 306.712562
1 825.056821 283.103932
1 826.642335 330.559381
1 840.661636 318.326024
1 750.405214 259.957955
1 787.911887 267.990775
1 768.374129 245.388736
1 782.069052 292.328845
1 836.185006 329.048443
1 843.744576 225.240879
1 777.609968 307.862616
1 838.040058 290.410420
1 769.568697 261.937659
1 861.885266 257.647141
1 810.299233 326.840973
1 720.589203 255.665858
1 823.594286 289.801126
1 798.207718 300.862119
1 821.542433 204.743833
1 895.239637 259.941310
1 792.604036 290.176706
1 728.993603 286.530816
1 813.082891 254.749074
1 770.626173 310.118007
1 805.702909 264.304880
1 804.754766 314.079854
1 821.307162 289.439445
1 764.667933 266.546889
1 807.294577 316.075126
1 806.428365 263.258564
1 835.683257 325.434913
1 833.074090 326.248387
1 798.115699 332.516748
1 791.914240 245.008705
1 782.931490 238.697688
1 861.528151 305.155843
1 837.044891 271.245781
1 837.506921 294.802768
1 877.211084 307.386143
1 720.012498 251.811736
1 864.350584 258.284839
1 824.153287 238.750747
1 824.068137 273.859009
1 815.898391 304.287561
1 743.377829 283.948198
1 845.790570 296.678258
1 787.322937 253.515065
1 836.755948 304.894615
1 757.683116 218.141009
1 793.262875 264.306101
1 787.441520 330.983313
1 795.092812 260.268563
1 792.339879 307.171619
1 809.589045 262.146440
1 818.851320 331.979380
1 816.731888 311.639418
1 886.605077 286.303181
1 755.456679 276.509724
1 792.221113 297.554754
1 872.118922 287.927924
1 720.588809 284.707189
1 835.806757 319.583236
1 760.343470 218.657512
1 782.970104 279.318357
1 840.457697 327.655455
1 811.631188 311.450994
1 797.457494 270.488529
1 852.243031 316.292340
1 823.425841 308.980007
1 853.424332 312.947061
1 820.258339 264.190797
1 843.437729 298.876396
1 844.579384 311.931413
1 753.168802 290.165317
1 877.543660 314.216498
1 836.559157 290.138135
1 733.588647 329.956501
1 883.067620 294.228895
1 883.114298 299.397776
1 883.043334 325.774793
1 797.056805 283.064461
1 788.649417 283.895700
1 816.087204 218.774438
1 855.261229 280.454270
1 774.068418 196.692917
1 777.744210 252.183640
1 830.060709 308.519351
1 846.671684 321.108700
1 802.377779 229.514739
1 816.114482 304.282963
1 735.779253 254.113096
1 758.111462 300.125110
1 843.125544 315.541102
1 790.627555 324.135918
1 691.576303 279.432421
1 816.871510 255.080795
1 817.688023 325.602014
1 820.024994 323.226015
1 781.302922 328.968353
1 850.146741 309.951789
1 858.166507 257.387511
1 785.289712 302.731472
1 824.749768 282.492293
1 840.137395 327.260925
1 787.072168 287.806089
1 766.508608 252.212179
1 873.749523 249.795282
1 788.932708 280.083939
1 752.546545 304.414002
1 774.796448 299.694019
1 811.485068 218.927694
1 837.358705 281.083130
1 822.693072 288.996166
1 780.392587 323.546266
1 857.042490 246.568115
1 811.774006 293.988670
1 836.606593 293.568616
1 843.645435 330.043746
1 736.079547 289.891378
1 836.752647 280.565439
1 781.131982 332.343318
1 897.429721 301.979927
1 841.481470 289.985071
1 842.057843 270.309913
1 759.418964 250.239634
1 761.222792 318.683177
1 823.198673 290.940263
1 790.608483 266.813074
1 792.571296 306.266716
1 876.867387 281.067160
1 801.367379 288.633175
1 691.528659 207.895235
1 792.504199 307.547221
1 759.589338 270.695354
1 879.970864 304.881379
1 843.663692 240.256041
1 803.322114 237.687747
1 782.887401 278.446782
1 882.787293 291.312604
1 784.009847 248.657214
1 850.757447 236.622130
1 780.759793 280.656485
1 768.075254 301.529159
1 795.131550 278.082086
1 832.721281 280.377704
1 786.271512 325.857802
1 875.713433 237.863784
1 819.134110 269.828956
1 796.860339 321.180874
1 798.737181 275.356066
1 806.777623 235.908219
1 791.886029 286.774823
1 853.554253 270.586704
1 819.185133 284.185169
1 791.699248 259.896950
1 878.030335 286.553343
1 822.630668 307.828381
1 833.120566 262.736833
1 868.169543 312.550117
1 777.990628 318.261993
1 907.215061 311.524282
1 838.711102 315.587298
1 912.840105 311.843038
1 829.146394 239.075254
1 775.497987 306.024061
1 850.536528 304.891675
1 854.736360 263.476172
1 824.011302 272.297394
1 820.544700 220.403043
1 749.406624 296.180706
1 786.088068 299.748262
1 867.847929 278.247845
1 800.098484 301.890496
1 736.754294 291.585365
1 817.860895 313.132415
1 820.200053 258.344467
1 785.793261 324.789558
1 821.237898 223.002164
1 807.128027 295.205625
1 776.779607 230.446374
1 851.868361 315.193818
1 783.812550 325.478350
1 842.791374 280.078178
1 850.082928 287.500460
1 840.783853 303.173443
1 776.129508 276.927404
1 840.605015 331.380431
1 884.217881 332.244076
1 832.387180 290.070809
1 861.744141 275.003295
1 806.746029 213.801661
1 832.018087 291.378203
1 818.151770 318.280931
1 792.094163 307.909623
1 799.288718 307.079057
1 836.734758 290.512565
1 732.129664 246.923155
1 807.327880 303.162592
1 814.753643 201.756449
1 835.502865 313.794108
1 904.027036 332.215749
1 869.931243 276.185725
1 843.238117 296.694431
1 826.923870 221.996045
1 827.999362 326.521664
1 777.506599 331.266897
1 792.313779 251.141373
1 793.858715 291.911143
1 854.680296 303.300749
1 835.360369 298.040461
1 811.043279 303.161833
1 807.672360 219.417523
1 830.698068 284.858115
1 768.692255 328.686271
1 790.162812 210.385059
1 872.419091 230.467044
1 810.918497 320.318673
1 805.959073 330.530576
1 853.986675 307.709254
1 865.904626 325.305141
1 821.795152 273.587291
1 824.929898 316.708238
1 753.103878 261.347447
1 875.238250 253.588999
1 780.031677 316.260015
1 843.805739 292.796961
2 840.676232 608.621616
2 852.475574 633.410839
2 839.991632 615.530566
2 853.077069 632.163393
2 838.369887 634.561641
2 841.955730 613.519406
2 866.584727 624.813974
2 852.416090 642.763955
2 837.016986 614.694498
2 840.738615 643.357703
2 843.478089 641.697435
2 859.753973 642.335668
2 837.233535 635.162835
2 853.359522 611.015333
2 850.418268 615.658842
2 858.067359 619.559308
2 857.351504 643.163369
2 850.318600 639.521488
2 835.521914 631.914579
2 831.556330 614.604932
2 850.077215 631.957816
2 856.027421 643.177058
2 852.373098 634.690302
2 837.884820 636.400251
2 853.265255 626.674026
2 848.812040 628.612968
2 850.192135 635.737483
2 854.054095 633.278565
2 849.995893 630.763458
2 834.979246 636.262926
2 852.717873 632.804110
2 842.090755 638.151091
2 850.444308 630.218780
2 850.868218 630.077384
2 841.498960 633.550477
1 837.556338 334.386645
1 807.688493 336.709649
1 809.529324 337.592766
1 815.106261 334.404080
1 865.268685 346.044291
1 815.163680 362.216946
1 815.768323 399.205088
1 851.307850 363.782609
1 829.914817 333.618794
1 804.326600 337.371071
1 804.722263 339.891227
1 890.652217 342.153642
1 838.157200 373.271144
1 760.441748 336.863922
1 876.245471 334.120951
1 906.731377 358.290729
1 854.041324 363.699676
1 828.934388 358.571152
1 779.298415 366.368756
1 813.741481 364.764196
1 852.991499 355.189259
1 859.651776 406.507009
1 816.029774 389.127212
1 857.680421 335.414180
1 869.842758 356.136569
1 774.004632 348.858321
1 805.529193 333.481717
1 835.283888 341.765786
1 829.796180 359.501226
1 789.186200 335.171768
1 769.966395 370.847838
1 838.939258 378.991398
1 856.568236 365.937099
2 835.501969 623.425935
1 876.070805 374.380982
1 744.490578 338.284292
1 801.447704 340.569601
1 853.166509 340.962595
1 752.309325 351.410450
1 807.755873 339.832809
1 874.358515 367.294726
1 912.381513 376.018286
1 683.761887 664.327686
1 798.137784 355.368489
1 881.860850 382.806104
1 838.885311 388.333059
1 848.725377 360.331330
1 803.132399 362.677397
1 768.146752 343.625254
1 742.550652 342.377948
1 821.896129 366.147526
1 805.574779 354.120247
1 898.248453 349.024652
1 938.252802 335.124245
1 848.929383 354.703286
1 771.730400 339.475664
1 832.000971 342.652839
1 790.251436 334.949129
1 869.452196 371.911254
1 800.773861 339.883500
1 833.687231 371.375461
1 789.049230 370.011512
1 851.591485 336.167541
1 841.770376 365.801966
1 819.190451 340.240736
1 855.355180 381.382422
1 808.332085 336.692201
1 835.524490 343.528379
1 823.115498 372.827308
1 917.067353 364.332934
1 802.235303 365.399432
1 939.477450 344.221118
1 834.124303 379.102436
1 829.703542 337.576557
1 901.179245 345.739616
1 829.639860 384.336711
1 860.334171 380.475472
1 793.827482 405.663957
1 795.913431 333.656435
1 837.708024 364.543969
1 824.485498 350.996710
1 795.935235 369.960126
2 836.114265 593.841146
1 758.977486 349.683658
1 863.879879 374.865702
1 882.774336 395.732467
1 858.961967 375.968786
1 871.922700 387.985358
1 815.462718 383.583284
1 809.820484 374.836117
1 728.331399 379.309357
1 844.825793 362.638702
1 891.897534 336.419195
1 813.735662 354.474659
1 784.223544 369.133169
1 804.537848 350.212763
1 880.946407 403.458422
1 819.193656 338.321541
1 860.534652 350.069881
1 833.252119 346.842438
1 802.562636 408.528879
1 919.616772 374.531347
1 810.758821 351.801073
1 847.665485 338.845385
1 837.299029 333.742889
1 825.700495 345.393812
1 819.738278 335.285475
1 801.253224 338.668378
1 840.473208 395.399083
1 790.710761 409.509433
1 818.864848 334.926911
1 904.942639 342.447561
1 803.344761 349.457832
1 758.079114 359.464277
1 831.985651 381.572992
1 822.469614 345.920478
1 842.268423 416.550358
1 828.185445 354.771363
