1 199.269705 173.437265
1 205.196307 190.114481
1 201.889364 166.244283
1 200.028815 178.904122
1 188.380839 167.329228
1 212.278736 161.253949
1 212.483211 172.490510
1 195.050289 171.076614
1 179.145205 192.423152
1 203.705688 176.662764
1 208.432975 176.476157
1 191.860712 185.192797
1 199.578806 182.418145
1 186.174945 200.079040
1 204.553109 188.063940
1 199.999612 180.015226
1 201.650211 166.035300
1 182.203108 183.478241
1 198.891638 173.225857
1 212.387992 187.255458
1 212.946587 178.048028
1 181.902077 174.280506
1 205.334414 178.161422
1 212.620355 185.058393
1 204.101071 172.079548
1 207.066242 193.777773
1 214.856571 170.711981
1 184.536981 177.049929
1 184.258736 186.863044
1 194.252804 187.623283
1 201.516642 175.161366
1 221.555916 184.444234
1 209.057956 178.535843
2 147.719864 139.178096
2 171.706898 110.554810
2 245.197685 60.614106
2 294.372177 189.389279
2 247.747488 300.629079
2 123.511157 300.565481
2 304.332227 62.381701
2 318.756259 57.705115
2 240.868928 171.431778
2 158.408097 123.982872
2 6.988644 146.061295
2 317.447416 179.969107
2 89.577762 289.336909
2 18.138077 109.929903
2 198.110545 10.437739
2 246.814734 268.601933
2 31.140934 115.490686
2 265.037625 240.178044
2 114.672760 10.294318
2 140.521718 239.398896
2 24.569977 251.627972
2 203.383335 10.801702
1 190.494930 173.891179
1 157.488621 156.601714
1 251.562650 197.240814
1 236.805859 172.120623
1 198.647926 225.112299
1 217.803976 171.749562
1 226.325401 188.270669
1 249.484267 181.906874
1 219.615445 159.492721
2 114.935797 307.768511
1 210.427147 142.370392
1 172.796810 138.342873
1 250.225123 179.107384
1 197.621337 182.470235
1 186.215502 133.521514
2 159.859849 90.304236
1 194.709738 179.988361
1 214.402246 189.704719
1 202.449206 176.541092
1 207.358578 169.802546
1 278.443112 136.663091
1 203.597045 165.419613
1 231.063199 152.201121
2 177.896637 73.940234
2 136.930440 94.560768
1 182.966068 179.976649
2 127.496486 75.219133
1 179.133140 176.895710
1 218.925221 168.201297
1 212.636913 187.025770
1 152.111038 218.628485
1 202.680449 170.692971
1 221.144288 152.755154
2 278.686001 56.390096
1 248.882889 122.877400
2 175.586736 117.597172
1 221.080449 194.284939
2 105.529938 243.848745
2 173.192174 19.086423
1 249.563134 174.470099
1 185.703467 122.206753
1 190.458914 178.200182
1 175.556342 173.515021
1 229.168050 162.952900
1 216.934395 188.326526
1 198.961190 231.777898
2 59.185270 61.606224
2 177.717834 150.843306
1 184.395131 191.343786
2 161.787807 163.146587
1 207.034862 146.138030
1 225.343721 202.827098
1 246.972987 222.803914
1 122.791720 237.714827
1 221.976113 201.932710
1 155.162435 180.137393
1 283.554261 196.994406
1 234.209374 221.665889
2 170.267652 214.105123
2 184.109087 207.984473
1 207.067587 152.901187
2 213.904258 29.963545
2 219.067125 165.821603
2 200.373640 249.182448
1 181.452191 125.694654
1 116.581274 205.681118
1 205.498686 254.077822
2 237.243645 221.500025
2 208.424580 267.900235
2 189.945861 239.428772
1 156.214438 220.804667
1 194.203305 178.754830
1 175.253274 188.483493
1 288.310377 126.328545
1 280.724773 115.421197
1 247.020070 179.823138
1 177.733740 183.988427
2 152.121383 224.582090
2 168.037928 162.257194
1 254.092322 121.731091
1 268.785004 161.958053
2 288.877647 298.623021
1 185.191432 110.891992
1 176.926884 202.148588
1 126.287962 162.872135
1 226.903950 201.206099
1 195.472330 173.282175
1 214.962714 140.946981
1 149.659433 174.785585
1 234.012588 175.042903
1 278.877903 112.507229
2 172.729283 176.268966
1 225.458381 176.543859
2 137.505400 103.450215
1 153.019603 173.729263
1 239.843847 176.284512
1 231.434534 139.766475
1 269.185181 133.656202
2 153.696719 231.952698
2 216.781270 155.885689
1 234.352222 257.648992
1 201.968643 167.357241
1 196.368088 207.939556
1 177.779572 137.818370
2 171.244360 543.570455
2 153.389716 641.988353
2 215.846863 380.439899
2 197.668517 576.454287
2 176.469311 624.306723
2 142.015951 484.013842
2 162.585077 510.800457
2 28.754951 434.886062
2 258.849622 571.780342
2 285.577834 399.682199
2 243.642724 359.433039
2 206.003233 444.655875
2 73.254313 598.941207
2 134.954239 645.637362
2 99.191083 646.504344
2 207.408084 475.388057
2 175.878546 664.310229
2 160.577897 481.673410
2 290.204154 660.219506
1 327.902420 624.882021
2 332.487295 633.166636
1 316.184293 641.741059
2 329.267123 625.368054
2 243.776321 570.993794
2 155.027706 620.899300
2 274.256496 577.227231
2 312.827174 666.178619
2 154.842542 336.794652
2 271.614220 546.490494
2 303.289344 648.980749
2 221.670771 570.284872
1 114.816300 661.374736
1 157.487720 793.321122
1 126.746203 786.033927
1 143.108860 781.374177
1 154.390032 786.035741
1 152.529190 780.121808
1 142.908453 785.024548
1 147.016255 764.763246
1 140.785421 784.378476
1 164.059055 789.500816
1 162.035259 791.309183
1 157.305392 776.514772
1 148.994945 781.462857
1 148.445724 798.992661
1 161.454364 774.691989
1 130.097206 782.724603
1 144.572743 765.796607
1 165.210033 792.478869
1 138.434013 794.852440
1 137.038868 779.913534
1 148.886593 775.785309
1 141.519321 797.625571
1 172.323697 786.749599
1 143.634279 768.792677
1 150.302771 764.452877
1 154.831874 780.177508
1 165.169143 762.646692
1 139.070384 777.583477
1 164.121171 782.791520
1 131.403224 778.324781
1 142.264031 791.512781
1 144.954823 801.106475
1 168.558070 768.279076
2 45.445622 846.788738
2 314.745031 695.223919
2 278.842459 682.923933
2 179.601668 815.345060
2 235.255087 804.442660
2 66.431093 926.363874
2 304.534268 779.614386
2 168.179667 893.592700
2 95.990597 827.499648
2 100.781039 780.964956
2 251.927141 815.949635
2 97.995087 682.932946
2 109.632884 844.386862
2 186.317673 845.551338
2 54.460575 712.218472
2 132.847880 719.890740
2 251.392151 680.540094
2 78.445487 880.182434
2 292.569065 875.351900
2 125.368972 904.697411
2 184.458320 908.270500
1 171.520085 770.659871
2 128.320884 839.975629
2 141.600838 824.876062
1 124.564760 779.021225
1 172.326668 765.274990
1 178.410122 806.619747
1 138.415564 775.922694
1 112.163645 783.828598
1 122.958976 766.087688
1 173.320845 760.059743
1 182.583838 784.003863
2 253.964182 705.130747
1 161.097720 747.311607
1 133.370650 823.939330
2 67.885704 835.462865
1 152.716278 765.479972
2 158.802942 700.254681
2 137.017625 770.840381
1 160.114697 806.778273
1 189.911357 798.146393
1 141.704011 751.943854
2 86.760486 815.903739
2 239.577923 811.869100
1 149.050990 776.202190
2 260.686333 791.946624
1 203.230865 781.428276
1 151.973305 790.626951
2 215.655170 823.416455
1 127.848961 758.010808
2 163.678799 679.855566
1 87.595812 768.111730
1 142.129049 724.379693
1 155.349533 812.394334
1 100.732780 762.951938
2 303.692711 752.619390
1 207.046318 793.114721
1 210.778357 767.713798
2 141.358457 874.430953
2 182.772036 982.361370
1 145.913746 711.387035
2 177.672030 677.791341
1 114.396729 729.242263
2 202.802288 816.916073
1 141.313869 801.311966
2 325.455535 887.299094
1 153.403353 783.258390
1 104.803253 800.039856
1 157.889714 820.002624
1 102.360287 808.317299
1 144.714219 839.949708
1 145.092118 800.616984
2 313.926911 698.230517
2 121.899222 830.402973
2 180.944305 925.037957
1 141.589610 795.935913
1 173.590298 700.546000
1 104.179062 766.881016
1 170.859032 745.144908
1 156.083259 747.465246
2 262.189824 858.935721
1 167.782232 797.530437
1 124.595613 779.152421
1 154.496737 797.859641
1 105.885870 870.106651
1 62.015557 745.729807
1 114.478273 728.198468
1 138.914593 829.959495
1 139.127070 763.625470
1 140.050158 734.140747
1 164.079009 834.472777
1 186.440061 759.547405
1 223.378094 773.249094
1 157.595398 823.894164
2 200.021861 808.863525
2 133.877628 804.776316
1 104.056421 793.707758
1 110.612038 793.471225
2 35.217212 707.596861
2 196.807469 830.943253
2 46.814813 810.623287
1 186.728480 799.817838
2 120.561695 812.269544
1 156.821304 786.474229
2 160.705038 794.640759
2 134.911330 851.875953
2 59.523105 716.926628
1 176.310465 777.211773
2 288.959850 783.917537
2 169.878240 909.360756
1 118.412316 774.595183
1 145.362872 783.663591
1 149.960822 784.789623
2 135.087357 753.991558
1 108.908588 839.779078
2 172.308002 803.078986
1 157.555906 759.755208
1 122.567270 763.546905
2 189.947035 692.529697
2 239.272096 830.931627
1 119.060742 745.248459
2 124.600434 894.868115
2 83.040268 835.066992
1 169.599019 841.656745
1 146.109484 783.055533
1 114.082406 804.117867
2 135.513905 811.482342
2 206.819624 706.553018
2 105.778562 847.433750
1 162.648950 768.532810
1 183.706020 751.211803
2 123.499620 791.974839
2 224.653169 815.217462
1 206.679612 778.870150
1 116.957756 726.237331
1 114.082386 745.700430
2 37.163593 724.312172
1 163.655496 808.547549
2 161.672688 830.634360
1 187.048841 814.957150
2 85.558221 790.518209
2 153.017216 667.660382
2 110.736498 669.036648
1 152.718122 789.492478
1 108.678498 784.409022
1 199.925362 710.548754
1 93.248651 725.619079
1 173.905620 780.917854
2 185.839832 834.014001
1 136.796811 755.282360
2 141.598547 815.947964
1 154.766753 787.417534
2 183.790440 893.308747
1 109.925464 753.502863
1 133.740933 785.030997
2 221.474045 763.868311
1 161.326388 745.978860
2 319.331126 718.450936
1 109.671364 774.299032
1 152.051411 822.166477
1 151.311243 826.601420
2 140.525331 723.537183
1 126.568566 772.175088
2 308.751137 717.741216
1 168.230661 772.799700
1 127.256272 818.347612
1 118.297839 779.664407
1 151.151232 775.703995
1 152.044069 772.065779
2 200.628358 751.603596
1 139.881031 767.076726
2 349.778605 9.205542
2 605.066590 47.788371
2 665.653347 275.935088
2 363.834378 164.526498
2 527.996854 292.824059
2 666.366008 82.483431
2 463.885595 159.578450
2 340.834231 314.390766
2 608.180601 176.614387
2 581.659812 104.667085
2 406.604858 243.912258
2 393.617551 91.206526
2 530.761359 200.478255
2 371.782737 51.913341
2 402.867411 243.143525
2 334.950622 271.238755
2 571.288115 214.680961
2 459.060437 293.612571
2 365.125810 123.376901
2 636.654155 291.918519
2 347.413445 60.216634
2 657.726034 208.639412
2 394.543738 293.019093
1 382.260213 656.654334
1 400.060358 664.114563
1 405.111228 654.743552
1 414.979481 651.653271
1 390.688447 647.845610
1 405.143784 645.741016
1 399.545928 650.646476
1 407.056579 652.214464
1 412.893603 637.657770
1 405.531501 633.996536
1 398.156383 646.538719
1 400.441090 649.314884
1 397.339133 647.323642
1 399.327124 649.262928
1 400.506485 650.383943
1 395.364842 649.921690
1 394.188539 646.559336
1 398.752565 649.912308
1 397.250624 649.699913
1 406.456430 640.285232
1 397.868197 650.876934
1 400.504314 653.885126
1 421.667448 648.733453
1 422.983944 640.758248
1 380.384746 651.717041
1 392.518443 649.812297
1 411.925322 644.440037
1 408.039858 649.382839
1 394.418308 649.889421
1 394.835188 662.032331
1 395.472651 631.200161
1 402.351592 650.678890
1 393.106662 639.004447
1 411.733015 641.469493
2 363.487086 575.203866
2 554.207542 524.403726
2 407.654692 539.267475
2 422.263068 585.874800
2 545.309700 599.809725
2 569.053141 516.305782
2 472.503920 468.156992
2 638.136057 382.283967
2 514.384405 514.909617
2 421.769390 657.734760
2 531.947152 538.399774
2 414.301767 487.742486
2 515.624875 369.475080
2 379.458646 395.931238
2 603.739266 638.164720
2 501.170248 578.989438
2 493.003781 406.135317
2 624.977644 549.091301
2 418.523773 349.099599
2 400.695022 591.662895
2 356.809001 521.837604
1 382.068748 643.764433
2 584.474643 579.780459
1 393.199906 623.275510
2 513.105267 662.281028
1 421.886178 655.457008
2 382.051118 554.572693
1 396.369956 621.374613
1 373.421714 611.683879
2 538.837259 506.716281
2 469.301805 575.910448
1 410.859509 630.986102
1 413.110767 644.745591
2 622.573288 338.688293
1 395.329401 605.359858
2 565.575540 531.640122
2 489.847514 574.734987
1 449.717549 636.298035
2 560.357860 572.327187
2 445.963158 648.319720
1 358.427756 598.524014
1 377.674815 628.981987
1 407.249440 619.387429
2 538.655448 533.003194
1 375.931195 664.510134
1 449.074349 628.550017
2 501.649592 535.888172
2 429.290101 520.627588
1 419.960294 607.673044
1 374.208850 647.691625
2 373.002323 644.741543
1 376.313275 627.206160
1 338.872253 653.254078
1 399.023017 622.136648
2 402.695669 593.245588
1 395.967440 653.865945
2 419.714033 609.970448
1 412.137912 634.607671
1 362.234782 655.511407
2 414.314849 608.325867
1 383.308014 621.456800
1 388.720577 640.044894
1 361.112135 653.031150
1 376.912279 647.737049
1 369.961488 585.289261
1 382.984598 627.299109
1 346.519238 646.167880
1 406.397063 645.174244
1 418.244854 621.156181
2 357.748193 395.221804
2 372.263643 618.836351
1 437.227153 650.587230
1 362.169008 644.372110
2 433.783477 588.256981
1 373.673600 658.269581
1 390.738472 657.505938
1 417.594162 644.547547
1 425.283293 656.031388
1 447.105995 631.307455
1 366.322210 660.632218
1 384.520825 594.451447
2 428.335544 663.775810
1 384.487403 654.972565
2 485.377687 375.309818
2 400.338457 612.672847
1 370.659728 644.981501
2 563.337841 612.344969
1 387.882446 596.007648
2 370.078375 616.355521
1 407.337399 574.226448
2 570.990397 544.875238
1 402.205578 646.917128
1 393.788175 651.943860
1 356.761667 637.763397
1 592.269184 788.914880
1 569.833038 799.846903
1 562.838830 823.133327
1 581.619194 791.499844
1 562.109298 801.404777
1 569.393378 799.362321
1 575.479506 794.895237
1 585.959880 788.115219
1 564.241788 810.020203
1 577.599504 805.651019
1 574.622168 791.722488
1 564.053403 790.297419
1 569.200985 800.474026
1 576.727973 810.336564
1 559.810518 804.961297
1 548.627846 793.185977
1 562.278597 797.613960
1 571.998115 799.433039
1 566.964520 801.578735
1 574.470780 783.193272
1 592.085861 806.001343
1 574.647485 814.706093
1 562.839817 799.521881
1 565.419632 797.485520
1 555.859829 792.941726
1 582.643007 781.605743
1 586.486928 795.935543
1 571.754810 812.072489
1 569.199946 795.767835
1 580.683493 819.967901
1 571.582199 797.383136
1 590.387599 797.733528
1 580.041311 806.092403
1 561.438024 797.509067
1 570.353356 805.491408
2 577.914558 714.854242
2 436.675419 920.930438
2 601.527925 716.441812
2 373.322691 854.021838
2 574.700117 858.400583
2 642.694306 910.732831
2 526.803464 864.987154
2 349.544459 746.803773
2 381.538185 894.107693
2 382.367949 691.752045
2 448.318685 952.522040
2 503.259611 871.763370
2 408.423329 772.895511
2 520.087113 997.883590
2 496.779949 667.697406
2 646.125732 813.346760
2 473.722511 702.352219
2 648.836860 787.895538
2 542.324607 680.102779
2 622.243191 962.189270
2 524.971951 840.720524
2 430.984447 864.594218
2 583.814646 844.751735
2 616.138961 886.174952
2 427.908063 722.885362
1 580.673507 800.963016
2 403.672042 836.664194
2 452.316724 955.756259
1 572.856653 774.799675
2 553.781073 899.962206
1 541.260128 790.033745
1 566.748369 765.002149
1 401.473764 681.704287
1 556.064815 790.723732
1 563.898719 802.213618
2 530.135157 711.444067
2 655.868766 820.712436
2 464.431451 741.214386
1 552.620102 780.380797
1 607.662919 811.027017
2 528.745744 711.070715
1 555.225590 792.165717
1 651.496616 799.565124
1 584.500523 815.603295
1 509.864318 829.708924
1 536.746539 816.681651
1 538.795446 810.715146
2 541.125251 826.279099
2 380.147484 737.061566
2 507.645421 794.748228
1 371.213692 670.161273
1 462.752063 691.563592
2 641.690860 817.303167
1 372.607007 668.600464
1 560.926431 797.569924
1 397.183771 672.114086
1 607.432716 757.555751
2 454.495647 766.934892
2 336.509965 677.358834
1 591.939754 816.343993
1 575.261725 819.591395
1 424.803727 682.936197
2 609.054376 839.120515
2 396.057576 874.408663
1 582.520623 788.914734
1 571.658346 822.754779
1 574.547928 786.189426
1 563.610143 816.495343
1 615.312193 749.419557
1 595.627385 811.963544
1 558.593323 771.771696
1 543.060984 823.130175
1 383.871665 667.228344
1 607.871801 833.031570
2 646.902086 843.633589
1 595.396228 821.441749
2 578.436745 926.658632
2 520.923896 830.872857
2 523.457680 817.229943
1 532.475309 790.585631
2 524.232074 863.670882
1 614.667321 739.671975
1 540.024998 804.476653
2 384.221228 683.848539
2 579.520083 908.086383
2 396.486379 694.714463
1 559.550933 805.661400
2 526.271109 800.001912
2 508.782108 678.014197
2 538.900321 800.532335
1 551.364449 765.587512
2 558.764622 826.392568
1 391.649153 668.737339
1 531.729763 821.443623
1 530.756535 796.004559
1 349.926162 667.910125
2 416.093950 856.733708
2 458.387254 790.629532
1 599.697618 875.355228
2 549.754626 696.239441
1 536.384812 795.234982
1 546.966861 841.927363
1 591.114430 774.942324
1 360.934556 695.322692
2 546.779799 792.396141
1 596.650984 864.951989
1 540.345014 852.009392
1 564.472715 787.775182
2 412.403605 696.424088
2 522.583298 693.172945
1 554.412301 762.014162
1 598.643674 813.232262
2 549.278802 681.376084
1 368.442419 684.547748
2 538.222056 690.189486
1 557.247526 834.082155
2 518.183286 802.307663
1 557.435126 820.217252
2 502.394765 770.177032
1 415.242089 681.185334
2 373.165218 957.839994
2 619.517714 854.231132
1 519.684161 730.909585
1 817.333145 301.770809
1 824.995430 303.209579
1 814.043604 287.613507
1 833.030645 316.684872
1 814.058431 301.075981
1 834.044190 283.999700
1 827.473053 308.571495
1 819.691371 300.488439
1 820.776003 303.481807
1 807.626186 302.934711
1 820.155986 304.158386
1 822.841290 275.549347
1 802.061386 300.942897
1 830.789986 321.305360
1 821.461269 298.275657
1 837.939457 290.559085
1 809.734327 290.916042
1 827.960425 295.295719
1 822.190965 301.146311
1 824.871657 302.618242
1 818.187449 299.010597
1 822.031434 305.360813
1 822.383471 302.747937
1 809.235061 314.367895
1 817.915434 307.558264
1 820.400217 300.308929
1 833.266366 306.872088
1 825.397005 287.726416
1 824.072163 310.451970
1 820.862003 300.408726
1 829.669497 290.198884
1 832.419664 315.356267
1 820.978513 300.690964
1 797.302606 305.825083
1 843.686914 295.652230
2 722.194114 196.170142
2 799.967573 112.965367
2 893.464066 245.978228
2 967.740334 176.295514
2 847.526756 47.555112
2 896.554048 172.220755
2 882.950573 98.002196
2 919.808063 177.226763
2 777.515608 169.121337
2 801.264136 178.192910
2 675.563414 185.947463
2 900.574006 251.836751
2 844.330495 166.834008
2 792.672124 105.940476
2 786.455709 275.805450
2 909.989381 231.012482
2 721.232896 113.150164
2 850.339335 302.945682
2 955.189126 119.127902
2 923.431828 272.093459
2 921.373790 74.377634
2 809.899771 309.508034
2 700.217118 149.705557
2 799.230402 268.265659
2 725.838965 321.164163
2 826.266588 220.737925
2 746.763665 98.818846
2 942.296089 88.085685
2 992.212422 18.595498
2 747.794707 283.159653
2 743.638688 290.934731
2 677.324503 212.450324
2 965.134891 266.576975
1 832.894109 305.043868
1 872.375708 265.988311
1 813.959565 317.671106
1 847.602360 283.531302
1 768.173412 304.674076
2 747.088045 314.270181
1 878.540981 318.324905
2 818.320182 109.792125
2 708.337315 293.394228
1 786.237102 293.483725
1 744.135587 327.653721
1 802.095930 264.880270
2 824.448676 287.962548
1 871.164433 321.238933
2 923.527100 315.288429
2 777.533144 312.363683
2 905.410840 161.449792
1 785.562525 316.791009
1 803.244791 275.390579
2 703.371948 310.177724
1 757.979698 273.096239
1 849.767936 258.839747
1 771.824414 329.490517
2 751.322236 175.962654
2 939.214960 115.116655
2 892.816263 243.168528
2 716.166824 266.468475
1 830.816661 299.541020
1 792.881754 331.810834
2 870.727958 227.294262
1 781.866469 294.628436
1 872.206359 266.168939
1 859.205649 299.730747
2 772.751312 308.501355
2 933.002385 316.507718
1 825.499968 310.756716
2 753.928769 299.454820
1 805.851249 306.830169
2 790.328959 320.555516
1 835.402160 291.221959
1 880.031769 309.157729
1 831.168820 303.462799
1 813.505505 254.244734
2 847.036628 225.917427
2 724.345956 276.640988
1 791.190767 270.635467
2 676.058303 202.490390
2 706.363594 327.541892
1 831.010487 241.958505
1 756.949391 316.752460
1 831.405745 288.666920
2 824.339783 288.087400
1 844.337405 280.647593
1 818.920144 291.700737
1 794.862026 278.703563
1 863.728050 261.841455
2 707.648936 290.942406
2 781.513730 302.507341
1 812.902012 290.486315
2 766.741616 293.320127
2 962.845692 181.134181
2 819.594067 133.746101
2 897.241375 213.617423
2 923.906273 261.781060
1 825.586908 312.955076
2 714.645911 271.196573
1 837.988972 324.520417
1 847.328082 288.375753
1 808.540637 331.387549
1 836.156990 249.048522
1 798.432481 255.109270
2 834.456275 206.026655
1 852.061865 297.912423
2 778.517776 328.514115
1 774.297995 279.484097
2 940.994913 185.915466
1 774.172586 319.266188
1 781.888150 269.421790
1 800.194209 300.514708
1 800.787591 333.106118
1 817.888676 274.587478
2 744.734016 289.957530
1 822.596360 314.746461
2 688.239294 222.437344
1 865.917115 328.632066
1 828.969915 293.080689
2 759.268865 301.742687
1 790.149448 275.560738
2 895.869446 314.005811
1 833.685041 243.356634
2 915.540644 323.839973
1 831.405745 288.666920
2 907.827347 283.422019
1 787.366890 264.354665
1 785.577295 291.082521
2 752.458540 253.755013
1 819.444431 329.921282
1 821.559936 282.655574
2 887.138098 246.045314
2 876.365882 204.900418
1 749.712306 263.575759
2 787.824475 322.947890
1 833.795487 243.850706
1 844.575861 317.842852
2 885.870268 271.334004
1 802.725010 322.370129
1 770.653614 287.395626
1 729.527981 301.827053
1 822.065138 292.465189
2 924.822934 360.146150
2 853.461554 617.476469
2 898.600168 540.882315
2 677.775509 342.930127
2 867.559483 627.575568
2 910.013623 458.782088
2 909.437058 404.824141
2 921.326964 580.380160
2 857.254788 594.139169
2 977.632657 440.842494
2 720.361765 580.513346
2 772.892698 525.418582
2 952.169677 569.099599
2 864.808386 501.433124
2 922.861860 409.129112
2 921.044725 367.612915
2 710.275476 501.749901
2 923.699222 340.109950
2 857.317670 417.800218
1 837.612212 343.064806
1 803.866101 334.594613
1 826.642501 349.775937
1 839.239816 336.413885
1 871.524881 350.582046
1 741.863907 350.216144
1 810.325532 337.310989
1 835.022311 338.617518
2 752.913906 335.473988
2 852.860470 425.589853
2 753.914564 378.266722
2 931.274346 347.345466
1 854.697750 360.744789
1 730.894196 356.927275
2 754.762439 353.328310
1 846.823951 334.024450
2 745.943918 336.765882
2 801.795582 335.300042
2 820.528432 439.453905
2 965.807097 345.007672
1 781.921365 337.533256
1 793.094302 340.003429
2 860.644511 597.922262
2 896.702596 368.157667
2 989.688186 406.211441
1 806.676014 339.704194
1 835.240359 392.828986
2 799.200076 374.505473
1 751.483560 339.401375
1 796.349219 334.300922
2 677.372080 363.680589
1 845.880943 347.351397
2 730.879782 942.588539
2 676.107195 838.903866
2 977.535892 947.458170
2 922.795936 866.236940
2 906.207141 929.633314
2 970.266889 912.324051
2 841.109441 723.509132
2 975.466924 771.741003
2 981.902447 834.698518
2 960.869334 752.871921
2 693.274694 781.004788
2 666.953286 932.102326
2 741.835712 871.078402
2 780.253001 708.401185
2 806.801612 766.132397
2 689.072570 784.618170
2 704.947158 849.974878
2 719.587702 678.404887
2 740.206118 671.773837
