1 227.392955 302.192280
1 313.969586 315.599614
1 230.003390 178.856653
1 314.414491 210.164995
1 140.683214 156.090703
1 327.772860 137.490116
1 173.588134 18.022255
1 95.152191 45.713199
1 48.617216 75.470187
1 61.422672 151.633035
1 239.003649 113.693761
1 118.284728 190.161764
1 69.832090 331.992364
1 263.906661 32.168027
1 188.429640 110.722341
1 85.447888 324.330994
1 241.341109 212.649048
2 311.303603 181.219448
2 304.295869 104.174248
2 218.346695 214.268148
2 22.485585 138.729812
2 260.349239 159.039324
2 6.199062 263.813075
2 274.374649 192.921543
2 111.295531 220.133324
2 262.440707 310.060783
2 23.491015 238.615023
2 208.130459 204.658832
2 160.450556 37.472569
2 327.701120 223.464263
2 226.152450 34.390305
2 84.408012 75.818389
2 49.404244 283.744333
2 259.220601 265.894176
2 27.811361 294.507556
2 232.037100 224.366833
2 70.388703 330.014283
2 75.593692 277.491447
2 68.494765 61.885264
2 138.617246 81.614730
2 129.997594 243.710430
2 82.412880 141.234770
2 159.875039 88.026675
2 69.140203 105.949610
2 28.657664 4.273275
2 298.526617 264.681685
2 56.607664 307.899096
2 312.166270 137.625010
2 316.370337 74.529812
2 321.298975 54.299931
2 264.232769 249.187822
2 255.375288 185.264193
2 265.840813 159.989371
1 107.046020 180.935363
1 218.832191 34.994125
2 251.828437 190.877396
1 56.770689 152.367732
1 95.933648 175.690112
2 227.736035 194.729831
1 141.805322 189.683497
2 301.098468 153.504813
1 254.295302 227.006714
2 148.488220 73.675984
1 190.642199 12.890820
2 292.237050 103.347645
1 326.648247 240.982985
1 121.452745 212.788456
2 323.795089 119.595439
1 131.190051 186.410574
2 12.542530 301.490245
1 129.462933 205.246653
2 97.476406 98.709272
2 287.896393 232.558744
1 324.954751 323.988354
2 266.347072 183.768734
2 332.550415 147.677100
1 225.711954 203.037049
2 288.348056 56.264649
1 271.583628 217.030434
2 276.958711 76.293137
2 10.374592 235.444950
2 25.496723 315.847911
2 16.824836 225.243605
1 254.034742 20.371314
1 282.268512 190.102135
2 170.356306 122.211837
2 310.068783 259.260999
2 186.547212 250.053158
2 283.792116 247.407717
2 91.672421 91.582611
2 192.751330 219.272277
1 283.421058 234.250766
2 307.002622 186.780699
1 163.491249 479.108492
1 58.795044 497.863921
1 219.538441 433.763289
1 193.193735 378.532522
1 221.169798 380.067057
1 194.360526 412.161575
1 259.142315 558.966514
1 189.382456 509.944123
1 230.529024 558.307207
1 218.647039 658.015779
1 206.277293 379.037724
1 193.212425 450.287582
1 235.155047 472.810310
1 180.265875 471.780884
1 149.900140 516.909154
1 105.358924 407.332115
1 152.879955 490.706121
1 30.461587 417.075698
1 0.480891 612.236223
1 146.920984 561.102274
1 47.585308 647.157558
1 315.283949 603.734123
1 196.074973 595.980173
1 184.756866 572.805023
1 33.137175 649.557979
1 276.358118 413.278334
1 284.242584 396.271092
1 102.107081 634.761869
1 316.598961 383.804521
2 299.201049 449.494960
2 173.855350 592.209000
2 260.483380 481.198041
2 115.556649 362.056388
2 252.749137 558.805498
2 273.631074 376.147589
2 255.596079 399.658589
2 197.531141 498.212117
2 304.892282 625.772198
2 281.478477 407.085735
2 60.834130 666.560717
2 22.493793 578.740681
2 314.257561 665.376860
2 62.149583 504.820760
2 205.058867 651.079323
2 242.136558 463.384920
2 254.849018 547.807566
2 208.381219 581.376326
2 206.069341 333.801522
2 64.670478 522.482213
2 91.462422 610.635597
2 284.807814 501.714916
2 90.035731 550.198436
2 92.715450 413.027946
1 181.498642 500.878418
1 77.724830 411.662473
1 273.940342 558.579425
1 326.889936 361.638560
1 150.754529 508.332311
1 47.655810 642.449317
1 2.492551 349.475040
2 295.925673 425.389325
2 298.395186 388.029132
2 158.078546 627.206664
2 177.691484 666.595672
1 234.661976 353.625032
1 237.559068 604.360840
1 214.904267 377.402488
1 250.240537 585.652177
2 55.528258 529.414682
2 196.433984 615.078723
1 215.039610 377.664591
2 76.309961 337.896318
2 93.289165 532.654510
1 236.623743 450.559800
2 205.913256 642.502480
1 177.506784 628.858704
1 296.497990 399.006123
1 81.878948 422.359521
1 232.139217 631.573754
1 200.856963 391.817771
2 137.267181 360.926354
2 215.260220 622.012176
1 197.378462 397.883919
2 317.532156 659.008242
1 213.360328 397.415069
2 118.997738 546.046973
1 242.002665 402.699071
1 154.256596 697.091081
1 175.153870 719.705380
1 74.087412 798.805581
1 114.278012 944.504855
1 63.229111 954.847485
1 19.453530 890.267033
1 263.934164 694.517496
1 136.924088 691.493316
1 36.741120 839.077199
1 91.065556 770.707594
1 127.126240 953.447158
1 167.710973 983.034401
1 318.283908 854.352679
1 203.245367 953.596296
1 182.175276 940.294038
1 44.055137 933.189976
1 250.228455 871.586628
1 203.154321 897.236786
1 18.933626 746.526430
1 274.301190 683.853948
1 102.448526 768.324268
2 278.084093 919.242683
2 131.113662 912.742586
2 180.811485 721.035935
2 296.334759 892.508787
2 240.171921 802.840766
2 107.076504 909.006980
2 204.323078 741.582202
2 155.575248 687.687698
2 181.319500 985.091133
2 116.215981 692.181778
2 274.114663 758.089276
2 240.933586 706.704299
2 217.341167 932.283425
2 277.356968 681.089350
2 205.393524 890.153634
2 118.604955 699.130390
2 61.644076 900.865378
2 168.701846 780.767669
2 165.308361 678.683242
2 245.606666 798.682587
2 219.097761 795.967136
2 21.331296 998.623514
2 23.878993 985.813582
1 92.781102 784.701787
2 90.307643 683.470257
1 9.532942 676.817724
1 259.135397 846.831243
2 90.907724 924.157329
2 275.827646 903.409549
2 219.070878 971.470507
1 22.208599 673.632362
1 132.433533 939.775264
2 231.371342 814.681403
1 87.439737 666.932030
1 198.159649 999.535796
1 261.234377 873.614441
1 85.950253 703.501953
2 236.591259 816.948113
1 74.656921 835.592858
1 178.360701 892.967790
1 331.333241 974.879460
1 146.754505 914.006151
1 296.456991 900.778624
2 30.238238 973.868129
2 192.276117 980.548935
1 127.026310 798.271888
1 188.399339 991.209571
2 238.338233 983.163145
1 122.247996 894.307440
2 6.056250 739.606554
1 87.439737 666.932030
2 322.852726 908.822559
1 92.781679 885.304292
1 85.950253 703.501953
1 205.626774 979.550060
2 286.650137 904.187119
1 554.275334 217.325744
1 659.482798 27.387874
1 494.573009 201.953483
1 366.801041 295.120732
1 624.710932 4.766620
1 399.545331 170.074996
1 538.309617 284.726028
1 337.443010 171.977115
1 555.786333 203.063245
1 333.861333 157.776151
1 617.951880 303.828925
1 600.836980 316.081911
1 400.372799 10.856292
1 415.575331 234.658095
1 378.244299 230.097020
1 506.271850 286.688390
1 387.232029 36.243329
1 400.507023 34.230554
1 494.527024 169.923801
1 400.560107 254.793233
1 376.892342 172.228952
1 409.032608 238.411885
2 545.232714 69.819280
2 497.057436 147.554779
2 396.730953 108.485341
2 617.156866 302.006276
2 346.692532 131.045582
2 547.567860 119.249576
2 352.786408 298.573828
2 568.405990 298.771720
2 403.785010 190.942886
2 386.675433 147.413109
2 389.899839 75.260711
2 629.392762 195.655718
2 535.392808 232.240501
2 487.276280 269.425335
2 617.622418 208.299237
2 452.664790 48.360798
2 551.283602 2.600051
2 345.087822 55.576289
2 553.615903 138.542809
2 508.720626 78.371781
2 583.254824 9.354457
2 341.019188 293.961635
2 629.694619 226.715719
2 375.697774 56.666100
2 467.638588 215.260343
1 557.078692 177.806866
1 517.923888 144.798739
1 636.041384 176.819710
1 478.430077 178.495208
2 606.794701 156.196528
1 648.726760 260.314885
2 664.827097 330.401518
2 629.293644 221.546268
2 536.275286 195.527513
2 336.690040 22.384039
2 600.669077 288.753527
2 482.868858 208.374946
2 618.917803 290.817447
1 446.591704 140.298595
1 423.917422 177.641962
2 358.061487 190.837136
2 414.468461 189.466809
1 631.421620 300.155197
1 549.899424 109.692311
1 421.837438 232.906248
2 633.669969 109.398425
1 335.037269 153.254338
1 453.722283 168.449897
2 608.547657 307.012876
1 499.105837 2.980711
2 506.543480 67.507280
1 416.867690 209.401716
1 492.008207 182.530898
2 599.021173 288.386444
2 373.217418 167.310694
2 616.242435 227.457915
1 470.276654 194.069230
2 602.355026 313.033166
2 376.173742 109.605477
1 551.453813 169.075874
2 598.176001 254.147191
1 516.190178 210.565408
1 336.759664 33.782181
2 346.609753 175.445466
1 525.360272 177.461567
1 498.893253 207.188209
2 564.010251 235.297366
2 641.146972 203.884753
1 400.627405 354.314444
1 479.796687 394.757654
1 531.729551 438.009189
1 530.813643 627.469104
1 605.222508 510.639681
1 538.450583 385.941499
1 634.484924 386.131854
1 536.492319 547.066807
1 582.233200 512.266875
1 611.870395 354.925545
1 428.424631 359.832228
1 372.358615 528.288930
1 649.120156 403.353534
1 580.333194 508.599401
1 575.767190 358.325627
1 616.376797 646.466445
1 597.926505 594.775631
1 607.111084 487.176608
1 471.975369 344.255530
2 533.400303 599.213708
2 641.172031 627.485645
2 448.339665 568.537646
2 453.971741 647.496468
2 379.576731 453.259534
2 650.687050 406.399743
2 338.545480 618.229938
2 488.089405 503.064856
2 552.020073 656.825809
2 467.628122 554.710692
2 557.924016 394.976669
2 487.438303 384.154701
2 528.320052 391.491566
2 616.423212 525.475439
2 598.103253 453.918760
2 475.160978 406.484023
2 403.064486 466.049517
2 540.981224 355.940442
2 662.607590 345.115221
1 557.919755 510.192162
2 572.087473 498.485887
1 621.252406 352.931034
2 380.663528 460.426778
2 555.093334 340.613940
2 636.144707 531.480146
1 418.660094 496.049935
2 619.722843 517.953722
2 555.317308 399.884155
1 528.015927 361.988534
2 461.529965 375.443180
1 527.353145 379.768698
1 455.123310 658.768152
2 344.628014 397.457542
2 411.197344 473.625375
2 637.759236 518.981535
1 543.232833 554.697625
2 402.737479 475.708293
1 519.339281 739.861842
1 662.544581 850.616544
1 595.691517 676.109538
1 543.640552 695.150826
1 450.262727 972.000762
1 514.578574 810.166524
1 573.766390 747.255712
1 372.598587 849.859184
1 633.561672 927.470537
1 489.580713 845.742489
1 386.681430 967.360749
1 534.212399 935.118961
1 632.818256 867.544517
1 575.931702 827.643372
1 514.116324 880.708123
1 560.013102 804.072625
1 526.179331 995.142182
1 540.790254 809.096258
1 583.042329 701.874352
1 397.046499 880.540643
1 416.923185 703.356275
1 412.347251 890.888053
1 635.012244 862.428616
1 635.301028 902.354209
2 458.647282 888.125089
2 358.843302 932.203177
2 486.158226 701.801227
2 387.540374 943.278405
2 510.628871 687.380767
2 502.008098 803.772595
2 658.978667 687.662515
2 376.102059 924.033618
2 410.316333 800.393337
2 501.907144 883.835943
2 465.223297 959.861419
2 372.024948 827.011581
2 372.156638 796.222384
2 510.447942 846.363111
2 605.570660 885.512517
2 557.632724 776.662259
2 479.682360 718.267100
2 586.682614 740.667829
2 424.326101 922.616785
2 444.632350 769.252331
2 427.137828 896.014539
2 432.330753 767.295837
2 490.173772 705.255456
2 345.161844 771.372761
2 492.872069 763.559999
2 463.759697 985.651211
2 451.509524 744.619673
2 369.968776 778.062324
2 611.864654 763.321979
1 613.331345 892.782623
1 427.042400 862.807017
2 632.334786 969.573270
1 589.131664 730.006861
1 492.828817 895.262619
1 415.892746 961.314662
1 455.117567 687.467938
2 533.925076 716.270035
2 585.762622 728.786583
2 465.998989 953.665547
2 589.380597 767.614952
2 459.974492 755.466022
1 426.605237 871.015343
2 434.759727 933.328888
2 416.011129 794.858506
2 525.295299 745.364312
2 445.901656 985.373912
1 640.383889 885.892451
1 361.734541 835.212868
1 565.229842 739.398500
1 632.077354 905.236138
1 582.687160 815.255802
2 525.443487 738.620961
1 605.653634 707.450752
2 457.730621 720.483369
2 425.145439 794.490437
1 418.006909 992.729289
1 376.429690 807.131832
1 589.224418 798.026538
1 623.863265 932.704814
1 606.920975 915.869012
1 590.476556 706.477012
1 625.479742 712.820720
1 335.747271 822.621793
2 480.981682 740.850551
2 499.598038 923.271490
2 484.400673 702.741937
2 604.508631 741.240098
2 360.280022 932.556812
2 490.649425 710.445846
1 638.158860 706.312373
2 380.315097 958.230067
1 827.422182 105.188145
1 766.849249 309.958389
1 767.907736 98.066569
1 723.442000 85.014089
1 917.625834 122.586314
1 900.365892 54.065705
1 974.755801 146.535561
1 691.561735 314.308697
1 980.420592 68.781357
1 962.258994 313.001479
1 672.372467 90.696022
1 841.535291 300.881902
1 886.028776 301.519180
1 848.896776 101.239247
1 983.302944 111.420018
1 929.245363 145.278844
1 893.361030 289.998926
1 778.319062 153.347837
1 699.510087 290.988315
1 727.528044 274.202015
1 679.509416 176.519714
1 839.545475 84.013812
1 866.157609 248.868468
1 980.670262 100.503480
1 928.259221 68.468331
2 761.223703 188.258693
2 825.531417 308.638669
2 722.519278 299.405164
2 822.344151 161.353950
2 712.757922 330.332361
2 670.936081 239.491144
2 875.924621 256.132601
2 803.246346 171.690774
2 827.670306 273.804941
2 893.840095 186.712941
2 963.742458 276.499814
2 832.603590 18.087352
2 837.232900 322.303772
2 748.202896 54.657703
2 985.729523 320.669806
2 848.235397 11.428255
2 893.714932 139.460270
2 835.685507 164.206653
2 772.732596 169.926988
2 941.315398 214.493748
1 710.668069 151.278092
2 862.092232 291.134073
2 676.216443 310.373030
1 961.212997 108.950458
1 786.281927 76.031070
2 798.171974 25.007036
2 870.096866 287.935455
1 880.699608 227.692950
1 692.069884 330.703252
2 914.302732 123.606473
2 950.939494 90.130035
2 961.104561 272.817533
1 967.170772 111.379436
2 741.819384 289.359400
2 731.935861 144.462603
2 855.921292 323.032724
1 773.183858 76.901019
2 721.287838 134.026532
1 715.154894 149.977143
2 991.865827 272.768782
2 994.809688 140.065330
1 916.398520 322.572221
1 958.692680 164.764452
2 994.722705 291.965993
2 949.312782 130.313400
2 870.463291 301.857206
1 672.880616 107.090577
2 849.219060 133.577106
1 947.713507 119.826414
2 848.131522 105.155873
2 805.764150 9.335233
2 715.675087 32.734099
2 686.104428 308.514533
2 764.094107 35.302932
2 971.122094 192.355938
2 993.085809 224.186593
2 716.224750 40.253659
2 988.456028 267.799142
2 980.347984 254.078168
1 713.922280 82.590068
1 897.060344 547.312910
1 735.501662 492.877225
1 732.729678 562.481058
1 874.550603 338.888955
1 772.921251 442.633022
1 933.083970 644.164863
1 785.529985 378.422290
1 793.020601 467.315333
1 795.199957 354.587125
1 894.956407 462.415673
1 849.637310 379.541859
1 739.893326 519.316578
1 713.646393 559.191219
1 969.534941 365.967606
1 927.313567 450.265303
1 820.994823 456.586847
1 689.472887 423.828622
1 880.941533 540.155885
1 832.153658 388.326459
1 739.328962 440.117238
1 973.331642 581.856048
2 960.949527 569.570709
2 935.966839 653.051092
2 888.106214 369.840557
2 927.315655 378.736469
2 683.668105 524.249998
2 761.356937 492.751501
2 691.004191 582.766931
2 979.082283 493.955603
2 828.378831 474.763314
2 848.086646 586.213854
2 811.866568 632.505143
2 778.108954 615.200695
2 879.844751 592.811505
2 735.073520 632.649006
2 896.992502 567.010741
2 751.724726 452.877944
2 697.186770 591.876354
2 933.404402 379.427592
2 902.932218 421.229533
1 708.085605 488.542990
1 829.434451 402.337005
1 808.793401 365.440788
2 741.894972 444.709158
2 933.723979 631.369843
2 913.601663 402.428279
2 814.986097 587.024874
2 878.907024 410.431720
2 673.441557 435.031413
2 851.747212 454.238580
1 853.865989 388.257541
2 971.842193 395.999184
1 858.728566 347.412149
2 812.318918 589.970036
1 985.502086 662.309402
1 820.966996 614.609641
2 702.241589 441.736364
2 788.297136 616.993192
1 801.655286 366.128921
1 773.968909 477.486507
1 961.666176 634.233341
1 789.334183 460.237657
1 750.634183 382.026059
1 882.541134 472.878827
2 910.625561 427.580548
1 829.582638 395.593654
2 927.483834 666.586339
1 699.236047 400.982395
2 925.172828 659.608671
1 974.931887 627.848129
1 753.806889 393.768958
2 902.711870 416.661073
1 818.843501 903.990710
1 777.875427 961.349815
1 713.883973 681.871294
1 698.351632 832.887170
1 861.669362 870.495413
1 884.976513 967.340616
1 776.948956 925.669527
1 985.729791 736.182174
1 705.506024 782.124510
1 752.682000 760.811311
1 889.445493 755.067427
1 991.276271 928.139018
1 774.961623 824.542234
1 761.411600 684.993317
1 742.257953 755.718707
1 948.075843 711.627920
1 787.572453 772.058655
1 753.908400 957.381225
1 729.567595 828.907751
1 804.312989 796.868233
1 992.452014 887.245723
1 973.469796 973.959822
1 984.950837 781.143714
2 806.888779 903.158509
2 719.869456 922.801414
2 711.178231 902.302355
2 955.729005 752.378792
2 824.573524 951.077650
2 688.667302 741.599192
2 851.580954 973.453359
2 751.369956 730.967509
2 901.751763 901.376158
2 961.570173 672.819592
2 828.199575 803.765985
2 730.353121 806.652293
2 851.828095 829.326335
2 957.127626 945.695485
2 670.284679 670.533588
2 900.559246 691.848082
2 673.480700 875.861290
2 853.446083 923.633050
1 987.130133 723.282626
2 838.644585 948.393297
2 717.628474 892.101010
1 782.400984 962.882904
1 748.678877 820.114932
1 983.213716 904.509611
1 667.936413 890.880608
1 778.582357 940.094492
2 852.652405 990.294574
1 944.185936 988.187829
1 778.298252 726.774376
2 724.395013 924.334503
1 708.435142 850.153202
1 752.837905 969.800656
1 668.393703 710.902278
2 675.986770 697.656000
1 681.054406 846.299092
2 851.442780 952.050440
2 956.868819 679.956710
2 857.419638 994.444341
2 942.523067 667.038530
