1 199.269705 173.437265
1 210.114308 186.948301
1 200.028815 178.904122
1 212.278736 161.253949
1 212.483211 172.490510
1 203.705688 176.662764
1 208.432975 176.476157
1 199.578806 182.418145
1 186.174945 200.079040
1 180.475691 186.882647
1 204.553109 188.063940
1 199.999612 180.015226
1 180.544847 186.930235
1 180.106523 173.681083
1 212.387992 187.255458
1 181.902077 174.280506
1 179.717881 187.837870
1 207.066242 193.777773
1 214.856571 170.711981
1 194.252804 187.623283
1 201.516642 175.161366
1 221.555916 184.444234
1 209.057956 178.535843
1 198.418725 169.288476
2 147.719864 139.178096
2 247.747488 300.629079
2 304.332227 62.381701
2 240.868928 171.431778
2 238.095347 173.144910
2 6.988644 146.061295
2 317.447416 179.969107
2 225.903249 289.597707
2 18.138077 109.929903
2 3.136457 219.714821
2 246.814734 268.601933
2 31.140934 115.490686
2 265.037625 240.178044
2 114.672760 10.294318
2 140.521718 239.398896
2 24.569977 251.627972
2 203.383335 10.801702
1 202.806182 179.856664
1 200.511334 167.382815
1 158.902703 197.640876
2 197.408090 114.422278
2 125.664055 257.192497
1 164.893114 161.953822
1 161.768140 158.546464
1 179.571576 184.126075
2 118.890774 77.343943
1 166.626189 221.064436
1 134.254957 178.780971
1 191.968532 176.749780
2 123.952630 290.182475
1 147.094579 230.117025
1 195.717973 153.283606
1 183.861186 188.596894
1 233.316014 192.787545
2 127.656123 297.990723
2 167.315486 85.644567
1 220.197723 147.046756
1 211.362181 156.218392
1 252.046617 163.403069
2 124.717712 185.727654
1 171.352536 107.174728
1 219.368843 207.430821
2 149.823857 237.386561
2 212.844278 276.964419
1 156.673796 192.890077
1 176.327841 173.195565
2 126.984133 157.797694
2 190.967624 132.446674
1 171.285182 109.083296
1 184.669085 161.830419
2 301.434041 247.302353
2 326.177100 292.648887
2 154.566108 110.806969
1 190.909159 123.075952
1 226.943359 149.720945
2 195.512705 169.005903
2 114.919341 289.993330
1 152.702819 143.491185
2 2.196824 275.164771
2 171.131558 120.812434
1 154.237335 177.423690
2 107.340266 142.701587
2 4.288575 144.111692
2 253.710284 198.884042
1 211.588644 141.810680
1 187.584728 188.971315
1 193.472656 189.151336
1 178.019326 157.015519
2 168.900302 67.707243
2 135.386769 239.374610
1 219.368843 207.430821
1 173.207042 190.558636
2 40.770831 280.141600
1 148.539962 201.399882
1 236.007502 180.759974
1 207.198273 165.791031
2 146.503195 231.762671
2 332.020154 305.218844
1 220.573176 162.431262
2 193.229158 191.105082
1 163.627643 263.231867
2 24.050994 209.839416
1 189.350132 148.434599
1 213.875792 177.530087
1 205.823024 142.260704
1 223.855204 139.453920
1 133.808495 149.962346
2 137.618514 317.384049
2 241.568914 58.161146
2 230.573469 62.802538
1 189.083075 219.216936
1 105.842366 202.499712
1 206.258821 180.638000
1 220.155586 201.101631
2 200.158627 104.765459
1 209.164491 177.450435
1 242.106582 139.660080
1 183.302679 183.089304
2 322.047402 318.974977
1 213.894813 194.254180
1 176.584560 203.628290
1 182.268887 174.276231
2 134.133660 87.787472
1 193.889248 237.907206
1 195.429667 179.489057
1 220.820543 178.524933
1 205.685517 168.497138
1 172.390350 203.808209
1 182.414749 167.711667
2 171.244360 543.570455
2 153.389716 641.988353
2 215.846863 380.439899
2 197.668517 576.454287
2 176.469311 624.306723
2 162.585077 510.800457
2 28.754951 434.886062
2 258.849622 571.780342
2 134.954239 645.637362
2 99.191083 646.504344
2 207.408084 475.388057
2 54.358089 356.182631
2 239.710750 594.597555
2 242.279020 339.411281
2 318.328098 608.846560
2 154.091739 496.330194
2 125.367933 636.655625
2 332.398791 547.888628
1 321.191558 660.445611
2 310.231264 642.152838
2 330.671250 588.911702
1 293.813711 656.978412
2 93.638126 602.592713
1 157.487720 793.321122
1 126.746203 786.033927
1 143.108860 781.374177
1 152.529190 780.121808
1 145.163527 789.729331
1 147.016255 764.763246
1 140.785421 784.378476
1 129.883861 767.236260
1 162.035259 791.309183
1 143.341848 761.361544
1 139.604911 775.162807
1 148.445724 798.992661
1 147.551750 782.847987
1 130.097206 782.724603
1 144.572743 765.796607
1 165.210033 792.478869
1 145.398130 795.977175
1 138.434013 794.852440
1 151.684056 759.675614
1 172.323697 786.749599
1 154.831874 780.177508
1 168.558070 768.279076
2 45.445622 846.788738
2 278.842459 682.923933
2 179.601668 815.345060
2 235.255087 804.442660
2 66.431093 926.363874
2 304.534268 779.614386
2 168.179667 893.592700
2 155.089063 886.894080
2 206.757819 820.565459
2 95.990597 827.499648
2 100.781039 780.964956
2 97.995087 682.932946
2 186.317673 845.551338
2 54.460575 712.218472
2 251.392151 680.540094
2 92.891069 894.358573
2 292.569065 875.351900
1 330.005635 669.617532
2 214.364994 785.347861
2 135.243315 833.764738
1 157.183157 820.199856
2 178.696375 806.843593
1 117.858920 815.447936
1 140.564557 824.252457
2 150.274738 838.776288
1 133.361922 759.447290
1 146.421412 805.562635
1 261.747231 816.187374
1 122.371735 749.102347
1 216.635791 797.005021
2 123.550287 840.433660
1 122.468089 758.443880
2 169.765106 870.899197
2 220.465850 773.124246
1 155.108178 809.076997
2 175.891233 868.287733
2 83.783559 825.528017
1 145.385717 736.750562
1 115.874129 833.173293
1 306.233480 682.246009
1 196.612050 817.492839
2 182.086754 886.780047
1 150.812973 826.655554
1 134.948488 768.824591
1 168.125660 765.767931
1 152.543476 773.947454
2 202.348573 803.007585
1 86.249289 748.943188
1 123.613097 759.740189
1 175.869027 788.555210
1 175.353421 768.107255
2 295.240752 703.050764
1 170.550668 747.822597
2 61.311247 795.267814
2 98.541002 852.077449
2 72.682272 854.050987
2 123.864380 840.537463
2 67.435062 846.804283
1 122.693801 777.253174
2 234.979218 795.104828
1 181.663310 752.614111
1 137.113350 806.147776
2 303.040265 840.874942
2 288.495167 810.684911
1 194.020854 746.877075
1 164.230381 776.508645
1 126.877966 746.428103
1 156.222424 815.496975
1 163.872642 812.559254
1 160.943086 784.475100
1 134.662966 775.876362
2 228.272823 820.000747
2 194.840469 866.739579
1 139.604317 763.155829
2 305.139979 752.304539
1 118.287125 822.010710
2 328.151559 746.215467
1 319.166121 679.448244
1 177.044855 741.239736
2 130.911911 839.295690
2 210.607121 758.604766
2 311.410135 748.492102
1 171.463021 810.315904
1 141.450647 736.033994
2 192.614534 984.143711
2 191.870409 970.347047
1 105.840540 756.193713
2 45.435867 984.290123
1 163.909035 763.283845
2 605.066590 47.788371
2 589.443399 329.344407
2 363.834378 164.526498
2 527.996854 292.824059
2 666.366008 82.483431
2 429.921659 60.700783
2 442.269964 137.611678
2 578.546029 74.844074
2 608.180601 176.614387
2 584.759719 8.514276
2 406.604858 243.912258
2 393.617551 91.206526
2 390.672135 228.799509
2 623.500289 78.874461
2 444.498006 305.325461
2 571.288115 214.680961
2 459.060437 293.612571
2 469.576414 164.745971
1 382.260213 656.654334
1 414.979481 651.653271
1 390.688447 647.845610
1 405.143784 645.741016
1 408.363581 655.378863
1 407.056579 652.214464
1 387.102474 631.882672
1 412.893603 637.657770
1 405.531501 633.996536
1 400.441090 649.314884
1 397.339133 647.323642
1 400.506485 650.383943
1 395.364842 649.921690
1 421.667448 648.733453
1 422.983944 640.758248
1 380.384746 651.717041
1 408.039858 649.382839
1 406.652711 633.066539
1 395.472651 631.200161
1 402.283887 655.352194
1 402.351592 650.678890
1 411.733015 641.469493
1 401.110278 649.500800
2 409.899350 583.813836
2 472.503920 468.156992
2 638.136057 382.283967
2 337.238754 627.361551
2 514.384405 514.909617
2 567.767176 623.068481
2 531.947152 538.399774
2 515.624875 369.475080
2 379.458646 395.931238
2 603.739266 638.164720
2 501.170248 578.989438
2 493.003781 406.135317
2 439.302773 543.991638
2 418.523773 349.099599
2 385.689197 574.159636
2 360.650448 608.995889
1 405.744949 656.741969
2 426.457685 615.798370
2 345.015377 588.576741
2 356.119499 601.201816
1 387.213254 665.631090
1 383.884236 625.548958
2 406.109008 611.324058
1 391.090397 648.107260
2 362.074422 564.644021
2 449.175782 639.039135
1 421.530662 641.807671
2 376.510523 571.417004
2 578.885534 647.993186
1 412.954082 662.874120
1 374.192344 653.721920
2 630.270981 649.586255
1 375.565116 664.668722
1 398.437480 655.551121
1 393.598262 653.446461
1 423.126898 645.672876
2 492.836543 665.287218
1 369.958551 600.506014
1 451.661921 654.409017
1 421.228500 658.970705
2 387.530009 632.690033
2 550.389611 662.291883
2 374.056899 538.027457
2 459.957470 631.783172
2 406.378277 561.972600
1 415.525574 658.117840
2 398.326665 564.182662
2 412.191977 647.524775
1 465.751241 655.871057
1 420.342615 657.351922
2 573.143016 636.856929
2 378.556797 566.718450
1 392.139794 658.193033
2 420.971266 595.091014
1 450.023905 653.169617
1 395.110465 625.809690
2 359.817848 646.836401
1 393.211414 625.803635
2 428.160655 635.052279
2 546.868983 662.442242
2 520.880014 521.973411
1 427.470823 638.579253
2 356.489427 583.166821
1 364.121539 660.828647
1 400.060775 608.429963
2 438.247968 580.935954
2 530.878356 653.243096
1 369.301745 619.317857
2 402.223882 546.505078
1 395.634397 630.529842
1 452.723906 656.633020
2 389.410884 662.008438
1 449.637120 632.512040
2 519.163492 659.125090
2 479.342430 648.202341
2 495.544520 572.479339
1 389.667666 626.993018
2 519.413655 621.907869
2 427.816714 643.916696
1 336.385186 625.346751
2 493.206753 664.027804
2 383.503745 620.576547
1 356.688473 626.389586
2 465.487750 556.373871
1 389.536756 665.293823
1 345.793784 612.811096
1 467.436024 652.176389
2 461.320443 608.298334
1 411.668134 668.368042
1 592.269184 788.914880
1 569.393378 799.362321
1 575.479506 794.895237
1 569.629502 802.786922
1 577.599504 805.651019
1 574.622168 791.722488
1 553.192257 793.616418
1 549.161840 788.600295
1 576.378288 808.759825
1 553.858209 800.021254
1 574.470780 783.193272
1 570.978102 799.174940
1 576.423917 815.735739
1 592.906930 809.881322
1 592.085861 806.001343
1 574.647485 814.706093
1 586.486928 795.935543
1 590.387599 797.733528
1 577.335586 808.401524
1 580.041311 806.092403
1 567.753650 797.303679
2 577.914558 714.854242
2 443.770658 934.503837
2 574.700117 858.400583
2 642.694306 910.732831
2 526.803464 864.987154
2 486.398273 802.952947
2 339.589366 723.918474
2 412.598899 810.795338
2 382.367949 691.752045
2 408.423329 772.895511
2 646.125732 813.346760
2 473.722511 702.352219
2 542.324607 680.102779
2 622.243191 962.189270
2 583.814646 844.751735
2 616.138961 886.174952
2 517.396751 740.843291
1 384.356609 673.653590
1 377.560672 668.016191
2 609.055993 986.782787
2 514.176121 860.058705
2 534.389702 848.172360
2 581.191394 849.423226
1 374.288087 676.445674
2 493.698543 710.777832
1 544.642379 824.032297
1 561.692872 840.157162
2 588.472163 821.240247
2 504.162924 698.712899
2 517.699497 710.605308
1 582.687172 773.911592
2 563.149032 667.432229
2 496.999922 878.212445
1 479.902357 825.268185
1 400.205124 682.212002
2 560.338236 754.054026
1 531.604296 872.711805
2 604.822312 852.786135
2 498.968408 836.661642
1 548.183644 794.139267
1 563.450897 807.846793
1 583.865924 844.534665
2 446.432242 718.749657
1 623.147222 846.071348
1 560.698919 811.234774
2 572.154357 855.415490
2 438.926152 703.553181
2 426.636568 669.472161
1 552.110400 777.209627
1 392.173729 686.251614
1 536.484086 828.377365
1 425.166932 696.614524
2 558.237936 712.577986
2 595.332415 684.707796
1 381.099134 681.648095
1 534.181847 801.312689
1 546.546895 797.042293
1 584.178033 816.909959
2 556.034210 694.893072
1 588.418297 805.706190
2 623.683751 927.393657
1 537.880869 779.177491
2 558.725225 743.915729
1 442.415505 675.031367
2 427.951032 756.553411
1 537.814085 808.502205
1 390.792955 675.102790
2 548.023760 686.644662
1 566.518671 797.776527
2 591.637459 744.525269
1 589.869921 802.363139
1 524.208272 804.786839
1 555.419597 823.742214
1 590.677477 789.392601
1 615.304247 787.900544
2 541.313399 738.590127
1 579.724722 821.174344
1 396.836946 684.630271
2 422.120702 710.510337
2 553.596031 695.911029
1 358.629839 686.827655
2 523.913290 703.616136
1 542.076179 732.377503
1 578.790500 793.269898
2 540.732463 669.835928
1 572.117140 788.338983
2 430.870412 718.065576
2 625.191751 950.798602
1 615.316037 807.506145
1 520.290968 818.016246
2 491.542845 833.190609
1 422.300373 674.793358
2 340.835759 753.820208
1 574.930062 777.722463
2 335.822204 708.608417
1 404.358618 674.681209
1 545.363387 792.373623
1 377.968692 677.182190
1 541.798918 747.868457
2 609.601119 839.373397
1 441.108503 671.866968
2 464.347425 873.217443
2 352.023355 734.778322
1 357.123762 692.295668
1 601.415690 784.780657
1 363.840814 669.509890
1 602.341661 799.180655
1 524.613219 810.642257
1 571.509094 808.362723
1 351.232502 680.142582
1 382.803538 673.474872
2 522.340557 738.180631
1 572.304261 828.601571
1 560.156164 777.215105
2 455.745693 843.839903
2 611.466575 871.720496
2 511.664541 759.466583
1 564.098514 782.739603
2 492.148196 671.523559
1 357.492107 687.759616
1 570.365579 818.036695
2 583.301829 687.309354
1 557.944141 801.019478
1 427.267456 666.893502
2 481.601173 666.859807
2 578.349152 735.259054
2 560.258872 817.538464
2 587.151480 847.474096
1 588.435082 788.095498
2 536.589814 752.021312
2 535.014855 743.806687
1 594.450342 806.532702
1 578.118173 842.024436
2 365.817014 757.955013
1 353.838357 666.992004
1 508.151027 818.881906
1 614.709664 825.279792
2 508.837333 679.579319
1 620.380514 793.201710
2 594.127685 895.354119
2 380.147715 696.108649
1 354.917750 691.007476
1 547.416828 771.369293
2 435.845757 870.289406
2 562.249768 816.512653
2 582.371532 774.319766
1 563.040171 839.177919
2 557.018621 849.886920
2 535.016434 795.255886
2 630.075308 824.270028
1 346.620623 679.374697
2 570.294946 795.266341
2 559.141860 840.733225
2 655.476575 931.016492
1 592.004726 832.270167
2 609.094067 840.292810
2 611.643151 848.097263
2 652.249440 949.836843
2 529.013687 688.709632
2 465.204302 695.764472
2 572.971682 731.995508
2 380.196558 774.895806
1 352.037664 711.917099
2 451.842792 695.196359
1 569.832569 788.677526
1 371.695503 682.647608
2 538.678158 720.183129
2 468.051913 685.570173
2 533.246163 672.422309
1 600.213114 781.863283
1 376.483377 667.440545
2 630.124784 840.054605
2 557.011039 813.264198
1 555.505190 746.855543
2 529.856245 874.211596
1 384.922350 686.004943
2 583.600597 876.601836
1 388.079461 689.240291
2 401.867121 682.178349
1 359.792343 673.739323
1 604.744630 764.933380
1 342.469389 680.323614
1 426.854534 696.026761
1 600.398487 809.712656
2 551.676734 808.646461
1 549.749343 779.293989
2 510.506170 712.241186
1 825.323420 313.131564
1 817.333145 301.770809
1 830.429414 297.607845
1 824.995430 303.209579
1 814.043604 287.613507
1 833.030645 316.684872
1 831.667684 295.476292
1 834.044190 283.999700
1 819.691371 300.488439
1 820.776003 303.481807
1 807.626186 302.934711
1 802.061386 300.942897
1 818.328382 301.953430
1 821.461269 298.275657
1 837.939457 290.559085
1 827.960425 295.295719
1 822.190965 301.146311
1 822.031434 305.360813
1 820.400217 300.308929
1 824.072163 310.451970
1 818.762404 303.936763
1 832.419664 315.356267
1 820.978513 300.690964
1 843.686914 295.652230
2 666.798979 177.648918
2 722.194114 196.170142
2 893.464066 245.978228
2 967.740334 176.295514
2 896.554048 172.220755
2 919.808063 177.226763
2 777.515608 169.121337
2 763.118143 314.693327
2 830.285743 135.188482
2 801.264136 178.192910
2 900.574006 251.836751
2 721.232896 113.150164
2 850.339335 302.945682
2 955.189126 119.127902
2 923.431828 272.093459
2 921.373790 74.377634
2 700.217118 149.705557
2 923.879637 114.424918
2 799.230402 268.265659
2 725.838965 321.164163
2 826.266588 220.737925
2 942.296089 88.085685
2 998.183651 278.084384
2 992.212422 18.595498
2 961.750529 170.609145
2 747.794707 283.159653
2 743.638688 290.934731
2 997.285452 284.926989
1 818.424492 289.711595
1 839.059469 298.795859
1 812.333317 306.796566
1 832.406911 316.039000
1 825.953194 313.312778
2 999.103351 5.836293
2 825.146578 147.670523
2 985.124265 192.319493
1 786.049420 297.461124
2 981.957754 177.000680
2 754.326851 328.563202
1 777.552321 315.718029
2 839.802538 232.375620
1 841.147839 283.613660
1 809.117694 309.965354
1 786.776045 290.796442
1 791.874633 314.011168
1 754.286491 265.833730
1 818.236031 299.077106
2 950.271454 135.234423
1 749.612516 314.255027
2 829.669090 187.474035
1 840.736681 298.271076
2 889.193490 165.431956
1 796.367741 299.558273
1 850.195550 284.515916
1 783.759163 278.305523
1 802.982684 256.800457
1 833.580138 311.878738
2 781.955265 315.036890
1 796.291179 309.938619
2 730.318721 306.731342
1 791.021404 331.194507
1 773.457899 228.064601
1 819.542832 301.413978
2 935.708124 172.308272
1 826.475467 312.290464
1 805.696103 320.462615
1 857.383738 293.676171
2 672.560952 195.600146
1 803.034578 304.999565
1 798.923133 286.924272
1 836.254114 294.108288
1 876.100877 265.761605
1 768.319568 314.899873
1 829.711962 270.845805
1 849.487427 316.025691
1 816.316669 272.851637
2 744.482877 319.674518
2 786.448373 300.583995
2 810.921797 223.064104
2 735.917316 325.764990
1 839.405088 322.429640
2 719.038971 325.502777
1 796.291179 309.938619
1 867.375346 273.510664
1 809.130838 238.189351
2 763.454289 320.578843
1 834.944597 266.885508
1 873.336540 283.418483
1 792.349909 309.018805
1 794.968560 262.157912
1 808.438321 323.567824
1 810.543539 311.487681
1 857.874285 331.767212
2 788.764025 312.206766
1 800.998124 307.134126
1 865.772229 276.471982
1 827.739790 267.633643
1 778.564048 237.468152
1 826.600592 328.780071
2 808.662603 284.224407
2 946.013119 197.112778
1 783.626239 321.249649
1 775.889416 307.651805
1 809.501727 305.130400
1 768.430007 277.460500
1 801.823441 243.637742
1 806.190290 293.508275
2 924.822934 360.146150
2 853.461554 617.476469
2 898.600168 540.882315
2 677.775509 342.930127
2 867.559483 627.575568
2 910.013623 458.782088
2 968.121624 355.378469
2 909.437058 404.824141
2 921.326964 580.380160
2 977.632657 440.842494
2 720.361765 580.513346
2 772.892698 525.418582
2 952.169677 569.099599
2 864.808386 501.433124
2 922.861860 409.129112
2 757.961885 346.761935
2 921.044725 367.612915
2 710.275476 501.749901
2 821.702857 505.467745
2 776.185235 334.090394
2 735.357472 333.584353
1 829.061409 338.128558
2 773.515238 353.941325
2 824.795742 454.571188
1 827.967576 334.540415
2 760.657070 367.102554
2 720.877300 345.234423
1 818.281246 345.422098
2 746.903482 351.012699
1 857.784849 353.202320
2 921.622042 364.757672
2 765.286441 345.565241
2 762.210910 353.624982
2 725.338555 358.755510
2 727.771339 347.995312
2 817.317326 740.240759
2 728.193996 675.485181
2 676.107195 838.903866
2 906.207141 929.633314
2 981.902447 834.698518
2 761.362816 885.111847
2 780.253001 708.401185
2 806.801612 766.132397
2 674.667873 684.044003
2 700.528309 768.341237
2 680.872713 750.237994
2 683.911367 788.417207
2 697.651441 849.707680
