1 197.585379 68.536473
1 227.392955 302.192280
1 230.003390 178.856653
1 314.414491 210.164995
1 33.712336 314.647254
1 140.683214 156.090703
1 327.772860 137.490116
1 24.904997 303.394023
1 104.480227 300.510895
1 48.617216 75.470187
1 61.422672 151.633035
1 239.003649 113.693761
1 118.284728 190.161764
1 69.832090 331.992364
1 263.906661 32.168027
1 85.354037 176.337397
1 188.429640 110.722341
1 85.447888 324.330994
1 241.341109 212.649048
2 296.287722 49.767000
2 304.295869 104.174248
2 218.346695 214.268148
2 22.485585 138.729812
2 260.349239 159.039324
2 6.199062 263.813075
2 324.061254 12.367633
2 111.295531 220.133324
2 262.440707 310.060783
2 23.491015 238.615023
2 208.130459 204.658832
2 160.450556 37.472569
2 327.701120 223.464263
2 226.152450 34.390305
2 84.408012 75.818389
2 186.346612 292.779963
2 27.811361 294.507556
2 232.037100 224.366833
2 70.388703 330.014283
2 75.593692 277.491447
2 68.494765 61.885264
2 129.997594 243.710430
2 82.412880 141.234770
2 159.875039 88.026675
2 69.140203 105.949610
2 28.657664 4.273275
2 298.526617 264.681685
2 56.607664 307.899096
2 312.166270 137.625010
2 26.267607 21.270480
2 321.298975 54.299931
2 255.375288 185.264193
2 137.798096 85.510207
2 257.305561 246.432328
2 194.056291 39.014988
1 9.220961 116.102602
2 223.908751 177.104013
1 213.365858 191.604964
2 318.710928 34.973765
1 266.304435 88.603437
1 285.261407 13.981568
1 236.511480 74.732704
1 83.377421 232.551821
1 142.836264 191.986676
2 25.113789 242.977927
2 204.776524 217.968252
2 278.133625 232.901499
2 189.838351 192.717514
1 332.599248 205.694284
2 187.791512 228.275608
1 93.443492 184.353971
2 254.610415 174.102146
2 167.569529 324.059890
1 277.405506 220.879795
1 248.109000 49.733980
2 282.818734 173.891070
2 283.644934 165.381112
2 291.144146 215.464957
1 215.763632 248.040374
2 135.495699 238.930657
1 93.087354 171.413996
1 278.070624 56.645982
1 197.600860 151.261342
2 114.433700 173.955706
2 246.516120 183.803222
1 253.479120 209.697766
2 213.534968 1.085017
2 40.810003 325.465049
1 285.296333 66.703295
1 270.783190 64.625266
1 250.286923 283.315658
1 58.795044 497.863921
1 38.816802 662.589717
1 193.193735 378.532522
1 221.169798 380.067057
1 194.360526 412.161575
1 259.142315 558.966514
1 189.382456 509.944123
1 299.019580 518.467157
1 230.529024 558.307207
1 218.647039 658.015779
1 193.212425 450.287582
1 235.155047 472.810310
1 149.900140 516.909154
1 204.424429 617.270977
1 283.232829 381.018830
1 0.480891 612.236223
1 315.283949 603.734123
1 196.074973 595.980173
1 184.756866 572.805023
1 33.137175 649.557979
1 276.358118 413.278334
1 316.598961 383.804521
2 299.201049 449.494960
2 173.855350 592.209000
2 260.483380 481.198041
2 115.556649 362.056388
2 273.631074 376.147589
2 255.596079 399.658589
2 134.712736 598.533107
2 330.712272 586.209813
2 233.907174 613.206898
2 304.892282 625.772198
2 281.478477 407.085735
2 27.028763 525.779509
2 60.834130 666.560717
2 22.493793 578.740681
2 314.257561 665.376860
2 231.058875 589.727769
2 205.058867 651.079323
2 242.136558 463.384920
2 254.849018 547.807566
2 208.381219 581.376326
2 206.069341 333.801522
2 64.670478 522.482213
2 91.462422 610.635597
2 90.035731 550.198436
1 201.637820 359.502049
1 150.566735 472.803641
1 170.117227 402.917260
1 161.096245 594.740235
2 253.096518 417.528658
2 297.953183 469.687572
1 330.416246 509.994252
2 249.485246 389.949835
1 224.606387 494.300924
1 189.792600 483.161038
1 154.046562 467.398072
1 49.195564 630.723483
2 69.705543 383.308179
2 84.033917 489.173972
1 73.581973 637.863491
1 43.114523 390.378639
2 264.888268 569.633121
2 7.355482 572.968104
2 173.617161 655.105974
2 107.949762 581.899877
1 275.910347 468.248486
1 150.566735 472.803641
1 154.733118 445.776002
2 51.600923 526.311374
1 50.540581 366.721051
1 189.792600 483.161038
2 165.756886 469.583391
1 314.060533 532.802176
1 203.248076 343.067974
1 225.042483 389.105750
1 316.644699 514.736381
1 164.467591 456.517318
1 143.200675 466.799248
2 267.501954 521.110507
1 51.688806 335.836819
2 162.388892 647.150131
2 227.988793 422.434123
1 249.129626 346.492871
1 175.250936 413.248587
1 211.510971 433.446024
2 193.405155 605.569879
2 324.990804 468.290365
2 315.399930 652.465596
1 245.994068 480.360728
2 257.533289 403.270875
1 169.444744 456.224475
2 322.993288 452.960319
2 183.982772 343.242898
1 27.194992 634.868357
1 207.291133 412.828787
1 154.256596 697.091081
1 175.153870 719.705380
1 74.087412 798.805581
1 114.278012 944.504855
1 273.741613 784.874202
1 63.229111 954.847485
1 19.453530 890.267033
1 263.934164 694.517496
1 136.924088 691.493316
1 36.741120 839.077199
1 127.126240 953.447158
1 318.283908 854.352679
1 203.245367 953.596296
1 64.373245 872.201101
1 182.175276 940.294038
1 219.812535 708.683614
1 250.228455 871.586628
1 18.933626 746.526430
1 290.334198 928.099551
2 87.527853 892.257136
2 278.084093 919.242683
2 131.113662 912.742586
2 180.811485 721.035935
2 296.334759 892.508787
2 240.171921 802.840766
2 107.076504 909.006980
2 213.138510 672.667877
2 181.319500 985.091133
2 116.215981 692.181778
2 173.237317 928.117672
2 236.881243 788.766236
2 277.356968 681.089350
2 0.594326 910.431778
2 13.041661 803.003318
2 316.195059 764.532779
2 205.393524 890.153634
2 118.604955 699.130390
2 61.644076 900.865378
2 168.701846 780.767669
2 165.308361 678.683242
2 245.606666 798.682587
2 219.097761 795.967136
1 59.396232 875.353742
2 278.431830 902.822300
2 243.466829 816.639565
1 91.909700 755.703790
2 1.588887 851.401650
2 289.716902 902.900266
2 208.714405 998.603612
1 3.224971 867.301850
2 115.738537 898.184256
1 203.636530 855.224838
2 3.709547 957.534446
2 134.198684 892.309306
2 140.593425 949.862430
1 198.659517 858.377479
1 28.225438 910.059677
1 193.097704 842.604360
2 3.436120 915.815887
1 167.466250 862.016245
2 149.311460 944.771119
1 275.651338 922.718527
2 56.726656 956.013464
2 236.350022 844.927927
1 14.144907 928.159334
2 9.934175 774.809014
2 156.913948 671.347561
2 110.982157 689.223636
1 183.247878 734.083279
1 24.653123 941.428741
2 203.148162 966.405427
2 156.441568 923.187950
2 80.027852 927.739354
1 437.672608 243.588201
1 659.482798 27.387874
1 366.801041 295.120732
1 624.710932 4.766620
1 399.545331 170.074996
1 554.231944 143.679682
1 538.309617 284.726028
1 333.861333 157.776151
1 617.951880 303.828925
1 600.836980 316.081911
1 400.372799 10.856292
1 378.244299 230.097020
1 506.271850 286.688390
1 387.232029 36.243329
1 400.507023 34.230554
1 469.101412 153.836452
1 400.560107 254.793233
1 343.499290 58.704461
1 376.892342 172.228952
1 560.683041 218.215616
1 414.725986 88.442162
1 489.112664 165.513744
1 409.032608 238.411885
2 545.232714 69.819280
2 396.730953 108.485341
2 346.692532 131.045582
2 352.786408 298.573828
2 568.405990 298.771720
2 403.785010 190.942886
2 389.899839 75.260711
2 487.276280 269.425335
2 452.664790 48.360798
2 616.741788 12.729389
2 551.283602 2.600051
2 345.087822 55.576289
2 553.615903 138.542809
2 583.254824 9.354457
2 629.694619 226.715719
2 467.638588 215.260343
1 421.788753 259.472796
1 337.265281 321.941402
1 534.079376 205.812910
2 376.000570 104.087989
2 494.681101 180.680851
1 561.808474 201.180838
2 454.654567 39.430744
1 526.370642 179.664070
1 363.314199 36.117812
1 505.133435 229.919858
1 359.766248 140.492384
1 346.294506 255.620500
1 347.812939 316.878081
1 560.884568 170.283318
2 424.823136 23.787672
1 571.090960 190.152950
1 406.871411 307.344529
1 557.855821 255.487616
1 508.266379 155.720302
1 588.552813 190.390971
1 523.407622 205.903416
2 450.810850 169.646737
2 375.955001 28.482113
1 383.829208 202.811791
1 450.610986 250.489182
1 395.729228 68.303771
2 580.771341 234.048179
2 600.966315 225.360077
1 500.908092 221.893028
1 637.498084 274.590513
2 466.512735 247.683538
2 634.444300 37.301351
1 464.536016 282.946318
2 350.674034 157.648453
2 551.672522 58.886365
2 354.775325 43.204512
2 387.079871 12.695664
2 505.962007 123.983816
2 450.253587 227.676303
1 549.151025 247.949792
2 481.707715 27.568140
1 352.473486 19.753815
1 553.810393 221.074701
1 366.001176 5.858450
1 398.210861 329.312101
2 593.991063 34.596087
1 365.495631 191.234115
1 337.497819 498.309166
1 400.627405 354.314444
1 465.860585 497.771392
1 530.813643 627.469104
1 439.673418 455.271631
1 605.222508 510.639681
1 538.450583 385.941499
1 634.484924 386.131854
1 536.492319 547.066807
1 582.233200 512.266875
1 611.870395 354.925545
1 428.424631 359.832228
1 372.358615 528.288930
1 616.376797 646.466445
1 508.200340 343.851177
1 597.926505 594.775631
1 471.975369 344.255530
2 533.400303 599.213708
2 448.339665 568.537646
2 379.576731 453.259534
2 650.687050 406.399743
2 338.545480 618.229938
2 644.760365 509.502881
2 616.722677 420.477605
2 488.089405 503.064856
2 411.144280 406.662058
2 623.372161 468.380917
2 552.020073 656.825809
2 548.055822 583.751248
2 557.924016 394.976669
2 487.438303 384.154701
2 528.320052 391.491566
2 562.553138 558.126708
2 598.103253 453.918760
2 475.160978 406.484023
2 398.533265 589.718275
2 540.981224 355.940442
2 662.607590 345.115221
2 661.459515 610.136697
2 453.088858 363.393907
1 389.817094 500.378306
1 443.508754 347.038373
2 406.630275 596.839719
1 643.505073 400.836260
1 595.335379 663.169563
2 547.538447 453.833527
2 594.990965 547.558722
2 523.787200 382.169242
2 545.767220 396.207281
1 621.977350 656.833095
1 444.663873 515.184845
1 503.861673 573.473947
1 420.796441 339.801665
1 339.975594 510.067406
1 595.929369 562.266417
2 659.744582 633.897046
1 639.297113 563.256825
1 402.945420 503.627075
1 581.185776 568.344318
1 395.119209 340.633017
1 630.786503 345.342140
2 593.958028 432.663785
2 527.476128 356.718932
2 481.324291 604.710234
2 561.421822 349.843507
1 522.763083 345.805104
2 622.879507 482.333820
1 388.517805 540.479628
2 565.647638 483.448786
2 415.813769 565.750855
1 519.339281 739.861842
1 595.691517 676.109538
1 450.262727 972.000762
1 514.578574 810.166524
1 573.766390 747.255712
1 631.519930 765.158865
1 372.598587 849.859184
1 489.580713 845.742489
1 534.212399 935.118961
1 632.818256 867.544517
1 445.027406 693.433344
1 514.116324 880.708123
1 560.013102 804.072625
1 526.179331 995.142182
1 540.790254 809.096258
1 583.042329 701.874352
1 397.046499 880.540643
1 412.347251 890.888053
1 635.012244 862.428616
1 635.301028 902.354209
2 358.843302 932.203177
2 486.158226 701.801227
2 459.009833 947.583832
2 387.540374 943.278405
2 510.628871 687.380767
2 502.008098 803.772595
2 658.978667 687.662515
2 376.102059 924.033618
2 410.316333 800.393337
2 501.907144 883.835943
2 465.223297 959.861419
2 372.024948 827.011581
2 510.447942 846.363111
2 557.632724 776.662259
2 479.682360 718.267100
2 586.682614 740.667829
2 424.326101 922.616785
2 573.949316 771.258111
2 432.330753 767.295837
2 647.750576 935.049148
2 634.725527 904.321227
2 490.173772 705.255456
2 345.161844 771.372761
2 492.872069 763.559999
1 636.014846 901.029010
1 538.101642 791.243178
2 651.749661 894.422437
1 612.264971 759.093865
2 640.303623 837.833016
1 415.070345 893.088991
1 382.348551 957.668965
1 495.718947 840.141201
2 503.980840 715.229541
1 505.506162 764.625740
1 583.017961 671.705545
1 346.242391 945.294581
1 595.905822 800.317872
2 590.219377 819.683830
1 614.306713 921.405537
2 510.585002 673.178591
1 499.882541 736.702121
1 440.694527 683.741560
2 561.040222 671.530215
2 382.066521 927.059482
2 529.298087 784.731400
2 383.689295 931.422386
2 411.070306 906.731434
2 519.389427 683.232949
1 559.745262 809.575816
2 525.230365 739.302483
2 632.559527 882.291579
1 622.435973 863.639229
1 373.697870 844.533917
2 657.802357 861.253045
2 627.693328 774.190585
2 479.147245 908.316762
1 412.869549 898.178130
2 400.465844 811.062013
2 467.483737 878.582200
2 563.226177 672.218219
1 457.873302 712.090491
1 946.685645 109.988788
1 827.422182 105.188145
1 767.907736 98.066569
1 917.625834 122.586314
1 900.365892 54.065705
1 788.971267 268.132435
1 974.755801 146.535561
1 691.561735 314.308697
1 980.420592 68.781357
1 672.372467 90.696022
1 841.535291 300.881902
1 848.896776 101.239247
1 983.302944 111.420018
1 857.788573 22.876179
1 778.319062 153.347837
1 727.528044 274.202015
1 799.138123 243.896612
1 679.509416 176.519714
1 839.545475 84.013812
1 866.157609 248.868468
1 980.670262 100.503480
1 928.259221 68.468331
2 761.223703 188.258693
2 825.531417 308.638669
2 722.519278 299.405164
2 822.344151 161.353950
2 802.479489 279.875984
2 712.757922 330.332361
2 879.787301 294.005986
2 785.736209 193.188338
2 670.936081 239.491144
2 803.246346 171.690774
2 980.532567 95.485614
2 893.840095 186.712941
2 963.742458 276.499814
2 832.603590 18.087352
2 804.450220 289.370520
2 837.232900 322.303772
2 931.047050 81.067241
2 748.202896 54.657703
2 985.729523 320.669806
2 893.714932 139.460270
2 752.627736 165.661173
2 772.732596 169.926988
2 941.315398 214.493748
2 816.082470 305.541923
1 877.099594 315.483142
2 712.360795 267.765815
2 745.670976 155.415914
2 774.722934 208.051846
2 950.197716 80.518825
1 969.346497 274.840194
2 706.453199 255.578077
1 808.991026 264.910889
2 792.780069 275.163243
2 999.216227 267.178498
2 790.589413 240.593474
2 690.368424 192.850243
2 905.055220 311.248752
2 922.640464 234.034186
1 813.913720 87.619294
2 771.132905 221.065031
2 970.829961 238.338529
2 854.607732 290.785740
2 923.282667 264.412305
2 707.555267 219.735348
1 777.325246 330.182091
1 823.229424 60.020302
1 772.831372 294.467743
2 820.873145 267.281212
1 897.060344 547.312910
1 735.501662 492.877225
1 788.146643 665.920776
1 772.921251 442.633022
1 933.083970 644.164863
1 818.778591 659.622318
1 785.529985 378.422290
1 793.020601 467.315333
1 996.085707 409.312371
1 795.199957 354.587125
1 849.637310 379.541859
1 739.893326 519.316578
1 969.534941 365.967606
1 927.313567 450.265303
1 820.994823 456.586847
1 689.472887 423.828622
1 832.153658 388.326459
1 739.328962 440.117238
1 973.331642 581.856048
2 935.966839 653.051092
2 888.106214 369.840557
2 927.315655 378.736469
2 683.668105 524.249998
2 761.356937 492.751501
2 691.004191 582.766931
2 828.378831 474.763314
2 848.086646 586.213854
2 778.108954 615.200695
2 732.608011 515.422528
2 879.844751 592.811505
2 735.073520 632.649006
2 896.992502 567.010741
2 751.724726 452.877944
2 697.186770 591.876354
2 816.502501 606.469002
2 902.932218 421.229533
2 847.001362 465.017461
1 738.730052 494.940637
2 845.865113 571.487093
2 919.136457 576.640093
1 895.373666 461.970014
1 869.925463 464.375115
2 941.882800 351.586892
1 799.547823 347.904880
1 980.152318 394.355015
2 864.775319 374.509532
2 751.188515 382.635259
1 972.823429 361.248780
2 712.278175 354.840008
2 905.750729 427.010261
1 707.051285 563.610986
2 862.478914 587.517357
1 814.094096 370.209415
1 717.106385 422.394449
2 976.800341 334.633768
1 803.398485 408.278748
2 724.670171 506.962274
2 887.196556 588.344804
1 808.407883 388.063292
1 735.850214 635.215657
2 896.945461 562.807593
2 912.177344 372.963892
2 785.264164 536.070965
2 857.792484 377.874955
2 699.246086 335.246025
1 963.080265 363.919603
1 730.044763 429.295430
1 715.997357 453.604153
1 675.406978 477.028189
2 747.482872 500.075912
2 782.902914 357.670317
1 818.843501 903.990710
1 777.875427 961.349815
1 784.662348 807.976081
1 713.883973 681.871294
1 698.351632 832.887170
1 884.976513 967.340616
1 776.948956 925.669527
1 985.729791 736.182174
1 705.506024 782.124510
1 752.682000 760.811311
1 991.276271 928.139018
1 774.961623 824.542234
1 742.257953 755.718707
1 948.075843 711.627920
1 790.947674 667.164776
1 729.567595 828.907751
1 992.452014 887.245723
1 973.469796 973.959822
1 984.950837 781.143714
2 711.178231 902.302355
2 955.729005 752.378792
2 688.667302 741.599192
2 851.580954 973.453359
2 751.369956 730.967509
2 961.570173 672.819592
2 828.199575 803.765985
2 730.353121 806.652293
2 851.828095 829.326335
2 670.284679 670.533588
2 900.559246 691.848082
2 673.480700 875.861290
2 853.446083 923.633050
2 673.207273 834.142731
2 856.656702 964.172960
2 953.599449 962.128122
1 893.222926 763.517412
2 836.404436 929.200191
2 689.925274 752.284740
2 973.866539 785.440224
2 737.289840 915.530831
1 792.461274 800.566259
2 834.670548 957.578374
1 998.173856 947.143044
1 813.753197 862.825765
1 702.049552 734.097586
2 673.660548 859.279970
1 780.609559 804.264285
1 775.151952 676.529318
1 983.788176 741.050269
1 999.901221 936.219343
1 995.948291 942.523312
2 769.159993 732.945360
2 777.217881 709.922598
