1 202.078525 179.315206
1 186.819888 180.064576
1 214.176846 164.074055
1 182.952212 174.534474
1 206.669392 164.939290
1 196.768541 177.505941
1 204.328503 189.087506
1 210.958168 179.125455
1 211.836927 174.842533
1 189.331589 163.877402
1 203.527437 163.832954
1 193.067098 161.343859
1 199.534577 179.521387
1 201.970054 177.160632
1 209.442568 186.467994
1 180.724814 194.967207
1 203.531713 193.973627
1 193.107182 173.501593
1 196.032144 186.401373
1 216.060535 192.472274
1 198.853969 176.148251
1 192.250519 197.907028
1 194.037276 181.435106
1 199.799649 178.648621
1 181.725132 173.312320
1 183.153069 197.091140
1 188.637822 183.889312
1 189.229870 181.374885
1 199.026631 174.339036
1 190.123317 178.772194
1 211.479674 193.053529
1 201.737982 180.358956
1 199.410362 165.275356
1 200.678000 184.928028
1 178.902086 190.791062
1 199.439138 173.536568
1 210.518514 165.218820
1 201.121318 185.842062
1 185.497611 180.646397
1 198.505473 182.127880
1 182.344040 172.955946
1 194.792092 166.717099
1 186.702925 186.835629
1 203.281993 182.508794
1 215.404842 195.972708
1 209.131122 169.530986
1 205.148379 156.622375
1 203.190361 193.766879
1 201.587909 182.185522
1 210.067252 172.806962
1 231.388028 165.542653
1 199.407753 153.007902
1 176.057587 186.782984
1 185.816668 205.588191
1 219.767721 168.230667
1 193.544653 181.284484
1 220.551725 202.839623
1 217.512905 198.342219
1 209.608213 201.710073
1 185.843287 221.529002
1 179.716373 153.532008
1 161.905866 230.933991
1 207.330396 208.505454
1 194.764122 192.376717
1 209.893908 127.185167
1 212.022914 139.877236
1 160.302827 214.242414
1 222.421000 133.114032
1 203.938971 169.782831
1 172.120018 162.139555
1 192.839188 201.249218
1 194.239364 249.268964
1 146.875206 188.623700
1 163.332906 199.838508
1 167.104308 171.065438
1 167.533540 188.190437
1 163.999592 188.544882
1 163.074706 209.220164
1 211.445839 184.679274
1 187.197394 194.351635
1 182.895115 110.873600
1 155.875466 193.074892
1 174.872982 136.326127
1 194.314066 171.027454
1 211.948486 173.131629
1 183.932860 225.733430
1 206.045121 186.952440
1 219.433903 198.150007
1 196.637585 172.036004
2 59.664177 453.414726
2 50.576305 436.787278
2 58.482343 434.984402
2 51.425367 440.837784
2 43.175214 434.119097
2 75.720087 415.002922
2 58.804816 428.815023
2 63.347146 425.863559
2 60.732494 408.726670
2 72.406240 438.663397
2 68.614963 418.307461
2 78.024736 442.886722
2 67.604440 409.186050
2 50.591738 412.758446
2 64.626408 427.958435
2 74.532559 427.224107
2 45.398665 416.726962
2 56.673980 431.836704
2 64.811656 413.906890
2 39.766784 432.656259
2 54.629899 427.696813
2 39.445893 422.065107
2 64.010856 425.553187
2 59.602518 430.313672
2 64.184752 413.590620
2 80.182577 438.192942
2 70.931752 442.930283
2 61.246465 421.775181
2 60.792721 428.363508
2 61.668450 429.694248
2 53.810192 419.722364
2 56.705041 425.612133
2 56.175670 411.315359
2 63.494198 428.757342
2 83.436392 431.710276
2 56.345963 431.619136
2 62.089104 430.141319
2 43.408837 443.731623
2 62.548742 428.029501
2 65.727367 424.865274
2 71.831915 415.201987
2 61.552714 420.683760
2 54.176240 408.216230
2 54.332525 422.651007
2 65.391002 431.691994
2 45.589576 434.050779
2 63.955935 438.324871
2 40.333242 444.457525
2 47.776520 438.419990
2 83.859896 425.730642
1 321.230989 640.798696
2 68.012335 438.880383
2 63.610499 437.797150
2 63.004315 420.600847
2 80.526948 458.498944
1 317.154327 584.201260
2 72.007495 407.085037
1 137.580917 790.113407
1 154.195366 773.573497
1 148.767415 779.060031
1 148.218661 777.629893
1 139.421185 798.342218
1 138.908182 789.084680
1 146.418749 784.457072
1 160.131038 787.909778
1 150.308837 780.140365
1 157.117436 792.632554
1 158.460107 771.246079
1 146.027089 803.146904
1 157.586055 786.824144
1 151.165851 778.942263
1 154.737368 774.207855
1 153.580006 777.188003
1 164.555545 789.736037
1 150.928066 781.749938
1 161.261873 761.410870
1 149.508251 763.863873
1 144.243613 785.552113
1 163.909595 777.338638
1 146.093343 790.984559
1 136.628337 785.524255
1 140.338804 770.199865
1 135.578839 792.133503
1 135.556030 777.083723
1 153.267474 780.133094
1 150.762099 774.299002
1 129.636304 786.653029
1 147.859911 793.014543
1 150.481933 780.709372
1 130.425149 772.329319
1 147.324617 770.897743
1 165.789670 780.267917
1 170.979326 792.811980
1 143.297630 795.898551
1 154.225798 768.676333
1 146.283493 780.222102
1 156.864742 796.891839
1 161.861036 758.807051
1 128.360333 771.670554
1 157.033526 783.322430
1 154.356766 782.354495
1 171.076966 768.126136
1 149.792901 793.426537
1 155.137713 786.289303
1 144.477388 777.595097
1 165.961065 763.317471
1 160.573092 762.600482
1 141.125301 740.581953
1 186.462509 737.637053
1 164.302498 821.091328
1 156.929306 798.461438
1 157.002850 730.935208
1 308.404806 694.405891
1 151.483343 767.537047
1 98.793467 770.026895
1 176.085331 827.714724
1 159.981445 779.334171
1 154.562198 763.076792
1 114.081977 733.099807
1 113.626280 781.305243
1 173.915949 774.370519
1 134.180345 809.862978
1 161.626540 770.371559
1 187.667094 812.544123
1 141.665420 728.617310
1 176.547975 763.175676
1 138.768999 814.166460
1 149.160084 777.344437
1 152.840576 845.844776
1 158.366008 794.539425
1 230.163465 781.516308
1 182.348957 801.814557
1 177.355022 838.902854
1 159.771649 797.272408
1 184.338049 806.062825
1 209.569279 812.847334
1 177.963443 804.192556
1 199.827950 812.849866
1 185.979586 758.195633
1 172.241807 742.462390
1 201.642079 790.141945
1 180.141471 809.582679
1 139.932784 771.744088
1 165.894281 820.129852
1 163.364496 782.812892
1 177.855610 781.616140
1 170.188862 764.287023
1 205.149231 758.770176
1 167.217527 817.250883
1 150.730734 827.639252
1 149.915237 785.045402
1 123.855570 763.857531
2 499.585782 134.991032
2 484.248733 151.095240
2 487.072859 134.072046
2 483.869978 133.688808
2 506.632547 149.885286
2 492.965995 129.845313
2 518.370217 137.655406
2 500.372290 132.347817
2 487.886167 155.139001
2 493.720714 134.765195
2 500.592111 143.538737
2 509.219396 138.393067
2 509.805614 158.859363
2 494.685072 156.280964
2 516.707945 155.811111
2 493.952420 155.236588
2 512.198795 143.865391
2 498.891104 142.434045
2 503.031665 142.810787
2 503.838197 164.691625
2 482.063822 143.746553
2 496.084056 144.129262
2 491.287710 130.238975
2 493.997559 149.054409
2 505.718363 140.086895
2 516.354893 141.664266
2 492.726283 160.391446
2 497.273132 140.416961
2 487.985610 127.781588
2 480.665799 140.519273
2 491.863470 139.404843
2 484.169628 124.939385
2 500.296424 143.208910
2 502.431803 130.208756
2 488.163780 137.309645
2 507.653555 163.648638
2 490.172815 141.775291
2 497.665782 137.406016
2 504.235634 136.967520
2 507.121802 126.362128
2 504.037112 143.205893
2 519.923327 144.451390
2 507.237126 134.154348
2 495.384363 140.921447
2 497.827101 132.321328
2 520.065446 142.572758
2 485.296409 121.877189
2 495.878229 119.440463
2 499.532163 145.276059
2 486.023560 139.868389
1 414.159271 654.484542
1 396.965906 656.429721
1 409.232629 630.668999
1 407.023245 639.978443
1 393.944144 650.141133
1 399.197276 650.149638
1 405.431374 649.333913
1 391.300101 656.779568
1 399.486811 646.725757
1 400.259023 649.944374
1 399.088965 649.256337
1 395.487644 652.575963
1 399.326209 652.158784
1 411.968041 650.520766
1 398.848586 635.686138
1 391.609420 665.205160
1 408.133576 630.837110
1 399.173399 644.191207
1 409.607785 663.929181
1 389.841955 658.005263
1 400.774781 650.308213
1 399.641320 649.664334
1 400.950645 653.944074
1 396.906714 642.965381
1 396.371375 649.914623
1 381.955513 645.056636
1 398.298446 654.480653
1 405.424793 638.575822
1 381.367666 653.613494
1 410.397212 637.327155
1 398.660293 649.819049
1 401.354440 647.757411
1 390.971265 647.465206
1 405.861198 641.062399
1 398.602001 647.378318
1 394.385557 654.002274
1 393.340697 642.555826
1 411.539163 654.654595
1 401.664526 639.774492
1 408.226809 628.395687
1 395.338749 637.154486
1 403.421915 634.225238
1 415.984239 646.909203
1 399.215922 650.971434
1 423.036678 654.281203
2 556.654560 492.168320
2 566.327921 479.929622
2 559.645556 478.749257
2 542.108217 474.036524
2 559.685605 487.433473
2 563.369408 490.282628
2 573.381410 471.477110
2 559.161220 474.688788
2 557.486451 481.565274
2 556.840378 498.166857
2 563.704203 473.647680
2 558.252617 486.808067
2 558.899972 479.781194
2 548.343974 488.373185
2 559.745212 479.979779
2 569.635254 470.297255
2 565.753896 479.453980
2 547.504747 473.173566
2 568.280122 458.401332
2 552.993692 480.154732
2 536.452940 475.645585
2 545.797056 473.774194
2 567.445625 494.042759
2 562.460124 483.713340
2 543.069621 483.761617
2 558.284391 476.821103
2 547.655082 458.294657
2 561.074381 495.485274
2 563.167474 480.654356
2 566.168079 497.857587
2 557.684401 461.115869
2 552.590856 490.349685
2 560.512513 470.929234
2 563.243376 477.289553
2 542.971177 465.114985
2 544.830961 464.668945
2 553.586758 461.895545
2 564.947799 458.268381
2 567.193653 481.763242
2 564.631733 472.059136
2 559.099342 479.038836
2 580.142647 476.366680
2 565.634408 455.665149
2 557.992754 503.939145
2 580.160206 485.271098
2 564.291244 478.719299
2 548.831643 495.501298
2 544.664903 471.243575
2 545.146850 474.591171
2 568.669514 482.475636
1 452.933318 647.386346
1 343.177208 621.950357
1 391.926002 631.990208
1 428.642085 638.806582
1 408.558545 637.784858
1 354.385675 642.627939
1 446.296782 658.615515
1 379.406882 647.439920
1 439.601029 646.566855
1 473.954017 647.756254
1 364.674959 589.526125
1 411.158811 659.702663
1 375.297179 662.929710
1 417.727097 663.318270
1 379.099079 633.061442
1 354.420060 621.245632
1 361.775567 622.575330
1 386.573106 651.782166
1 366.036213 643.877879
1 390.282771 615.652659
1 430.235443 650.224015
1 423.058728 616.113087
1 423.758462 634.398605
1 389.467240 543.583755
1 407.289155 647.392179
1 400.771688 645.778586
1 406.547640 651.961192
1 392.114856 668.457714
1 394.954126 674.308099
1 410.850476 670.035768
1 395.577588 668.116983
1 394.221399 669.527537
1 575.661683 787.109299
1 554.016372 799.904415
1 581.751516 787.336215
1 566.340280 801.260464
1 570.123937 800.021367
1 591.474880 793.367133
1 567.376086 804.549630
1 560.549366 808.971070
1 587.251436 782.693528
1 587.747347 813.579480
1 583.242380 791.272099
1 572.751738 801.405733
1 552.745377 812.852118
1 564.153244 803.367135
1 566.634687 799.764181
1 569.401358 802.703440
1 581.768991 798.964816
1 572.759855 799.243772
1 577.898006 790.170492
1 574.622078 798.789140
1 583.571398 807.125762
1 573.053080 813.579015
1 584.509425 787.087501
1 572.145453 786.877142
1 574.188549 798.183811
1 555.463841 818.504065
1 589.863390 791.962140
1 560.629967 802.699365
1 568.084256 806.421477
1 556.173005 808.304817
1 572.362892 786.040284
1 569.348468 803.664456
1 559.722450 798.231480
1 554.189676 788.492689
1 565.268759 792.765162
1 570.431892 804.553449
1 553.812317 802.677720
1 566.122417 793.535738
1 556.450136 801.912863
1 558.457108 801.771453
1 553.909713 813.565870
1 551.165307 798.782531
1 588.384833 811.338194
1 564.321143 806.739449
1 563.309108 788.919077
1 546.552111 799.804377
1 578.038975 812.878854
1 570.841369 788.925269
1 569.494965 799.816144
1 577.269699 796.321275
2 389.538227 833.879714
2 402.161750 844.896420
2 378.960659 833.429814
2 411.442228 835.670410
2 409.237313 811.380150
2 399.890100 830.041025
2 387.390942 851.011779
2 400.025746 809.960347
2 405.207302 850.738799
2 397.114311 827.173351
2 397.580039 831.068220
2 401.636197 813.259206
2 401.312932 830.117661
2 387.290173 814.781166
2 399.712033 820.898581
2 402.382769 830.642689
2 397.509522 816.278095
2 411.152661 844.794265
2 395.711069 837.208026
2 390.150597 825.066402
2 399.501159 818.059710
2 398.257724 839.003859
2 376.583223 838.678080
2 382.307555 837.874612
2 416.083383 812.282884
2 385.918454 817.639902
2 412.266138 813.407596
2 399.456228 830.895849
2 413.065501 846.807698
2 415.642324 835.764118
2 408.008256 824.890422
2 390.094158 829.951194
2 398.878255 849.165779
2 401.366324 848.649844
2 401.175089 840.522349
2 399.819838 837.191383
2 405.832256 845.406995
2 398.449407 821.013905
2 402.179150 831.091748
2 405.133892 836.167852
2 418.329704 828.496631
2 400.384027 826.575821
2 391.501291 844.196585
2 402.664223 816.254259
2 404.526549 830.470441
2 402.357607 815.581699
2 393.088402 831.176945
2 397.917414 854.296024
2 388.306593 841.258806
2 382.629465 844.753000
1 543.983360 802.485825
1 587.684359 804.609237
1 563.135818 839.885662
1 593.083870 830.985850
2 377.630240 807.932562
1 551.247013 808.770778
1 553.861585 801.591954
1 546.897882 750.893814
1 589.346777 798.823154
2 419.710104 781.588343
1 395.424718 671.521166
1 365.938177 675.202015
1 572.887834 851.614866
2 357.969307 780.413346
2 378.993406 837.103190
1 531.959517 795.449533
2 388.825520 794.981608
1 408.654676 673.922344
2 460.223942 838.666512
1 583.169336 735.097917
1 609.185925 828.218425
2 397.756736 824.178494
1 578.964514 838.761106
1 581.431742 778.992921
2 386.954557 819.548326
1 535.547405 788.258893
1 422.697230 668.879023
1 601.832097 833.310974
2 410.833803 884.045906
2 376.793443 821.163383
1 497.542223 788.605767
1 554.590429 767.398632
1 567.703207 792.994489
1 596.493903 882.461397
1 597.168765 820.461145
1 430.774206 674.276915
1 596.136406 777.079814
1 565.907109 851.323839
2 373.335103 786.957131
1 550.912767 802.580113
2 381.861598 789.094892
2 416.464213 904.823007
1 558.214816 801.586958
2 378.024707 846.636789
2 423.563983 857.596333
2 362.308591 766.390462
1 556.594628 763.405792
2 367.098587 764.718848
1 586.735876 793.236696
2 369.353331 804.415351
1 489.938204 691.982421
1 568.201610 839.369251
2 386.616288 791.744494
2 440.388165 810.001720
1 556.498711 768.963199
1 608.305686 814.289093
1 568.157869 757.938073
2 347.467047 856.187256
1 614.818811 837.112458
2 396.168078 849.049774
1 610.450256 824.002141
1 559.220292 799.108983
1 382.439618 694.606286
2 402.836594 795.387288
1 616.448527 730.168794
1 541.060624 775.390517
2 369.456155 807.855655
2 415.178120 797.938269
2 398.406631 769.895034
1 573.341470 784.168799
1 575.055190 829.499788
1 822.570945 295.209373
1 796.388864 306.657840
1 821.036917 304.551643
1 829.830806 294.046739
1 821.918281 286.535242
1 827.008361 306.982318
1 819.703925 311.468283
1 819.562622 309.232983
1 802.629404 300.577595
1 839.125300 303.166866
1 819.550908 293.675277
1 823.128751 297.453261
1 816.029020 288.743721
1 823.478148 298.508401
1 821.751465 291.149601
1 818.087407 302.558102
1 815.426318 276.391480
1 825.283169 296.602609
1 818.450751 282.660983
1 820.312877 300.045297
1 819.187439 300.062221
1 804.173060 292.202385
1 820.927539 293.228590
1 822.934482 292.983958
1 828.970412 303.746897
1 820.841994 316.170513
1 815.418058 296.885520
1 819.024018 294.624643
1 831.099042 306.238499
1 818.992631 313.060734
1 819.454788 297.964086
1 839.922837 300.968418
1 814.089782 286.227806
1 814.952164 321.010370
1 825.252307 296.898763
1 803.852044 302.353583
1 809.983797 301.390875
1 823.426854 290.314283
1 799.510615 313.051670
1 837.694861 287.564907
1 831.735188 292.686087
1 805.251090 281.217554
1 834.640377 300.015460
1 819.206725 279.764840
1 822.409595 321.539671
1 803.484546 312.865743
1 821.588987 277.873229
1 817.297562 303.155753
1 814.325253 299.945888
1 826.184956 286.264424
1 850.935783 269.844984
1 840.037974 280.245968
1 788.732158 326.639143
1 843.728982 297.203413
1 804.645911 276.454395
1 768.262136 277.902968
1 806.888806 245.760693
1 856.424596 332.278234
1 819.844819 294.696458
1 830.553251 282.186667
1 803.492296 301.430499
1 870.311343 305.726940
1 821.280946 295.916680
1 810.462007 269.332855
1 794.706443 299.376391
1 796.625807 241.636738
1 791.726441 284.918275
1 824.013342 280.039319
1 821.689489 300.465798
1 885.067570 282.154660
1 756.024290 320.655320
1 838.280578 323.339867
1 807.405854 264.125706
1 776.028157 295.935252
1 815.308070 264.991733
1 815.865036 297.325868
1 807.140156 290.001173
1 781.871039 227.734621
1 844.625977 289.897549
2 840.676232 608.621616
2 852.475574 633.410839
2 846.066883 625.840064
2 851.954105 627.968782
2 854.026035 648.220403
2 839.991632 615.530566
2 853.077069 632.163393
2 838.369887 634.561641
2 841.955730 613.519406
2 866.584727 624.813974
2 828.963805 622.449259
2 852.416090 642.763955
2 837.016986 614.694498
2 840.738615 643.357703
2 843.478089 641.697435
2 838.721206 644.038280
2 863.400528 639.149061
2 859.753973 642.335668
2 837.233535 635.162835
2 853.881323 619.546542
2 850.632442 625.157595
2 853.359522 611.015333
2 850.418268 615.658842
2 858.067359 619.559308
2 857.351504 643.163369
2 850.318600 639.521488
2 835.521914 631.914579
2 831.556330 614.604932
2 850.077215 631.957816
2 856.027421 643.177058
2 852.373098 634.690302
2 851.245743 630.290808
2 836.293860 616.051164
2 837.884820 636.400251
2 853.265255 626.674026
2 848.812040 628.612968
2 850.192135 635.737483
2 854.054095 633.278565
2 849.995893 630.763458
2 846.559716 642.299393
2 834.979246 636.262926
2 855.763583 644.513919
2 846.730506 607.687930
2 856.436795 633.342058
2 852.717873 632.804110
2 842.090755 638.151091
2 850.444308 630.218780
2 850.868218 630.077384
2 841.498960 633.550477
2 831.691895 631.432495
1 848.690784 337.217225
1 832.580112 346.022066
1 832.961204 342.935915
1 744.548561 351.410862
1 825.280683 360.288512
