1 199.269705 173.437265
1 210.114308 186.948301
1 205.196307 190.114481
1 201.889364 166.244283
1 200.028815 178.904122
1 188.380839 167.329228
1 212.278736 161.253949
1 212.483211 172.490510
1 195.050289 171.076614
1 203.705688 176.662764
1 220.372450 167.082820
1 191.860712 185.192797
1 199.578806 182.418145
1 186.174945 200.079040
1 180.475691 186.882647
1 204.553109 188.063940
1 220.977149 175.115079
1 196.939850 198.505773
1 199.999612 180.015226
1 196.346362 175.409721
1 193.785615 175.874331
1 198.891638 173.225857
1 186.504118 179.103378
1 180.106523 173.681083
1 212.387992 187.255458
1 209.544623 167.571960
1 181.902077 174.280506
1 205.334414 178.161422
1 212.620355 185.058393
1 188.913952 189.585743
1 204.101071 172.079548
1 179.717881 187.837870
1 207.066242 193.777773
1 214.856571 170.711981
1 184.536981 177.049929
1 184.258736 186.863044
1 194.252804 187.623283
1 201.516642 175.161366
1 221.555916 184.444234
1 209.057956 178.535843
1 198.418725 169.288476
2 147.719864 139.178096
2 171.706898 110.554810
2 245.197685 60.614106
2 294.372177 189.389279
2 247.747488 300.629079
2 123.511157 300.565481
2 318.756259 57.705115
2 240.868928 171.431778
2 6.988644 146.061295
2 89.577762 289.336909
2 225.903249 289.597707
2 18.138077 109.929903
2 198.110545 10.437739
2 246.814734 268.601933
2 31.140934 115.490686
2 114.672760 10.294318
2 140.521718 239.398896
2 87.105782 18.602916
2 203.383335 10.801702
2 260.918034 203.174522
1 183.341752 182.126429
1 141.813687 170.808117
2 277.107428 272.155353
1 159.187509 228.319637
1 216.717723 197.467471
2 299.334080 306.655939
1 216.900864 149.798173
2 200.959696 109.267916
1 165.471003 179.641113
2 251.591544 257.751641
1 185.512752 204.597341
1 189.850885 156.177294
1 231.545137 190.568910
2 122.393852 134.725450
2 265.461180 258.178502
1 222.795765 135.107932
2 290.201534 294.282087
1 196.743577 162.661506
2 127.237128 145.687059
1 198.242992 161.932905
1 129.501914 190.822778
1 232.902328 157.893995
1 217.639969 106.727395
1 212.476368 207.544013
1 204.396597 206.138086
1 149.217445 227.864617
1 206.051316 141.498077
1 200.927642 146.627847
1 211.941163 189.218497
1 226.338964 220.581272
2 238.622908 326.163803
1 204.654268 171.425250
2 186.353242 130.311827
1 186.381243 174.412446
1 211.499023 191.995418
1 113.493214 214.806326
2 308.285076 297.321898
1 151.639238 186.192939
1 157.434171 162.015396
1 241.219298 171.546513
1 178.637893 184.945024
1 158.434909 127.206863
1 181.682954 173.600059
1 185.312877 174.153849
1 250.773083 160.992762
2 258.214131 289.004081
2 170.829009 65.935526
1 256.370302 214.722662
1 204.797921 203.523073
2 261.432374 55.766483
1 236.170934 151.532445
1 176.980446 211.189990
1 138.768654 223.844104
1 218.328174 154.078412
1 214.238027 181.657401
2 14.638891 288.811096
1 193.229323 222.707598
1 175.369828 93.194310
2 182.681970 208.762590
1 117.840808 204.544698
1 86.930540 236.805396
1 266.932222 258.929038
1 209.296892 163.894071
1 231.031386 203.343601
1 113.855531 193.867664
1 233.315785 121.311133
1 222.432740 80.210619
1 169.939575 164.501432
1 191.939680 197.154047
1 208.238621 177.673896
1 192.064848 179.757208
2 187.632326 171.163281
2 236.759307 26.142744
2 249.898418 305.151736
2 251.877281 186.125959
1 250.817859 217.372409
2 280.800089 235.215356
2 233.247599 153.834403
1 226.969009 79.074557
1 199.326840 130.926778
1 180.046138 187.287496
1 197.266169 179.909134
1 159.191636 215.458995
1 204.961432 185.569990
1 187.338911 128.281641
1 240.495301 200.412589
1 251.470129 169.440167
2 298.443847 254.453389
1 209.032528 164.849497
2 204.852701 178.592108
2 157.943205 286.714913
1 122.241181 192.122989
1 224.400473 158.247935
2 240.465823 177.477529
1 215.093628 204.314118
1 247.129069 156.845202
1 202.278105 227.646136
1 165.198665 154.343418
1 262.645327 169.812466
1 215.746924 175.044073
1 204.884754 160.851505
2 148.524116 109.426508
1 237.164746 192.652275
1 199.820300 198.028363
1 221.726649 150.403230
2 279.488272 268.293579
2 128.793283 265.312724
2 126.505208 243.234437
2 261.104383 161.079358
1 220.173759 170.707584
2 327.829176 169.130956
2 121.363049 274.851036
1 162.491357 62.575086
2 165.459036 75.413955
1 190.256560 203.596043
2 121.480181 149.600204
1 196.454843 260.689749
1 221.157357 145.123439
1 204.619231 214.531977
1 162.539533 230.867479
1 162.806705 168.068888
1 251.186540 124.409899
1 240.856273 116.649201
1 93.581904 223.130464
1 242.255524 191.612948
1 214.686015 205.320437
1 192.550617 203.138687
2 255.187434 16.460712
1 198.001281 217.198828
2 118.487132 165.292792
1 225.690747 197.342678
2 299.145885 152.514414
1 215.534807 195.653847
1 243.336065 150.778496
1 217.388091 123.699865
1 223.148190 204.523303
2 248.296888 74.402048
2 299.862324 249.147430
1 285.564401 176.097234
1 216.258007 188.374137
1 218.485147 165.841517
1 159.693074 211.489174
1 208.830630 143.948817
1 248.350877 129.763199
2 272.553646 291.796072
2 88.765341 186.788680
1 193.247107 191.459357
1 194.847227 167.124338
2 161.123726 303.932727
2 272.884308 294.121311
2 131.376927 134.444360
1 223.396689 159.587010
2 268.303915 180.936466
2 204.744388 108.236635
1 193.377829 181.402987
1 202.504145 152.160178
2 133.396027 331.398377
1 223.927762 220.331522
1 168.008759 173.852882
2 223.502842 261.026225
2 123.440352 250.529278
2 226.993102 177.837457
1 152.489476 178.648733
1 224.709614 173.095887
1 182.573800 151.585264
1 199.427746 148.681390
2 123.287447 179.372848
1 207.182558 137.796062
2 153.389716 641.988353
2 215.846863 380.439899
2 197.668517 576.454287
2 142.015951 484.013842
2 28.754951 434.886062
2 258.849622 571.780342
2 28.433730 395.907137
2 285.577834 399.682199
2 243.642724 359.433039
2 206.003233 444.655875
2 119.399959 429.388510
2 73.254313 598.941207
2 134.954239 645.637362
2 99.191083 646.504344
2 207.408084 475.388057
2 314.319462 633.593699
2 267.661788 662.062448
2 281.176207 644.472979
2 169.569356 517.018754
2 192.250363 359.669045
2 229.588934 581.132142
2 300.714081 483.105380
2 270.451940 634.865097
2 234.585801 468.330542
2 241.509364 606.445655
2 287.945002 440.404376
2 242.707466 597.464235
2 274.628119 608.292023
2 186.930840 612.445920
2 317.303819 654.821197
2 273.993020 646.947443
1 145.030728 772.537774
1 157.487720 793.321122
1 126.746203 786.033927
1 143.108860 781.374177
1 154.390032 786.035741
1 152.529190 780.121808
1 145.163527 789.729331
1 142.908453 785.024548
1 147.016255 764.763246
1 140.785421 784.378476
1 149.145823 789.074265
1 164.059055 789.500816
1 129.883861 767.236260
1 162.035259 791.309183
1 143.341848 761.361544
1 157.305392 776.514772
1 148.994945 781.462857
1 139.319658 769.947154
1 150.635253 800.337475
1 139.604911 775.162807
1 148.445724 798.992661
1 145.115120 801.068668
1 147.551750 782.847987
1 130.097206 782.724603
1 146.637271 794.320656
1 144.572743 765.796607
1 165.210033 792.478869
1 138.434013 794.852440
1 137.038868 779.913534
1 148.886593 775.785309
1 154.683136 787.143884
1 151.684056 759.675614
1 172.323697 786.749599
1 143.634279 768.792677
1 150.302771 764.452877
1 154.831874 780.177508
1 139.070384 777.583477
1 164.121171 782.791520
1 131.403224 778.324781
1 147.781349 780.633312
1 142.264031 791.512781
1 156.685346 781.153872
1 144.954823 801.106475
1 168.558070 768.279076
2 45.445622 846.788738
2 314.745031 695.223919
2 278.842459 682.923933
2 144.085517 872.816056
2 179.601668 815.345060
2 25.964187 815.865713
2 66.431093 926.363874
2 304.534268 779.614386
2 226.630879 780.766078
2 168.179667 893.592700
2 155.089063 886.894080
2 206.757819 820.565459
2 95.990597 827.499648
2 251.927141 815.949635
2 97.995087 682.932946
2 109.632884 844.386862
2 186.317673 845.551338
2 132.847880 719.890740
2 251.392151 680.540094
2 92.891069 894.358573
2 78.445487 880.182434
1 92.668681 787.567190
2 165.167740 729.035524
1 144.739141 810.818591
1 174.779185 755.554495
1 114.349201 780.405978
1 179.860669 746.481307
1 134.632995 738.042508
1 145.577647 762.033011
2 209.675564 819.780075
1 125.953489 777.954841
2 260.460044 773.181596
2 320.050455 794.462215
2 139.314816 828.136619
1 129.840369 820.942114
1 170.530034 756.830491
1 78.333035 699.099851
1 139.479710 774.435276
1 147.645043 761.840096
1 203.156828 798.736561
2 275.854326 771.648868
2 238.151368 669.657477
1 106.032857 738.042093
2 99.535022 864.081843
1 121.015643 783.730364
2 152.327875 871.861095
1 144.077370 835.764064
1 144.630285 750.934938
1 107.935536 706.054898
1 143.582538 842.716862
1 166.611539 737.172990
1 93.172771 826.439825
2 115.972704 826.165579
1 144.493222 814.537779
1 109.688854 748.341280
2 218.340143 816.455552
1 103.495727 699.640226
1 74.758981 779.526597
2 325.324598 724.019067
1 152.011735 691.812119
2 164.631688 876.253106
2 48.175654 838.829890
1 189.587097 787.941906
1 132.812459 747.041977
2 107.950998 861.654254
1 161.698189 760.218192
2 192.515730 788.405530
2 318.244949 881.884871
2 184.453199 780.401886
1 161.302220 840.161224
2 221.450048 784.184000
2 233.333699 757.024610
2 96.915322 808.980497
2 254.294496 782.157028
1 191.976157 777.875076
1 134.181385 730.032262
2 47.192849 699.023095
2 222.905045 817.751365
2 261.890877 821.463388
1 153.498812 738.549995
1 90.881581 761.833454
2 139.517380 779.633137
2 123.018818 775.158074
2 181.338588 831.066015
1 145.471570 733.520332
2 158.597251 899.636420
1 191.749972 779.657434
1 145.389893 783.396463
2 268.800555 762.908192
1 143.582538 842.716862
1 154.633893 787.605068
1 173.412354 795.589200
1 327.333246 688.731007
1 127.211537 712.852714
1 166.361959 852.715221
1 178.955116 762.423331
1 127.016647 767.860829
1 133.524499 715.058209
1 136.254123 803.704008
2 290.415742 713.966048
1 115.108202 802.117683
1 199.961053 813.164067
2 285.035244 758.060568
1 56.943013 788.009321
1 138.228179 777.596021
1 158.759671 836.340661
1 165.755805 774.038759
1 174.230513 720.761483
1 140.776525 787.838601
2 239.972948 827.034620
1 108.993711 789.013629
1 109.421791 746.825695
2 280.242943 815.717249
1 191.561090 760.587226
2 212.822028 859.295032
1 140.773843 791.316724
2 147.370671 791.330487
1 136.536592 811.234564
1 125.122146 719.067170
1 177.448858 814.695758
1 119.113421 781.139547
1 180.494503 774.677891
1 156.921000 802.367405
1 169.221519 882.767082
1 133.969771 765.804175
2 69.870799 867.533382
1 149.343550 805.066137
1 173.682420 783.483079
2 96.502507 995.222983
1 113.752992 743.784851
2 60.757048 800.304132
2 321.252502 688.833405
2 260.993633 880.704423
2 231.159395 983.391486
1 187.718992 855.695861
2 157.534910 839.840174
2 176.182803 868.749182
2 151.631479 901.641699
1 121.607535 767.367438
1 147.315066 779.325242
2 589.443399 329.344407
2 665.653347 275.935088
2 363.834378 164.526498
2 647.042743 256.695106
2 527.996854 292.824059
2 666.366008 82.483431
2 649.420891 250.178670
2 429.921659 60.700783
2 442.269964 137.611678
2 578.546029 74.844074
2 340.834231 314.390766
2 608.180601 176.614387
2 584.759719 8.514276
2 393.617551 91.206526
2 530.761359 200.478255
2 623.500289 78.874461
2 371.782737 51.913341
2 402.867411 243.143525
2 334.950622 271.238755
2 444.498006 305.325461
2 459.060437 293.612571
2 645.552016 256.800966
2 362.079690 166.804538
1 382.260213 656.654334
1 405.111228 654.743552
1 414.979481 651.653271
1 403.504982 652.571265
1 390.688447 647.845610
1 397.298582 643.386521
1 399.545928 650.646476
1 407.056579 652.214464
1 387.102474 631.882672
1 385.087245 644.224714
1 412.893603 637.657770
1 405.531501 633.996536
1 408.893194 651.784645
1 398.156383 646.538719
1 400.441090 649.314884
1 397.339133 647.323642
1 399.327124 649.262928
1 395.364842 649.921690
1 398.053061 653.189044
1 394.188539 646.559336
1 397.250624 649.699913
1 380.873523 652.353149
1 397.868197 650.876934
1 400.504314 653.885126
1 421.667448 648.733453
1 422.983944 640.758248
1 380.384746 651.717041
1 392.518443 649.812297
1 411.925322 644.440037
1 408.039858 649.382839
1 394.418308 649.889421
1 406.652711 633.066539
1 394.835188 662.032331
1 395.472651 631.200161
1 402.283887 655.352194
1 394.118353 663.469716
1 402.351592 650.678890
1 411.733015 641.469493
1 401.110278 649.500800
2 455.653924 403.258451
2 363.487086 575.203866
2 407.654692 539.267475
2 422.263068 585.874800
2 545.309700 599.809725
2 472.503920 468.156992
2 638.136057 382.283967
2 337.238754 627.361551
2 514.384405 514.909617
2 421.769390 657.734760
2 346.897906 350.992522
2 515.624875 369.475080
2 379.458646 395.931238
2 493.003781 406.135317
2 439.302773 543.991638
2 624.977644 549.091301
2 418.523773 349.099599
2 400.695022 591.662895
2 492.199138 538.505455
1 390.958153 651.744669
1 418.887779 636.528380
1 374.064584 645.684449
1 449.733804 653.701862
2 422.145859 604.226642
1 389.972875 629.225601
2 386.275975 528.498230
1 412.428876 628.873685
1 368.142144 635.830397
2 438.246330 652.433655
1 343.030185 637.765981
1 377.807724 631.291402
1 412.133618 609.196247
1 421.153013 619.907497
1 408.387356 651.948470
1 397.914575 639.744983
1 418.160931 647.783526
1 375.288622 654.339592
1 413.094504 640.391730
1 352.165204 626.531845
1 425.489702 615.917471
2 419.313974 567.977335
2 481.457601 620.060152
1 452.384544 602.262045
1 392.634358 648.514534
1 408.065311 654.897725
2 515.867373 530.467678
1 419.261482 664.072054
2 635.764566 403.456598
1 386.159251 626.164915
1 415.949855 638.702174
1 414.231218 636.895943
1 435.410113 660.605674
1 379.576935 623.408157
1 414.814304 587.297960
1 393.227665 615.673612
1 389.135367 653.130178
2 489.968666 536.281130
2 511.490224 644.185883
1 377.848670 646.402693
2 425.186015 651.018143
1 405.355397 630.051480
1 402.195005 634.794366
1 426.931401 641.792106
2 413.955525 593.112225
1 365.339831 648.178361
1 381.292773 663.092343
1 379.286239 619.590267
1 368.661267 633.570063
1 435.527297 639.134549
1 420.048569 663.830924
1 389.350630 605.385950
1 391.050940 654.012892
2 493.065396 655.024810
1 389.659605 639.955698
1 383.163936 622.556901
1 373.087177 644.943439
1 386.818340 626.332706
2 400.891769 638.482595
1 381.897908 603.181791
1 399.263429 616.943192
1 381.221801 638.010969
2 490.790571 642.507902
1 359.850120 629.773651
1 419.375216 625.168429
1 418.281934 624.452691
1 352.027014 651.241485
1 437.422819 641.801541
1 388.409375 632.182750
1 373.625845 611.955291
1 428.003723 613.984107
2 538.574679 622.139720
1 455.739835 629.477995
1 416.922792 657.698591
1 458.090406 625.613532
1 435.410113 660.605674
1 389.267503 651.340051
1 392.901135 597.056889
1 385.787403 650.772041
2 405.201256 547.287953
1 388.701298 648.670192
1 402.731928 644.703789
1 436.192576 583.292782
2 456.232821 612.588637
1 371.944766 631.818299
1 427.719308 660.430972
1 390.414303 590.401044
2 401.620586 601.104083
2 425.294532 591.942727
1 364.578300 636.886416
1 410.198738 658.777058
1 402.790254 621.260366
1 400.818226 634.740300
1 391.258792 626.181584
1 419.763899 631.291792
2 445.603142 637.476704
1 351.784372 659.881586
1 400.597911 637.978654
1 394.686567 609.128580
1 404.192749 646.490735
2 420.270226 632.660286
1 401.527627 647.531805
1 420.803721 643.373290
2 545.818294 643.295615
2 450.994688 647.549206
1 406.193444 583.551964
2 429.841687 625.968899
1 433.503381 636.419863
2 419.064178 541.099601
1 430.324532 648.438141
1 443.484503 590.455988
1 401.865697 650.162221
1 376.481437 609.761746
2 424.089581 655.918171
1 457.926191 653.214419
1 450.167913 618.371700
2 473.232541 666.228456
1 380.426548 663.980362
2 529.396185 648.171778
2 532.272284 594.623173
2 396.848961 636.673748
1 407.285112 662.611751
1 448.449386 665.283242
2 436.270268 626.608266
2 573.090995 623.738395
1 427.777889 649.573835
1 451.418117 643.647388
1 592.269184 788.914880
1 591.487549 810.596792
1 569.833038 799.846903
1 562.838830 823.133327
1 562.109298 801.404777
1 575.479506 794.895237
1 585.959880 788.115219
1 564.241788 810.020203
1 569.629502 802.786922
1 577.599504 805.651019
1 574.622168 791.722488
1 549.161840 788.600295
1 576.378288 808.759825
1 559.810518 804.961297
1 548.627846 793.185977
1 562.278597 797.613960
1 571.998115 799.433039
1 566.964520 801.578735
1 574.470780 783.193272
1 570.978102 799.174940
1 592.906930 809.881322
1 592.085861 806.001343
1 575.887485 815.058752
1 574.647485 814.706093
1 562.839817 799.521881
1 555.859829 792.941726
1 571.754810 812.072489
1 569.199946 795.767835
1 580.683493 819.967901
1 571.582199 797.383136
1 590.387599 797.733528
1 577.335586 808.401524
1 580.041311 806.092403
1 561.438024 797.509067
1 570.353356 805.491408
2 436.675419 920.930438
2 601.527925 716.441812
2 443.770658 934.503837
2 373.322691 854.021838
2 574.700117 858.400583
2 610.104511 840.210379
2 526.803464 864.987154
2 486.398273 802.952947
2 349.544459 746.803773
2 381.538185 894.107693
2 382.367949 691.752045
2 448.318685 952.522040
2 503.259611 871.763370
2 408.423329 772.895511
2 650.792042 795.792364
2 447.291469 719.800295
2 646.125732 813.346760
2 473.722511 702.352219
2 648.836860 787.895538
2 572.124382 759.782192
2 542.324607 680.102779
2 622.243191 962.189270
2 524.971951 840.720524
2 430.984447 864.594218
2 583.814646 844.751735
2 616.138961 886.174952
1 538.223119 765.597953
1 577.589454 775.279170
1 629.783926 806.437464
1 598.081893 813.523680
1 546.159623 778.541226
1 530.761707 729.695795
1 593.317017 800.411107
2 341.299517 781.170006
1 551.669703 818.812206
1 541.409108 793.244712
2 643.170713 778.194989
1 550.392239 809.669204
2 338.117586 774.424256
2 561.390541 692.102408
2 391.561690 787.337217
2 598.737927 904.639502
2 463.791141 672.420432
1 628.207565 811.620114
1 587.492608 805.765535
1 599.881719 842.534791
2 660.280560 774.464246
1 571.763142 805.590577
2 354.314939 763.063027
1 573.057364 814.872481
1 574.916954 827.352837
1 574.608100 839.767535
1 443.103297 694.485810
1 543.167232 782.529672
2 440.434557 687.672060
1 569.376545 742.815717
2 483.740983 694.531284
1 606.749397 781.830773
2 616.211100 998.973052
1 571.236407 791.611596
1 384.560275 672.126126
2 661.979651 860.702434
2 607.366714 731.871428
1 529.087536 825.981600
2 458.383687 709.227425
2 656.697640 795.872678
1 545.082862 855.867206
1 588.068915 812.475129
1 533.717828 820.151912
1 635.896469 789.983258
2 498.677298 703.143487
1 434.957014 718.298594
1 566.699330 841.179192
1 532.288381 854.716481
1 602.109476 805.471295
1 563.931589 788.058519
1 547.853600 738.830766
2 559.274278 874.360179
1 538.515206 857.543389
1 563.382269 812.625701
1 595.556184 747.538172
2 580.897848 860.648583
2 582.005635 863.962359
2 415.349357 830.170917
1 580.708128 767.365068
2 520.222164 677.243553
1 437.123153 669.189773
1 529.537722 782.766118
1 553.679827 779.923371
1 537.686406 738.573316
1 583.231212 837.653844
1 560.488926 792.712485
1 590.751041 811.255997
1 537.165178 829.937230
1 580.130464 764.248010
1 414.424345 669.829856
1 507.897576 838.267668
1 507.516930 793.260102
1 495.914781 788.418112
2 420.196260 757.432417
1 545.125597 722.001269
2 536.471045 770.309210
2 498.672327 701.581549
1 362.162945 672.511229
1 614.488520 811.357765
1 565.683349 761.051609
1 607.631145 806.887992
1 564.768934 828.877001
2 437.541996 751.607359
1 575.327041 817.882622
2 437.233142 764.022057
1 411.274720 711.020200
1 593.538884 799.011754
2 597.070759 866.308780
2 488.281358 697.326043
1 379.640652 666.908126
1 550.831895 791.419380
1 415.954669 695.140472
1 581.117041 795.699307
2 382.727935 897.353534
1 614.269601 783.212918
1 560.730289 774.878580
1 565.813050 802.465473
1 516.258458 844.165882
1 544.990849 838.630451
1 600.416455 739.902577
1 553.946127 789.281191
2 520.659441 708.080860
2 596.769597 925.694287
1 596.275041 818.763827
1 520.888750 838.336194
1 402.290713 704.770200
1 433.473019 703.343412
2 623.368995 833.412892
2 337.031656 799.770324
1 606.998508 809.403063
2 639.565242 722.190500
2 436.829129 676.094599
2 445.069713 820.168363
2 498.211119 766.887339
2 611.381118 738.554697
1 548.061362 804.588642
1 561.160983 733.475072
2 380.508335 681.390872
2 642.763357 747.863322
1 605.248385 781.479774
1 599.725387 813.785455
1 486.189830 858.084163
2 366.642791 671.769306
2 467.332921 691.052975
1 535.280488 792.638810
1 582.292225 853.493897
1 426.155000 668.514668
1 510.090824 799.097301
1 546.457957 787.493496
2 502.881317 724.903166
1 572.112087 805.183638
2 389.217289 673.338462
2 478.099082 755.703349
2 453.842780 730.550202
2 347.055186 815.256550
1 455.765152 734.957004
2 615.326241 819.520506
2 408.083883 841.334364
1 416.410567 709.805609
1 612.488465 767.188305
1 563.166461 883.621025
1 576.116096 758.497265
2 450.124472 722.698378
2 407.174092 671.674995
1 574.979791 756.925336
2 632.763658 793.982502
2 450.055319 694.032977
1 395.176658 684.244208
2 569.319816 777.671521
1 602.819185 761.006685
1 498.906908 803.480686
2 643.640414 813.156040
1 479.021838 839.122749
2 521.219477 702.370124
1 592.587866 770.420292
1 417.544633 682.142421
2 486.790653 675.102625
1 425.245503 711.007077
1 490.304219 911.659007
1 568.833856 850.480985
2 551.813044 896.046663
2 566.522218 840.076781
2 347.340470 713.574341
1 812.226200 290.236725
1 830.429414 297.607845
1 824.995430 303.209579
1 814.043604 287.613507
1 833.030645 316.684872
1 834.044190 283.999700
1 827.473053 308.571495
1 819.691371 300.488439
1 820.776003 303.481807
1 835.591285 300.783414
1 807.626186 302.934711
1 820.155986 304.158386
1 822.841290 275.549347
1 826.779512 299.570688
1 802.061386 300.942897
1 830.789986 321.305360
1 821.461269 298.275657
1 809.734327 290.916042
1 799.208382 306.913418
1 822.190965 301.146311
1 824.871657 302.618242
1 818.187449 299.010597
1 822.031434 305.360813
1 817.915434 307.558264
1 838.150705 307.822859
1 817.894563 302.926957
1 820.400217 300.308929
1 833.266366 306.872088
1 825.397005 287.726416
1 824.072163 310.451970
1 820.862003 300.408726
1 818.762404 303.936763
1 812.497967 279.106009
1 832.419664 315.356267
1 820.978513 300.690964
1 797.302606 305.825083
1 843.686914 295.652230
1 836.313379 292.914827
2 722.194114 196.170142
2 799.967573 112.965367
2 893.464066 245.978228
2 755.215109 262.818065
2 967.740334 176.295514
2 896.554048 172.220755
2 882.950573 98.002196
2 919.808063 177.226763
2 763.118143 314.693327
2 830.285743 135.188482
2 995.768737 265.352777
2 801.264136 178.192910
2 675.563414 185.947463
2 900.574006 251.836751
2 844.330495 166.834008
2 792.672124 105.940476
2 786.455709 275.805450
2 721.232896 113.150164
2 850.339335 302.945682
2 955.189126 119.127902
2 923.431828 272.093459
2 921.373790 74.377634
2 809.899771 309.508034
2 700.217118 149.705557
2 923.879637 114.424918
2 725.838965 321.164163
2 826.266588 220.737925
2 746.763665 98.818846
2 942.296089 88.085685
2 998.183651 278.084384
2 961.750529 170.609145
2 747.794707 283.159653
1 886.142025 253.144791
2 932.571629 318.006763
1 830.376713 304.729361
2 833.183134 235.384810
1 878.310590 269.392754
2 742.656563 294.275953
2 865.602200 132.808090
1 798.525798 277.044740
2 753.410482 315.708246
1 825.548737 311.631467
1 785.546589 305.344885
1 822.613520 276.607955
1 857.090553 315.109408
1 773.588499 295.686108
1 793.129580 292.875260
1 874.079817 264.374596
1 819.742239 238.571391
2 780.991513 269.478212
2 854.843852 249.039354
1 792.541224 273.149803
1 851.981894 309.769130
1 815.575438 247.073624
1 862.750998 285.160365
1 809.829017 260.129431
1 831.608535 294.563323
2 871.061252 200.965034
2 732.491016 254.803510
1 785.181181 322.101574
1 873.509075 300.724499
2 742.027601 283.759262
1 855.152541 273.521360
1 856.053842 256.015247
1 869.252845 319.413633
2 711.976159 316.357876
1 821.976068 244.794896
2 964.101351 166.920803
1 810.493884 303.960719
2 769.825301 317.678272
2 990.457259 89.277790
1 827.933878 304.941380
2 813.625360 312.821717
1 888.656356 315.766219
2 918.809259 212.461846
1 810.390218 332.981213
2 774.875190 299.097481
1 771.952952 274.672887
1 785.180482 291.833853
2 939.611010 219.915848
1 810.197913 239.432975
2 728.369384 279.982948
2 783.524538 316.355649
1 869.898528 317.933250
1 812.666303 332.657277
2 798.168325 212.893783
1 796.144189 313.837656
1 776.924755 319.453843
2 767.884343 319.417101
1 853.874943 266.761919
1 770.666805 249.885614
1 817.640725 219.141164
1 905.130552 259.592988
2 738.810957 245.426381
1 796.108379 309.831244
1 821.421000 256.277177
1 792.467598 269.745306
1 792.004545 271.655645
2 808.597109 286.497216
2 797.419271 289.488963
1 828.196371 268.663157
1 820.008594 308.281354
2 805.715134 242.572159
1 812.895307 314.685626
2 795.270712 318.644435
1 772.554729 301.401655
2 769.481333 197.162108
2 776.305583 270.458689
1 797.949712 304.806707
1 848.835770 314.752760
1 810.490369 259.660057
1 783.236408 313.407278
1 832.516945 289.039570
1 883.106646 243.369381
2 825.039734 146.762849
1 855.354955 287.239606
1 853.457139 216.138570
2 793.061988 290.613441
2 766.788057 236.171300
2 786.739671 271.192915
1 854.138079 261.776988
1 789.700087 305.333734
2 756.641845 283.161473
1 849.704466 274.321559
1 771.113944 281.167894
2 727.423636 134.581679
2 810.361814 307.722277
1 785.615249 328.459966
1 799.699596 232.624470
2 754.505620 333.151847
2 924.822934 360.146150
2 853.461554 617.476469
2 898.600168 540.882315
2 677.775509 342.930127
2 750.100477 352.702020
2 910.013623 458.782088
2 968.121624 355.378469
2 909.437058 404.824141
2 921.326964 580.380160
2 977.632657 440.842494
2 720.361765 580.513346
2 958.985674 356.512416
2 952.169677 569.099599
2 864.808386 501.433124
2 922.861860 409.129112
2 757.961885 346.761935
2 921.044725 367.612915
2 710.275476 501.749901
2 821.702857 505.467745
2 923.699222 340.109950
2 857.317670 417.800218
1 796.099733 336.641582
2 793.005956 364.840403
2 916.321384 414.550019
1 795.172781 335.168309
2 709.617022 609.327374
2 924.594944 402.916455
2 953.340516 407.322501
2 880.573258 369.599148
1 837.448416 338.899724
1 807.135890 342.108420
2 824.960880 347.262811
2 836.992316 410.783434
1 870.791527 352.100465
2 733.975118 366.804611
2 914.922254 396.025458
2 773.697498 348.048388
1 835.274852 344.192726
1 875.219226 357.976031
1 805.562242 339.883319
1 802.260922 334.250558
2 738.586349 361.325455
1 878.861214 357.379768
1 867.115405 343.561329
1 778.370469 340.438450
1 820.128187 365.742588
2 727.313034 337.852813
2 841.124067 395.482369
2 752.700323 351.203943
2 899.387405 413.790008
2 723.016041 339.215832
2 697.101238 363.796730
1 806.669490 361.772875
1 820.376450 341.869319
2 730.879782 942.588539
2 817.317326 740.240759
2 728.193996 675.485181
2 737.304823 749.460525
2 676.107195 838.903866
2 836.032604 668.933878
2 977.535892 947.458170
2 922.795936 866.236940
2 906.207141 929.633314
2 970.266889 912.324051
2 841.109441 723.509132
2 975.466924 771.741003
2 981.902447 834.698518
2 864.426634 915.553717
2 960.869334 752.871921
2 761.362816 885.111847
2 693.274694 781.004788
2 666.953286 932.102326
2 780.253001 708.401185
2 806.801612 766.132397
2 667.462604 743.121410
2 821.027198 785.363070
2 692.118625 809.327933
2 679.320141 961.103148
2 713.148721 855.346728
2 717.495921 778.353811
2 744.072461 693.579727
2 776.388652 934.838269
2 679.829459 772.122232
2 698.362245 849.133848
2 679.785887 880.424813
2 696.316676 797.483044
2 697.160300 745.020842
2 723.145090 749.605641
