1 202.078525 179.315206
1 214.176846 164.074055
1 182.952212 174.534474
1 206.669392 164.939290
1 196.768541 177.505941
1 204.328503 189.087506
1 210.958168 179.125455
1 211.836927 174.842533
1 189.331589 163.877402
1 203.527437 163.832954
1 199.534577 179.521387
1 201.970054 177.160632
1 180.724814 194.967207
1 203.531713 193.973627
1 196.032144 186.401373
1 216.060535 192.472274
1 192.250519 197.907028
1 194.037276 181.435106
1 181.725132 173.312320
1 183.153069 197.091140
1 188.637822 183.889312
1 189.229870 181.374885
1 199.026631 174.339036
1 190.123317 178.772194
1 201.737982 180.358956
1 200.678000 184.928028
1 178.902086 190.791062
1 199.439138 173.536568
1 210.518514 165.218820
1 198.505473 182.127880
1 203.281993 182.508794
1 215.404842 195.972708
1 205.148379 156.622375
1 203.190361 193.766879
1 210.067252 172.806962
1 212.772588 170.057033
1 220.064236 183.847729
1 179.044375 183.325594
1 189.154011 173.010355
1 205.845380 167.301540
1 166.757810 180.772934
1 151.069124 162.281510
1 191.894422 175.431694
1 240.839234 177.995089
1 203.698786 154.769487
1 205.869187 144.041785
1 164.531831 215.926625
1 182.361604 142.861928
1 177.375201 168.354156
1 190.648181 168.729916
1 183.198370 181.206045
1 211.090722 206.866186
1 204.831342 188.542654
1 197.768427 180.530956
1 195.721588 216.089050
1 210.922906 223.511998
1 159.548302 139.933878
1 245.025809 160.880052
1 189.978043 105.308274
1 186.934549 168.427310
1 202.822207 189.003681
1 200.214406 143.962883
1 294.608589 176.764020
1 187.484332 200.074747
1 172.971189 197.996717
1 166.205664 192.905318
1 196.394703 193.096304
1 208.732603 174.505723
1 152.028626 159.857160
1 188.494411 207.929551
1 195.014886 143.769486
1 151.260692 180.748009
1 280.209572 184.909162
1 239.247869 152.624626
1 152.988591 132.482571
1 267.330074 213.610652
1 189.168899 175.936734
1 216.362793 167.685647
1 173.895374 173.759725
1 196.185840 195.350881
1 185.799983 202.956884
1 252.234321 163.865078
1 130.933581 164.925288
1 212.002927 150.543457
1 250.416617 171.038429
1 279.853434 171.969187
1 191.382920 217.270858
1 180.921773 205.250889
1 232.962041 132.995501
1 211.065195 216.046530
1 189.694318 188.596852
1 192.436407 156.503617
1 181.183048 158.377113
1 198.608629 227.328172
1 212.222492 152.869316
1 251.808274 204.412182
1 228.020602 181.054597
1 196.141633 232.590815
1 165.143977 175.339739
1 225.188366 182.045848
1 243.529147 114.480889
1 171.615703 145.218187
1 207.090629 170.476079
1 200.811440 175.775729
1 287.850951 179.325210
1 234.995948 201.757444
1 159.921485 193.099951
1 150.586916 128.775996
1 170.601386 160.593586
1 210.452091 233.661472
1 196.290280 165.910329
1 173.789733 221.245021
1 187.611417 145.553435
1 254.716196 145.155796
1 201.890093 199.839473
1 190.886800 218.253926
1 231.951875 161.677188
1 207.042410 162.698362
1 164.121836 202.991696
1 217.403329 167.898431
1 209.968686 173.566404
1 217.726619 202.527483
1 182.250992 154.966539
1 185.845750 181.021032
1 154.669127 214.712075
1 243.588398 223.346715
1 177.465670 163.210322
1 173.258258 270.626184
1 154.436227 182.191140
1 179.859838 145.533922
1 220.228034 231.820073
1 274.870713 208.055802
1 199.570108 167.080946
1 192.847650 158.791624
1 189.156259 225.871672
1 207.235700 177.531524
1 285.783083 154.843827
1 147.661241 184.331753
1 171.494678 194.402317
1 204.435799 190.884726
1 240.147489 191.338006
1 214.972256 136.371727
1 208.771252 221.386937
1 185.749374 192.189428
1 150.751862 187.892977
1 243.393594 197.989735
1 189.291357 186.451013
1 172.817224 153.422079
2 50.576305 436.787278
2 58.482343 434.984402
2 43.175214 434.119097
2 75.720087 415.002922
2 63.347146 425.863559
2 72.406240 438.663397
2 68.614963 418.307461
2 78.024736 442.886722
2 67.604440 409.186050
2 50.591738 412.758446
2 64.626408 427.958435
2 74.532559 427.224107
2 45.398665 416.726962
2 64.811656 413.906890
2 59.602518 430.313672
2 64.184752 413.590620
2 60.792721 428.363508
2 53.810192 419.722364
2 56.705041 425.612133
2 56.175670 411.315359
2 63.494198 428.757342
2 56.345963 431.619136
2 62.089104 430.141319
2 65.727367 424.865274
2 71.831915 415.201987
2 61.552714 420.683760
2 54.176240 408.216230
2 54.332525 422.651007
2 65.391002 431.691994
2 45.589576 434.050779
2 40.333242 444.457525
2 47.776520 438.419990
1 327.625889 663.927786
2 50.739048 423.955978
2 66.249182 432.321339
2 74.167731 457.553910
1 316.289949 643.490850
1 296.846982 659.182587
2 52.085988 432.833080
2 80.176620 434.937516
2 66.989298 419.978478
2 46.666892 469.827964
1 137.580917 790.113407
1 154.195366 773.573497
1 148.218661 777.629893
1 146.418749 784.457072
1 160.131038 787.909778
1 150.308837 780.140365
1 157.117436 792.632554
1 158.460107 771.246079
1 146.027089 803.146904
1 157.586055 786.824144
1 151.165851 778.942263
1 154.737368 774.207855
1 153.580006 777.188003
1 164.555545 789.736037
1 150.928066 781.749938
1 149.508251 763.863873
1 144.243613 785.552113
1 163.909595 777.338638
1 146.093343 790.984559
1 136.628337 785.524255
1 140.338804 770.199865
1 135.578839 792.133503
1 129.636304 786.653029
1 147.859911 793.014543
1 150.481933 780.709372
1 130.425149 772.329319
1 147.324617 770.897743
1 170.979326 792.811980
1 143.297630 795.898551
1 154.225798 768.676333
1 146.283493 780.222102
1 156.864742 796.891839
1 161.861036 758.807051
1 128.360333 771.670554
1 157.033526 783.322430
1 171.076966 768.126136
1 149.792901 793.426537
1 155.137713 786.289303
1 144.477388 777.595097
1 165.961065 763.317471
1 160.573092 762.600482
1 125.448136 775.481960
1 149.115152 762.639648
1 161.755015 785.044878
1 205.342022 816.157026
1 151.819031 806.699569
1 132.874137 783.388239
1 141.377208 790.277022
1 156.979175 812.423447
1 151.080445 795.058072
1 143.551903 786.339551
1 171.120750 757.537161
1 163.882268 794.165953
1 167.441445 755.259764
1 158.689884 732.832987
1 91.899404 733.141716
1 169.208951 755.250955
1 112.577194 819.209210
1 113.981167 746.238692
1 159.977553 744.200684
1 116.094886 741.764263
1 104.237557 762.951988
1 330.004149 729.443993
1 206.988638 812.253102
1 162.285526 752.970389
1 111.293089 783.684905
1 110.012475 721.601996
1 127.177647 794.087805
1 121.487695 776.850494
1 139.380702 806.548048
2 333.190626 855.621708
1 125.740570 769.800766
1 173.134578 729.303864
1 151.859493 789.444024
1 135.725702 786.561577
1 151.588682 814.454071
1 156.306823 741.960928
1 175.575385 714.679489
1 168.478023 739.075586
1 147.639655 768.826787
1 156.358703 700.892999
1 87.955911 768.511651
1 149.901639 735.699005
1 135.451656 710.896200
1 178.049059 750.327103
1 107.509494 796.242595
1 157.746440 749.408145
1 124.912830 698.275722
1 107.236067 754.524036
1 170.244964 779.806214
1 76.316227 799.881361
1 121.167323 828.207879
1 105.872314 791.564962
1 178.328836 819.938311
1 137.368633 754.640290
1 218.921744 727.828515
2 330.316923 762.775316
1 123.680369 742.310626
1 176.277248 770.196462
1 158.187313 763.763466
1 180.496717 777.626043
1 195.739193 809.528146
1 161.632279 756.415716
1 143.465426 701.104444
1 134.331856 770.807891
1 117.417464 841.386221
1 209.231740 730.410924
1 123.517377 811.547081
1 105.267568 773.082234
1 146.771186 812.447696
1 131.931654 761.590305
1 146.365683 779.965812
1 156.351807 757.970705
1 100.059354 761.492408
1 133.688518 737.135770
1 144.851820 792.313092
1 178.626303 813.056864
1 181.486974 819.505378
1 140.617970 745.700006
1 304.780762 743.969487
1 123.556936 776.834636
1 234.818898 785.171991
1 165.178567 742.847539
1 104.042835 756.255213
1 114.013034 751.067217
1 145.923253 773.189270
1 207.276885 748.671440
1 207.074882 702.565991
1 183.614466 830.170897
1 144.245760 770.909749
1 219.679177 709.483871
1 145.470752 799.670901
1 111.977995 797.632952
1 185.355634 770.108888
1 80.094869 764.505303
1 114.140257 823.690059
1 117.102872 787.171137
1 124.384924 769.670620
1 161.146713 767.928014
1 158.093338 723.017696
1 163.387161 827.842216
1 113.101711 809.245789
1 132.563616 768.088668
1 99.329441 732.933546
1 170.845149 837.815377
1 168.120372 760.753164
1 169.563595 703.480876
1 111.345511 823.568685
1 142.070718 817.115149
1 151.622037 764.112915
1 159.883026 762.962647
1 114.540728 778.226822
1 112.488184 754.043164
1 203.642012 807.943112
1 310.649817 716.037045
1 116.229202 783.321717
1 192.616797 783.667734
1 187.399231 736.842574
1 202.581020 834.655966
1 141.310458 786.430297
1 187.952777 788.428839
1 206.409867 747.039497
1 182.126554 789.248529
1 181.000055 770.141669
1 164.398349 799.218642
1 125.503542 830.196066
2 331.610134 723.491298
1 158.506954 794.699803
1 324.100774 742.459361
1 113.965173 822.695731
1 262.508629 748.001745
1 145.908894 706.874241
1 156.416404 776.143045
1 163.479060 764.503752
1 189.053501 744.572307
1 283.514719 803.926166
1 104.123883 793.893895
1 193.731664 686.024719
1 190.289821 722.580406
1 264.256832 799.072468
1 163.142241 781.436797
1 137.116184 770.000610
1 145.986981 761.193491
1 106.542272 765.575887
1 197.007066 745.663526
2 328.429302 717.510115
1 162.472696 785.079124
1 133.861608 743.363931
1 157.805950 828.400456
1 171.508573 752.304218
1 153.328528 752.668293
1 99.373149 781.430089
1 134.359394 813.251632
1 111.937387 746.422299
1 160.133061 787.340686
1 124.671106 774.757954
1 70.598708 785.352515
1 191.199411 813.671777
1 166.812530 759.710482
1 200.252160 770.108183
1 188.330454 816.701013
1 138.242976 760.745712
1 120.416071 779.960680
1 175.180082 797.662157
1 158.686995 693.218431
2 297.376851 760.348072
1 131.692239 765.466962
1 174.384947 791.023368
1 168.362219 814.392502
1 203.818800 829.357551
1 163.170133 780.636832
1 153.028344 764.089370
1 138.672987 772.309665
1 135.063031 766.612299
1 174.962200 763.169930
1 129.429372 796.616609
2 329.019696 797.643328
2 257.594124 739.633939
1 126.218094 803.912293
1 57.574818 824.434437
1 154.139840 787.178101
1 63.539432 822.785667
1 219.782879 786.305830
1 175.027694 776.903676
1 233.871854 784.082304
1 225.778464 755.412483
1 177.586382 794.867881
1 173.690036 809.249190
1 188.736131 684.964846
1 118.397716 807.043918
1 147.656330 810.356400
1 315.940611 791.771633
1 177.566962 758.159795
1 134.963433 760.095210
1 146.241073 732.088236
1 155.327200 750.940284
1 124.284259 779.555024
1 182.700271 822.588784
1 240.726878 752.414544
1 102.373350 826.981146
1 183.438378 800.385902
1 329.238069 699.743555
1 196.374982 853.437657
1 160.246291 772.305515
1 149.809189 773.867624
1 162.577091 804.898832
1 105.524605 733.287074
1 146.293964 777.546540
2 330.911130 816.810864
1 173.188989 721.558837
1 152.660719 794.032155
1 149.286561 765.979318
1 206.106508 752.924347
1 296.479571 690.123997
1 147.173015 780.862244
2 328.661766 680.529769
2 499.585782 134.991032
2 484.248733 151.095240
2 487.072859 134.072046
2 483.869978 133.688808
2 506.632547 149.885286
2 492.965995 129.845313
2 518.370217 137.655406
2 500.372290 132.347817
2 487.886167 155.139001
2 493.720714 134.765195
2 500.592111 143.538737
2 509.219396 138.393067
2 509.805614 158.859363
2 516.707945 155.811111
2 503.031665 142.810787
2 503.838197 164.691625
2 496.084056 144.129262
2 491.287710 130.238975
2 493.997559 149.054409
2 505.718363 140.086895
2 492.726283 160.391446
2 497.273132 140.416961
2 487.985610 127.781588
2 480.665799 140.519273
2 491.863470 139.404843
2 484.169628 124.939385
2 500.296424 143.208910
2 502.431803 130.208756
2 507.653555 163.648638
2 490.172815 141.775291
2 497.665782 137.406016
2 504.235634 136.967520
2 507.121802 126.362128
2 519.923327 144.451390
2 507.237126 134.154348
2 495.878229 119.440463
2 499.532163 145.276059
2 486.023560 139.868389
2 492.557440 110.389254
2 503.272167 136.265481
1 353.500660 162.752375
1 414.159271 654.484542
1 396.965906 656.429721
1 409.232629 630.668999
1 407.023245 639.978443
1 393.944144 650.141133
1 405.431374 649.333913
1 399.486811 646.725757
1 400.259023 649.944374
1 395.487644 652.575963
1 399.326209 652.158784
1 398.848586 635.686138
1 391.609420 665.205160
1 408.133576 630.837110
1 409.607785 663.929181
1 389.841955 658.005263
1 400.774781 650.308213
1 399.641320 649.664334
1 400.950645 653.944074
1 396.371375 649.914623
1 381.955513 645.056636
1 398.298446 654.480653
1 405.424793 638.575822
1 381.367666 653.613494
1 401.354440 647.757411
1 390.971265 647.465206
1 393.340697 642.555826
1 411.539163 654.654595
1 401.664526 639.774492
1 408.226809 628.395687
1 395.338749 637.154486
1 399.215922 650.971434
1 423.036678 654.281203
2 556.654560 492.168320
2 566.327921 479.929622
2 559.645556 478.749257
2 559.685605 487.433473
2 559.161220 474.688788
2 557.486451 481.565274
2 556.840378 498.166857
2 563.704203 473.647680
2 558.252617 486.808067
2 558.899972 479.781194
2 548.343974 488.373185
2 559.745212 479.979779
2 568.280122 458.401332
2 552.993692 480.154732
2 536.452940 475.645585
2 545.797056 473.774194
2 567.445625 494.042759
2 562.460124 483.713340
2 543.069621 483.761617
2 547.655082 458.294657
2 561.074381 495.485274
2 566.168079 497.857587
2 542.971177 465.114985
2 544.830961 464.668945
2 553.586758 461.895545
2 564.947799 458.268381
2 567.193653 481.763242
2 564.631733 472.059136
2 580.142647 476.366680
2 565.634408 455.665149
2 557.992754 503.939145
2 580.160206 485.271098
2 564.291244 478.719299
1 404.499046 640.284815
2 566.028262 458.898115
1 358.037683 644.931119
1 420.508916 625.781967
1 389.755453 646.362716
1 379.484304 620.459875
1 376.214603 610.819258
1 425.674392 631.263513
1 363.129611 622.892080
2 588.694419 500.937278
2 510.029221 472.685477
1 435.943110 657.533769
1 399.473149 622.787447
1 409.904284 663.330702
1 392.542405 634.516204
1 457.882376 640.159906
1 429.432642 657.887513
1 435.279957 616.533083
1 388.375209 634.607437
1 441.570298 552.057186
1 406.331924 636.911286
1 404.882709 645.741523
2 530.968552 450.118662
1 416.024111 605.829402
2 535.080083 494.299282
1 400.951311 658.914825
1 451.724690 614.552589
1 455.360235 656.974032
1 423.783069 610.526120
1 408.885454 662.314330
2 537.876168 462.569656
1 413.730720 624.449747
1 419.061225 637.653400
1 412.057916 620.571611
1 336.173800 655.112020
1 395.579408 661.488427
1 430.307063 644.203476
1 386.127354 650.938741
1 414.778176 658.514230
1 407.680442 664.523455
1 412.704294 643.355679
1 426.389945 625.386321
1 376.876671 661.850514
1 432.029340 661.643007
2 539.149427 462.581188
1 420.320985 621.069801
1 411.696120 624.722762
1 430.166147 643.593701
1 396.399188 664.109192
1 403.405714 645.496806
1 398.979498 568.820561
1 370.066477 653.474919
1 385.734879 649.944059
1 344.900427 599.216848
1 467.941684 611.877741
1 430.186095 621.866951
1 420.003322 666.219179
1 484.935524 628.297302
1 394.041996 629.377526
1 391.647525 656.070051
1 498.463213 614.401938
1 354.139514 649.744604
1 378.913801 661.641190
1 393.102335 659.289978
1 446.713146 633.920093
2 582.885894 425.701720
1 412.068303 630.795107
1 507.431252 663.762120
1 430.008210 654.290261
1 419.061225 637.653400
1 363.838684 583.470844
1 413.536664 619.566917
1 368.596133 641.524262
1 392.991386 646.818951
1 460.756650 605.421918
1 438.669520 639.181224
1 378.192349 659.862575
1 398.398214 622.479965
1 424.415749 660.067061
1 421.231438 595.692123
1 401.703635 621.855323
1 494.204696 658.327131
1 450.727839 601.345350
1 407.995478 641.639241
1 387.942944 661.444290
1 390.465439 641.766310
1 536.403048 663.830486
1 411.922906 653.265163
1 581.866924 647.055961
1 369.931595 631.462816
1 456.859713 606.048219
1 391.367317 639.027460
1 373.161403 624.105313
1 417.966629 628.109743
1 351.537264 662.359621
1 439.639078 619.586570
2 458.357069 635.398675
1 420.778555 618.506683
1 442.681500 629.622930
1 572.659044 655.283785
1 367.728279 623.247907
1 582.854573 642.984713
1 438.609057 636.375645
1 387.656633 637.954635
1 354.852450 597.934364
2 493.341688 605.437937
1 411.568304 618.576749
1 465.967780 566.557808
1 339.155755 623.660526
2 458.796213 602.159819
1 470.161289 595.758280
1 458.806739 653.942834
2 567.259650 444.970794
1 439.395047 618.490087
1 591.112654 652.891992
1 597.595330 600.061269
1 433.930804 630.487419
1 470.013701 598.453797
1 372.069875 638.346150
1 400.550298 664.350461
2 443.324024 647.749694
1 413.733611 643.005608
1 394.059441 623.188892
1 452.597939 571.665038
1 395.577588 668.116983
1 581.751516 787.336215
1 570.123937 800.021367
1 591.474880 793.367133
1 567.376086 804.549630
1 560.549366 808.971070
1 587.251436 782.693528
1 587.747347 813.579480
1 552.745377 812.852118
1 564.153244 803.367135
1 569.401358 802.703440
1 572.759855 799.243772
1 577.898006 790.170492
1 574.622078 798.789140
1 583.571398 807.125762
1 573.053080 813.579015
1 584.509425 787.087501
1 572.145453 786.877142
1 574.188549 798.183811
1 589.863390 791.962140
1 556.173005 808.304817
1 572.362892 786.040284
1 569.348468 803.664456
1 554.189676 788.492689
1 565.268759 792.765162
1 553.812317 802.677720
1 566.122417 793.535738
1 556.450136 801.912863
1 558.457108 801.771453
1 553.909713 813.565870
1 551.165307 798.782531
1 588.384833 811.338194
1 564.321143 806.739449
1 563.309108 788.919077
1 569.494965 799.816144
1 577.269699 796.321275
2 389.538227 833.879714
2 378.960659 833.429814
2 411.442228 835.670410
2 387.390942 851.011779
2 397.114311 827.173351
2 401.636197 813.259206
2 401.312932 830.117661
2 402.382769 830.642689
2 411.152661 844.794265
2 390.150597 825.066402
2 399.501159 818.059710
2 398.257724 839.003859
2 376.583223 838.678080
2 382.307555 837.874612
2 412.266138 813.407596
2 413.065501 846.807698
2 415.642324 835.764118
2 408.008256 824.890422
2 390.094158 829.951194
2 401.175089 840.522349
2 405.832256 845.406995
2 398.449407 821.013905
2 402.179150 831.091748
2 400.384027 826.575821
2 402.357607 815.581699
2 393.088402 831.176945
2 388.306593 841.258806
2 382.629465 844.753000
2 431.729712 818.321462
1 571.854532 776.261913
1 552.033330 755.561946
1 567.308193 748.292366
2 402.084180 773.863140
2 426.751009 781.241336
1 583.726918 825.687306
2 369.429171 801.106469
2 400.868032 840.235725
1 565.259367 812.147773
1 598.201727 850.024685
1 553.496779 795.340733
2 386.996633 869.412237
1 582.344989 819.287797
1 632.553630 867.544053
1 547.563155 775.203703
1 568.720201 803.887231
1 557.039626 804.976838
2 439.896378 749.213991
1 583.091589 812.168587
2 353.925223 800.504002
1 418.627934 678.633587
2 396.601031 821.226807
1 513.385801 832.816396
1 400.279227 670.080678
1 553.660234 786.964440
1 527.474169 812.793621
1 553.648392 807.263976
2 420.843412 769.053598
1 480.926656 760.803804
1 520.052860 775.685262
1 580.216911 821.101815
2 397.913196 750.771220
1 583.569585 798.251453
1 609.776390 743.884012
2 400.735925 860.076752
1 540.556522 786.792369
2 394.988166 841.107980
1 539.352654 826.384523
1 357.211309 684.412403
2 395.507882 846.026058
1 381.121007 699.071997
1 408.291558 693.513299
2 418.141414 842.361469
1 574.048067 789.615564
1 594.349828 798.016700
1 405.538867 677.961157
1 339.339911 706.825364
1 414.646814 703.943616
1 412.793950 675.938938
1 571.487891 847.169317
1 540.726959 807.047358
1 348.464296 723.569043
1 613.015266 830.822246
2 347.443017 794.511884
2 431.036060 864.035476
2 417.379443 770.688072
2 354.086235 816.520164
2 416.827514 760.876333
1 419.085846 669.728398
1 366.765699 697.117333
2 395.633335 868.551335
1 607.781571 830.350801
2 373.050209 837.196198
1 398.865196 667.061331
1 402.319639 678.680248
1 596.035726 827.995037
2 365.963994 757.561284
1 573.720068 791.977394
1 565.252527 798.041868
1 577.213431 808.752401
1 536.468206 783.405393
1 580.968019 788.551803
1 549.240710 872.304221
1 538.032205 763.406655
2 396.539402 810.301798
2 378.108201 816.171401
1 554.971187 832.456968
1 577.062383 831.692923
1 528.123049 784.445415
1 581.653989 785.925386
1 533.070422 799.800178
1 565.581938 746.641717
1 600.803788 770.090716
1 599.625493 795.320377
2 422.176757 762.489080
2 392.468855 842.641597
2 403.708491 819.617753
1 579.290360 821.813887
1 582.431302 826.390798
2 352.001227 817.962002
1 566.146967 820.859961
1 582.885043 773.350713
1 587.327598 762.523379
1 498.594275 680.026971
1 519.894245 764.935485
1 545.642768 822.132121
1 348.723774 675.358252
2 409.065893 868.796482
2 439.886513 866.707342
2 417.282436 814.516036
2 428.826875 829.830288
1 587.257477 849.092698
1 553.107933 779.975284
2 449.188191 790.410838
1 593.801617 707.814163
2 444.451952 812.716754
2 430.219034 779.748172
1 582.302441 822.850079
1 567.521653 766.570129
2 417.487746 814.158309
1 536.927503 773.661642
1 517.050274 741.941993
1 546.303000 784.731563
1 528.976760 820.660507
1 397.635184 676.719113
1 570.396611 750.757792
1 554.010352 827.356938
2 481.870798 842.597107
2 444.360464 713.370645
2 409.805007 841.979029
1 538.550277 778.024547
1 561.122443 889.645988
2 401.903022 855.150336
2 480.301617 833.362358
2 380.551577 849.001876
1 543.067088 837.101325
1 530.907150 783.309030
1 619.606183 796.557993
1 517.692478 772.320113
2 451.665939 794.778026
1 404.629083 684.529318
2 424.656298 846.945577
1 383.324883 672.655410
2 404.830308 864.919117
2 380.665271 835.964567
2 432.668667 810.595597
1 569.321891 825.139669
1 540.783024 794.877243
1 574.152363 808.253748
2 408.875591 894.572081
1 386.918857 683.455999
1 633.960923 824.034289
2 401.940135 849.942161
1 531.875385 821.584115
2 396.164895 757.397493
1 625.599440 761.521499
1 597.935861 783.866576
1 404.236545 680.554001
1 557.758215 815.196787
1 541.865329 810.928562
1 372.822135 668.663931
2 403.705275 856.504232
2 385.229753 823.106822
2 353.981328 796.446989
1 340.138277 713.102274
1 392.871552 683.488648
1 584.945948 856.503218
1 400.310942 675.304161
1 600.018704 851.197369
2 378.794928 796.997022
1 412.429959 672.392325
2 417.088325 852.889152
1 454.888427 739.641487
2 404.059189 847.401092
1 427.444080 671.861843
2 413.555665 849.948796
2 388.754499 822.039815
2 445.462128 806.822281
1 490.366761 675.149791
1 630.756181 845.130427
2 351.831442 831.213047
2 408.681203 783.865564
2 433.141509 837.295311
1 363.821655 695.732816
1 508.784096 926.668472
2 410.124419 841.762253
1 587.298491 757.305225
1 555.455440 819.888416
1 352.925686 676.244401
2 360.234839 768.100253
1 586.004839 829.350043
2 441.910283 848.353217
2 422.290963 754.472799
1 612.005886 779.585090
1 564.280740 812.560580
2 390.646470 821.132538
1 383.596377 676.978855
1 590.148351 786.061361
2 434.512661 931.752761
2 454.846289 801.192828
1 509.391823 753.041262
1 592.084043 761.313328
2 356.428084 811.805784
2 435.576825 825.902344
1 583.081165 791.959292
2 395.559730 792.060543
2 345.236074 791.066524
2 369.078613 782.918369
2 395.321691 846.476789
1 575.554167 785.118816
2 343.618756 785.305340
1 506.738829 802.164648
2 359.532810 823.249291
1 360.895814 668.703475
1 419.971962 683.579197
1 537.604851 846.551490
1 524.755454 774.018747
1 424.642366 681.494999
1 384.458626 685.141003
1 536.121431 739.343415
1 588.671994 763.163177
1 649.804941 834.479248
2 414.614928 865.960320
2 416.048570 790.163937
1 514.669895 851.918802
1 576.285361 805.692151
2 411.956322 840.664573
1 568.490644 805.172383
1 524.370683 795.553823
2 405.296343 816.819779
2 446.176268 823.886616
2 430.058956 814.595071
2 400.468409 791.450584
2 432.786064 848.566874
1 600.992773 835.382077
1 576.703643 805.468746
2 433.883871 847.900119
1 567.976372 807.129842
1 548.585416 817.970909
1 567.620778 788.700728
2 433.446180 703.909694
1 664.930651 887.059823
2 430.241548 834.513220
2 348.612323 810.262116
1 429.625888 673.769955
2 437.144185 842.118107
1 611.412746 790.851736
1 383.731127 710.507301
1 530.101087 773.668679
1 535.065855 766.322946
1 504.294434 777.295341
1 507.557252 780.801625
2 455.143703 677.519164
1 382.595591 718.827457
1 586.748948 814.809009
2 498.710149 799.430862
2 423.018016 825.368178
1 503.634121 789.558729
2 455.727230 856.657331
2 450.969895 776.173901
2 446.640434 828.808108
1 436.246802 683.766031
2 359.806771 833.967383
1 581.832569 747.269183
1 479.124394 848.193600
2 395.456763 835.655803
1 599.533446 827.719069
1 529.416227 849.378942
2 428.782694 808.368702
2 358.808098 834.918405
1 443.393891 704.016791
2 355.154859 817.942398
1 470.403385 731.418945
2 491.483423 858.758605
1 625.001674 824.070480
1 504.850636 770.823332
1 521.695186 847.695381
1 371.786912 668.473230
2 424.484232 866.981925
2 389.368304 853.785754
2 420.488617 846.048200
1 593.399341 788.041283
2 390.861782 761.740524
2 430.795861 808.436615
2 491.967535 789.465335
1 545.985392 813.286352
1 553.986677 818.187215
2 340.864151 862.859633
1 563.349291 778.281333
1 578.769783 777.073518
2 404.268979 796.370144
1 502.488539 813.345764
1 576.462108 807.936299
1 353.483642 672.495059
2 357.572387 774.517095
2 405.421499 835.740860
2 398.059908 705.053672
2 482.944959 798.628835
1 570.812467 833.772750
1 592.739437 782.214041
1 388.044315 701.049603
1 334.222022 730.661082
1 416.053091 701.869762
2 358.374642 844.359359
2 429.332496 826.360131
2 418.878464 826.396654
1 582.548168 780.384195
1 592.628298 816.259939
2 494.346369 804.728228
1 546.397396 764.243163
1 461.285603 685.167119
1 522.137858 805.106404
1 516.559358 823.472762
1 597.309477 800.645090
1 565.900970 834.365308
1 531.503378 838.417700
1 364.193969 715.246035
2 428.392176 694.062366
2 358.337940 782.831363
2 427.871888 841.686236
2 426.988260 866.093357
1 485.409151 758.192994
1 419.878629 674.113039
2 394.770045 913.096654
1 559.031565 800.043325
2 368.123930 863.054385
2 399.197086 863.094746
2 372.030289 843.628212
1 563.135290 869.908500
1 568.540581 807.281489
2 383.739063 824.006400
1 585.242994 797.952600
1 604.196614 778.129677
2 408.665505 764.261210
1 580.533969 778.948375
1 534.936239 670.101510
2 535.041406 751.773480
1 541.692684 871.431827
2 366.143160 782.138907
1 437.326123 670.578423
1 352.629185 681.705236
2 408.933088 833.539928
2 404.790784 855.364033
2 414.192073 822.405801
1 343.546993 702.956275
2 536.276477 828.050587
2 351.935388 843.280677
2 414.017424 796.175884
2 423.599545 829.909472
2 396.182893 849.017659
1 796.388864 306.657840
1 821.036917 304.551643
1 829.830806 294.046739
1 821.918281 286.535242
1 827.008361 306.982318
1 819.703925 311.468283
1 819.562622 309.232983
1 802.629404 300.577595
1 823.128751 297.453261
1 823.478148 298.508401
1 821.751465 291.149601
1 818.087407 302.558102
1 815.426318 276.391480
1 818.450751 282.660983
1 820.312877 300.045297
1 804.173060 292.202385
1 820.927539 293.228590
1 822.934482 292.983958
1 828.970412 303.746897
1 820.841994 316.170513
1 819.024018 294.624643
1 831.099042 306.238499
1 818.992631 313.060734
1 819.454788 297.964086
1 839.922837 300.968418
1 814.089782 286.227806
1 814.952164 321.010370
1 825.252307 296.898763
1 803.852044 302.353583
1 809.983797 301.390875
1 799.510615 313.051670
1 837.694861 287.564907
1 805.251090 281.217554
1 834.640377 300.015460
1 819.206725 279.764840
1 822.409595 321.539671
1 803.484546 312.865743
1 821.588987 277.873229
1 817.297562 303.155753
1 814.325253 299.945888
1 819.665989 307.734312
1 838.759563 276.592477
1 832.747845 312.196882
1 804.517784 249.536633
1 796.527786 302.620484
1 799.795287 304.390798
1 771.079583 305.025586
1 830.887993 293.698971
1 823.371884 287.942398
1 811.260563 254.041100
1 807.001093 278.026602
1 837.688442 326.736709
1 807.140532 297.634757
1 838.645553 327.674513
1 802.259506 297.405816
1 785.424984 294.748699
1 803.598239 299.828434
1 820.264568 304.285003
1 827.422946 298.377117
1 821.632382 275.009382
1 833.621479 270.085956
1 814.948147 285.302619
1 773.875021 264.284069
1 835.148280 321.652511
1 784.991759 330.819400
1 816.269267 251.871133
1 818.346251 279.682250
1 801.522417 292.768003
1 811.654644 236.461620
1 783.875378 276.255956
1 839.277066 304.775286
1 804.137227 328.428364
1 854.098739 284.763018
1 828.067572 265.891680
1 848.466387 305.305330
1 782.753411 283.402384
1 773.179767 314.325289
1 783.044152 282.955760
1 833.590853 322.629163
1 774.116852 278.324767
1 841.517149 247.019640
1 854.724160 273.119052
1 787.491093 294.805018
1 810.671986 276.762520
1 786.612354 292.747351
1 867.037117 291.663999
1 791.510628 283.221562
1 813.816697 306.202520
1 818.309816 262.234466
1 832.051804 298.394608
1 899.064785 301.614999
1 816.378645 263.194186
1 846.760449 305.724748
1 812.537975 311.736731
1 791.929835 265.245519
1 802.048879 253.973569
1 856.068427 295.402164
1 732.584245 291.020132
1 798.566016 311.518820
1 866.209868 323.699182
1 823.160597 285.149900
1 866.788154 297.441942
1 783.744043 317.796671
1 812.420364 225.755722
1 812.975655 304.245669
1 716.558647 296.742065
1 834.974086 298.176226
1 787.794432 286.534661
1 819.483632 305.960098
1 825.056217 319.117288
1 829.897126 275.112196
1 840.975138 289.708647
1 792.035282 294.200962
1 837.246343 289.960510
1 861.499690 281.444404
1 824.763265 271.725175
1 827.472503 290.911254
1 784.503756 286.357823
1 765.204981 234.753133
1 777.305847 326.362586
1 820.618408 286.601026
1 828.834022 277.838082
1 828.191407 288.426209
1 803.037113 235.560255
1 818.748120 287.696289
1 813.446286 263.615628
1 839.252102 291.796884
1 789.476735 280.880344
1 811.243483 305.711711
1 771.576270 296.895922
1 819.974648 287.126293
1 840.522305 285.391296
1 861.667484 264.360860
1 788.302484 324.839065
1 783.216199 314.828851
1 859.104899 254.488169
1 814.628520 321.348803
1 794.661341 329.961201
1 766.658308 310.411324
1 799.463113 305.193803
1 822.377893 280.832884
1 800.312831 314.308107
1 872.112839 300.917331
1 860.000808 231.469238
1 843.814383 310.496368
1 805.387133 262.544194
1 803.938509 254.735217
1 871.461639 280.823642
1 797.266485 307.060754
1 791.532281 290.333663
1 823.892067 299.557194
2 852.475574 633.410839
2 851.954105 627.968782
2 854.026035 648.220403
2 839.991632 615.530566
2 853.077069 632.163393
2 838.369887 634.561641
2 841.955730 613.519406
2 852.416090 642.763955
2 840.738615 643.357703
2 863.400528 639.149061
2 853.881323 619.546542
2 850.632442 625.157595
2 850.418268 615.658842
2 857.351504 643.163369
2 850.318600 639.521488
2 835.521914 631.914579
2 831.556330 614.604932
2 850.077215 631.957816
2 852.373098 634.690302
2 851.245743 630.290808
2 836.293860 616.051164
2 837.884820 636.400251
2 850.192135 635.737483
2 849.995893 630.763458
2 846.559716 642.299393
2 834.979246 636.262926
2 846.730506 607.687930
2 856.436795 633.342058
2 852.717873 632.804110
2 842.090755 638.151091
2 850.868218 630.077384
2 841.498960 633.550477
2 831.691895 631.432495
1 859.633568 354.454044
1 781.964182 368.560805
1 816.315591 338.070746
1 774.761032 345.956520
1 772.785160 346.109876
1 861.258229 356.548003
1 776.154127 365.196226
1 806.705652 339.379224
1 849.406514 360.246029
1 802.236096 367.294137
1 814.373976 342.938841
1 804.480087 334.759492
1 877.986455 352.374429
1 853.275978 351.524344
1 878.533429 359.562539
1 819.687391 400.806090
1 820.121947 359.088123
1 765.218987 333.748951
