1 202.078525 179.315206
1 186.819888 180.064576
1 182.952212 174.534474
1 196.768541 177.505941
1 204.328503 189.087506
1 189.331589 163.877402
1 193.107182 173.501593
1 196.032144 186.401373
1 192.250519 197.907028
1 194.037276 181.435106
1 199.799649 178.648621
1 183.153069 197.091140
1 190.123317 178.772194
1 199.410362 165.275356
1 178.902086 190.791062
1 201.121318 185.842062
1 182.344040 172.955946
1 194.792092 166.717099
1 186.702925 186.835629
1 215.404842 195.972708
1 205.148379 156.622375
1 262.660835 178.614345
1 201.738177 175.095892
1 190.492166 189.360294
1 188.609232 217.393934
1 235.136801 160.291973
1 175.133352 122.240363
1 230.763996 187.548859
1 171.247303 215.038347
1 249.161005 160.203341
1 201.077253 224.345993
1 221.733539 204.086599
1 167.886498 227.643029
1 234.469780 167.904049
1 182.854911 221.867634
1 208.223017 170.039018
1 182.718895 145.531483
1 195.800115 213.976631
1 190.661838 168.210690
1 154.521744 163.556647
1 208.146494 268.810875
1 208.961852 181.075823
1 204.282791 228.633270
1 226.771516 132.529613
1 238.466916 182.356289
1 239.475264 126.357915
1 196.911761 174.627201
1 118.437876 180.096292
1 162.183139 166.746329
1 260.564020 151.629834
1 172.001539 188.019812
1 171.914478 211.696992
1 140.299016 198.224957
1 143.841477 157.900193
1 169.132040 136.659655
2 59.664177 453.414726
2 50.576305 436.787278
2 58.482343 434.984402
2 51.425367 440.837784
2 43.175214 434.119097
2 75.720087 415.002922
2 58.804816 428.815023
2 63.347146 425.863559
2 72.406240 438.663397
2 78.024736 442.886722
2 67.604440 409.186050
2 50.591738 412.758446
2 64.626408 427.958435
2 74.532559 427.224107
2 45.398665 416.726962
2 56.673980 431.836704
2 64.811656 413.906890
2 39.766784 432.656259
2 54.629899 427.696813
2 64.010856 425.553187
2 59.602518 430.313672
2 64.184752 413.590620
2 80.182577 438.192942
2 70.931752 442.930283
2 61.246465 421.775181
2 60.792721 428.363508
2 53.810192 419.722364
2 56.705041 425.612133
2 56.175670 411.315359
2 63.494198 428.757342
2 83.436392 431.710276
2 62.089104 430.141319
2 43.408837 443.731623
2 65.727367 424.865274
2 71.831915 415.201987
2 61.552714 420.683760
2 54.176240 408.216230
2 54.332525 422.651007
2 65.391002 431.691994
2 45.589576 434.050779
2 63.955935 438.324871
2 40.333242 444.457525
2 47.776520 438.419990
2 83.859896 425.730642
2 87.368520 390.748233
2 77.154233 451.401584
2 39.948129 402.916873
2 29.617817 387.689773
2 72.548231 431.037023
2 60.346316 433.492819
1 305.032080 592.878387
2 63.040840 444.295479
1 148.218661 777.629893
1 138.908182 789.084680
1 160.131038 787.909778
1 150.308837 780.140365
1 157.117436 792.632554
1 158.460107 771.246079
1 146.027089 803.146904
1 154.737368 774.207855
1 149.508251 763.863873
1 144.243613 785.552113
1 163.909595 777.338638
1 146.093343 790.984559
1 136.628337 785.524255
1 140.338804 770.199865
1 147.859911 793.014543
1 130.425149 772.329319
1 147.324617 770.897743
1 165.789670 780.267917
1 154.225798 768.676333
1 156.864742 796.891839
1 128.360333 771.670554
1 157.033526 783.322430
1 171.076966 768.126136
1 149.792901 793.426537
1 144.477388 777.595097
1 148.701957 796.258606
1 204.245465 778.254947
1 134.822170 758.978144
1 195.071337 806.542480
1 178.947708 746.375866
1 131.065191 831.655947
1 151.743978 763.448469
1 131.365096 759.708615
1 179.403054 734.257814
1 133.280913 839.397655
1 102.992098 773.126281
1 189.151517 764.425566
1 141.273471 781.415462
1 157.162613 775.505770
1 175.015254 778.177030
1 190.342572 797.355134
1 147.220197 767.678423
1 231.301244 749.960169
1 148.405663 804.241183
1 140.675790 837.926327
1 150.445297 754.064352
1 134.045999 759.461611
1 127.517255 752.031292
1 157.270631 738.368389
1 189.577432 762.756218
1 127.550897 795.409553
1 161.290447 777.241655
1 125.948674 819.455845
1 153.266695 782.832149
1 52.451919 728.352468
1 199.648080 734.515117
1 194.934986 789.709734
1 199.362518 781.073948
1 120.380104 766.274879
1 196.261820 713.357905
1 176.573803 833.021667
1 144.724532 732.672098
1 159.180895 733.812239
1 117.228969 789.469095
1 170.186976 729.263696
1 177.399018 786.873354
1 147.435840 723.040513
1 172.887922 740.620801
1 134.686038 839.318864
1 124.805355 792.661621
1 99.877304 813.108245
1 76.119897 779.481423
1 121.861453 805.840443
1 115.176144 800.743103
1 180.726091 794.439293
1 136.427468 788.001640
1 158.027289 755.541593
1 62.710716 801.869409
1 174.034191 775.638030
1 179.712748 741.114054
1 161.513371 779.593056
2 319.606941 866.465445
1 121.668061 843.131890
1 110.853052 808.426282
1 205.110096 777.908426
1 197.861337 786.543676
1 132.672824 765.869296
1 157.201388 763.209327
1 263.277436 764.613965
1 121.983052 851.850732
1 196.603708 750.553757
1 166.670227 780.306906
1 173.334857 817.756478
1 225.922061 787.759793
1 151.865606 817.267245
1 145.574608 821.926237
1 235.163575 756.045871
1 171.473280 731.145852
1 284.844579 787.749983
2 499.585782 134.991032
2 484.248733 151.095240
2 487.072859 134.072046
2 483.869978 133.688808
2 506.632547 149.885286
2 492.965995 129.845313
2 518.370217 137.655406
2 500.372290 132.347817
2 487.886167 155.139001
2 493.720714 134.765195
2 500.592111 143.538737
2 509.219396 138.393067
2 509.805614 158.859363
2 494.685072 156.280964
2 493.952420 155.236588
2 512.198795 143.865391
2 498.891104 142.434045
2 503.031665 142.810787
2 503.838197 164.691625
2 482.063822 143.746553
2 496.084056 144.129262
2 491.287710 130.238975
2 493.997559 149.054409
2 516.354893 141.664266
2 492.726283 160.391446
2 487.985610 127.781588
2 480.665799 140.519273
2 491.863470 139.404843
2 484.169628 124.939385
2 500.296424 143.208910
2 502.431803 130.208756
2 488.163780 137.309645
2 507.653555 163.648638
2 497.665782 137.406016
2 504.235634 136.967520
2 507.121802 126.362128
2 504.037112 143.205893
2 519.923327 144.451390
2 507.237126 134.154348
2 497.827101 132.321328
2 520.065446 142.572758
2 495.878229 119.440463
2 486.023560 139.868389
1 396.965906 656.429721
1 409.232629 630.668999
1 393.944144 650.141133
1 399.197276 650.149638
1 391.300101 656.779568
1 399.486811 646.725757
1 400.259023 649.944374
1 411.968041 650.520766
1 398.848586 635.686138
1 408.133576 630.837110
1 399.173399 644.191207
1 409.607785 663.929181
1 389.841955 658.005263
1 400.774781 650.308213
1 399.641320 649.664334
1 400.950645 653.944074
1 396.371375 649.914623
1 381.955513 645.056636
1 405.424793 638.575822
1 381.367666 653.613494
1 410.397212 637.327155
1 398.660293 649.819049
1 390.971265 647.465206
1 398.602001 647.378318
1 394.385557 654.002274
1 393.340697 642.555826
1 395.338749 637.154486
1 415.984239 646.909203
1 399.215922 650.971434
2 556.654560 492.168320
2 566.327921 479.929622
2 559.645556 478.749257
2 542.108217 474.036524
2 559.685605 487.433473
2 563.369408 490.282628
2 573.381410 471.477110
2 559.161220 474.688788
2 557.486451 481.565274
2 556.840378 498.166857
2 563.704203 473.647680
2 558.252617 486.808067
2 548.343974 488.373185
2 559.745212 479.979779
2 569.635254 470.297255
2 547.504747 473.173566
2 568.280122 458.401332
2 552.993692 480.154732
2 536.452940 475.645585
2 545.797056 473.774194
2 567.445625 494.042759
2 562.460124 483.713340
2 543.069621 483.761617
2 558.284391 476.821103
2 547.655082 458.294657
2 561.074381 495.485274
2 563.167474 480.654356
2 566.168079 497.857587
2 557.684401 461.115869
2 552.590856 490.349685
2 563.243376 477.289553
2 542.971177 465.114985
2 544.830961 464.668945
2 553.586758 461.895545
2 564.947799 458.268381
2 567.193653 481.763242
2 564.631733 472.059136
2 559.099342 479.038836
2 580.142647 476.366680
2 565.634408 455.665149
2 557.992754 503.939145
2 580.160206 485.271098
2 548.831643 495.501298
2 544.664903 471.243575
2 545.146850 474.591171
2 568.669514 482.475636
1 436.955850 656.164146
1 399.506727 632.828471
1 397.016120 655.400985
1 385.740802 620.444090
1 463.684979 644.019556
1 434.900231 616.168992
1 386.871315 653.780851
1 426.044152 640.090319
1 393.369309 574.107611
1 415.785034 631.312359
1 395.387051 656.648843
1 379.448066 650.075619
1 406.280135 662.429681
1 437.322843 662.900304
1 353.516778 636.285960
1 456.487742 590.927157
1 415.747941 651.445331
1 406.110907 654.350152
1 422.006996 666.599049
1 406.008608 563.531517
1 421.846179 626.534021
1 431.409857 648.470216
2 556.375336 509.036814
1 441.491689 648.917085
1 445.599513 666.302019
1 371.301360 661.791330
1 396.375882 649.474819
1 412.964243 600.179517
1 467.262620 663.703097
1 428.971056 645.132756
1 411.482463 618.802511
1 430.390024 633.112057
1 390.671879 643.211567
1 395.077987 627.326793
1 407.026656 649.612366
1 362.905789 658.426756
1 448.154904 591.357919
1 427.432629 658.300769
1 409.796662 645.965396
1 408.517663 589.373411
1 398.515325 586.484788
1 417.655997 622.059396
1 419.963551 650.858689
1 435.851725 606.283698
1 388.140886 652.893204
1 430.553897 629.860390
1 380.695054 618.351990
1 362.493126 657.411937
1 395.865303 629.290010
1 408.830002 645.889386
1 444.393825 651.126508
1 372.792606 651.114148
1 421.744111 648.599292
1 396.493378 580.635140
1 432.179453 617.397888
1 385.829026 626.699743
1 390.687196 663.400042
1 371.375489 572.488396
1 375.015351 589.378148
1 403.542633 650.812434
1 420.825088 655.075238
1 381.439816 604.841307
1 338.011939 590.300744
1 389.082550 583.923104
2 569.868169 452.359652
1 433.617911 643.378277
1 435.389065 659.425543
1 402.578116 654.373874
1 417.478365 652.999100
1 424.410370 578.470889
1 445.648249 636.205784
1 394.954126 674.308099
1 410.850476 670.035768
1 394.221399 669.527537
1 575.661683 787.109299
1 591.474880 793.367133
1 560.549366 808.971070
1 587.251436 782.693528
1 587.747347 813.579480
1 583.242380 791.272099
1 564.153244 803.367135
1 566.634687 799.764181
1 572.759855 799.243772
1 574.622078 798.789140
1 583.571398 807.125762
1 573.053080 813.579015
1 584.509425 787.087501
1 555.463841 818.504065
1 589.863390 791.962140
1 572.362892 786.040284
1 569.348468 803.664456
1 565.268759 792.765162
1 570.431892 804.553449
1 566.122417 793.535738
1 553.909713 813.565870
1 588.384833 811.338194
1 564.321143 806.739449
1 546.552111 799.804377
1 578.038975 812.878854
1 569.494965 799.816144
2 389.538227 833.879714
2 402.161750 844.896420
2 378.960659 833.429814
2 409.237313 811.380150
2 399.890100 830.041025
2 387.390942 851.011779
2 400.025746 809.960347
2 405.207302 850.738799
2 397.114311 827.173351
2 401.636197 813.259206
2 401.312932 830.117661
2 387.290173 814.781166
2 402.382769 830.642689
2 411.152661 844.794265
2 395.711069 837.208026
2 390.150597 825.066402
2 399.501159 818.059710
2 398.257724 839.003859
2 376.583223 838.678080
2 382.307555 837.874612
2 416.083383 812.282884
2 399.456228 830.895849
2 413.065501 846.807698
2 415.642324 835.764118
2 408.008256 824.890422
2 390.094158 829.951194
2 398.878255 849.165779
2 399.819838 837.191383
2 405.832256 845.406995
2 402.179150 831.091748
2 418.329704 828.496631
2 400.384027 826.575821
2 391.501291 844.196585
2 402.664223 816.254259
2 402.357607 815.581699
2 397.917414 854.296024
2 388.306593 841.258806
2 382.629465 844.753000
2 355.046502 843.027620
1 593.392389 779.767845
1 543.681369 794.089557
2 385.091221 841.110235
2 369.338053 796.751277
2 397.301200 867.506738
2 404.007464 823.660384
2 418.590929 846.311350
2 381.518443 842.703004
1 428.099978 667.187840
1 550.757107 858.792368
1 545.903751 770.011416
2 437.538573 844.532138
1 566.286367 748.240652
2 361.385258 810.973477
2 424.641453 838.070601
1 557.203423 815.995566
2 394.514388 813.292723
1 624.045071 761.286465
1 424.606864 672.495107
2 364.851060 839.998318
1 561.248168 791.186026
2 439.320147 786.375459
2 416.299548 841.484222
1 553.042663 801.169827
1 540.892810 817.456085
1 374.037373 674.447679
1 564.878550 753.553667
2 384.417959 875.453418
1 380.835023 680.120927
1 556.483864 803.834558
1 364.282603 667.996881
1 565.636636 773.578316
2 392.954266 873.990381
1 409.368209 674.959716
1 561.236795 760.615200
1 424.077157 671.506022
1 552.387591 800.916960
2 437.368814 812.733565
1 528.396780 813.894166
1 344.231270 705.179494
1 572.477872 837.360611
1 540.426919 771.158587
2 446.739205 807.765007
1 576.087444 779.782150
2 350.895792 814.573048
1 575.734091 767.117750
2 370.249841 834.256556
1 614.623019 772.882502
2 395.789849 755.190880
2 391.013766 848.232929
1 403.094958 684.829171
1 577.249355 806.545292
2 394.205457 833.864909
1 577.522493 815.037068
2 360.118319 863.695140
1 430.943014 710.733847
2 375.684893 914.077974
1 447.729563 670.845301
1 592.502665 798.990804
1 531.477217 830.474886
1 557.957535 816.796504
2 371.272858 867.904328
1 548.032813 807.792111
2 379.773190 848.621089
1 563.956437 755.741759
1 554.277982 824.543669
1 588.461334 838.447863
1 619.351487 762.918798
2 396.824243 813.691652
2 423.203310 855.961314
2 415.553336 828.474102
1 550.120007 747.649252
1 541.775056 798.184500
2 368.982415 863.136267
1 511.377151 776.920786
2 393.231940 853.259698
1 568.105502 823.637489
1 531.841005 773.593505
2 374.565747 784.935301
1 361.857727 682.184721
1 420.621615 704.847705
2 421.896494 812.128574
2 359.079936 838.709045
1 572.254034 826.921794
1 386.632158 695.361158
1 566.538585 795.541747
2 405.475277 810.410340
2 372.257394 802.148348
1 621.608390 831.741991
1 502.346660 809.060264
1 600.223773 844.799133
2 409.624762 863.477777
2 383.196509 802.098175
2 397.507962 840.528391
1 386.509720 690.023152
2 413.001287 780.639274
2 363.449274 799.368200
1 448.334566 686.663295
1 594.641690 823.143571
2 417.975453 829.065304
1 423.667413 691.064429
1 625.327366 785.064385
2 410.496687 816.092221
1 574.241970 805.238039
1 552.225535 826.223258
1 541.356356 817.426526
1 340.274454 670.671583
1 567.177433 811.651955
1 405.068878 703.817580
1 410.558391 677.741261
2 405.225209 852.217563
2 415.874816 780.621395
1 572.988825 840.580144
1 342.429314 675.991860
1 574.254374 814.051039
1 423.646291 721.231546
1 421.139783 669.676202
2 396.540478 876.240172
2 405.098798 861.388702
2 366.863235 835.102671
1 393.607253 690.248222
1 424.030126 671.898429
1 517.952697 802.728936
1 406.465876 680.536221
2 411.286729 779.871925
1 796.388864 306.657840
1 821.036917 304.551643
1 819.703925 311.468283
1 819.562622 309.232983
1 839.125300 303.166866
1 819.550908 293.675277
1 816.029020 288.743721
1 823.478148 298.508401
1 825.283169 296.602609
1 819.187439 300.062221
1 828.970412 303.746897
1 831.099042 306.238499
1 839.922837 300.968418
1 814.952164 321.010370
1 825.252307 296.898763
1 823.426854 290.314283
1 819.206725 279.764840
1 803.484546 312.865743
1 817.297562 303.155753
1 814.325253 299.945888
1 826.184956 286.264424
1 783.608712 278.999172
1 766.727190 267.010943
1 860.560050 328.985306
1 807.019120 289.899600
1 845.295506 309.063899
1 826.319752 302.119194
1 790.778459 299.098967
1 790.288815 320.164797
1 800.515470 321.882149
1 815.978888 325.651612
1 815.746404 312.840803
1 857.153481 261.977335
1 836.576415 320.752201
1 766.515473 292.429561
1 855.817120 320.817130
1 791.457566 308.671055
1 829.208341 288.500655
1 862.787740 302.573859
1 823.604906 316.685988
1 768.967456 326.355687
1 807.561838 283.362375
1 856.001018 301.849700
1 853.155662 303.711201
1 857.800116 272.414170
1 877.344822 275.266441
1 801.334207 234.566650
1 792.914306 293.028744
1 813.225200 261.069036
1 835.841992 285.303706
1 843.954964 306.421999
1 844.157498 244.044134
1 728.262031 231.829399
1 803.300450 323.845194
1 758.491194 279.603068
1 861.844382 332.652837
1 832.923451 318.427391
1 730.606642 305.129775
1 834.995026 241.650238
1 840.223108 268.162520
1 832.335336 321.272274
1 836.538242 273.774251
1 841.059210 235.111969
1 817.267822 324.792895
1 819.014583 182.703309
1 771.708956 273.275816
1 729.789535 237.808283
1 809.841057 327.955218
1 815.731484 327.551643
1 822.498024 324.431451
1 746.943823 260.796442
1 866.563196 287.335489
1 812.058651 331.762152
1 836.001050 309.667478
1 841.296702 187.157407
1 853.651593 305.984795
1 861.550164 272.414616
1 753.523944 295.491501
1 839.341796 274.964807
1 887.853546 313.811952
1 871.763383 274.017011
2 840.676232 608.621616
2 851.954105 627.968782
2 854.026035 648.220403
2 839.991632 615.530566
2 853.077069 632.163393
2 838.369887 634.561641
2 841.955730 613.519406
2 866.584727 624.813974
2 852.416090 642.763955
2 837.016986 614.694498
2 840.738615 643.357703
2 843.478089 641.697435
2 838.721206 644.038280
2 863.400528 639.149061
2 859.753973 642.335668
2 837.233535 635.162835
2 853.881323 619.546542
2 850.632442 625.157595
2 853.359522 611.015333
2 850.418268 615.658842
2 858.067359 619.559308
2 857.351504 643.163369
2 850.318600 639.521488
2 835.521914 631.914579
2 831.556330 614.604932
2 856.027421 643.177058
2 852.373098 634.690302
2 851.245743 630.290808
2 836.293860 616.051164
2 837.884820 636.400251
2 848.812040 628.612968
2 850.192135 635.737483
2 854.054095 633.278565
2 849.995893 630.763458
2 846.559716 642.299393
2 834.979246 636.262926
2 855.763583 644.513919
2 846.730506 607.687930
2 856.436795 633.342058
2 852.717873 632.804110
2 842.090755 638.151091
2 850.868218 630.077384
2 841.498960 633.550477
2 831.691895 631.432495
1 791.224450 337.500062
1 807.538781 393.304532
1 837.196329 334.759034
1 763.956362 343.563827
1 831.816866 336.215465
1 752.103777 353.548418
1 837.812017 339.853946
1 769.510077 422.629297
