1 199.269705 173.437265
1 210.114308 186.948301
1 201.889364 166.244283
1 200.028815 178.904122
1 188.380839 167.329228
1 212.483211 172.490510
1 195.050289 171.076614
1 179.145205 192.423152
1 220.372450 167.082820
1 190.286978 163.249754
1 191.860712 185.192797
1 186.174945 200.079040
1 180.475691 186.882647
1 204.553109 188.063940
1 220.977149 175.115079
1 196.939850 198.505773
1 199.999612 180.015226
1 193.785615 175.874331
1 201.650211 166.035300
1 180.544847 186.930235
1 186.504118 179.103378
1 212.387992 187.255458
1 209.544623 167.571960
1 181.902077 174.280506
1 205.334414 178.161422
1 212.620355 185.058393
1 188.913952 189.585743
1 204.101071 172.079548
1 214.856571 170.711981
1 202.955266 172.699582
1 194.252804 187.623283
1 204.039642 182.773306
1 209.057956 178.535843
1 198.418725 169.288476
2 245.197685 60.614106
2 294.372177 189.389279
2 247.747488 300.629079
2 123.511157 300.565481
2 304.332227 62.381701
2 158.408097 123.982872
2 89.577762 289.336909
2 225.903249 289.597707
2 18.138077 109.929903
2 31.140934 115.490686
2 265.037625 240.178044
2 140.521718 239.398896
2 87.105782 18.602916
1 201.362372 176.580607
2 155.022423 314.433509
1 250.545015 210.043720
1 238.682168 159.539331
1 162.713889 117.213995
1 269.932695 207.934697
1 156.210863 212.712162
1 155.490930 229.656268
2 214.437160 303.147423
1 202.821988 182.513814
2 290.571448 179.476513
1 199.643368 133.412468
1 185.469525 154.932549
2 149.927395 248.579677
2 206.640801 11.401905
1 217.207559 221.063286
1 185.929692 152.061298
2 180.142198 52.072008
1 217.830028 230.216290
1 199.268254 201.605111
1 226.149150 181.621330
1 185.594532 181.870446
1 182.983300 186.491019
1 224.731928 256.260373
1 156.844212 187.574849
2 183.416394 120.815585
1 165.772717 136.765705
1 176.423535 233.499203
1 155.533453 214.298282
1 197.556724 154.773366
1 226.475624 189.682148
1 218.849138 156.469360
2 163.720964 58.089407
2 36.643365 169.682119
1 244.983255 255.273951
1 275.758540 207.558151
1 201.682411 147.742347
1 209.382801 224.641001
2 188.951309 27.326809
2 158.630609 165.618759
1 199.092492 209.927199
2 186.201821 137.274275
2 249.457865 285.935762
1 188.328708 158.847779
1 196.902165 184.318321
2 248.462799 320.597498
2 142.138334 161.458959
1 172.848369 217.560909
2 202.800321 312.938480
1 173.957509 220.749964
1 205.693016 174.714787
2 172.369086 129.129406
1 187.149897 203.006138
2 130.136053 242.027434
1 209.144839 161.306095
1 161.804289 218.585257
1 162.710020 146.707435
2 34.134443 296.814881
2 129.974313 165.164047
2 153.022090 106.917172
1 170.008331 236.007611
1 209.318651 160.352569
1 148.802271 218.432075
1 220.632515 133.777039
1 237.158099 195.304892
1 228.557569 164.005117
1 253.056617 204.899166
1 164.278109 209.706615
1 233.080787 189.033140
1 170.220046 138.574454
1 228.382406 154.379795
1 228.229892 178.154602
2 309.057518 167.348684
2 294.483966 158.425499
2 286.106065 175.611690
2 168.549749 104.642992
2 159.845635 250.037823
1 202.877975 198.002999
2 237.995040 136.814849
1 188.925500 144.935411
1 208.031661 227.671711
1 222.293836 150.889282
1 201.868525 191.519118
1 190.872539 181.083329
2 166.747535 276.081907
2 78.466005 321.896047
1 189.452196 108.400799
1 208.854226 158.110764
1 202.821971 166.891285
1 248.402622 203.185092
1 202.274472 228.885557
2 275.852567 210.495682
1 224.642975 164.715433
1 225.495040 152.654236
2 167.351860 158.973389
1 205.554015 173.497990
1 181.774712 152.564561
1 192.994807 239.094614
1 224.006968 168.982612
2 259.745266 187.889465
2 268.827428 261.396180
2 234.860120 238.995117
1 185.829471 154.659598
1 213.300865 169.500305
1 218.236202 207.260317
1 261.306847 169.175762
1 205.025087 180.939424
1 167.013722 217.438948
1 188.183399 183.010028
1 142.598782 123.507325
1 173.148400 156.216373
1 209.972928 152.261790
2 280.165888 270.333172
1 228.420336 196.122316
1 239.356019 267.200663
1 252.057372 239.032964
1 227.764850 189.555302
1 214.941000 212.507659
1 234.444016 157.701322
1 233.383104 167.172279
2 221.762231 44.041036
2 144.171453 135.821496
2 179.324391 75.079062
1 207.591946 220.049839
1 202.189467 225.256746
1 156.366775 211.938115
2 245.253447 198.462037
1 208.323492 171.508705
2 286.916353 285.252637
1 229.565345 162.390063
2 142.571628 170.720047
1 206.913812 244.366324
2 148.204991 149.648595
1 224.413325 162.426844
1 221.732106 217.045715
1 196.760186 188.752909
2 151.968121 234.539783
1 217.621841 266.179968
1 217.505418 180.115628
1 234.708954 261.707694
1 207.504652 212.607236
1 159.184866 200.732034
1 189.605957 233.503570
2 214.442410 162.287352
1 203.604741 210.662075
2 252.953151 187.285714
1 156.882515 226.745475
2 133.517761 262.616995
2 148.181258 112.680136
1 175.420934 175.694029
1 224.208757 219.165581
1 260.813161 158.350399
1 256.514079 132.305349
1 193.231237 158.937352
2 214.733366 82.850944
2 173.791885 131.953525
1 146.998368 88.206114
1 289.731070 174.867838
1 161.216407 230.720893
2 270.317517 252.749579
2 245.975178 156.887619
2 177.085991 114.918128
1 165.880805 157.901653
1 215.383360 236.196704
2 258.733607 86.674099
2 120.346269 251.445930
2 265.185224 325.291401
1 295.605328 240.678953
1 231.579227 189.730511
1 205.960305 179.552595
2 256.711104 199.101060
1 163.863445 213.869706
1 215.704860 132.758846
1 171.126533 156.137732
2 95.353533 294.176449
2 295.786905 177.218443
1 217.554495 156.887062
1 210.914748 143.584134
1 291.662236 201.468353
1 232.303080 199.709456
1 158.482723 220.423515
2 224.415726 216.752920
1 248.074711 137.606962
2 151.283997 122.950753
2 220.550923 146.677693
1 201.848383 158.194914
1 142.208696 212.742797
1 188.723854 209.863174
2 291.828741 211.082520
1 199.269699 210.251384
2 151.162421 108.663687
1 194.234247 205.819486
2 276.661421 152.329778
1 208.488857 148.986666
1 151.530412 235.398325
2 191.709149 122.024820
2 229.778863 67.561782
1 210.877908 149.499954
1 182.886879 224.719687
1 227.299236 203.490162
1 254.136993 217.502414
2 164.954922 250.232035
2 227.661441 59.751556
2 171.443641 144.226014
2 291.973574 306.647350
1 173.725993 172.864377
1 159.930027 224.173056
2 251.278842 54.524735
1 235.848997 185.142716
2 159.520149 133.008735
1 160.370797 229.740818
1 172.750208 156.102989
1 206.706405 141.034026
2 103.484864 309.689130
1 192.487699 192.874025
1 206.444905 166.785050
1 207.935910 185.337114
1 194.051672 185.752181
1 278.229618 223.481211
2 210.149498 39.669883
2 171.244360 543.570455
2 20.994490 632.140718
2 66.088670 339.827348
2 215.846863 380.439899
2 197.668517 576.454287
2 176.469311 624.306723
2 162.585077 510.800457
2 258.849622 571.780342
2 28.433730 395.907137
2 285.577834 399.682199
2 206.003233 444.655875
2 73.254313 598.941207
2 99.191083 646.504344
2 207.408084 475.388057
2 101.282388 613.165286
2 176.401805 613.394534
2 245.180580 526.798290
2 242.591281 662.754517
2 162.341231 347.279270
2 165.633098 583.683404
1 324.665203 611.158337
1 291.163362 644.192476
2 184.898169 574.615419
2 103.466258 604.769886
2 216.277748 574.097546
1 330.054085 613.977748
2 143.056784 388.391486
1 310.750796 644.719171
1 328.645163 591.551163
2 306.250957 532.466046
2 219.764411 655.325310
2 226.633301 615.159924
1 313.340664 620.588158
2 278.308828 337.808396
2 332.563898 552.215369
1 145.030728 772.537774
1 157.487720 793.321122
1 126.746203 786.033927
1 143.108860 781.374177
1 154.390032 786.035741
1 152.529190 780.121808
1 142.908453 785.024548
1 149.145823 789.074265
1 164.059055 789.500816
1 129.883861 767.236260
1 162.035259 791.309183
1 143.341848 761.361544
1 157.305392 776.514772
1 148.994945 781.462857
1 150.635253 800.337475
1 139.669431 765.674780
1 161.454364 774.691989
1 145.115120 801.068668
1 146.637271 794.320656
1 165.210033 792.478869
1 145.398130 795.977175
1 148.886593 775.785309
1 141.519321 797.625571
1 143.634279 768.792677
1 171.706840 790.920699
1 150.302771 764.452877
1 154.831874 780.177508
1 165.169143 762.646692
1 139.070384 777.583477
1 164.121171 782.791520
1 131.403224 778.324781
1 147.781349 780.633312
1 144.954823 801.106475
1 168.558070 768.279076
2 45.445622 846.788738
2 314.745031 695.223919
2 278.842459 682.923933
2 144.085517 872.816056
2 179.601668 815.345060
2 235.255087 804.442660
2 25.964187 815.865713
2 304.534268 779.614386
2 168.179667 893.592700
2 155.089063 886.894080
2 95.990597 827.499648
2 100.781039 780.964956
2 251.927141 815.949635
2 97.995087 682.932946
2 54.460575 712.218472
2 251.392151 680.540094
2 92.891069 894.358573
2 78.445487 880.182434
2 144.245731 875.356743
1 166.524333 778.181379
1 174.990716 768.155646
1 166.171710 781.445020
2 101.208373 816.461587
1 146.143063 814.330469
1 133.057925 828.286029
1 121.706033 713.345424
1 109.337715 753.201801
1 154.732296 781.302537
1 154.752676 799.879236
1 155.819482 785.425427
1 148.169043 819.930425
2 101.302823 741.970048
2 133.690029 795.495884
1 147.387495 829.674620
1 157.541895 779.459345
2 286.685337 797.779967
2 191.541336 985.989440
1 86.475784 704.803574
2 226.089475 821.726836
1 187.272025 809.442794
1 131.758009 767.508007
1 173.458957 750.881014
2 203.011816 997.022159
2 111.986717 822.372034
1 114.482005 761.504957
1 326.026566 699.800342
1 158.688809 829.852371
1 170.195066 821.894369
1 173.646823 794.304235
1 107.159925 760.935739
1 119.543472 771.358094
1 149.944620 778.201605
2 114.658522 838.183517
1 211.932397 780.128206
1 122.926165 745.498232
1 166.555011 791.817204
2 2.359361 805.682431
1 208.695503 825.525130
2 78.225900 708.293207
1 324.479848 673.710337
2 101.213843 783.881277
1 132.398981 797.320647
2 87.869486 788.676860
1 155.063380 835.479050
1 134.007732 796.474548
1 136.501295 776.037363
1 134.455375 795.488467
1 117.688443 768.212983
1 100.254211 780.878524
1 159.766918 786.871428
1 162.475851 815.668721
1 138.893407 826.454246
1 105.467149 797.871792
2 199.710832 726.133199
2 218.975239 838.420788
1 136.993804 864.221444
1 118.040871 769.247553
2 107.530394 801.408942
1 155.048457 826.345221
2 101.411507 758.998435
1 192.857533 878.140118
1 168.087301 749.370065
1 167.566223 765.751799
1 110.863947 765.134897
2 329.972500 796.807916
1 121.415810 751.784677
1 154.270333 806.220883
1 137.863815 805.809798
1 205.716874 765.542458
1 314.092784 734.587101
1 205.379469 792.851353
2 183.062899 884.552572
1 202.239370 814.798218
2 282.704394 846.152462
2 269.697376 861.989021
1 143.479277 817.734281
1 154.399877 800.315195
2 175.539348 772.094764
1 88.945493 796.915208
2 316.318927 727.526260
2 80.967758 825.182140
1 129.973817 815.376638
1 82.810622 760.705703
1 159.531765 797.818576
2 317.587998 685.449876
1 90.502980 819.062602
1 158.899121 832.696925
1 70.298097 749.089809
1 114.138543 774.691172
1 136.660151 774.244128
1 221.173920 766.753350
1 137.451185 766.353812
2 118.476828 732.039588
1 150.926264 774.149548
2 112.971643 841.440042
1 141.518406 778.148352
1 186.856038 762.827354
1 145.989993 772.985619
2 106.519595 841.703401
1 117.548808 765.555069
1 152.678244 789.362855
1 144.943253 799.981921
2 327.672311 701.984216
1 169.677382 786.542206
2 205.960568 724.287619
1 117.780931 804.306835
1 164.452612 741.013538
2 95.291925 844.758597
1 98.514636 743.533147
2 81.948314 893.869865
1 116.638988 781.889744
1 85.042560 779.533168
1 134.698525 792.289618
1 134.883603 824.757378
1 122.219362 813.492517
1 167.362854 781.189952
1 127.266431 796.337397
2 65.026300 822.176627
2 82.404999 860.472894
1 147.298498 755.470752
1 139.108560 796.324017
2 160.648976 865.051194
1 179.540275 855.654926
1 150.753251 808.044716
2 240.170620 994.285541
1 164.273732 730.309237
1 119.097448 837.356479
1 150.035462 761.600000
2 101.257042 902.946699
1 161.704490 748.908399
1 158.550596 784.291778
1 173.203807 767.235891
1 94.183244 797.954159
1 171.060956 807.821900
1 104.538723 726.100984
2 52.932837 810.964810
2 129.340093 782.622735
1 73.005152 833.971083
1 148.145209 777.853811
2 229.871957 851.208521
2 58.032991 954.594961
1 171.212097 782.721924
2 113.747044 713.725329
1 125.583028 764.129591
1 123.179012 781.403519
1 143.660406 793.874801
1 187.488946 854.976020
2 56.801827 807.024601
2 135.620742 763.893819
1 138.650894 773.670276
2 84.886882 728.946863
2 137.163029 822.829277
1 179.482489 799.268148
1 148.817825 826.948172
2 93.393181 823.663028
1 173.310920 761.509128
1 174.329316 813.407189
1 186.257656 787.474401
2 85.248931 852.635666
2 117.522523 842.798797
2 233.035413 821.753789
1 195.306534 801.633832
2 82.035227 879.002627
1 202.418212 817.548594
1 108.597303 801.385638
1 146.737076 735.613259
1 146.155481 740.110739
1 199.803260 747.584628
2 128.433576 800.248070
1 109.888859 764.506764
1 173.576604 844.684042
2 167.596785 710.679648
1 129.472033 766.864013
2 129.301109 832.617951
1 163.031116 827.744417
1 113.971959 810.099939
1 141.091640 749.704573
2 331.953942 694.375591
1 129.836775 761.909989
2 13.952044 803.697672
1 175.341288 823.047293
2 235.444388 924.121013
2 318.317064 709.067981
2 332.587725 700.659249
1 121.169753 739.171424
1 159.435960 819.359909
1 219.085794 769.912430
2 80.675769 797.264775
1 44.276269 836.931962
1 142.072155 818.021468
1 63.836449 805.477769
1 208.361222 814.220740
2 163.146199 806.041332
2 235.202241 738.891274
1 125.185507 854.112022
1 123.166171 776.015299
2 108.555920 667.728473
1 102.090896 762.167431
2 127.531165 732.734009
1 88.773443 794.155998
1 121.036387 743.265022
1 145.046286 776.325797
2 263.769447 764.473190
2 122.947906 818.673454
1 197.944810 800.970448
1 154.686206 838.534723
1 149.796662 794.011150
2 243.410996 784.334847
1 171.645510 720.205697
2 114.618991 806.279274
1 46.383214 849.458472
1 140.102620 785.904011
1 140.037310 764.173185
2 77.633584 823.755330
2 312.712698 747.018731
1 138.575939 781.897848
2 141.975145 872.443195
1 158.393636 746.729239
1 128.498257 794.249198
1 162.403986 772.368128
1 148.188633 853.826808
2 90.949813 816.834183
1 150.660653 738.853108
2 40.556817 842.641441
1 145.617553 817.748467
1 127.228133 794.430695
2 42.910131 812.663621
2 121.654023 834.813975
1 155.300333 803.697672
1 148.147760 823.389518
1 146.537793 778.387368
2 108.607881 829.243238
2 81.882105 776.009896
2 123.835213 780.188658
1 112.879018 767.254658
1 147.055245 765.586978
1 192.089908 838.680796
1 166.195273 840.238458
1 116.445390 733.469365
1 130.166894 775.657602
2 179.986598 680.107314
1 137.848175 772.873076
2 105.326018 809.637428
1 88.684194 806.384166
1 197.733948 803.015296
2 55.271715 820.632971
1 129.675390 795.114700
1 139.674511 819.395905
1 158.202343 769.544159
1 148.529111 770.816175
2 96.163137 940.004235
1 146.506738 769.174836
2 112.058935 783.064585
1 162.236927 829.134635
2 144.125143 882.521854
1 113.857154 750.185743
1 162.908973 810.383853
1 174.431256 725.988531
2 59.610555 786.208395
1 176.353847 850.130972
1 104.111218 838.394727
1 96.639036 787.118284
1 206.756171 769.246700
1 160.165646 775.214038
2 232.650603 790.287413
1 207.846703 768.048736
1 122.762964 849.606468
1 158.087233 751.879949
1 33.489727 858.182434
2 166.459224 828.158333
1 153.812996 729.299717
2 82.573606 755.967761
1 173.442632 757.458265
1 215.451538 771.062010
1 171.194582 777.924424
1 184.122123 762.278304
1 176.121147 753.823771
1 161.599656 776.020443
1 147.450783 789.651603
2 83.167004 831.078817
1 121.732719 846.489573
2 33.939741 809.184040
1 129.998400 778.892913
1 198.562784 768.876381
1 135.524539 752.969449
2 307.180471 756.843340
2 52.648808 867.409605
2 106.852162 860.627932
1 178.187302 799.900730
1 135.964407 735.775976
1 149.114480 788.496759
2 286.686611 725.571800
1 184.814060 823.191612
1 177.860590 801.674503
2 267.734128 833.644584
2 113.771904 828.320430
1 98.857846 785.202514
1 118.838411 805.310981
1 174.976389 779.506356
2 252.538467 898.248645
2 53.764081 851.710700
1 177.736009 779.850840
2 84.571181 829.979869
1 147.604427 798.789752
2 281.776410 741.508812
1 124.496752 723.790270
1 173.369145 770.068016
1 92.754526 799.569789
1 248.506358 860.553838
2 349.778605 9.205542
2 605.066590 47.788371
2 589.443399 329.344407
2 665.653347 275.935088
2 363.834378 164.526498
2 527.996854 292.824059
2 666.366008 82.483431
2 649.420891 250.178670
2 429.921659 60.700783
2 442.269964 137.611678
2 578.546029 74.844074
2 608.180601 176.614387
2 581.659812 104.667085
2 584.759719 8.514276
2 406.604858 243.912258
2 393.617551 91.206526
2 623.500289 78.874461
2 459.060437 293.612571
2 651.584736 239.522626
2 338.668463 188.985504
2 642.576348 177.335262
2 642.195861 238.033643
2 341.073101 157.929574
2 350.549414 330.725793
2 345.828762 301.917002
2 556.784307 96.421309
1 400.060358 664.114563
1 405.111228 654.743552
1 403.504982 652.571265
1 390.688447 647.845610
1 405.143784 645.741016
1 407.056579 652.214464
1 387.102474 631.882672
1 385.087245 644.224714
1 412.893603 637.657770
1 405.531501 633.996536
1 398.156383 646.538719
1 400.441090 649.314884
1 397.339133 647.323642
1 400.506485 650.383943
1 395.364842 649.921690
1 398.053061 653.189044
1 398.752565 649.912308
1 397.250624 649.699913
1 406.456430 640.285232
1 380.873523 652.353149
1 397.868197 650.876934
1 411.925322 644.440037
1 408.039858 649.382839
1 406.652711 633.066539
1 394.377634 647.022654
1 394.835188 662.032331
1 395.472651 631.200161
1 402.283887 655.352194
1 412.439738 656.811921
1 402.351592 650.678890
1 393.106662 639.004447
1 411.733015 641.469493
2 554.207542 524.403726
2 407.654692 539.267475
2 422.263068 585.874800
2 409.899350 583.813836
2 472.503920 468.156992
2 638.136057 382.283967
2 337.238754 627.361551
2 514.384405 514.909617
2 531.947152 538.399774
2 414.301767 487.742486
2 346.897906 350.992522
2 515.624875 369.475080
2 603.739266 638.164720
2 501.170248 578.989438
2 493.003781 406.135317
2 439.302773 543.991638
2 622.657885 589.764738
2 624.977644 549.091301
2 651.343269 665.120359
2 400.695022 591.662895
2 356.809001 521.837604
1 435.133633 604.461820
1 453.690724 662.505332
1 370.661993 647.180728
1 374.392374 612.673422
1 386.590594 573.307738
1 428.539656 652.381060
1 392.695982 628.271252
1 395.558864 630.312554
1 381.216357 657.440629
2 379.912746 578.769253
1 347.095254 658.240385
2 498.638574 542.414923
1 435.749157 646.982871
1 393.127545 651.384944
1 409.852040 665.142904
1 421.319553 642.913731
1 367.455577 638.368850
1 387.619411 648.001839
2 387.280977 504.085394
1 395.363649 661.986439
1 371.968001 637.949936
2 476.149682 500.070249
1 362.882231 599.084180
1 442.587241 636.344937
2 345.967770 538.509418
1 440.617851 610.807833
2 449.148200 658.866512
1 424.583965 646.418379
2 521.625065 651.474559
1 417.831247 632.313434
1 400.137180 591.778232
1 355.351640 629.874891
1 382.385094 605.751807
1 348.279842 633.538475
1 394.855589 664.043731
1 418.365200 638.293808
2 361.615192 583.076085
1 379.554361 640.251412
1 404.910993 645.560888
1 389.903044 619.325704
1 408.883290 636.738479
1 435.979401 591.968088
2 450.246144 551.999954
1 414.547153 652.270633
2 440.480359 544.202424
1 387.576609 588.271523
1 386.366576 638.477737
1 413.056157 581.182427
1 423.585136 659.109206
2 482.381425 558.531205
1 468.741640 587.309079
1 416.988479 661.096061
1 348.353362 615.569798
2 384.935871 524.270177
2 437.449540 570.380893
2 483.937146 548.966598
2 440.851437 580.544287
1 434.620614 648.709276
1 362.960062 581.484620
1 388.559498 634.965544
1 400.342851 636.192327
1 388.713052 615.460616
1 423.956553 611.845409
2 516.249139 566.807667
1 356.528910 635.223433
1 400.772428 637.798796
2 544.739193 576.504184
1 394.671256 663.756097
1 370.854821 648.409971
1 397.443063 644.924641
1 453.462717 657.054630
2 608.756851 571.414978
2 539.363864 608.945210
1 368.480832 622.662217
1 431.870977 594.430372
1 475.197621 605.214011
1 419.913206 592.435993
1 374.150444 617.725408
1 433.271896 641.460029
1 376.490231 587.822872
2 390.623924 635.205612
2 440.746354 537.063530
1 372.388827 638.751644
1 397.858051 585.206422
2 528.376576 520.924203
1 351.355377 582.606516
1 404.574853 602.432022
1 396.415169 656.327735
1 411.594823 652.791287
2 403.632293 476.505152
2 350.165062 583.944231
1 397.835546 655.219192
1 372.129339 629.573999
1 426.469848 623.425737
1 472.149249 629.872875
1 405.630838 655.929264
1 386.533543 641.103229
1 362.018274 629.826723
1 415.086357 611.508866
2 641.951856 348.180658
1 433.175321 629.898270
2 581.386738 595.532947
2 502.262776 521.516551
2 389.390010 600.388221
1 454.776209 643.174366
1 361.784269 612.391842
1 379.039768 641.403776
1 382.807783 588.360615
2 412.605139 660.849103
2 432.510415 654.694918
1 404.583121 659.210451
1 461.261527 550.530280
1 428.618054 609.191930
1 395.557083 585.849052
1 453.697327 613.899695
1 377.667730 665.183781
1 505.173773 619.342656
1 390.658745 654.663100
1 395.941547 655.755131
1 394.607703 639.539366
1 349.797014 634.299955
2 428.297371 603.851836
1 403.945856 646.629830
2 608.151219 617.857916
1 367.201278 634.017468
1 394.541440 639.439903
2 441.409948 581.915411
2 376.345008 347.174465
1 427.647873 656.707178
1 355.873433 622.736926
1 428.373105 652.973731
1 449.794203 612.840838
1 433.909229 648.651757
1 463.379402 666.463782
2 430.757341 606.712110
1 414.114355 598.604302
2 538.033308 559.554633
1 412.335524 661.189581
1 406.426848 596.798182
1 351.101662 637.538278
2 532.151769 512.192540
1 418.881265 643.762783
2 399.549100 601.294512
1 409.309618 639.261801
1 385.978601 663.489098
1 447.874778 658.052236
2 361.559451 550.311619
2 375.889213 631.054952
2 454.267285 542.297500
1 433.522175 653.198769
1 385.703429 588.185998
1 344.876078 660.040213
1 390.682202 633.822513
1 411.419492 596.733017
1 377.983737 653.004629
1 489.676665 603.320217
2 492.614099 664.956660
2 453.243743 647.907653
1 385.170411 644.948055
1 387.392743 654.806064
1 460.112112 629.755054
2 343.185973 575.410477
1 397.672073 583.228330
1 447.729998 648.271099
1 465.711171 606.789730
2 493.525610 547.410679
1 416.202754 665.007285
1 411.668134 668.368042
1 592.269184 788.914880
1 591.487549 810.596792
1 562.838830 823.133327
1 581.619194 791.499844
1 569.393378 799.362321
1 575.479506 794.895237
1 550.314057 812.352350
1 585.959880 788.115219
1 564.241788 810.020203
1 577.599504 805.651019
1 574.622168 791.722488
1 564.053403 790.297419
1 553.192257 793.616418
1 576.378288 808.759825
1 553.858209 800.021254
1 548.627846 793.185977
1 566.964520 801.578735
1 574.470780 783.193272
1 570.978102 799.174940
1 576.423917 815.735739
1 592.085861 806.001343
1 574.647485 814.706093
1 562.839817 799.521881
1 582.643007 781.605743
1 569.199946 795.767835
1 580.683493 819.967901
1 571.582199 797.383136
1 590.387599 797.733528
1 577.335586 808.401524
1 580.041311 806.092403
1 570.353356 805.491408
2 577.914558 714.854242
2 443.770658 934.503837
2 642.694306 910.732831
2 349.544459 746.803773
2 339.589366 723.918474
2 412.598899 810.795338
2 448.318685 952.522040
2 503.259611 871.763370
2 408.423329 772.895511
2 650.792042 795.792364
2 520.087113 997.883590
2 447.291469 719.800295
2 646.125732 813.346760
2 473.722511 702.352219
2 648.836860 787.895538
2 622.243191 962.189270
2 524.971951 840.720524
2 430.984447 864.594218
2 583.814646 844.751735
2 616.138961 886.174952
2 445.557152 698.227625
1 578.863490 783.782106
1 585.461647 752.531866
1 539.681335 780.480888
1 623.568711 814.315617
2 356.244678 899.981117
1 539.556841 796.072126
1 381.878744 671.590618
2 612.966578 880.479618
1 576.249415 803.103399
1 515.740436 790.039954
2 621.302309 721.393458
1 556.195394 836.715281
1 584.010607 780.011942
1 594.832675 834.707687
2 440.223996 948.716309
1 555.474114 803.979614
1 402.534661 671.691730
1 386.953269 689.699320
1 549.192339 793.003185
1 527.043618 815.960136
2 528.526909 804.929958
1 572.081234 808.504799
1 606.729278 768.479638
1 577.807779 797.762514
1 378.973165 669.917144
1 570.767101 803.411273
1 566.702969 786.449605
1 509.740456 817.593034
1 556.251077 796.908911
2 445.432730 898.850292
1 509.154387 828.967040
1 392.386262 679.439805
2 349.822740 685.747738
1 624.785502 829.273245
1 527.713063 823.772571
1 588.304614 742.757823
2 591.653914 852.514641
1 540.032914 796.090154
1 562.709447 836.189812
1 401.079752 689.289839
1 542.316844 806.877689
1 526.235339 783.170773
2 585.234324 904.199885
1 612.749846 780.803126
1 537.500198 848.440887
1 554.591900 835.234248
1 583.363697 779.915599
1 527.984463 876.024077
1 613.791113 806.031489
1 563.521771 774.852347
1 452.165056 688.217591
1 567.893269 768.670115
1 362.554231 673.996310
2 588.677157 790.787424
1 608.120152 782.738956
1 552.922490 787.535961
1 562.004727 810.067723
1 383.678361 698.579759
2 533.324229 887.608771
1 587.807319 737.372810
1 586.133215 816.929439
2 340.524355 880.459907
1 567.524280 771.131882
1 540.198605 779.916455
1 510.121605 858.657555
1 581.409279 793.092714
1 556.218481 799.803425
1 524.490496 753.094064
2 366.932960 701.158082
1 541.645157 782.073220
2 549.718008 817.648803
2 544.023759 807.381755
1 556.292600 748.864891
1 588.854755 769.437528
1 552.179956 797.434507
1 578.474162 781.892294
1 383.192708 676.483045
1 410.236376 666.959636
1 523.046621 797.635643
1 593.002579 826.978251
2 388.645621 680.433776
1 532.791985 801.633764
1 581.314858 776.836953
2 368.927997 964.111691
1 555.927184 799.546259
1 608.129722 838.109609
1 637.359823 779.437936
1 587.841744 811.061611
2 606.297432 927.258796
1 640.365859 768.411725
2 649.953449 792.574458
1 642.455115 766.260440
1 539.053248 761.426564
1 526.055309 855.228791
1 546.684023 789.247636
1 537.831590 793.143628
2 481.150515 670.895406
1 563.522927 763.606555
2 456.549513 679.100848
1 579.784180 831.109461
2 548.058408 824.796943
1 549.157190 761.409181
2 603.056797 844.236464
1 504.935822 836.279552
1 601.662352 833.295261
1 596.364214 769.492488
1 576.242302 801.030846
2 598.155300 838.974751
2 643.005122 768.278860
1 586.525535 726.072009
2 664.852728 745.397142
1 599.817268 773.418192
1 432.157363 674.077571
1 529.170977 838.447804
1 602.994763 770.506333
2 604.278681 812.779276
2 565.007251 871.221167
1 591.060290 778.545698
1 559.923374 817.591099
1 567.815082 812.466347
1 489.823786 789.092172
1 532.594829 784.304361
1 531.854028 763.042079
1 495.950567 834.350165
1 527.188613 798.741825
1 568.954715 780.187026
1 593.521579 751.631406
1 570.668676 806.812077
1 530.960931 787.677022
1 551.761937 784.458191
1 599.208597 834.928363
1 562.499029 810.379864
1 556.683377 785.316539
2 605.427199 923.713888
2 620.885799 834.431147
1 607.041360 763.116361
1 424.553439 686.207418
1 525.456941 794.079110
2 487.427748 674.694956
2 453.760758 711.615948
2 533.042290 797.484429
1 608.023196 748.442573
2 623.640455 814.286687
1 571.766756 759.902952
1 604.902969 769.825726
2 547.424510 794.766403
2 452.228091 686.692849
2 596.338355 979.455009
1 355.938742 671.096730
2 532.881005 802.938128
2 651.939989 766.872981
2 415.522750 731.810338
1 506.435504 803.064027
2 528.609975 929.742166
1 575.755060 796.659411
1 438.946862 672.897649
1 528.193850 791.434648
1 627.370619 733.972599
2 542.496744 811.091608
1 574.490570 736.289314
1 620.783398 772.586332
1 478.087709 816.983644
1 559.309419 778.476100
1 568.904411 751.603464
1 576.643763 807.380808
1 428.972781 700.477503
2 514.798439 872.693884
2 623.197968 897.621916
1 534.129083 798.374898
1 581.537777 694.241237
1 517.304327 831.387793
1 429.688092 720.445923
1 609.357788 761.229659
1 555.970373 779.975813
2 438.376297 749.580062
1 600.864827 829.545089
1 576.595462 845.574332
1 631.478654 810.820149
1 492.959348 774.168392
1 498.540404 783.123864
1 501.898365 830.364786
1 508.218610 840.591688
1 629.377839 709.922052
1 611.201450 735.603936
2 543.471806 841.754686
2 641.037766 761.429216
2 564.481673 829.732799
1 613.085398 856.007483
1 633.602287 787.879638
1 571.384674 754.814943
1 594.241566 827.294926
1 609.583185 790.482289
2 553.287128 794.141957
1 600.867570 783.475866
2 619.567248 723.062917
2 529.510974 823.082202
1 531.736426 826.119609
2 538.710675 812.381608
1 336.202759 726.939414
1 409.693711 667.464089
2 660.816113 827.975869
1 592.948159 760.768306
1 549.585054 817.780542
2 562.541854 802.125345
2 541.717237 803.939303
1 618.155341 795.182782
2 500.863401 701.843271
2 552.136247 824.479742
1 568.336898 786.095774
1 528.545459 762.104372
1 583.178145 766.796574
1 561.650178 857.173524
1 620.751460 800.989631
1 525.467983 757.631433
1 553.641653 785.965392
2 557.454364 797.550394
1 415.923208 675.555658
2 629.613918 785.639435
2 581.055162 810.403147
1 601.046116 813.732767
1 608.960187 732.821413
2 591.149986 788.783931
1 448.865553 672.668887
1 539.230390 774.669514
2 555.376831 856.574225
2 497.843899 707.587824
2 451.712341 680.921397
2 351.671084 722.327619
2 433.896978 809.430992
1 523.349633 786.805352
1 571.244673 789.174796
1 551.751600 761.524444
1 563.833028 760.761897
1 575.021518 789.509322
1 492.194899 801.940083
2 629.707123 824.732553
1 588.643662 741.346339
1 585.771825 755.210160
1 556.087154 886.703756
1 605.914342 801.356686
1 509.065805 740.516182
1 557.952183 787.173453
1 385.030871 692.334441
1 440.026365 668.051089
1 552.743543 838.465748
2 544.123644 859.894861
2 591.375014 843.817386
1 625.885657 795.022427
1 522.871772 794.564448
2 662.653216 827.133058
1 590.837255 826.476935
1 367.682274 674.110215
1 554.445355 819.302814
1 552.756300 816.107751
2 347.961508 743.973973
1 611.916000 822.045191
1 541.366421 784.936159
2 348.573107 732.855695
1 565.151766 816.546947
1 571.925738 803.532636
1 625.316825 691.261748
1 557.019210 772.779784
2 640.559258 823.796126
1 559.267928 876.501786
1 568.553008 823.496253
1 541.658633 783.169945
1 554.122054 800.324545
1 520.189199 779.741708
1 431.323719 683.970857
2 574.811419 934.007751
1 538.172742 814.257907
1 536.633975 751.129169
2 523.418361 794.794370
1 611.482357 797.579953
1 512.385747 859.207892
1 592.825023 829.748344
2 581.548851 796.905989
1 557.631995 804.600520
1 537.687808 844.074685
1 533.743151 788.986357
1 550.391634 757.912648
1 557.345369 864.812229
1 544.363302 792.888426
2 559.516613 782.689281
2 540.266674 762.246988
1 587.242892 793.464364
2 461.073520 687.303250
1 517.721790 804.195946
1 398.929264 674.953736
1 586.782503 767.365898
1 546.451448 817.781400
1 554.664448 848.272922
1 494.582971 808.766533
2 635.581676 801.874884
1 493.934907 807.393382
1 579.490383 713.584220
2 589.941519 768.474746
1 539.990110 839.428516
1 469.399009 769.173406
1 364.253642 737.446671
1 558.507567 819.112054
1 393.836316 734.581289
1 559.559168 719.681189
1 589.007385 810.137481
1 591.806486 794.306827
1 471.553716 757.685481
1 410.262712 672.597871
1 535.329252 793.744381
2 641.866453 815.227174
2 546.730275 873.285721
2 574.451970 827.944089
1 343.090210 792.297487
2 625.402205 782.399555
1 542.027852 765.582079
1 580.357515 761.207780
1 551.563638 779.427955
2 623.464007 674.259629
2 341.811537 683.083690
2 606.001227 817.737045
1 605.429133 784.992543
1 573.824534 927.166509
1 565.650293 822.794971
1 379.399816 673.021305
1 626.808833 758.431296
1 590.194727 806.732553
1 530.114521 759.971201
1 540.256655 867.133038
1 417.257407 721.449497
2 629.991631 809.426819
1 543.147738 790.048947
1 528.690723 786.557127
1 523.341644 859.116389
1 580.418844 779.286407
1 563.297333 763.584322
1 540.950231 839.672179
1 540.891696 869.835512
1 527.932296 782.053090
1 528.231007 870.839725
1 581.448977 793.793767
2 534.482964 818.202370
1 517.373559 799.181083
1 570.903161 783.707373
2 571.551335 801.625380
1 550.036051 755.946560
1 509.125466 757.197384
1 438.743129 674.849809
1 603.352152 808.396930
1 559.198266 835.069042
1 538.938438 814.482116
1 590.086511 822.363281
2 628.594738 781.616855
2 539.916772 946.194248
1 586.577541 835.677505
1 616.357009 818.975347
1 620.228424 725.066776
2 612.714746 983.127501
1 476.203252 683.598113
2 580.806903 867.960637
1 372.985768 673.888936
2 574.184864 727.809333
1 575.242476 807.338634
1 553.825532 769.772016
1 378.720029 698.629550
1 603.287841 787.872264
1 510.922017 740.898774
2 593.930253 775.706248
1 393.666978 702.419497
1 573.243458 784.147934
2 562.262540 818.118298
1 359.718315 690.984016
1 501.291005 837.488443
1 387.771397 676.243682
1 548.939245 837.984917
2 611.313776 780.486959
2 528.106534 818.203490
1 545.957116 796.114370
1 576.519909 805.034011
2 614.210821 790.180691
1 517.072439 868.102342
2 542.922732 813.676095
1 567.773093 838.809883
2 464.656257 695.877625
2 523.149451 821.711661
2 594.004976 806.329993
1 534.222004 820.790553
2 353.926286 727.679605
1 634.423869 768.674852
2 468.189110 676.845808
2 532.170526 827.678254
1 526.949222 772.334049
1 589.634748 845.461257
1 602.995616 805.607706
1 589.133554 783.540719
1 558.508726 855.918876
2 486.264811 675.791466
1 580.140956 843.109490
1 544.956673 799.887405
1 421.490764 710.163416
2 590.744574 836.429710
1 535.608339 845.349195
1 609.748900 789.941248
1 565.685594 803.369525
1 576.454003 757.331954
2 666.007423 816.360175
1 569.206635 731.858978
1 559.887849 803.523263
2 532.056308 815.925635
2 604.865350 791.874747
1 541.460832 786.745800
2 531.345895 870.265007
1 547.733868 772.557065
1 565.932417 696.709427
2 523.398584 807.149889
1 581.719967 834.358073
1 572.984171 877.052722
2 437.319607 773.977223
1 558.897456 842.351188
1 621.571892 790.774318
1 569.615053 734.088448
1 576.671303 729.128650
1 524.330868 721.790638
1 584.510903 757.867618
1 541.905715 777.391349
2 476.875081 735.994665
1 587.607864 711.834856
2 566.283954 801.894176
2 439.649096 815.574629
1 593.623445 823.513867
2 443.756450 681.676752
1 595.775230 870.103421
1 524.688056 785.397312
2 622.320806 838.165636
2 529.672723 724.723120
2 540.650215 836.092323
2 422.096656 682.114124
1 551.101556 809.064146
2 632.045475 727.962922
1 626.879707 795.160043
1 577.801363 787.471291
1 564.748399 868.337907
1 598.241301 782.602320
1 400.109540 711.560711
1 638.448778 799.815400
2 548.608198 822.097277
2 539.759633 830.743775
2 474.860120 686.939105
2 611.294807 867.002574
1 376.749440 676.604434
1 566.678726 810.353021
1 531.668207 758.195665
1 594.960789 770.298853
1 567.899871 774.474433
2 559.561720 780.163845
2 376.992259 690.989240
1 505.955135 757.308940
2 495.114715 679.465678
1 501.804601 836.674002
1 550.379338 797.844458
1 530.293356 761.676678
2 526.996747 844.890459
1 503.699125 757.412148
1 594.834787 776.468631
2 531.997802 848.063882
1 571.406980 770.255258
2 582.702722 817.531451
2 660.817021 784.262763
1 569.748787 758.414194
1 592.759228 797.147513
1 498.768506 861.073086
2 548.390058 783.770390
1 641.112498 749.163921
1 407.200141 693.667566
1 413.351794 702.025578
2 564.451291 802.838034
1 503.430848 752.148118
1 641.074033 791.842386
2 532.332057 827.833691
2 560.597513 767.351515
1 579.102151 762.969958
1 569.596695 797.978128
2 567.126428 798.023696
2 379.700943 739.081975
1 500.432602 807.073297
1 431.491438 685.521920
1 554.446840 711.954961
1 546.788176 824.976806
2 494.782715 846.264579
1 570.175419 800.307525
1 552.486270 766.352649
1 448.877607 745.941115
1 489.731402 888.053941
1 567.434097 712.310907
1 643.430344 804.562558
2 654.897153 762.437563
1 559.502074 818.304134
1 398.035519 676.875879
1 528.196276 768.239972
1 546.615643 830.815210
1 608.813762 765.591648
2 530.808494 810.200934
2 449.936096 689.127489
1 401.916978 698.838440
2 334.005957 779.071242
1 595.763928 780.120274
1 520.470098 746.854276
2 438.773901 666.732516
2 590.463614 834.533546
1 558.791537 809.356413
2 494.553249 814.076912
1 411.217822 668.284910
2 653.723222 858.411838
1 580.128279 812.764598
1 614.382917 715.058151
2 425.790586 737.680456
2 550.654484 858.926584
2 576.147520 824.601573
2 635.014824 832.775897
2 600.846511 882.160832
1 580.076513 805.341545
2 526.352522 777.761913
1 563.114038 789.457950
1 546.290505 788.335776
2 551.373399 840.993899
1 580.146926 781.592852
1 588.957061 817.601386
1 583.602707 813.883506
1 522.965000 836.781139
2 642.036442 718.846887
1 603.104323 789.398044
2 582.735115 830.981548
1 390.322016 672.665709
1 568.580980 780.285410
1 538.585968 689.358135
2 610.324890 805.480834
2 613.767653 758.196128
1 575.617052 754.106549
2 523.334039 864.260647
1 556.313964 821.204166
2 600.562080 670.028960
2 565.585736 816.447667
2 580.851023 717.860220
2 569.793863 770.266740
1 558.949465 794.424838
1 600.279847 768.288663
2 565.829722 831.163736
2 596.382999 801.801131
1 526.838814 853.083849
1 504.326373 792.985971
1 601.423032 776.481778
1 550.377449 786.126378
2 605.100907 860.686082
2 539.205037 874.649148
1 500.402878 876.387334
1 519.986718 777.337048
1 399.633955 687.102334
2 531.491619 832.258162
1 554.133296 750.496832
1 553.725940 762.003661
1 555.175365 869.150916
1 588.534519 773.374567
1 561.576018 825.914146
1 571.779467 777.226609
1 635.820262 773.153817
1 615.331724 834.552355
1 553.882495 828.221896
1 578.929098 765.038461
1 602.952614 751.572171
2 519.882105 840.001508
2 565.638760 806.336276
1 525.109532 765.824570
2 487.824359 733.238151
1 488.374249 767.617867
1 351.764205 698.493491
2 542.420855 862.459079
2 523.486625 786.355296
1 530.626577 728.500420
2 590.370166 838.485974
1 556.112687 838.968476
1 534.464690 786.402643
1 390.661893 680.914713
1 362.193242 741.271793
1 573.619683 726.310155
1 399.363348 684.600700
1 603.495173 781.734177
1 550.542539 795.588826
1 397.927909 679.280065
2 573.939951 837.123544
1 542.721112 786.473159
1 616.901285 747.083910
1 580.147718 848.552607
1 518.064780 756.401118
1 461.699121 691.197437
1 584.077697 827.273141
2 604.512970 789.006335
1 577.293807 893.619427
2 631.098162 814.049315
2 639.315067 905.455680
1 404.354292 701.207566
1 589.887608 866.349164
1 584.570892 764.625078
1 529.719417 749.891924
2 543.600357 857.549790
1 435.407319 901.337594
1 378.338519 677.218993
1 539.863160 834.165339
2 568.241477 876.060990
2 512.140216 832.769893
1 588.438913 669.345210
2 561.455825 792.818706
2 421.955756 742.361982
1 568.761789 722.855609
1 527.157602 753.504816
2 430.085968 753.756213
2 532.245294 823.327715
2 564.867756 922.783333
2 581.412981 732.154631
1 509.806279 793.670206
1 558.206070 834.856483
1 571.904801 777.146351
1 619.561675 842.616401
1 552.116329 817.905839
2 385.785831 706.658499
2 508.970681 726.079048
1 617.510182 780.843015
1 528.188256 828.390658
1 541.970132 811.401067
1 422.677249 684.133758
2 646.709620 823.200964
2 381.102134 879.660886
1 825.323420 313.131564
1 812.226200 290.236725
1 830.429414 297.607845
1 824.995430 303.209579
1 833.030645 316.684872
1 834.044190 283.999700
1 819.691371 300.488439
1 835.591285 300.783414
1 820.155986 304.158386
1 826.779512 299.570688
1 802.061386 300.942897
1 818.328382 301.953430
1 830.789986 321.305360
1 821.461269 298.275657
1 837.939457 290.559085
1 809.734327 290.916042
1 828.619228 297.276916
1 818.187449 299.010597
1 822.031434 305.360813
1 822.383471 302.747937
1 820.658663 284.509079
1 809.235061 314.367895
1 817.915434 307.558264
1 820.400217 300.308929
1 833.266366 306.872088
1 812.497967 279.106009
1 820.978513 300.690964
1 836.313379 292.914827
2 722.194114 196.170142
2 893.464066 245.978228
2 755.215109 262.818065
2 967.740334 176.295514
2 847.526756 47.555112
2 896.554048 172.220755
2 882.950573 98.002196
2 777.515608 169.121337
2 830.285743 135.188482
2 995.768737 265.352777
2 801.264136 178.192910
2 675.563414 185.947463
2 900.574006 251.836751
2 844.330495 166.834008
2 792.672124 105.940476
2 786.455709 275.805450
2 909.989381 231.012482
2 721.232896 113.150164
2 850.339335 302.945682
2 955.189126 119.127902
2 921.373790 74.377634
2 809.899771 309.508034
2 700.217118 149.705557
2 799.230402 268.265659
2 725.838965 321.164163
2 826.266588 220.737925
2 746.763665 98.818846
2 942.296089 88.085685
2 992.212422 18.595498
2 743.638688 290.934731
1 838.579959 310.200694
1 849.303805 329.127719
1 831.355764 277.321063
2 994.390250 234.149208
1 814.040063 293.396884
1 834.317210 298.792823
1 850.528880 304.645675
1 799.657032 306.229950
2 907.187559 264.218780
1 795.291688 322.479191
1 838.737056 270.341604
1 884.410926 298.198203
1 843.714474 306.175250
2 763.953134 308.470244
1 812.544758 297.198410
2 762.035423 243.929732
2 786.568744 151.289537
1 833.428755 268.322166
2 753.398532 131.234833
1 806.908443 300.241433
2 953.416070 160.074022
2 763.985019 190.527253
2 816.998310 287.382958
2 906.555838 250.333249
1 806.095633 274.319842
1 813.158477 326.747514
1 832.287292 308.647268
2 739.251224 85.766412
1 860.830026 314.238314
2 833.168716 293.839507
1 762.745640 318.220935
1 798.964662 321.125501
2 753.958333 237.168376
1 819.567281 283.207318
1 839.480982 265.223974
1 820.608677 279.710773
1 846.533101 290.324065
1 803.125068 318.825100
1 836.895609 285.556266
2 783.649575 260.431832
2 991.904817 289.812447
1 813.819368 287.469086
1 861.028711 318.355906
1 833.297330 318.042599
2 759.616765 198.735819
1 849.929266 263.072836
2 769.731687 297.934805
1 821.873145 283.342075
2 812.770084 274.941548
1 839.306025 326.922528
1 828.988714 297.832518
2 724.079546 277.320826
2 700.317478 102.378050
1 819.502311 299.540597
1 811.238023 328.327488
1 791.841456 289.162283
1 802.918329 268.822775
1 829.371212 294.780189
1 802.711446 300.423644
1 806.124138 302.596987
1 811.891005 261.523315
1 855.806710 288.933503
2 732.147017 252.181560
1 802.989262 285.837160
1 829.289213 324.963443
1 784.965278 238.088795
1 848.223884 287.606448
2 799.553652 239.572809
2 745.381112 161.134621
2 776.970573 259.147421
1 875.269495 299.474457
2 795.587341 314.890701
2 809.852925 285.613398
1 843.714474 306.175250
2 720.470728 169.446566
1 844.160010 314.047657
2 786.279061 269.734356
2 918.290652 257.646436
1 853.603117 225.830442
1 806.900510 253.590397
2 736.188726 108.325203
2 924.026877 241.386596
1 806.584399 295.532931
1 829.731885 320.707378
2 880.512414 322.698792
1 857.630307 291.399606
2 741.582080 290.182868
2 698.174047 318.683903
2 803.224824 261.774264
1 804.241262 214.699486
1 840.926782 258.378540
2 804.580718 261.675902
1 823.494061 218.522009
2 915.037172 57.688334
2 746.495136 266.934251
1 846.637381 300.657787
2 739.359843 139.516651
2 786.529076 323.099446
1 787.328005 324.090939
2 773.416522 264.306446
2 764.646236 114.261202
1 782.586467 267.796058
1 879.241088 289.651537
2 899.103097 137.937265
1 901.048431 303.046950
2 851.795312 307.453196
1 801.872326 299.995055
2 917.065225 275.570944
2 765.094330 207.380200
1 778.706166 262.188122
2 811.183508 123.640456
1 792.037436 270.241088
1 783.606694 305.753512
2 774.456985 278.659654
2 962.636408 256.183845
1 801.340975 231.622373
1 875.576242 216.700569
1 808.949870 332.227255
1 741.833156 301.155804
1 789.312618 269.994104
1 850.548400 306.222339
2 877.945196 242.363499
2 755.425903 279.225823
2 700.334141 295.466132
1 888.505658 263.342054
1 854.904924 315.248638
1 914.421846 301.867136
1 776.853406 232.752039
2 780.484349 284.404665
2 732.819753 238.170753
2 806.893055 250.770408
1 744.200856 307.060757
2 742.036989 103.980145
2 753.738411 256.062389
2 779.176417 298.770568
1 881.953213 277.599358
1 825.985570 326.200938
2 954.133310 290.990049
2 821.106935 287.745385
1 800.037975 282.524881
1 824.329300 287.243452
2 755.184319 296.464253
2 991.003296 244.520627
2 919.258337 148.542537
1 874.874506 245.955736
1 790.452259 272.506745
2 753.303713 231.072957
1 849.656892 307.572016
2 802.820565 300.822843
2 777.618947 232.435336
1 844.751659 332.622823
2 785.687420 305.192925
2 743.525036 278.852289
2 706.011409 316.593008
2 867.569245 254.797853
2 754.140722 234.367800
1 877.676355 314.574879
2 788.787950 328.974204
1 811.555822 300.956395
1 766.690052 264.596490
1 820.619623 272.186333
2 790.272662 218.009591
2 889.344246 250.824521
1 862.911361 234.684611
2 762.464408 242.437186
2 850.122675 324.098472
1 771.334724 314.867925
2 810.032168 231.695016
2 788.761285 299.450442
2 790.730975 319.055666
1 799.815801 269.636220
1 816.579789 291.380139
1 847.415109 272.862329
2 748.002074 203.696188
1 849.338453 250.148116
1 874.979192 303.026529
1 831.915777 324.768429
2 788.202655 266.611475
2 767.116460 232.173177
2 806.246648 180.474257
2 959.022160 65.964397
1 833.918957 309.168821
1 876.730661 197.732924
1 853.465925 299.678508
1 789.675799 303.493640
2 879.822737 217.638724
2 731.206613 173.469027
1 810.772335 315.839779
1 777.420840 303.259229
2 880.985996 284.520377
1 809.655422 309.478588
1 829.349260 225.569449
2 775.008381 184.031853
1 818.260619 303.109036
2 735.656709 259.279313
1 821.553100 290.230073
1 798.935461 296.079235
1 798.708887 220.996559
2 810.026427 292.032127
1 899.347458 267.257349
2 772.379773 263.249612
2 800.683564 188.399485
1 844.376907 269.584558
2 752.079075 280.951388
2 901.868421 286.907082
2 806.801049 269.952196
1 820.964691 275.374101
1 817.648121 324.715794
1 798.451824 250.288662
2 755.748725 303.041325
1 858.870833 303.335315
2 756.682654 221.806955
2 789.435246 210.615710
2 744.836388 290.197482
2 988.005534 140.600462
2 847.535057 301.382259
2 739.057157 246.277245
1 853.305208 250.517838
1 820.852483 327.288348
1 838.437958 321.061914
2 710.823164 159.530965
1 873.263425 248.623539
1 826.592388 264.915527
2 827.459335 321.759282
2 790.137588 183.072820
2 967.985935 184.499461
1 832.574638 327.174099
1 844.973597 290.611208
1 816.303902 276.035984
1 844.345855 320.075552
1 828.404652 289.732634
1 905.287435 296.634144
1 856.784136 322.481625
2 924.822934 360.146150
2 853.461554 617.476469
2 677.775509 342.930127
2 867.559483 627.575568
2 910.013623 458.782088
2 968.121624 355.378469
2 921.326964 580.380160
2 857.254788 594.139169
2 720.361765 580.513346
2 952.169677 569.099599
2 813.839232 641.817628
2 710.275476 501.749901
2 923.699222 340.109950
2 857.317670 417.800218
2 694.753334 381.028799
1 814.134568 337.182394
2 792.569502 341.770384
2 990.582091 598.604306
2 935.516848 342.545385
1 779.760014 337.201589
2 842.575814 346.377484
2 975.960892 363.141375
2 710.665410 393.954065
1 783.357474 357.441299
2 851.804145 340.149883
1 722.587291 346.079718
1 793.335891 334.125368
1 787.908440 349.828652
1 779.357877 361.747220
1 778.330715 400.268013
1 842.516392 373.671931
2 866.287687 420.348404
1 861.083497 336.176785
2 791.141720 344.499905
1 827.935971 333.891067
1 864.603357 359.434827
2 912.706951 428.441743
1 798.770155 353.975374
2 805.299706 337.781116
2 815.981829 337.347453
2 902.239220 390.987395
1 757.680231 334.204812
1 787.444794 334.043866
2 678.056322 406.169293
1 836.156267 362.105326
2 772.142285 341.330364
2 853.623871 367.237566
1 832.958796 343.342252
1 833.428066 354.444891
1 844.300055 334.877944
2 852.937006 343.105427
2 730.879782 942.588539
2 817.317326 740.240759
2 728.193996 675.485181
2 676.107195 838.903866
2 977.535892 947.458170
2 922.795936 866.236940
2 906.207141 929.633314
2 970.266889 912.324051
2 841.109441 723.509132
2 975.466924 771.741003
2 864.426634 915.553717
2 960.869334 752.871921
2 666.953286 932.102326
2 806.801612 766.132397
2 892.818166 909.046622
2 973.143242 808.296033
2 715.407598 786.537397
2 684.922387 698.463533
2 685.376979 821.482406
2 697.313737 749.772259
2 736.841889 934.875275
2 989.419040 872.197569
2 969.706645 844.673079
2 694.425620 803.764832
2 960.173671 809.064347
2 700.732175 737.571837
2 669.862833 739.017398
2 701.527682 827.885739
2 680.591385 733.324422
2 727.323904 829.562005
