1 202.078525 179.315206
1 186.819888 180.064576
1 214.176846 164.074055
1 182.952212 174.534474
1 206.669392 164.939290
1 204.328503 189.087506
1 210.958168 179.125455
1 211.836927 174.842533
1 189.331589 163.877402
1 203.527437 163.832954
1 193.067098 161.343859
1 199.534577 179.521387
1 201.970054 177.160632
1 180.724814 194.967207
1 203.531713 193.973627
1 193.107182 173.501593
1 198.853969 176.148251
1 192.250519 197.907028
1 194.037276 181.435106
1 199.799649 178.648621
1 181.725132 173.312320
1 183.153069 197.091140
1 188.637822 183.889312
1 189.229870 181.374885
1 199.026631 174.339036
1 190.123317 178.772194
1 211.479674 193.053529
1 201.737982 180.358956
1 200.678000 184.928028
1 210.518514 165.218820
1 185.497611 180.646397
1 182.344040 172.955946
1 194.792092 166.717099
1 209.131122 169.530986
1 205.148379 156.622375
1 203.190361 193.766879
1 201.587909 182.185522
1 210.067252 172.806962
1 197.719220 195.164669
1 211.005709 194.245686
1 188.040202 211.350207
1 194.786000 179.518816
1 214.874560 216.133871
1 224.638440 232.631865
1 259.703187 228.983389
1 231.418079 164.024807
1 252.355142 217.396982
1 202.999619 178.699144
1 196.485768 169.306603
1 178.595893 185.748963
1 243.033673 177.396379
1 244.491809 171.358296
1 165.747409 140.568897
1 298.426278 248.814392
1 178.518690 228.547934
1 164.786529 144.036291
1 260.195259 218.859775
1 173.868175 186.108727
1 243.504546 199.537650
1 170.502364 160.338343
1 159.473074 201.830566
1 138.024914 207.518208
1 194.725202 185.782842
1 199.922514 181.312092
1 169.770704 204.498658
1 183.004170 188.787878
1 161.816768 151.675522
1 284.898553 247.287492
1 165.614018 160.908351
1 248.302672 176.949897
1 263.997423 216.226118
1 149.096953 181.663027
1 229.344022 150.608173
1 179.177772 216.546043
1 164.772208 183.817526
1 182.197127 171.936402
1 186.457686 168.307496
1 194.682147 147.701127
1 169.734871 187.176387
1 199.884047 201.970375
1 248.574811 185.298738
1 139.107034 122.339703
1 153.723390 195.287444
1 216.145733 174.600600
1 218.092036 228.993529
1 236.205100 210.152624
1 208.919068 179.536587
1 181.591877 159.222288
1 178.015722 142.916773
1 210.818915 137.994969
1 161.627684 241.496708
1 225.180777 188.138499
1 181.513177 216.485597
1 180.717520 193.110504
1 173.444826 181.636662
1 210.934717 163.634255
1 170.502364 160.338343
1 237.949222 233.648838
1 192.626249 256.491834
1 195.843054 139.648275
1 184.821415 145.500314
1 214.185638 149.880725
1 226.756572 166.032575
1 148.555268 261.568170
1 179.462280 160.110593
1 217.328812 250.798103
1 171.327301 150.164746
1 197.217402 270.213192
1 238.927038 187.099456
1 223.777717 188.624794
1 146.273976 155.988930
1 203.576655 191.530148
1 168.996507 183.071839
1 185.390079 199.093676
1 257.006040 239.891938
1 176.390555 247.875006
1 174.789827 181.078129
1 180.095753 152.656556
1 201.185706 200.854100
1 197.575332 163.577828
1 203.396270 134.094128
1 171.660845 154.335466
1 244.229509 228.742074
1 231.647267 193.514202
1 220.080189 213.576122
1 249.972943 166.827888
1 182.607761 134.623039
1 189.809133 183.715988
1 158.437489 155.718539
1 114.455707 170.179866
2 59.664177 453.414726
2 58.482343 434.984402
2 51.425367 440.837784
2 43.175214 434.119097
2 58.804816 428.815023
2 63.347146 425.863559
2 60.732494 408.726670
2 72.406240 438.663397
2 68.614963 418.307461
2 67.604440 409.186050
2 50.591738 412.758446
2 64.626408 427.958435
2 74.532559 427.224107
2 45.398665 416.726962
2 56.673980 431.836704
2 64.811656 413.906890
2 54.629899 427.696813
2 64.010856 425.553187
2 64.184752 413.590620
2 70.931752 442.930283
2 61.246465 421.775181
2 60.792721 428.363508
2 61.668450 429.694248
2 53.810192 419.722364
2 56.705041 425.612133
2 56.175670 411.315359
2 63.494198 428.757342
2 83.436392 431.710276
2 62.089104 430.141319
2 65.727367 424.865274
2 71.831915 415.201987
2 61.552714 420.683760
2 54.332525 422.651007
2 65.391002 431.691994
2 45.589576 434.050779
2 63.955935 438.324871
2 40.333242 444.457525
2 47.776520 438.419990
2 83.859896 425.730642
2 25.213922 473.725237
2 60.727795 400.903864
2 56.596335 468.684074
2 17.913701 449.583836
1 316.178686 634.040399
2 62.403468 455.631635
2 39.372834 421.665800
1 332.243202 622.194231
2 95.418123 435.144578
1 154.195366 773.573497
1 148.767415 779.060031
1 148.218661 777.629893
1 139.421185 798.342218
1 138.908182 789.084680
1 146.418749 784.457072
1 150.308837 780.140365
1 158.460107 771.246079
1 146.027089 803.146904
1 157.586055 786.824144
1 153.580006 777.188003
1 164.555545 789.736037
1 161.261873 761.410870
1 149.508251 763.863873
1 144.243613 785.552113
1 163.909595 777.338638
1 146.093343 790.984559
1 140.338804 770.199865
1 135.556030 777.083723
1 129.636304 786.653029
1 147.859911 793.014543
1 130.425149 772.329319
1 147.324617 770.897743
1 170.979326 792.811980
1 143.297630 795.898551
1 146.283493 780.222102
1 161.861036 758.807051
1 128.360333 771.670554
1 171.076966 768.126136
1 149.792901 793.426537
1 155.137713 786.289303
1 159.491502 771.923662
1 148.113692 792.388344
1 200.018355 757.964279
1 86.147246 789.904942
1 164.984601 820.175631
1 173.735089 812.608879
1 125.739109 792.699746
1 99.083037 777.335073
1 182.076514 752.187922
1 149.154910 828.884738
1 93.732910 783.244159
1 139.363884 756.127612
1 145.186586 813.416546
1 124.172969 765.046778
1 139.091413 765.618060
1 135.621893 811.900042
1 120.639738 757.120785
1 195.207706 781.742421
1 124.527735 803.329856
1 173.507495 755.991618
1 130.474328 709.881401
1 153.026195 751.961717
1 158.418725 783.266242
1 140.484928 808.835487
1 123.260310 774.107410
1 159.246949 790.990258
1 141.837445 760.553252
1 126.067965 777.146684
1 98.916861 750.484241
1 189.928882 760.392501
1 136.254619 808.906624
1 176.553201 839.066205
1 139.561334 742.340321
1 146.828162 781.684138
1 141.813525 792.491680
1 176.539574 820.738734
1 123.838376 757.077193
1 148.026516 840.093530
1 159.720638 811.062251
1 191.843551 758.407536
1 188.882747 773.819087
1 120.316718 761.483779
1 168.523893 761.140703
1 174.864081 845.458277
1 139.191902 797.987426
1 156.841573 773.029438
1 185.403617 806.727928
1 85.451809 766.803049
1 132.423299 792.661132
1 178.546036 763.236295
1 179.200902 722.150770
1 110.911852 770.887584
1 57.456580 778.472308
1 111.480606 756.430709
1 221.374072 784.960061
1 137.187187 838.094237
1 152.035761 765.671695
1 196.791267 760.328215
1 146.424513 748.543876
1 145.937676 830.527485
1 115.879876 802.724395
1 128.488799 805.377201
1 148.265223 777.039312
1 157.581896 793.168883
1 159.033361 747.254003
1 121.725746 796.315118
1 142.175661 725.976780
2 333.004267 844.899625
1 146.341149 756.713581
1 174.249988 780.442532
1 158.099813 729.799927
1 80.584463 773.265993
1 140.799112 769.235200
1 58.228785 811.485890
1 155.613972 733.745237
1 80.194848 782.656198
1 144.845892 767.367676
1 100.705443 784.649963
1 164.694128 855.584486
1 176.941289 758.012655
1 162.449252 854.303331
1 173.659594 774.947804
2 316.067323 858.529891
1 197.187002 779.337028
2 331.524632 781.684708
1 83.928031 720.782701
1 82.260581 699.982423
1 132.136949 812.808685
1 115.194351 773.853897
1 99.896957 762.508183
1 129.418866 748.560334
1 167.975139 759.710565
1 146.023569 820.958071
1 121.350514 773.239611
1 156.328570 763.771900
1 134.800171 793.358120
1 151.636079 784.386503
1 123.991637 778.909931
1 133.448205 779.118519
1 165.628400 834.302093
1 211.317409 753.496601
1 100.723763 796.465295
1 124.926900 828.527654
1 152.765069 756.515850
1 199.408698 830.551194
1 215.183799 782.754962
1 147.490000 745.241178
1 156.165953 837.592639
1 140.609722 730.895998
1 169.503681 789.195049
1 112.162940 762.125218
1 92.964832 819.445280
1 163.344620 862.521876
1 130.495040 825.433567
1 138.423672 812.206397
1 105.866780 799.158545
1 128.810506 709.083242
1 111.879353 868.000310
1 170.199977 761.214784
1 135.758008 738.521643
1 73.228856 810.692777
1 196.332664 764.809244
1 145.283862 836.884529
2 326.589869 818.790946
1 186.085606 802.134568
1 79.554819 807.181495
1 140.880408 811.488987
1 151.237902 857.784909
1 152.965906 754.577832
1 125.750479 776.665542
1 149.484072 790.449752
1 137.335647 824.509583
1 172.361032 786.903472
1 248.666830 769.478557
1 104.466485 848.952274
1 115.381223 776.032181
1 117.943507 832.313731
1 146.903217 794.664943
1 64.381472 801.642136
1 196.455584 752.160932
1 192.579313 755.841670
1 166.050661 797.623658
1 236.928152 849.811224
1 118.476260 783.679044
1 128.418464 817.687155
1 224.892614 780.178261
1 86.087956 742.641412
1 196.865278 761.579736
1 168.643960 783.622572
1 235.565708 851.098881
1 166.998653 771.763003
1 81.550982 705.995310
1 134.493454 797.063199
1 175.750451 760.797797
1 153.360613 774.847200
1 170.276736 755.078227
1 167.740663 853.595444
1 149.134325 829.042196
1 161.340901 781.822639
1 80.473503 760.086917
1 69.432230 791.856417
1 139.425482 789.907932
1 214.840771 812.372440
1 116.985832 781.009376
1 180.360747 768.839011
1 139.285342 755.213357
2 487.072859 134.072046
2 483.869978 133.688808
2 506.632547 149.885286
2 492.965995 129.845313
2 518.370217 137.655406
2 493.720714 134.765195
2 500.592111 143.538737
2 509.219396 138.393067
2 509.805614 158.859363
2 494.685072 156.280964
2 516.707945 155.811111
2 512.198795 143.865391
2 491.287710 130.238975
2 505.718363 140.086895
2 492.726283 160.391446
2 497.273132 140.416961
2 487.985610 127.781588
2 480.665799 140.519273
2 500.296424 143.208910
2 502.431803 130.208756
2 488.163780 137.309645
2 507.653555 163.648638
2 490.172815 141.775291
2 504.235634 136.967520
2 507.121802 126.362128
2 504.037112 143.205893
2 519.923327 144.451390
2 495.384363 140.921447
2 497.827101 132.321328
2 485.296409 121.877189
2 499.532163 145.276059
2 486.023560 139.868389
1 414.159271 654.484542
1 409.232629 630.668999
1 407.023245 639.978443
1 393.944144 650.141133
1 399.197276 650.149638
1 405.431374 649.333913
1 391.300101 656.779568
1 399.486811 646.725757
1 400.259023 649.944374
1 395.487644 652.575963
1 399.326209 652.158784
1 411.968041 650.520766
1 398.848586 635.686138
1 408.133576 630.837110
1 409.607785 663.929181
1 389.841955 658.005263
1 400.774781 650.308213
1 399.641320 649.664334
1 400.950645 653.944074
1 396.371375 649.914623
1 381.955513 645.056636
1 381.367666 653.613494
1 410.397212 637.327155
1 398.660293 649.819049
1 401.354440 647.757411
1 390.971265 647.465206
1 405.861198 641.062399
1 398.602001 647.378318
1 394.385557 654.002274
1 393.340697 642.555826
1 411.539163 654.654595
1 401.664526 639.774492
1 408.226809 628.395687
1 395.338749 637.154486
1 415.984239 646.909203
1 399.215922 650.971434
2 556.654560 492.168320
2 566.327921 479.929622
2 542.108217 474.036524
2 563.369408 490.282628
2 573.381410 471.477110
2 556.840378 498.166857
2 563.704203 473.647680
2 558.252617 486.808067
2 558.899972 479.781194
2 559.745212 479.979779
2 569.635254 470.297255
2 547.504747 473.173566
2 568.280122 458.401332
2 545.797056 473.774194
2 567.445625 494.042759
2 562.460124 483.713340
2 543.069621 483.761617
2 547.655082 458.294657
2 561.074381 495.485274
2 563.167474 480.654356
2 566.168079 497.857587
2 557.684401 461.115869
2 552.590856 490.349685
2 560.512513 470.929234
2 542.971177 465.114985
2 544.830961 464.668945
2 553.586758 461.895545
2 567.193653 481.763242
2 564.631733 472.059136
2 559.099342 479.038836
2 565.634408 455.665149
2 557.992754 503.939145
2 548.831643 495.501298
2 568.669514 482.475636
1 400.542751 609.057331
1 405.953074 646.206206
1 447.257211 630.496063
1 372.972264 612.757586
1 383.446130 653.189360
1 356.458805 599.884708
1 377.694328 647.918571
1 407.740511 638.698206
1 417.138379 634.662942
1 402.806476 638.264224
1 424.219710 666.592548
1 384.280684 614.525171
1 404.498716 609.621460
1 410.772298 641.090896
1 380.273155 583.664083
1 371.032940 659.826563
1 451.075011 632.387265
1 422.112411 649.814711
1 392.807579 649.641853
1 389.974810 618.826376
2 587.986633 452.694197
1 415.884565 640.584380
1 355.441939 610.281609
1 408.636212 657.394832
1 374.452402 621.478178
1 420.582893 661.123466
1 410.513426 641.223588
1 365.938318 648.802498
1 390.868238 625.961956
1 421.916478 662.235814
1 416.762986 633.754404
1 465.949858 654.263589
1 402.443067 656.002734
1 428.946395 654.679367
1 350.633959 620.474025
1 419.359506 618.512787
1 374.501606 603.529325
1 421.658075 637.850995
1 414.612246 629.290672
1 431.765226 601.254451
1 429.392626 640.069386
1 376.927426 613.389135
1 409.414356 613.061024
1 372.400866 615.944697
1 334.924909 624.102744
1 401.725544 634.383646
1 482.321958 626.847587
1 408.349143 634.848848
1 399.310849 612.863762
1 384.255333 634.001628
1 415.722529 602.757408
1 409.444528 660.348568
1 487.973776 637.507590
1 364.047610 657.856416
1 386.414618 664.564966
1 398.159588 650.794187
1 385.530672 627.705427
1 393.459056 611.575023
1 412.206459 616.303520
1 408.274617 629.196132
1 431.774897 654.303648
1 419.031088 629.321932
2 588.565793 511.000850
1 416.655499 626.308765
1 373.114912 653.908442
1 399.494690 633.317696
1 381.125772 601.972720
1 449.077585 641.527339
1 356.699501 573.026412
1 461.933660 657.875152
1 410.326925 663.881378
1 462.093607 650.700590
1 432.745100 645.372043
1 414.003382 634.815819
1 428.884874 614.241519
1 385.043391 646.551273
1 419.411387 610.825050
1 440.479651 647.590434
1 414.623390 596.815527
1 376.273420 604.175247
1 420.471604 572.300728
1 380.876172 656.732629
1 392.876824 554.458637
1 371.152757 657.744095
1 425.748053 623.287913
1 373.482152 609.793293
1 430.168504 644.541682
1 390.993656 660.777122
1 378.393155 625.248989
1 471.404086 629.020166
2 559.804560 490.243270
1 373.783264 646.729599
1 439.284818 618.440418
1 390.903791 635.399146
1 391.756255 665.056317
1 407.043987 653.700885
1 388.694446 633.443028
1 425.388145 652.696434
1 412.213320 640.598520
1 431.886585 628.060500
1 451.267915 657.566907
1 418.900358 666.265572
1 462.117712 633.411170
1 401.891114 626.135630
1 383.966139 656.251934
1 381.089092 661.840237
1 362.219148 586.154519
1 450.184554 616.422545
1 412.979107 639.299736
1 404.014694 601.696161
1 407.702287 635.405318
1 449.685209 621.753598
1 407.359680 603.469044
1 425.144716 638.039913
1 361.151864 557.611392
1 388.908043 626.987745
1 402.540282 658.413063
1 379.175147 664.523583
1 366.460812 643.765985
1 400.522475 647.588402
1 392.114856 668.457714
1 394.954126 674.308099
1 410.850476 670.035768
1 395.577588 668.116983
1 394.221399 669.527537
1 575.661683 787.109299
1 554.016372 799.904415
1 581.751516 787.336215
1 566.340280 801.260464
1 570.123937 800.021367
1 591.474880 793.367133
1 567.376086 804.549630
1 587.747347 813.579480
1 583.242380 791.272099
1 572.751738 801.405733
1 552.745377 812.852118
1 564.153244 803.367135
1 566.634687 799.764181
1 569.401358 802.703440
1 581.768991 798.964816
1 572.759855 799.243772
1 577.898006 790.170492
1 574.622078 798.789140
1 583.571398 807.125762
1 573.053080 813.579015
1 572.145453 786.877142
1 555.463841 818.504065
1 560.629967 802.699365
1 568.084256 806.421477
1 572.362892 786.040284
1 569.348468 803.664456
1 559.722450 798.231480
1 554.189676 788.492689
1 565.268759 792.765162
1 570.431892 804.553449
1 566.122417 793.535738
1 556.450136 801.912863
1 558.457108 801.771453
1 564.321143 806.739449
1 563.309108 788.919077
1 578.038975 812.878854
1 570.841369 788.925269
1 569.494965 799.816144
1 577.269699 796.321275
2 378.960659 833.429814
2 399.890100 830.041025
2 387.390942 851.011779
2 400.025746 809.960347
2 405.207302 850.738799
2 397.580039 831.068220
2 401.636197 813.259206
2 401.312932 830.117661
2 387.290173 814.781166
2 399.712033 820.898581
2 402.382769 830.642689
2 397.509522 816.278095
2 411.152661 844.794265
2 395.711069 837.208026
2 390.150597 825.066402
2 399.501159 818.059710
2 376.583223 838.678080
2 382.307555 837.874612
2 416.083383 812.282884
2 412.266138 813.407596
2 399.456228 830.895849
2 415.642324 835.764118
2 408.008256 824.890422
2 401.366324 848.649844
2 401.175089 840.522349
2 399.819838 837.191383
2 405.832256 845.406995
2 398.449407 821.013905
2 405.133892 836.167852
2 418.329704 828.496631
2 400.384027 826.575821
2 391.501291 844.196585
2 402.664223 816.254259
2 404.526549 830.470441
2 397.917414 854.296024
2 388.306593 841.258806
2 384.233699 856.600666
1 578.405360 824.671810
2 391.745901 814.152047
1 526.835754 817.848737
1 537.710947 804.142021
1 397.829767 687.923109
1 563.123104 812.780010
2 399.571013 766.498375
1 415.329113 673.164645
1 390.273310 677.895405
2 412.846788 872.239500
2 371.581138 844.027894
1 577.564156 763.882083
1 612.791050 783.166429
1 399.413065 670.736349
2 412.728512 819.474909
1 590.308232 748.507133
1 552.701730 818.454500
1 557.029622 799.897598
1 384.510588 703.529097
2 417.769945 854.780231
1 423.816240 691.686891
1 376.099396 700.606591
2 433.901436 843.688264
1 595.377817 806.149687
2 364.212029 830.833709
2 400.724014 812.198277
1 563.630380 793.998126
1 617.572338 761.538276
1 547.825578 832.731390
2 419.984578 779.528919
1 541.026701 833.027985
2 402.085751 842.514204
1 369.287568 707.393444
1 551.958341 831.613007
1 599.805766 786.298403
2 375.350692 882.002449
2 365.173500 834.478503
1 605.851977 840.707588
2 394.027770 810.110723
1 568.821656 855.807422
1 596.033949 746.633064
1 404.525689 715.219758
1 505.326603 830.877128
1 657.819711 740.219057
2 399.602962 781.968762
1 614.603228 763.694422
1 557.081072 881.267882
2 404.218642 848.335886
2 429.361960 766.713944
1 585.049704 728.800776
2 379.327990 855.307396
1 519.881269 809.320323
1 587.997604 816.768231
1 535.084955 784.571500
1 596.202715 776.606209
1 565.544177 821.961533
1 534.620347 837.168824
1 622.825677 737.398282
2 401.284132 824.873928
1 532.161824 785.588157
2 361.639280 843.690023
1 389.521229 717.584948
1 618.620172 803.912328
1 650.475861 719.363851
1 551.588637 774.762609
1 579.336764 686.402634
1 582.593890 769.205450
1 552.653141 867.028635
1 525.889368 843.806382
1 511.396400 794.008993
2 448.069522 838.757167
1 519.625495 824.616274
2 396.883732 794.283668
2 465.528929 845.787924
2 405.452976 845.352985
2 424.182260 844.579877
1 532.265893 775.190410
1 563.674694 800.029070
1 527.430661 749.123854
1 564.341867 820.807448
1 581.078915 781.047018
1 534.489838 798.507264
1 609.404737 713.813410
1 518.952494 826.010374
1 613.501998 757.971802
2 414.547782 779.330578
1 540.054963 762.064250
2 395.528644 806.656716
1 569.196903 783.383385
2 439.945743 738.536821
1 544.093813 813.707668
1 565.991419 811.917496
2 441.622105 870.755264
2 403.670172 863.289928
2 490.833195 897.706863
1 550.069270 821.610049
1 604.899176 873.449317
1 358.429813 697.975853
2 357.731591 859.946529
1 400.423115 787.888722
1 526.831459 798.910206
1 595.083248 811.762705
1 597.263386 762.253874
1 395.560447 675.627655
2 500.158969 831.116180
1 603.285694 806.795379
1 403.107251 699.267652
2 412.215951 838.116888
2 432.372196 882.820181
1 551.335802 811.455481
1 592.631138 810.916711
1 367.884393 702.157640
2 408.830116 813.224563
2 362.872313 828.683733
1 661.685090 756.574840
2 362.257429 821.930027
2 384.285368 795.236322
1 385.572335 703.323833
1 422.272650 693.384268
2 384.601608 847.920274
1 543.616769 842.923737
2 367.838016 808.128911
1 570.157088 843.088362
1 571.721357 756.013946
1 439.118747 675.158854
1 390.016346 698.819103
1 392.964474 689.122900
2 373.781343 810.787884
1 603.221403 819.248952
1 418.044605 703.512506
1 601.546497 813.521409
1 396.217151 744.881597
1 411.718137 720.367038
2 352.817570 792.068863
1 363.589684 686.041949
1 381.223890 714.583359
1 556.079136 748.342935
1 553.754938 820.580850
1 588.338610 771.065526
1 643.725006 767.007476
1 455.820578 712.110013
1 578.541193 791.481926
1 570.001841 807.271093
1 437.312432 707.383970
1 417.963680 696.393100
1 560.494427 770.858899
2 401.956870 829.344070
1 416.609750 791.120839
2 377.622569 798.510396
2 371.613648 876.005712
1 639.790000 794.299445
1 582.298503 807.150055
2 363.128956 800.838827
2 373.446287 792.624851
1 409.729040 669.799316
2 462.222057 835.971172
2 396.588295 794.784155
1 564.548477 797.746221
1 381.600094 743.806890
2 378.830929 888.703923
1 590.479842 686.142448
1 633.420019 832.524651
1 415.165241 725.441131
2 400.843538 816.963975
1 563.712859 859.376210
1 568.050658 857.244785
2 410.016977 817.884813
2 410.643052 740.643194
1 591.033634 787.504395
2 418.699468 747.275038
1 553.463178 755.145939
1 567.778200 832.355684
2 499.057739 825.393560
2 366.977709 826.610013
2 374.342881 821.047816
2 349.827098 812.695330
1 511.138766 839.383645
1 566.063600 776.077503
1 382.331697 675.550636
1 403.431847 671.995301
1 544.322032 844.832742
1 567.124644 778.432853
1 506.416441 796.315727
1 575.237335 843.902133
1 524.626166 795.421754
1 573.014007 806.577502
2 333.874405 808.467441
1 439.197340 684.314578
2 356.933525 805.900900
1 371.793112 706.251054
1 518.731386 732.482919
1 337.486016 669.403635
2 384.905809 824.193069
1 610.884584 814.066285
1 540.471025 793.776906
2 459.496305 904.775092
1 382.183572 708.781496
1 560.793433 769.773562
1 548.346791 806.810588
1 510.671638 830.174672
1 600.508534 753.850092
1 422.312101 687.930627
1 559.891407 774.525561
2 372.038949 799.758592
2 417.834461 860.641345
2 428.450995 734.239938
2 390.110891 754.305557
1 334.912463 678.492057
1 601.065666 845.947430
2 421.210511 832.095109
2 399.050933 831.809227
1 366.292471 704.644403
2 386.002854 721.743259
2 413.034745 818.057534
2 424.847094 680.329560
1 376.491957 682.238684
1 510.522351 807.869740
1 604.994294 811.764212
1 596.626967 865.703461
1 572.952588 759.186949
2 396.808360 812.907734
1 572.886371 727.674271
1 563.158653 823.046792
1 560.093452 822.004997
1 423.044028 693.871600
2 447.788471 858.811940
2 419.358707 736.277310
1 504.520521 790.866621
1 351.071009 705.240304
1 435.553769 668.392569
1 336.283275 699.279100
1 524.111556 825.039863
2 372.855114 743.371951
1 594.556392 792.412240
2 382.167790 843.762951
1 551.211039 794.092597
1 578.620623 830.980338
2 434.132201 855.814253
1 593.315869 880.557438
1 621.660170 755.273805
1 450.557155 756.093988
1 370.691045 714.651680
1 404.611834 708.516810
1 534.510295 805.883638
2 430.994370 884.928014
2 412.568958 864.980600
2 359.753248 852.649021
2 405.020276 817.256282
2 406.502294 886.348280
1 339.568750 683.314978
1 514.701314 807.073676
1 577.823113 811.900707
2 467.050866 859.605506
2 414.769174 877.979447
2 359.650760 827.604533
1 385.940534 674.725621
1 585.143972 704.014461
2 467.167919 852.711815
1 350.420398 668.039234
2 412.763772 842.264459
1 574.621743 772.252302
2 413.242191 769.375248
2 422.018380 835.799921
2 474.444490 765.733618
2 405.006660 702.925199
2 424.481265 793.204307
2 385.276971 775.216772
1 411.418316 672.217177
2 431.410845 850.558236
1 644.833221 788.782514
1 354.766447 685.044333
1 546.260836 801.545900
1 404.486940 703.016184
1 515.676144 857.852411
1 395.564536 680.314753
1 558.298813 799.519358
2 424.783224 765.938147
1 596.848691 837.484486
1 374.995932 707.212983
1 401.761966 726.968050
1 440.365803 731.434356
1 481.525305 824.748188
1 426.519828 683.426443
1 630.816445 726.826896
1 561.606418 813.912171
1 400.759084 702.898536
2 345.822618 759.756517
1 521.178811 835.087142
2 420.290694 746.760021
1 388.677357 671.519426
1 821.036917 304.551643
1 829.830806 294.046739
1 821.918281 286.535242
1 827.008361 306.982318
1 819.703925 311.468283
1 839.125300 303.166866
1 819.550908 293.675277
1 816.029020 288.743721
1 823.478148 298.508401
1 818.087407 302.558102
1 815.426318 276.391480
1 825.283169 296.602609
1 818.450751 282.660983
1 820.312877 300.045297
1 804.173060 292.202385
1 820.927539 293.228590
1 820.841994 316.170513
1 815.418058 296.885520
1 819.024018 294.624643
1 831.099042 306.238499
1 818.992631 313.060734
1 839.922837 300.968418
1 814.089782 286.227806
1 825.252307 296.898763
1 803.852044 302.353583
1 809.983797 301.390875
1 823.426854 290.314283
1 837.694861 287.564907
1 831.735188 292.686087
1 805.251090 281.217554
1 834.640377 300.015460
1 819.206725 279.764840
1 822.409595 321.539671
1 803.484546 312.865743
1 821.588987 277.873229
1 817.297562 303.155753
1 814.325253 299.945888
1 826.184956 286.264424
1 841.369557 311.646356
1 776.398191 315.660943
1 837.256845 278.245146
1 813.385739 291.223476
1 796.220761 301.616644
1 787.240025 304.530283
1 852.670421 311.466077
1 790.422095 294.647996
1 829.500075 299.562049
1 812.459410 297.325941
1 775.800506 316.406402
1 804.362442 323.613942
1 825.069376 249.447646
1 811.641593 306.385739
1 783.692051 272.809545
1 757.488145 272.672900
1 818.613995 281.523527
1 823.371764 332.677800
1 770.799519 307.815408
1 783.228796 308.871050
1 839.480585 289.592110
1 819.855879 322.781576
1 745.224910 278.622516
1 814.403100 296.851995
1 824.996317 249.048340
1 833.039701 263.258076
1 774.226251 277.633365
1 836.624943 313.150340
1 783.976641 290.921632
1 872.327968 282.419189
1 821.827080 304.944206
1 807.147518 312.369038
1 802.289860 185.080073
1 786.961479 301.045978
1 742.668157 294.267633
1 802.946767 255.552929
1 830.178546 306.498122
1 819.740048 246.593794
1 784.437595 182.036585
1 832.776647 269.390704
1 845.267621 311.813689
1 846.579560 280.362229
1 837.894391 214.433532
1 814.082424 298.603780
1 816.454583 291.251519
1 816.006094 316.402842
1 832.730518 287.723636
1 791.266674 308.562383
1 821.366150 324.819087
1 853.550768 263.037824
1 782.964642 281.340955
1 830.067280 300.954452
1 848.390848 261.692262
1 916.084089 231.121945
1 822.042622 286.255008
1 825.256324 273.139826
1 869.142945 277.574155
1 864.439544 316.428773
1 772.954313 264.828881
1 806.597975 326.385189
1 846.568260 298.880386
1 864.863087 248.806890
1 766.137074 328.664693
1 872.719290 300.215496
1 811.637368 291.467483
1 838.243249 267.690450
1 740.186935 290.971724
1 763.939358 241.934704
1 804.990292 317.560705
1 778.308743 278.368103
1 776.110099 281.656532
1 835.084652 237.852144
1 829.674172 285.727982
1 828.644518 315.840392
1 865.903286 292.053165
1 797.896439 287.253925
1 820.472096 229.633109
1 796.251972 281.712041
1 811.353885 260.465603
1 795.748574 275.508591
1 753.671997 242.553541
1 780.687177 252.360168
1 797.356643 266.628349
1 777.587985 301.075943
1 872.113546 263.190436
1 843.503847 318.200378
1 835.342598 237.487222
1 833.923438 306.232507
1 832.493867 322.749057
1 739.379285 293.087519
1 840.163228 295.674847
1 840.771625 327.770789
1 858.015493 234.496272
1 851.759639 304.564298
1 817.509044 312.776887
1 834.279910 273.841441
1 813.952735 329.778429
1 840.046484 290.806606
1 872.098569 286.883989
1 816.022843 203.194491
1 808.960096 272.465461
1 848.910592 301.575070
1 789.046121 311.488639
1 853.309935 314.081793
1 837.981060 269.520457
1 838.497933 282.265832
1 756.516115 320.625501
1 847.051477 278.053929
1 885.204069 266.303311
1 728.533689 275.300323
2 840.676232 608.621616
2 852.475574 633.410839
2 851.954105 627.968782
2 854.026035 648.220403
2 853.077069 632.163393
2 838.369887 634.561641
2 841.955730 613.519406
2 866.584727 624.813974
2 828.963805 622.449259
2 852.416090 642.763955
2 837.016986 614.694498
2 840.738615 643.357703
2 843.478089 641.697435
2 838.721206 644.038280
2 863.400528 639.149061
2 859.753973 642.335668
2 837.233535 635.162835
2 853.359522 611.015333
2 850.318600 639.521488
2 831.556330 614.604932
2 856.027421 643.177058
2 851.245743 630.290808
2 836.293860 616.051164
2 853.265255 626.674026
2 854.054095 633.278565
2 834.979246 636.262926
2 855.763583 644.513919
2 846.730506 607.687930
2 856.436795 633.342058
2 852.717873 632.804110
2 842.090755 638.151091
2 850.444308 630.218780
2 841.498960 633.550477
2 831.691895 631.432495
1 858.445468 337.612573
1 779.500468 345.043849
1 786.728796 334.217193
1 824.558005 334.819255
1 760.960747 340.245212
1 819.866276 351.320867
1 862.622017 353.858894
1 802.518502 368.886486
1 794.493980 333.473032
