1 199.269705 173.437265
1 210.114308 186.948301
1 201.889364 166.244283
1 188.380839 167.329228
1 212.278736 161.253949
1 195.050289 171.076614
1 203.705688 176.662764
1 220.372450 167.082820
1 208.432975 176.476157
1 190.286978 163.249754
1 199.578806 182.418145
1 186.174945 200.079040
1 180.475691 186.882647
1 220.977149 175.115079
1 196.939850 198.505773
1 199.999612 180.015226
1 193.785615 175.874331
1 201.650211 166.035300
1 198.891638 173.225857
1 186.504118 179.103378
1 180.106523 173.681083
1 212.387992 187.255458
1 212.946587 178.048028
1 209.544623 167.571960
1 181.902077 174.280506
1 205.334414 178.161422
1 212.620355 185.058393
1 188.913952 189.585743
1 204.101071 172.079548
1 179.717881 187.837870
1 214.856571 170.711981
1 202.955266 172.699582
1 184.536981 177.049929
1 184.258736 186.863044
1 194.252804 187.623283
1 221.555916 184.444234
1 204.039642 182.773306
1 198.418725 169.288476
2 171.706898 110.554810
2 245.197685 60.614106
2 294.372177 189.389279
2 247.747488 300.629079
2 123.511157 300.565481
2 238.095347 173.144910
2 6.988644 146.061295
2 225.903249 289.597707
2 3.136457 219.714821
2 246.814734 268.601933
2 265.037625 240.178044
2 114.672760 10.294318
2 24.569977 251.627972
2 87.105782 18.602916
2 203.383335 10.801702
1 200.048319 162.374464
1 201.112105 165.274824
1 216.542837 172.668660
1 171.688082 164.982077
1 192.292681 140.984988
1 243.390583 196.802047
1 202.592739 159.434603
1 168.157754 191.995254
2 267.122910 176.577903
1 171.623328 146.520696
2 286.217124 212.219223
1 220.362184 141.404462
1 204.539308 187.366507
2 168.581613 85.659915
1 197.541587 165.980104
1 219.872951 170.058309
1 150.741134 178.437035
2 330.410636 176.648944
1 205.630782 201.030748
1 211.701368 139.576535
1 220.235989 158.764791
2 153.078655 127.693870
1 183.592088 155.170845
1 154.195775 186.355186
2 228.709513 143.779516
1 225.317486 201.504539
1 175.295337 129.642515
1 177.847163 167.241629
2 141.787735 145.486347
1 202.758030 142.632450
1 186.283634 183.545730
2 250.101110 303.140437
1 160.322438 198.093780
2 228.273861 170.587228
1 168.344506 161.329965
1 247.195307 209.169543
1 175.525329 195.748356
2 143.381441 72.573680
2 93.420047 324.359338
1 245.293413 207.002861
1 229.168880 195.876972
1 219.963159 157.029741
1 148.384545 161.226171
2 288.469572 188.389960
1 210.719516 164.885741
1 153.262439 176.272215
1 175.030820 152.112528
2 257.214764 189.398954
2 162.554864 127.432378
2 216.720985 163.522457
2 216.061216 304.109098
1 189.280800 166.606703
2 173.632789 136.390443
2 125.815486 227.138193
1 148.383439 202.881642
2 184.429682 215.132233
1 212.462677 148.813912
1 215.645506 129.626856
2 235.818127 322.463278
1 170.054135 166.156359
1 197.800857 244.500681
2 221.210948 227.427745
1 230.026219 169.630530
1 217.965040 134.580672
2 149.562264 131.015655
1 175.283569 185.391451
1 195.888168 161.394363
1 226.162136 206.624712
1 134.883338 169.898176
2 11.346553 265.896397
1 181.789646 151.830682
1 186.546054 154.742073
1 185.438651 195.627810
2 310.530646 209.426558
1 172.875868 155.446702
1 193.477346 151.118445
1 215.822715 174.043956
2 242.145284 319.207912
2 161.766150 163.760743
1 205.312502 163.062888
1 203.128320 154.985350
1 224.650838 169.812340
2 15.184143 222.262578
1 166.340290 158.471253
1 178.625542 187.907062
2 288.069120 149.156970
1 190.032247 177.128030
1 162.322011 193.850570
1 170.933457 152.956170
1 147.010470 182.529841
1 176.336795 156.337373
1 205.019302 177.756334
1 259.807561 168.140175
2 255.181169 139.067889
2 291.423796 294.149007
1 202.090997 219.981038
1 227.045588 128.169209
1 154.412972 153.446902
2 193.740440 150.451130
2 276.167732 205.214403
1 154.583266 124.510067
1 266.055342 183.680642
1 209.489915 152.904832
1 214.458383 148.412063
2 168.272284 142.445535
1 197.243382 206.803294
1 154.411866 195.102373
2 263.044627 156.995936
2 224.215435 89.718052
2 188.919146 139.076823
2 181.972442 150.336902
1 216.250205 137.659115
1 188.190653 201.496336
1 191.439016 179.850164
1 232.518774 137.229117
2 223.678509 277.849465
1 173.639837 168.204306
2 198.007914 188.993741
1 175.290167 186.773619
1 168.346970 153.732185
2 327.543898 184.090249
2 187.427954 201.956760
1 144.775168 205.706541
1 200.721425 143.118796
1 203.651845 123.040990
1 170.720073 170.660203
2 196.372125 161.672872
1 233.869103 195.715336
1 175.807773 194.200328
1 215.199830 92.417973
1 213.275402 176.573912
1 248.918785 194.245756
1 209.827562 158.205463
2 269.334156 143.076094
1 187.473768 123.586847
2 93.056409 184.260621
1 235.358514 175.471295
2 199.436064 310.334439
2 2.274617 200.945727
1 225.225599 149.839576
2 282.132041 182.549239
1 173.226925 195.628668
1 201.925228 123.755195
2 313.643396 182.434196
2 208.190801 129.200361
1 180.407426 151.148475
1 261.973719 211.373007
2 253.806248 180.655755
2 201.226867 157.231345
2 221.009635 170.243804
1 229.344003 152.365299
1 171.323670 116.131895
2 152.055587 129.051299
2 245.294575 92.048343
1 172.974822 142.000995
2 210.706351 96.205019
1 214.584008 144.551420
1 208.639584 111.985780
1 231.083004 157.936295
1 226.081852 192.233480
2 151.715760 84.527084
1 204.874117 172.033991
1 230.650041 192.372886
2 218.427700 148.966576
2 171.992151 232.977731
1 193.287121 218.112010
1 165.425558 175.372094
1 180.409263 176.994685
2 272.543809 182.241019
1 239.786854 198.576402
2 234.176671 177.845475
1 223.066075 86.362986
2 255.535741 178.850039
1 163.818164 131.805544
2 240.192683 170.524943
2 125.967750 186.258219
2 251.593458 152.174811
1 190.502497 147.216652
1 238.163766 139.461286
2 275.204326 169.519934
2 254.188359 172.058850
1 209.499270 160.713478
2 233.544270 195.154400
2 124.362914 124.550609
2 195.513861 150.582905
1 190.396061 145.794808
1 211.734035 219.432880
2 209.646842 200.192108
2 227.683135 89.202354
1 175.142822 211.932943
1 219.236530 163.979573
1 214.186295 230.189732
1 196.207707 183.420448
2 247.711907 31.130532
1 166.513744 197.203569
2 23.099219 302.488599
1 152.338834 139.596640
1 203.178532 201.335617
2 66.088670 339.827348
2 153.389716 641.988353
2 176.469311 624.306723
2 142.015951 484.013842
2 162.585077 510.800457
2 28.754951 434.886062
2 258.849622 571.780342
2 28.433730 395.907137
2 285.577834 399.682199
2 243.642724 359.433039
2 206.003233 444.655875
2 119.399959 429.388510
2 73.254313 598.941207
2 134.954239 645.637362
2 207.408084 475.388057
2 175.878546 664.310229
2 29.693381 619.641162
2 173.126387 653.008300
2 251.131842 643.815661
1 327.014250 626.953879
2 266.247472 611.213310
2 271.280480 612.700095
2 234.742328 372.718280
2 261.023429 566.622981
2 275.448657 565.775000
2 241.677461 535.713885
2 109.790126 604.468165
2 242.591502 610.543528
1 333.019256 612.213259
2 47.073295 402.621455
2 235.384712 587.137806
2 57.675820 662.656152
2 237.830395 643.569316
2 79.658674 617.049042
1 145.030728 772.537774
1 157.487720 793.321122
1 126.746203 786.033927
1 143.108860 781.374177
1 154.390032 786.035741
1 152.529190 780.121808
1 142.908453 785.024548
1 140.785421 784.378476
1 164.059055 789.500816
1 129.883861 767.236260
1 162.035259 791.309183
1 157.305392 776.514772
1 148.994945 781.462857
1 139.319658 769.947154
1 139.604911 775.162807
1 139.669431 765.674780
1 148.445724 798.992661
1 161.454364 774.691989
1 145.115120 801.068668
1 147.551750 782.847987
1 146.637271 794.320656
1 144.572743 765.796607
1 165.210033 792.478869
1 145.398130 795.977175
1 138.434013 794.852440
1 137.038868 779.913534
1 148.886593 775.785309
1 154.683136 787.143884
1 151.684056 759.675614
1 172.323697 786.749599
1 143.634279 768.792677
1 150.302771 764.452877
1 154.831874 780.177508
1 165.169143 762.646692
1 139.070384 777.583477
1 131.403224 778.324781
1 147.781349 780.633312
1 142.264031 791.512781
1 156.685346 781.153872
1 144.954823 801.106475
1 168.558070 768.279076
2 314.745031 695.223919
2 278.842459 682.923933
2 144.085517 872.816056
2 179.601668 815.345060
2 235.255087 804.442660
2 25.964187 815.865713
2 66.431093 926.363874
2 304.534268 779.614386
2 226.630879 780.766078
2 155.089063 886.894080
2 100.781039 780.964956
2 97.995087 682.932946
2 54.460575 712.218472
2 132.847880 719.890740
2 251.392151 680.540094
2 92.891069 894.358573
2 78.445487 880.182434
1 119.277903 805.491519
1 149.942416 759.107841
2 122.373965 830.706781
1 148.315768 815.007320
2 147.012414 794.863339
1 114.938380 789.322438
2 140.136407 789.241251
1 116.387188 816.051488
1 141.849290 765.737177
2 26.666691 818.541054
2 73.128697 871.541878
2 109.468866 786.920693
1 134.506382 749.823621
2 215.610061 824.616858
1 145.051871 770.453306
1 154.897690 746.570023
1 138.674924 787.307036
2 37.459345 785.323686
1 186.427785 765.415180
1 120.194371 748.339825
2 238.529688 826.291242
1 130.542700 791.107712
2 95.373876 776.002368
1 112.142313 772.008177
2 134.481393 776.010778
1 181.027929 754.271938
1 172.443448 779.010583
1 139.718975 781.598144
1 160.457725 774.099125
1 164.404383 769.585635
1 157.595468 764.748219
1 177.721654 755.705802
2 129.423035 737.367825
2 172.134283 828.974437
1 104.980720 815.303666
2 233.084906 758.703590
2 152.179628 800.961088
2 78.767737 695.529094
2 155.829753 793.681496
2 119.297925 800.404728
1 190.816247 762.466707
2 108.447633 892.103818
1 164.318886 776.129431
2 199.987504 977.745550
1 124.608083 774.288866
2 122.798286 882.153580
1 204.450563 760.804717
2 205.314752 980.431703
1 198.080876 786.513726
2 116.890922 814.058882
1 178.779536 794.888378
2 127.578280 777.632674
2 99.530030 764.677119
1 161.726764 800.254775
1 97.231078 826.690567
1 147.409930 729.017928
2 105.973284 900.106389
1 135.744713 756.295242
2 81.668264 781.683490
1 131.062304 782.340450
2 138.531071 774.115401
2 121.698512 833.212555
2 325.903985 726.322398
1 116.387188 816.051488
2 53.170915 789.754515
1 131.822270 811.099516
1 136.356272 781.774412
2 193.422259 830.783842
1 200.443231 753.095855
1 100.945056 818.302840
2 211.581050 751.070416
1 118.352428 815.661608
1 230.318610 787.382358
2 74.696952 690.968037
2 64.395551 819.258681
2 63.804138 752.451740
2 70.547051 763.055086
1 150.079171 762.249431
1 183.185929 779.730361
1 171.738897 778.760689
1 154.650488 770.343127
2 232.084077 981.951022
1 175.558826 741.843894
2 48.213989 818.855830
2 92.306025 685.596351
1 130.021069 762.163604
2 79.322272 811.798548
2 229.279286 776.020725
2 214.770620 848.454560
2 86.952736 783.995542
1 168.921825 770.850879
2 102.505234 718.087721
1 167.314421 767.124035
2 248.774359 786.305403
2 73.050441 821.136256
1 145.177878 770.026777
2 146.903531 754.665094
1 127.868059 801.926121
1 167.265172 749.714647
1 311.823414 684.689959
2 87.003156 710.195922
2 98.975108 713.164551
2 15.418528 849.115690
1 197.769456 754.588489
1 111.852881 777.030383
2 94.156943 753.989506
2 53.147656 847.358866
1 188.755362 770.725649
1 153.975930 775.873155
2 97.201278 838.038242
1 128.904384 766.808745
2 255.918819 817.595188
2 56.011110 751.366470
2 191.541081 785.178595
1 165.004640 781.824176
2 37.722709 732.065124
2 130.557217 752.566877
2 116.606715 673.537377
2 113.872765 672.507277
1 110.983486 786.598855
1 151.219036 778.158567
1 175.917903 707.893264
1 179.056524 786.494009
1 181.806304 799.189703
1 205.785434 783.612060
1 160.811344 692.447093
2 111.771410 741.938694
1 101.558674 827.819745
2 197.369735 796.166720
2 119.675397 799.133099
1 157.514719 798.090857
1 104.588898 817.005804
2 110.499605 828.255060
2 40.790018 863.458800
2 195.254337 741.440525
2 134.866336 693.217170
1 104.512071 776.941847
1 96.615579 754.557373
1 165.332565 790.290205
1 139.520356 812.449584
2 115.507101 676.935340
2 245.816632 771.664794
1 114.806028 738.242938
1 175.516833 805.447124
1 107.856041 786.024262
1 143.501218 742.520864
1 191.333044 690.729177
2 72.115772 751.907970
2 323.720217 681.901062
1 182.220708 783.767101
2 62.171161 719.718249
2 124.396395 758.001518
2 91.915825 677.887473
1 124.253368 790.680486
1 100.825601 794.026442
2 231.601162 780.162009
2 170.713839 778.274648
1 128.274608 826.517668
2 173.274200 751.851997
2 119.693902 763.635286
2 1.132575 860.609182
2 86.640107 730.645515
1 153.739942 797.060147
1 129.536977 798.872088
2 140.928155 786.355601
2 332.020314 722.846380
1 144.602816 758.139795
1 126.901568 805.310405
1 124.477706 793.512194
1 129.316735 726.357320
1 106.810284 793.661864
1 107.765743 791.595669
2 95.358810 697.496987
1 131.595740 811.440816
2 93.022176 730.929393
1 160.163988 728.859841
1 124.945322 753.041828
2 165.584672 754.663702
2 172.748619 825.336203
2 99.704867 777.269827
1 140.909183 788.105938
2 238.734210 799.252151
2 176.129468 727.359577
2 158.171829 789.324684
2 222.878211 787.302283
2 154.693192 807.395675
1 182.964053 792.151930
1 94.656394 746.114759
2 114.741046 777.405686
2 147.255132 798.857389
2 7.059984 838.523847
2 76.572796 697.962062
2 266.502594 748.487507
2 94.876412 914.311137
1 140.865839 782.062964
1 192.438264 785.283606
2 143.021227 679.322180
1 95.923318 830.437603
2 331.380780 714.245501
2 81.758001 800.984841
2 233.304703 841.041287
2 64.947894 875.687979
2 225.760444 757.416289
1 164.436366 762.678280
1 158.602033 773.660386
2 327.380131 682.228786
1 107.264806 758.438241
1 234.049623 799.263657
1 147.008000 736.407852
1 173.139700 687.453106
2 349.778605 9.205542
2 589.443399 329.344407
2 665.653347 275.935088
2 363.834378 164.526498
2 647.042743 256.695106
2 527.996854 292.824059
2 649.420891 250.178670
2 429.921659 60.700783
2 442.269964 137.611678
2 578.546029 74.844074
2 463.885595 159.578450
2 340.834231 314.390766
2 608.180601 176.614387
2 581.659812 104.667085
2 393.617551 91.206526
2 390.672135 228.799509
2 623.500289 78.874461
2 371.782737 51.913341
2 402.867411 243.143525
2 334.950622 271.238755
2 444.498006 305.325461
2 459.060437 293.612571
2 368.972216 304.861942
2 369.035364 90.129202
2 630.140603 163.165589
2 360.089010 174.569321
2 376.402882 209.927754
2 659.975229 152.204520
2 371.758905 75.541905
2 411.311682 193.358809
2 359.674269 148.793717
2 394.687018 106.882582
2 438.633407 120.434254
2 552.376324 15.627680
2 640.019913 49.523740
2 583.691303 7.604629
1 382.260213 656.654334
1 405.111228 654.743552
1 403.504982 652.571265
1 390.688447 647.845610
1 405.143784 645.741016
1 397.298582 643.386521
1 399.545928 650.646476
1 407.056579 652.214464
1 385.087245 644.224714
1 412.893603 637.657770
1 405.531501 633.996536
1 408.893194 651.784645
1 398.156383 646.538719
1 400.441090 649.314884
1 397.339133 647.323642
1 399.327124 649.262928
1 400.506485 650.383943
1 395.364842 649.921690
1 398.053061 653.189044
1 398.752565 649.912308
1 397.250624 649.699913
1 406.456430 640.285232
1 397.868197 650.876934
1 400.504314 653.885126
1 421.667448 648.733453
1 422.983944 640.758248
1 392.518443 649.812297
1 408.039858 649.382839
1 394.418308 649.889421
1 406.652711 633.066539
1 394.377634 647.022654
1 394.835188 662.032331
1 414.147286 642.437744
1 412.439738 656.811921
1 394.118353 663.469716
1 402.351592 650.678890
2 455.653924 403.258451
2 554.207542 524.403726
2 407.654692 539.267475
2 422.263068 585.874800
2 545.309700 599.809725
2 409.899350 583.813836
2 569.053141 516.305782
2 472.503920 468.156992
2 337.238754 627.361551
2 514.384405 514.909617
2 421.769390 657.734760
2 567.767176 623.068481
2 531.947152 538.399774
2 414.301767 487.742486
2 346.897906 350.992522
2 379.458646 395.931238
2 501.170248 578.989438
2 439.302773 543.991638
2 624.977644 549.091301
2 418.523773 349.099599
2 651.343269 665.120359
2 356.809001 521.837604
1 362.902090 664.598216
1 345.585105 647.601538
1 379.565041 633.779132
1 387.420338 621.905018
2 431.560912 624.506214
1 360.503594 619.153638
1 452.434792 627.315858
1 390.523017 637.465795
1 415.126642 637.657223
1 424.644788 660.133913
2 473.956287 614.480645
1 404.818683 642.614383
2 619.280970 571.780279
1 348.448730 641.489586
2 389.231346 537.270778
1 433.874184 638.894313
1 401.190617 648.668991
1 352.983357 614.971172
1 398.734445 634.398868
1 392.212528 599.867920
1 394.412480 661.696496
1 421.065779 649.751865
1 376.481055 635.243147
2 388.889223 652.931984
1 390.642257 632.934905
1 435.344730 641.386682
2 447.324366 624.837912
2 445.457581 590.542550
1 396.953698 656.291311
1 439.446439 661.303706
1 401.560260 651.715402
1 370.663237 631.638252
1 455.092650 597.571677
1 412.075323 638.393653
2 557.489970 663.321692
1 406.772040 664.806341
2 450.602323 641.301707
1 405.255694 629.507266
1 409.937228 655.249541
1 347.283929 617.874173
1 353.483692 595.574939
2 546.443633 579.158866
1 388.968985 569.427353
1 443.999785 647.026742
1 429.618692 658.705682
1 336.073018 635.537684
1 409.761860 628.172812
2 504.755151 623.187354
1 371.369637 665.539693
1 429.631916 635.240949
1 365.267858 643.591279
1 398.000151 649.054020
2 411.020600 583.608705
2 431.681845 565.110458
1 401.528429 643.124384
1 414.400772 630.565428
2 408.207762 499.055039
1 440.792677 646.208434
1 364.563604 567.460979
1 395.347452 654.119024
1 441.981235 648.565895
1 399.172231 655.589562
1 403.798820 661.343877
1 383.600506 622.789946
1 398.873589 644.753490
1 368.695754 666.170915
2 428.683466 651.318123
1 462.329625 646.823967
2 457.416526 657.051394
1 400.402077 608.085666
1 450.657692 632.750766
2 564.546043 562.266526
2 419.821463 519.142517
1 400.778438 645.104768
1 416.351834 636.186421
1 425.524355 620.802674
2 434.766101 575.477905
1 373.293788 666.363655
1 441.977526 645.018625
1 423.049228 664.765957
1 350.823067 619.873808
1 436.200833 633.577641
2 614.169382 666.044866
1 406.500537 641.597977
1 395.516303 647.518284
1 398.021589 653.055514
2 493.867449 665.067838
2 450.017258 654.131135
2 409.492777 600.683666
1 366.320283 644.275619
1 370.982798 650.054429
1 403.555776 637.334280
1 376.268604 551.008000
2 397.086910 650.645474
2 470.911995 660.016528
1 404.300129 662.586175
1 439.564237 662.673674
1 428.685461 609.799936
2 456.240020 656.693322
2 333.715801 661.433889
1 368.158370 629.624503
1 405.721526 656.807421
2 441.501118 628.424851
1 370.695200 650.174622
1 357.020859 666.207376
2 421.783223 596.099297
1 373.622902 643.167115
1 420.976364 666.652271
1 372.184203 640.707731
2 373.781125 664.200047
1 419.951526 609.659513
2 404.391800 586.591601
2 394.566855 642.001033
2 435.635177 606.753007
1 374.929117 657.448987
1 397.366364 601.383692
1 397.647073 593.707351
2 658.563841 335.521407
2 483.876550 653.695415
1 366.330097 617.099534
2 573.548232 629.963694
1 411.668134 668.368042
1 592.269184 788.914880
1 591.487549 810.596792
1 569.833038 799.846903
1 581.619194 791.499844
1 562.109298 801.404777
1 569.393378 799.362321
1 575.479506 794.895237
1 550.314057 812.352350
1 564.241788 810.020203
1 577.599504 805.651019
1 574.622168 791.722488
1 553.192257 793.616418
1 576.378288 808.759825
1 576.727973 810.336564
1 553.858209 800.021254
1 548.627846 793.185977
1 562.278597 797.613960
1 571.998115 799.433039
1 566.964520 801.578735
1 574.470780 783.193272
1 572.089694 783.789241
1 576.423917 815.735739
1 592.906930 809.881322
1 592.085861 806.001343
1 575.887485 815.058752
1 574.647485 814.706093
1 565.419632 797.485520
1 555.859829 792.941726
1 582.643007 781.605743
1 586.486928 795.935543
1 569.199946 795.767835
1 580.683493 819.967901
1 571.582199 797.383136
1 590.387599 797.733528
1 577.335586 808.401524
1 580.041311 806.092403
1 567.753650 797.303679
1 570.353356 805.491408
2 577.914558 714.854242
2 436.675419 920.930438
2 601.527925 716.441812
2 443.770658 934.503837
2 373.322691 854.021838
2 574.700117 858.400583
2 610.104511 840.210379
2 659.645040 947.878012
2 526.803464 864.987154
2 486.398273 802.952947
2 339.589366 723.918474
2 382.367949 691.752045
2 448.318685 952.522040
2 408.423329 772.895511
2 650.792042 795.792364
2 520.087113 997.883590
2 447.291469 719.800295
2 648.836860 787.895538
2 572.124382 759.782192
2 542.324607 680.102779
2 524.971951 840.720524
2 583.814646 844.751735
2 616.138961 886.174952
1 564.551294 825.190294
1 401.384489 701.060240
1 542.316274 782.887299
1 620.011742 779.843591
1 610.783962 766.981391
1 565.166511 824.481506
2 485.899200 671.986747
1 581.742889 811.598064
1 379.920336 681.692719
2 427.210869 691.081726
2 576.102272 820.083774
1 561.414547 844.198077
1 591.656831 824.691904
1 538.127255 823.605658
2 551.059643 837.919208
1 561.900166 844.974844
2 416.964981 704.273637
2 617.237166 857.881394
1 580.284433 847.008526
1 551.234147 779.188917
1 531.550450 840.262969
1 559.965108 826.920238
1 645.263360 763.364609
1 520.572683 790.066466
1 537.254584 832.468194
1 576.496222 738.691302
2 622.387655 710.326131
1 537.107217 798.711387
2 537.487057 692.080436
1 434.727864 689.746064
1 588.311874 823.286575
2 546.757943 689.079886
2 567.641436 975.872263
1 555.962987 828.549266
1 589.710478 762.634161
2 580.170387 778.904665
2 444.853784 788.194855
2 476.584953 729.818924
2 566.965540 801.053657
2 546.867717 750.338752
1 381.485900 691.900406
1 404.763633 686.826558
2 528.771304 713.979956
1 358.112686 667.565871
2 580.367150 750.281403
2 580.900638 735.607215
2 481.186105 762.374569
1 354.841063 741.360467
2 588.370317 843.496453
2 644.138579 808.158670
1 562.760771 805.350088
2 561.973236 865.954018
2 394.598827 713.201243
2 470.494554 730.873968
1 531.154380 757.603703
1 611.056579 793.716488
1 604.410741 855.663539
2 442.372993 776.559366
1 598.709280 814.997182
1 602.508587 812.601071
1 575.655596 757.122197
1 545.182764 827.308976
1 607.011915 856.250882
1 602.092053 794.966058
1 537.935773 813.600969
1 626.959035 772.465494
2 450.100051 822.087587
2 430.181946 808.219664
2 598.001156 835.313313
2 553.076594 733.418307
1 531.306039 772.956264
2 563.972461 783.376011
1 598.589452 774.467114
2 580.539735 865.737415
1 563.749534 845.034350
2 573.964675 687.812733
2 520.299715 826.932538
2 383.978629 777.188410
1 603.878326 801.197823
2 547.884435 818.240052
2 478.035394 874.266831
2 479.265046 739.768077
2 552.711096 854.428217
2 569.530708 800.542967
2 371.194337 793.977180
2 591.369238 805.370403
1 411.386667 672.527380
1 534.592534 784.445173
2 471.513216 925.432548
2 443.269789 702.588427
1 560.948044 778.028262
2 563.418584 826.096514
1 374.897601 704.309423
2 569.514416 679.394875
2 507.594385 755.410945
1 411.909128 667.385019
2 440.245407 854.989942
2 522.398302 823.536564
1 406.401715 669.588499
1 511.772938 851.399597
1 532.027216 800.108160
1 578.059431 799.135564
1 534.939286 844.175642
2 457.235801 760.438398
1 537.773156 812.062222
1 616.657026 793.223517
1 575.044999 791.243601
1 488.656645 722.820021
1 572.251757 736.561942
2 581.651130 844.594664
2 421.477891 721.997783
2 584.975208 999.983898
1 626.288435 893.990437
1 588.671841 809.168423
1 534.660346 822.520487
1 420.894944 672.726695
1 586.460156 746.715223
1 573.407603 876.035911
1 576.392183 852.098947
2 489.674057 807.865393
1 638.083712 819.964107
2 411.391485 925.922016
2 584.965609 784.796898
2 640.868368 805.861933
2 653.092811 805.892553
2 599.694844 786.635474
1 571.530749 792.443704
1 569.500545 808.847501
2 637.614407 833.887097
2 425.623160 812.099164
1 585.849339 784.369991
1 368.045752 686.419642
1 588.029796 850.002906
2 371.591722 847.118489
2 442.836806 710.791391
2 556.311414 846.446054
2 460.007680 924.662253
2 458.954607 759.446981
2 457.078597 729.567462
1 602.894783 801.035738
1 469.801835 676.563803
2 526.569801 773.562633
1 461.904109 721.043978
2 480.175009 772.807737
1 340.192997 682.688338
1 552.368132 790.743241
2 400.266191 718.826050
2 469.705496 926.301617
2 452.821781 837.559883
1 412.731702 677.653670
1 615.945780 761.933520
2 619.910719 864.147181
2 624.517452 856.753288
2 599.759304 791.141938
2 399.008308 775.224654
2 525.846595 759.921471
2 515.070966 751.756841
1 494.675022 839.352524
1 547.213386 825.002146
2 356.071331 797.530855
2 533.699104 794.991574
2 608.297349 668.904624
2 357.417677 697.888724
1 542.418307 806.446507
2 348.604247 713.117514
2 436.261819 754.526487
2 487.212957 872.733681
2 551.640154 835.515504
2 634.740674 797.825543
1 566.569388 843.460092
1 569.982342 815.444115
2 436.432508 795.594228
2 476.432777 748.531109
2 596.668072 789.759370
1 558.208092 842.094138
1 423.705723 675.775049
1 538.743411 823.473288
1 564.586186 766.038802
2 405.315795 711.634939
2 349.260789 719.513381
1 606.945036 793.201995
2 340.859666 735.812435
1 398.004454 676.877781
2 436.124398 702.677006
1 464.619301 871.174648
2 385.322908 770.206031
2 587.516686 724.107972
1 576.695009 801.970969
1 335.095069 690.045038
1 571.109288 798.037228
1 559.176953 767.442235
2 595.010512 853.277593
1 562.010565 804.325191
1 567.300012 761.672081
1 574.391852 795.552415
1 440.057722 668.069672
2 640.904637 860.433581
2 501.373990 815.433005
1 594.066544 898.058971
2 528.048166 791.365139
2 412.015368 828.245431
2 410.777714 690.167764
1 403.503940 695.063936
2 570.373572 682.377910
1 566.383210 800.989553
2 392.564745 858.190003
1 557.187376 792.036424
1 553.726161 858.046428
1 562.246290 816.632594
2 609.475488 794.539304
2 348.883716 757.334783
1 421.474576 721.444404
2 532.449570 793.723921
1 563.904720 792.240855
1 615.474979 808.896963
1 374.243700 671.937510
1 380.148124 672.876831
2 444.153589 674.268380
2 555.248551 766.604248
1 568.814305 746.032569
2 425.994722 842.764317
1 566.371969 832.787544
1 358.653514 691.458005
2 609.890729 783.587189
2 492.297407 806.424753
2 335.519617 686.199662
1 361.168804 676.647488
2 408.057292 670.437827
2 565.522689 856.097984
1 550.818353 814.312742
1 551.892375 796.115717
1 571.257439 786.846939
1 607.538538 810.289430
1 592.810334 814.178170
2 522.688751 669.168365
1 462.494466 667.168757
1 566.794961 758.539157
1 592.090290 812.577343
2 503.455634 839.948501
1 556.601323 822.045018
2 577.206785 805.643799
2 538.344935 796.361037
2 560.839222 741.564005
2 654.421753 813.661849
2 418.861705 686.923342
2 617.590945 857.170815
2 518.743692 844.145802
2 540.736018 782.005261
2 543.062140 844.037398
2 376.762665 834.821603
2 450.931816 729.257073
1 374.141909 715.486562
1 534.109841 772.137695
1 435.678448 706.236348
1 564.646969 847.612128
1 559.153028 782.569689
2 553.971769 875.739129
2 396.575187 802.658997
2 549.921047 884.834759
2 472.281955 696.399843
2 623.187856 798.774424
2 465.222725 730.603380
2 528.275702 822.131647
1 486.584967 786.767618
2 535.407692 784.548907
2 464.801391 887.530908
2 604.394375 825.325764
1 397.034863 685.943191
2 431.186976 690.457166
1 602.252891 829.087555
1 590.428093 808.357342
2 600.288348 809.406556
2 603.083107 888.811599
1 526.808626 846.309436
1 570.647151 800.996410
1 578.062526 833.587901
2 385.107947 742.285976
2 615.593787 779.507223
2 502.378747 827.912143
2 436.361828 888.934326
2 586.124400 803.138354
2 409.455969 886.316684
2 475.598330 778.372592
1 590.472036 792.473285
1 540.373442 805.812473
2 551.196669 800.278916
1 361.500313 674.508515
2 470.099177 731.266564
1 594.050393 782.593984
2 475.055482 698.582735
1 557.003259 762.452602
1 552.346255 821.387388
1 412.740905 676.555624
2 541.666862 792.762538
2 424.799536 718.674800
1 603.480140 781.278186
2 509.021990 806.706886
1 398.594838 696.615227
2 466.723061 917.882701
2 577.837841 795.729965
2 596.584243 888.509098
2 370.501740 746.626216
1 550.866408 844.641980
1 589.052352 785.717920
2 410.670186 729.553085
2 606.739722 709.677585
1 825.323420 313.131564
1 817.333145 301.770809
1 830.429414 297.607845
1 824.995430 303.209579
1 814.043604 287.613507
1 831.667684 295.476292
1 814.058431 301.075981
1 827.473053 308.571495
1 819.691371 300.488439
1 820.776003 303.481807
1 835.591285 300.783414
1 807.626186 302.934711
1 820.155986 304.158386
1 822.841290 275.549347
1 826.779512 299.570688
1 802.061386 300.942897
1 818.328382 301.953430
1 830.789986 321.305360
1 821.461269 298.275657
1 837.939457 290.559085
1 799.208382 306.913418
1 827.960425 295.295719
1 822.190965 301.146311
1 828.619228 297.276916
1 818.187449 299.010597
1 822.031434 305.360813
1 822.383471 302.747937
1 820.658663 284.509079
1 809.235061 314.367895
1 817.915434 307.558264
1 838.150705 307.822859
1 817.894563 302.926957
1 833.266366 306.872088
1 825.397005 287.726416
1 824.072163 310.451970
1 820.862003 300.408726
1 818.762404 303.936763
1 812.497967 279.106009
1 829.669497 290.198884
1 832.419664 315.356267
1 820.978513 300.690964
1 843.686914 295.652230
2 722.194114 196.170142
2 799.967573 112.965367
2 755.215109 262.818065
2 967.740334 176.295514
2 847.526756 47.555112
2 896.554048 172.220755
2 919.808063 177.226763
2 777.515608 169.121337
2 830.285743 135.188482
2 995.768737 265.352777
2 801.264136 178.192910
2 900.574006 251.836751
2 844.330495 166.834008
2 792.672124 105.940476
2 786.455709 275.805450
2 909.989381 231.012482
2 721.232896 113.150164
2 850.339335 302.945682
2 955.189126 119.127902
2 923.431828 272.093459
2 700.217118 149.705557
2 923.879637 114.424918
2 799.230402 268.265659
2 725.838965 321.164163
2 826.266588 220.737925
2 746.763665 98.818846
2 998.183651 278.084384
2 992.212422 18.595498
2 961.750529 170.609145
2 747.794707 283.159653
2 753.967086 252.658679
1 820.329424 312.287651
2 749.710538 223.003040
1 821.681339 286.494747
2 761.824780 192.126262
1 769.462599 312.779349
1 838.715037 291.576824
1 779.394252 319.684235
1 852.485628 278.266074
1 823.495207 291.494232
2 890.476963 240.297092
2 830.483836 259.881492
2 877.697631 292.546156
2 997.503173 276.937815
2 908.815043 281.520344
1 833.671755 284.982554
1 831.933130 326.847835
2 783.907214 184.539865
2 771.240969 228.134530
1 853.959594 306.405924
1 776.346047 311.296781
2 788.375681 317.060578
2 751.554467 194.975665
1 830.639884 283.781727
2 846.820917 277.297884
1 867.799326 277.894436
1 879.726849 325.163168
2 926.077393 323.116529
2 819.244093 150.704922
2 744.220880 279.013034
1 848.319052 271.067954
2 880.748848 258.083347
1 829.099010 316.522209
1 785.024923 310.303215
2 823.526168 218.510958
1 821.383494 284.178555
2 877.148107 294.234428
2 917.207270 114.908996
1 816.084721 295.766121
2 947.726560 250.436526
1 851.041135 270.504631
2 780.947271 310.995474
2 902.271626 265.494684
2 919.398904 237.776008
1 771.742980 297.175032
1 789.972159 319.200904
1 809.413238 260.424312
1 775.493798 312.900396
2 899.624781 261.710904
1 799.290985 322.103220
1 834.585451 274.716996
2 681.624400 143.611951
2 889.575107 262.793898
1 785.927669 321.853908
2 979.257079 286.603343
1 818.398579 259.735751
2 928.313682 285.215523
1 817.385954 292.812753
2 757.208683 306.704866
1 883.325232 298.970844
1 793.341580 327.966772
1 864.250440 301.729410
2 748.109960 301.630524
1 883.083510 277.936474
1 827.362493 276.539652
1 880.467229 283.021224
2 794.111888 165.289557
2 974.895915 149.004847
2 947.061600 329.090465
1 872.609149 287.274994
2 905.801529 282.204277
2 899.784245 287.741154
1 784.093853 327.946889
2 889.712886 232.256880
2 891.875863 271.824232
2 789.195585 253.266037
2 941.787881 312.014921
2 709.803360 289.418643
1 884.218048 298.746588
1 868.520675 331.340374
1 812.387254 317.940256
2 976.480705 195.173374
2 712.929495 187.653181
2 932.259250 276.150792
2 947.799275 298.248452
2 856.872396 117.371401
2 935.208185 281.023667
2 993.919758 260.557631
2 893.846952 236.909047
2 823.752483 268.050342
2 900.047197 258.489348
1 855.339749 289.967250
2 848.143437 268.769600
1 785.069746 294.665083
2 813.772912 239.810341
1 841.879469 295.573094
2 941.182853 163.355358
1 847.907349 303.378047
1 784.565505 267.932387
2 789.565458 296.643422
2 927.828043 250.720626
1 800.959151 278.937526
2 874.367051 298.280919
2 667.391173 147.973081
2 778.960143 159.125590
2 917.526332 230.395609
1 796.411529 295.386251
2 813.750286 273.357406
2 923.650666 320.322565
1 808.554167 236.796102
1 776.106811 275.127672
1 815.708980 267.302045
1 854.978588 314.799685
2 932.859009 326.761524
1 850.682139 322.847301
1 833.055556 263.393530
1 789.874897 248.041966
1 799.221834 269.872149
2 904.060845 234.688894
2 885.611455 299.538822
1 770.792136 267.505999
1 801.260585 325.435203
2 945.801313 313.223269
1 764.555308 296.050387
1 826.147839 287.389236
2 873.507486 268.940207
1 832.759217 314.332299
1 839.827755 317.784779
2 920.523953 272.218683
2 909.371090 297.888052
1 771.351352 291.392122
2 863.976547 272.073902
2 802.849332 245.988112
1 807.068736 246.893093
1 800.985601 275.209050
2 718.865043 190.614179
2 880.846952 286.436672
2 847.422714 286.815369
2 794.131642 177.354036
2 783.883120 159.883458
2 799.628072 244.250465
2 848.548137 267.177033
1 855.733458 297.189909
1 824.700897 306.641875
2 895.904274 291.375274
1 821.652460 301.289817
2 768.188114 330.244031
1 862.846670 303.528471
1 764.125367 296.129111
2 687.463159 261.021649
2 744.811449 274.393735
2 927.157288 215.650598
1 823.470827 308.623695
2 964.590014 305.800675
1 746.812301 244.957644
1 850.056021 278.668815
1 831.317354 312.978955
2 939.790022 293.474788
2 975.283930 329.269105
1 847.059944 227.837512
2 907.743756 311.120198
1 843.125273 282.950297
2 924.822934 360.146150
2 853.461554 617.476469
2 898.600168 540.882315
2 750.100477 352.702020
2 867.559483 627.575568
2 910.013623 458.782088
2 968.121624 355.378469
2 909.437058 404.824141
2 921.326964 580.380160
2 977.632657 440.842494
2 720.361765 580.513346
2 772.892698 525.418582
2 958.985674 356.512416
2 952.169677 569.099599
2 813.839232 641.817628
2 864.808386 501.433124
2 922.861860 409.129112
2 921.044725 367.612915
2 710.275476 501.749901
2 821.702857 505.467745
2 923.699222 340.109950
2 857.317670 417.800218
1 834.824101 363.124305
1 833.230278 364.101996
1 866.668736 334.229146
2 757.041784 354.469723
2 714.325022 343.967332
2 746.776593 373.581969
1 824.754560 368.167377
2 730.230373 609.954488
2 904.245755 420.007203
1 822.219291 337.301724
1 846.034310 333.849275
2 967.030263 420.066033
2 997.660524 446.732998
2 724.676105 382.990873
2 752.204234 366.447380
1 821.116750 338.081194
2 946.414381 409.847384
2 932.804551 385.666428
1 841.073099 343.776409
1 847.222147 337.755489
1 848.794463 373.514468
1 765.504904 391.114237
1 774.717593 348.659006
1 850.664558 365.015183
1 813.069630 370.370724
2 921.992764 369.153637
2 687.104769 359.029144
1 848.870235 361.422375
1 760.658101 415.931072
2 753.344405 380.104112
2 898.159799 366.185709
2 950.772072 354.732641
2 877.725685 396.307522
1 817.148448 365.287661
2 689.712861 379.240487
1 747.249899 440.798269
2 860.639445 432.772859
2 943.282501 346.123001
1 810.468159 341.111872
2 950.730327 421.521404
1 904.259506 348.870909
2 901.378689 338.889722
2 693.048454 352.990860
2 730.879782 942.588539
2 817.317326 740.240759
2 836.032604 668.933878
2 977.535892 947.458170
2 906.207141 929.633314
2 970.266889 912.324051
2 841.109441 723.509132
2 981.902447 834.698518
2 693.274694 781.004788
2 741.835712 871.078402
2 780.253001 708.401185
2 806.801612 766.132397
2 745.908490 862.310086
2 918.345677 857.819082
2 688.336317 769.850133
2 995.587357 957.031885
2 693.385080 773.085124
2 681.248068 796.681090
2 693.314287 785.063846
2 704.954783 725.088899
2 676.900468 803.064664
2 686.432243 787.420337
2 777.107233 740.151055
2 965.062962 802.585219
