1 202.078525 179.315206
1 186.819888 180.064576
1 182.952212 174.534474
1 206.669392 164.939290
1 196.768541 177.505941
1 204.328503 189.087506
1 210.958168 179.125455
1 203.527437 163.832954
1 199.534577 179.521387
1 201.970054 177.160632
1 180.724814 194.967207
1 203.531713 193.973627
1 193.107182 173.501593
1 196.032144 186.401373
1 216.060535 192.472274
1 198.853969 176.148251
1 194.037276 181.435106
1 199.799649 178.648621
1 183.153069 197.091140
1 189.229870 181.374885
1 199.026631 174.339036
1 211.479674 193.053529
1 199.410362 165.275356
1 200.678000 184.928028
1 199.439138 173.536568
1 201.121318 185.842062
1 185.497611 180.646397
1 198.505473 182.127880
1 182.344040 172.955946
1 194.792092 166.717099
1 186.702925 186.835629
1 203.281993 182.508794
1 215.404842 195.972708
1 203.190361 193.766879
1 210.067252 172.806962
1 188.949145 191.552695
1 197.041791 178.747415
1 237.669019 155.747983
1 196.534207 214.226873
1 163.050505 125.357445
1 150.840484 198.013828
1 211.528218 156.830530
1 211.675479 172.787317
1 162.581253 109.346480
1 224.184241 163.168228
1 177.602262 172.425893
1 212.499493 221.520857
1 218.401107 139.096929
1 190.685662 174.958532
1 231.670436 173.189357
1 186.062048 177.031483
1 97.189947 187.502687
1 216.564700 173.182076
1 195.637275 139.145134
1 190.387191 177.002273
1 209.149792 206.095759
1 214.580867 159.109789
1 208.978286 150.130957
1 201.404771 215.901721
1 201.358482 172.391108
1 158.494572 133.859336
1 212.293727 120.818311
1 178.650927 186.062880
1 225.597531 202.083975
1 197.482766 132.749006
1 229.414346 176.270397
1 187.962207 157.568163
1 232.397822 156.769445
1 258.447620 178.739319
1 174.174918 219.054133
1 216.665034 116.042244
1 186.181849 200.799833
1 158.569896 253.533518
1 258.769516 161.624288
1 239.334855 147.133396
1 162.166840 142.200386
1 201.107963 166.499169
1 197.373636 160.188575
1 233.397334 179.081132
1 226.299676 180.372985
1 199.506903 225.124097
1 177.367484 161.986488
1 92.591650 194.229259
1 173.959428 145.025275
1 189.907172 145.263113
1 150.145050 146.229101
1 151.939443 141.256859
1 151.636904 147.887399
1 217.191867 143.732174
1 220.208784 177.736192
1 186.996399 183.956369
1 226.934728 80.293240
1 232.282037 216.352042
1 156.693084 116.718268
1 200.556268 100.235108
1 223.669131 151.871588
1 207.653584 208.912028
1 203.047890 180.355062
1 221.154258 117.756731
1 203.414838 193.005659
1 186.809419 211.570902
1 277.055118 206.693193
1 174.494319 131.804179
1 145.721590 155.689018
1 252.403285 206.548250
1 218.054390 122.035383
1 179.703631 139.324334
1 153.006556 169.858823
1 184.373109 239.736924
1 230.411577 200.577381
1 146.395296 231.783947
1 181.256190 140.673787
1 221.492880 210.518721
1 187.901030 192.408999
1 179.628661 203.451491
1 248.631712 105.959772
1 221.132215 185.368808
1 140.089780 149.890316
1 177.701919 209.934289
1 135.520488 209.209930
1 215.183175 177.162206
1 248.257714 207.863250
1 178.082029 186.245746
1 159.599018 138.337812
1 191.634660 153.937097
1 212.343884 113.480400
1 232.560676 156.242661
1 168.655457 163.507132
1 136.744359 134.105399
1 223.934444 150.717520
1 164.364476 144.567155
1 214.547012 148.084170
1 136.702146 172.447350
1 242.533408 142.627377
1 202.419116 143.311322
1 203.087119 155.674234
1 232.943676 194.561401
1 101.525432 170.857583
1 193.286479 142.073434
1 176.974832 155.512197
1 213.483135 207.820684
1 114.218718 109.724313
1 225.219669 216.439475
1 183.956320 176.015259
1 238.257942 195.404664
1 235.238773 132.136271
1 228.097626 170.551237
1 201.768242 154.851061
1 231.610900 218.970050
1 225.171048 263.232715
1 126.496577 117.227773
1 201.307640 205.043604
1 220.070858 175.945672
1 207.087335 191.533397
1 113.387830 204.751545
1 198.914498 158.858125
1 203.280630 137.423683
1 209.948585 146.225301
1 221.004175 169.092228
1 192.315300 205.719521
1 245.549361 230.174434
1 218.626898 161.942333
1 287.930591 125.834882
1 151.823549 175.816167
1 203.327675 108.873305
1 105.216178 148.770989
1 281.242495 169.186764
2 58.482343 434.984402
2 63.347146 425.863559
2 60.732494 408.726670
2 72.406240 438.663397
2 68.614963 418.307461
2 78.024736 442.886722
2 67.604440 409.186050
2 50.591738 412.758446
2 74.532559 427.224107
2 45.398665 416.726962
2 56.673980 431.836704
2 64.811656 413.906890
2 54.629899 427.696813
2 39.445893 422.065107
2 64.010856 425.553187
2 59.602518 430.313672
2 80.182577 438.192942
2 61.246465 421.775181
2 60.792721 428.363508
2 62.089104 430.141319
2 62.548742 428.029501
2 65.727367 424.865274
2 61.552714 420.683760
2 54.176240 408.216230
2 65.391002 431.691994
2 45.589576 434.050779
2 40.333242 444.457525
2 47.776520 438.419990
2 82.250770 452.656199
2 65.679221 421.605542
2 80.303456 383.250614
2 42.801731 428.358862
2 67.999161 424.799162
1 320.850349 592.396071
2 57.451775 442.070587
1 308.433348 617.187672
2 109.412461 455.572957
1 327.611492 639.996491
1 325.115839 656.564336
1 311.069843 646.051348
1 331.937996 655.485751
1 308.392758 628.829782
1 296.312085 619.937649
1 317.238618 639.023050
1 137.580917 790.113407
1 154.195366 773.573497
1 148.767415 779.060031
1 148.218661 777.629893
1 139.421185 798.342218
1 138.908182 789.084680
1 146.418749 784.457072
1 160.131038 787.909778
1 150.308837 780.140365
1 157.117436 792.632554
1 158.460107 771.246079
1 164.555545 789.736037
1 161.261873 761.410870
1 144.243613 785.552113
1 163.909595 777.338638
1 146.093343 790.984559
1 140.338804 770.199865
1 135.578839 792.133503
1 135.556030 777.083723
1 150.762099 774.299002
1 129.636304 786.653029
1 150.481933 780.709372
1 130.425149 772.329319
1 170.979326 792.811980
1 143.297630 795.898551
1 161.861036 758.807051
1 128.360333 771.670554
1 154.356766 782.354495
1 149.792901 793.426537
1 155.137713 786.289303
1 144.477388 777.595097
1 160.573092 762.600482
1 111.493813 806.461822
1 147.681178 796.277563
1 192.312127 709.976537
1 148.233628 789.698698
1 121.952614 791.849847
1 161.929397 783.894810
1 152.901729 760.717009
1 108.451759 780.844308
1 124.997755 764.035972
1 169.347535 757.820340
1 137.287551 763.633671
1 95.024438 778.208313
1 142.671862 748.101331
1 177.255446 800.977986
1 123.219011 805.773563
1 182.763891 793.618772
1 163.277845 808.947039
1 161.324748 800.584450
1 80.034202 750.851782
1 127.079314 758.428070
1 177.400085 791.588087
1 161.833067 767.494008
1 127.574200 719.494858
1 156.179631 765.858067
1 147.570143 699.249221
1 188.393194 720.349401
1 124.775181 770.950552
1 147.581441 739.019684
1 142.523811 809.684407
1 160.095708 776.927258
1 149.960193 775.734769
1 159.744743 817.885062
1 160.966627 797.300033
1 143.484525 803.783144
1 93.259631 716.242774
1 157.164909 758.209402
1 129.594108 739.869470
1 166.157632 795.850866
1 185.325007 738.389916
1 115.587491 743.819676
1 144.252583 761.416345
1 105.030843 734.864534
1 110.248058 808.877937
1 181.819105 821.761170
1 133.188466 808.432986
1 112.229377 798.539660
1 179.462517 820.932725
1 168.262034 767.082171
1 122.378715 840.488001
1 104.668316 736.709215
1 186.657369 801.045180
1 131.618701 755.556816
1 154.999277 826.613995
1 124.424290 782.923213
1 92.771734 760.346200
1 121.152028 775.573355
1 161.128811 767.618318
1 107.741766 789.545565
1 141.276042 818.927238
1 158.413997 783.755443
1 192.108200 773.002427
1 131.663443 747.379821
1 133.486613 783.744999
1 132.529144 771.401151
1 112.476700 757.689671
1 195.197077 763.978104
1 151.023638 776.150664
1 140.394253 703.983635
1 171.015690 774.138931
1 194.395291 791.543588
1 122.912292 743.696721
1 147.089951 874.194375
1 194.917143 802.324288
1 120.224501 793.234422
1 138.207855 836.967753
2 332.750429 791.115828
1 115.631777 735.258586
2 300.173720 781.960214
1 101.383164 792.960250
1 114.145307 827.715536
2 324.889722 900.186653
1 149.799832 768.330693
1 306.609208 714.856125
1 135.308838 759.321330
1 199.809240 787.904989
1 138.654048 803.699697
1 161.776080 777.901234
1 326.220398 671.630600
1 178.257933 734.799237
2 293.402174 911.771203
1 148.299205 866.466485
1 168.358331 812.825662
1 124.092689 770.529710
1 304.073239 730.332971
1 42.801140 773.643665
1 140.385145 753.800072
1 181.453173 833.621201
2 327.710868 834.970299
1 85.019543 727.854270
1 160.832329 807.551534
1 79.260256 829.140142
1 152.517936 793.391573
1 142.323031 849.104450
1 98.745020 766.644241
1 178.429343 809.539812
1 111.098762 758.634172
1 98.014167 833.519599
1 213.993139 852.169786
1 147.918501 769.358595
1 124.659759 858.593752
1 157.270009 792.005963
1 160.835277 778.762574
1 162.385361 737.929146
1 210.363725 802.186385
1 125.583650 811.342622
1 127.531948 749.756749
1 156.928039 770.441600
1 167.360866 754.669616
1 124.369522 717.660398
1 138.086435 709.171671
1 180.479079 783.481385
1 158.594816 750.081468
1 162.717487 802.721391
1 172.691893 788.265407
1 133.588370 772.388549
1 169.710788 815.365985
1 133.065202 728.992051
1 142.575879 803.753809
1 171.696860 831.879744
1 112.205637 805.181146
1 166.602033 768.302643
1 146.419352 821.484084
1 93.277734 803.826349
1 191.868179 809.354279
1 140.634385 804.094422
1 151.256551 740.414165
1 193.698641 804.670008
1 138.751325 745.277821
1 135.611162 753.564611
1 212.705884 802.868644
1 112.335332 762.075553
1 123.889183 723.016334
1 160.270603 769.620923
1 65.012448 746.090195
1 150.000086 805.374385
1 141.916778 797.452961
1 163.823129 815.021236
1 170.251839 811.195339
1 125.897088 739.598380
1 111.573194 805.686839
1 186.698040 722.633616
1 177.720332 783.641650
1 126.600253 739.733833
1 140.216404 804.951423
1 330.133249 706.103093
1 111.544171 792.075329
1 323.372375 675.703302
1 168.699158 783.436979
1 116.161934 847.717355
1 131.622792 798.037603
1 227.511465 805.492595
1 131.846977 756.842836
1 163.933589 810.329618
1 158.597048 763.394967
1 138.237293 821.250498
1 105.653941 771.598076
1 211.584794 691.515506
1 320.273098 695.730184
1 151.380158 771.389680
1 185.245800 777.946266
1 123.886982 782.500856
1 139.866665 844.546584
1 118.516340 746.685152
1 304.219845 669.696058
1 113.791172 709.102833
1 127.072834 703.196113
1 329.946216 693.873498
1 138.831226 813.910196
1 72.236131 804.776520
1 131.190759 786.777907
1 145.601179 741.116281
1 187.954443 746.349539
1 61.975402 675.493185
1 324.189919 687.866515
1 162.816377 762.797995
1 160.869078 807.316051
1 320.856569 690.546138
1 103.048370 775.801649
1 134.544872 802.407866
1 171.467965 806.759791
2 315.136080 755.842848
2 329.291852 837.832429
1 153.841402 674.580803
1 201.331812 797.557433
1 321.935560 668.968967
1 174.327564 766.343314
1 116.076945 725.484278
1 99.780543 849.038664
2 322.413081 818.708525
1 177.599881 854.103035
1 150.139566 702.637925
1 193.605842 775.613928
2 483.869978 133.688808
2 518.370217 137.655406
2 493.720714 134.765195
2 500.592111 143.538737
2 509.805614 158.859363
2 516.707945 155.811111
2 493.952420 155.236588
2 482.063822 143.746553
2 496.084056 144.129262
2 491.287710 130.238975
2 492.726283 160.391446
2 497.273132 140.416961
2 484.169628 124.939385
2 500.296424 143.208910
2 488.163780 137.309645
2 486.023560 139.868389
1 396.965906 656.429721
1 407.023245 639.978443
1 393.944144 650.141133
1 399.197276 650.149638
1 391.300101 656.779568
1 400.259023 649.944374
1 399.088965 649.256337
1 411.968041 650.520766
1 391.609420 665.205160
1 408.133576 630.837110
1 399.173399 644.191207
1 399.641320 649.664334
1 396.371375 649.914623
1 381.955513 645.056636
1 398.298446 654.480653
1 405.424793 638.575822
1 381.367666 653.613494
1 410.397212 637.327155
1 401.354440 647.757411
1 390.971265 647.465206
1 398.602001 647.378318
1 394.385557 654.002274
1 393.340697 642.555826
1 401.664526 639.774492
1 408.226809 628.395687
1 403.421915 634.225238
1 399.215922 650.971434
2 566.327921 479.929622
2 559.685605 487.433473
2 573.381410 471.477110
2 559.161220 474.688788
2 557.486451 481.565274
2 556.840378 498.166857
2 563.704203 473.647680
2 558.252617 486.808067
2 565.753896 479.453980
2 547.504747 473.173566
2 568.280122 458.401332
2 552.993692 480.154732
2 536.452940 475.645585
2 562.460124 483.713340
2 543.069621 483.761617
2 558.284391 476.821103
2 561.074381 495.485274
2 563.167474 480.654356
2 557.684401 461.115869
2 560.512513 470.929234
2 542.971177 465.114985
2 553.586758 461.895545
2 564.947799 458.268381
2 567.193653 481.763242
2 564.631733 472.059136
2 565.634408 455.665149
2 557.992754 503.939145
2 564.291244 478.719299
2 548.831643 495.501298
2 545.146850 474.591171
1 412.126018 620.339041
2 556.622691 464.873399
1 417.977172 650.334242
1 400.863328 622.946239
1 391.594785 647.615028
1 373.564817 664.674178
1 406.917377 662.035275
1 382.523700 625.017420
1 389.285545 596.329908
1 449.653419 615.963522
1 407.161043 628.166519
2 581.713576 460.306731
2 572.879440 429.339381
1 400.826959 623.896035
1 411.721824 627.312844
2 619.257589 515.795933
1 372.122581 601.046100
1 437.550676 640.535314
1 382.085509 599.343594
1 415.763552 640.133377
1 423.092729 657.538136
2 516.710069 492.844182
1 381.377280 603.400866
1 422.775933 655.895477
1 419.957110 662.175623
1 381.502545 617.625488
1 410.450600 631.326758
1 349.675576 627.996400
2 519.532711 501.094518
1 458.122201 666.229482
1 511.049952 615.702125
1 414.010077 627.533396
1 373.078598 629.514146
1 413.294772 634.987363
1 435.846935 619.093744
1 362.768760 633.394137
1 394.689319 588.911826
1 372.505693 657.108818
1 378.219124 656.874618
1 373.547375 664.662416
2 563.463251 513.939994
1 412.165820 654.038923
1 369.229598 648.879384
2 518.147439 479.753034
1 396.395156 636.293228
1 423.508599 608.137459
2 559.623554 494.966079
1 423.617129 607.511004
1 401.415683 623.354236
1 386.627654 617.311180
1 366.847545 623.880417
1 368.411732 641.365131
1 413.960990 641.659525
1 416.662397 644.587526
1 399.675818 643.605918
1 421.012530 650.900434
1 416.446042 663.840343
1 460.723672 617.527736
2 590.619242 516.331533
1 355.319599 622.119978
1 369.674702 604.986691
1 360.949794 632.935439
1 425.923395 644.614207
1 383.854532 637.132877
1 478.034671 608.841986
1 389.695261 620.957581
1 397.585450 647.829856
1 421.680245 647.167116
1 488.270606 611.543992
1 375.519915 548.535980
1 372.446182 531.687709
1 397.807608 636.431781
1 379.553462 666.063272
1 446.642231 646.906570
1 413.057144 618.392120
1 405.103281 637.783655
2 566.260788 426.634007
1 346.646571 658.443994
1 378.508659 653.450737
1 416.384771 659.119417
1 385.981208 610.291033
1 478.825399 648.445764
1 397.765037 616.132836
1 466.645343 653.200136
1 370.924238 659.463308
1 484.036803 639.013532
1 404.767778 621.404527
2 505.110846 469.839884
1 420.799816 615.876171
1 455.815477 656.625693
1 386.087737 617.197628
1 405.553487 603.108112
2 539.069088 482.436529
1 384.900157 642.187672
1 418.401128 583.271194
1 423.927941 584.992532
1 389.644349 644.146592
1 355.460276 604.331035
1 353.407606 638.218129
1 416.974032 622.593423
2 583.169668 444.431860
1 434.669877 651.665828
1 410.191184 622.477861
1 427.321961 643.804517
2 565.714062 535.099965
1 378.407932 563.151557
1 406.642763 657.725089
1 362.776908 618.804951
1 441.362059 630.015933
1 438.402364 638.790556
1 355.698249 663.636039
1 384.346601 618.801555
1 447.176668 579.765866
1 391.468857 589.163326
1 454.379436 605.273901
2 595.799139 482.825092
1 400.859000 638.364175
1 378.034957 575.357134
1 382.387144 619.920447
1 470.683735 564.631858
1 459.594434 609.230694
1 393.544904 606.969523
1 339.216799 630.084718
1 379.386052 629.634172
1 361.657244 642.906080
1 386.601496 641.048229
1 368.417205 652.242963
1 449.364306 655.020892
1 362.411504 529.026457
1 373.759332 586.243651
1 445.589688 609.917254
1 401.684439 639.504083
1 354.112032 615.618569
1 415.709185 653.804035
2 580.740233 485.605890
1 421.821628 630.245217
2 521.258348 487.721725
1 381.374489 649.180493
1 390.958304 647.393239
1 416.058355 621.064022
1 364.742925 609.390506
1 373.083312 645.714261
1 383.888044 658.927049
1 501.725610 634.470733
1 402.598836 636.160684
1 394.279755 617.990696
1 377.921617 658.843562
1 389.877585 651.733634
1 373.941740 659.634667
1 396.715308 630.086716
1 381.899607 636.420796
1 473.890486 664.291234
1 376.884312 647.148100
1 358.091493 658.281156
1 498.373911 618.474404
1 385.823103 611.630002
1 449.265925 644.784661
1 390.656121 630.722706
2 512.406575 524.724682
1 415.946990 611.499118
1 380.029228 606.067765
1 403.644990 621.765699
1 350.210309 616.370070
1 388.320831 645.591431
1 378.590669 642.900303
1 433.036195 572.714563
1 347.851016 653.497888
1 405.933197 617.685035
1 409.427236 628.621285
1 415.429411 652.788075
1 372.151162 564.097330
1 356.711367 642.552391
1 354.121660 645.094476
1 407.067057 644.438671
1 425.229290 643.902855
1 375.702654 646.569508
2 500.899923 521.513387
1 358.943238 602.361373
1 379.132401 642.643846
1 380.994473 657.252043
1 376.936346 649.099869
1 372.138208 640.159572
1 360.566387 623.002628
1 405.675826 609.500223
1 372.301389 648.662829
1 435.647072 605.197671
1 399.685243 576.228666
1 502.305291 639.226568
1 364.663475 649.938648
1 374.259808 648.165915
1 369.060734 593.980093
1 352.406272 663.568369
1 347.409915 630.903353
1 434.313856 647.625731
1 450.101572 646.024667
1 415.135544 616.455643
1 381.301495 574.508588
1 441.064879 658.574962
1 341.685846 630.475069
1 401.866491 662.914539
1 374.558799 628.822135
1 358.240277 564.982171
1 435.736399 663.535948
1 392.904862 619.310242
1 398.442067 636.978513
1 393.233658 659.781478
1 356.076185 664.250242
1 392.014731 612.545698
1 486.873490 654.844571
1 369.901267 549.623524
1 482.007821 611.986183
1 427.334476 623.047742
1 410.863794 638.766130
1 412.086463 616.635347
1 451.575336 656.579589
1 366.355122 650.878995
1 373.368590 664.491809
1 376.995200 621.988054
1 335.208946 653.502064
1 439.593859 605.904684
1 396.863399 641.936360
1 504.685853 652.695590
1 338.135676 652.582180
1 408.615723 641.159176
1 393.931855 590.829161
1 392.255095 629.783942
1 414.070851 624.540364
1 349.422612 662.921500
1 503.804614 583.970811
1 461.109309 656.941738
1 364.946513 658.128413
1 430.375967 652.434419
1 393.504287 649.822239
1 409.093580 631.582905
1 408.736317 603.089193
1 515.580899 652.558144
1 390.727476 618.774167
2 526.602300 468.131428
1 374.857904 623.898938
1 417.598635 628.426519
1 433.183788 637.045252
1 421.926000 602.047570
1 366.302619 622.148849
1 449.779321 632.012053
1 405.133737 663.215137
1 407.508321 654.764113
1 410.902388 656.656668
1 432.712572 622.360842
1 431.031603 599.346239
1 445.040460 650.650071
1 426.897732 629.989810
1 354.993127 646.920753
1 392.406484 651.868774
1 449.029985 632.645016
1 417.237014 632.154751
1 392.114856 668.457714
1 410.850476 670.035768
1 395.577588 668.116983
1 575.661683 787.109299
1 554.016372 799.904415
1 570.123937 800.021367
1 567.376086 804.549630
1 560.549366 808.971070
1 587.251436 782.693528
1 572.751738 801.405733
1 564.153244 803.367135
1 566.634687 799.764181
1 569.401358 802.703440
1 581.768991 798.964816
1 572.759855 799.243772
1 577.898006 790.170492
1 583.571398 807.125762
1 573.053080 813.579015
1 584.509425 787.087501
1 574.188549 798.183811
1 555.463841 818.504065
1 589.863390 791.962140
1 560.629967 802.699365
1 572.362892 786.040284
1 569.348468 803.664456
1 554.189676 788.492689
1 565.268759 792.765162
1 570.431892 804.553449
1 553.812317 802.677720
1 566.122417 793.535738
1 556.450136 801.912863
1 558.457108 801.771453
1 553.909713 813.565870
1 551.165307 798.782531
1 564.321143 806.739449
1 563.309108 788.919077
1 578.038975 812.878854
1 569.494965 799.816144
2 389.538227 833.879714
2 378.960659 833.429814
2 411.442228 835.670410
2 409.237313 811.380150
2 399.890100 830.041025
2 387.390942 851.011779
2 405.207302 850.738799
2 397.114311 827.173351
2 399.712033 820.898581
2 402.382769 830.642689
2 397.509522 816.278095
2 411.152661 844.794265
2 395.711069 837.208026
2 398.257724 839.003859
2 376.583223 838.678080
2 382.307555 837.874612
2 416.083383 812.282884
2 399.456228 830.895849
2 413.065501 846.807698
2 415.642324 835.764118
2 408.008256 824.890422
2 390.094158 829.951194
2 398.878255 849.165779
2 401.366324 848.649844
2 399.819838 837.191383
2 402.179150 831.091748
2 418.329704 828.496631
2 400.384027 826.575821
2 402.664223 816.254259
2 404.526549 830.470441
2 402.357607 815.581699
2 393.088402 831.176945
2 388.306593 841.258806
1 548.276983 796.925039
2 412.785574 879.579158
2 441.233128 833.850312
1 549.374711 784.063093
2 416.144610 844.890273
2 405.795074 894.395018
2 425.130185 862.277038
1 521.422050 768.573843
1 390.375502 693.898954
1 566.187047 803.486988
1 357.652000 670.478914
1 376.388943 693.352610
1 580.123751 814.389315
1 455.300074 693.097864
2 430.910565 874.361303
1 597.323275 834.341217
1 573.707996 793.059771
1 403.457408 689.496474
2 415.981879 785.348450
1 585.583604 805.143623
1 532.205730 816.938219
2 399.177983 779.418013
1 418.243026 693.391333
1 558.769031 764.374909
1 526.253941 897.963488
1 604.030442 759.739999
1 538.336479 783.191024
1 502.485899 744.491353
1 626.611244 822.634971
1 575.745311 788.344219
1 537.394494 817.052649
1 430.816795 696.577238
1 575.878790 777.969192
2 394.931260 778.019891
2 396.397809 814.457781
1 561.742350 806.462755
2 363.282163 842.253243
1 538.097809 805.723611
2 382.885692 884.207581
1 430.519720 711.412170
2 368.657934 805.883168
1 518.435449 780.078027
1 555.775346 766.453328
1 517.121717 823.584651
1 588.587473 782.354438
1 541.949387 794.478516
1 443.983238 700.107110
2 386.741557 838.221754
1 565.157316 798.063259
1 526.193967 807.512378
1 559.906514 768.178631
1 552.705595 781.375466
1 375.714649 686.475902
2 365.128316 856.382631
2 367.650685 823.235429
2 390.340225 828.665875
2 448.391471 832.690493
2 436.700714 787.640813
1 571.779904 836.356795
1 548.521899 846.598154
1 526.043523 835.789342
1 395.976668 693.049521
2 373.027479 830.418430
1 591.891080 814.264331
1 608.133886 802.264134
1 562.017598 835.755520
1 644.293728 801.627665
1 540.771010 865.288023
2 364.629103 864.931955
1 543.440909 749.495286
1 379.933560 673.478553
2 416.624934 889.740842
1 439.908619 675.137339
1 547.622355 826.332785
1 602.283826 783.750357
1 612.405382 803.895072
2 438.216852 846.387748
2 423.841638 836.025793
2 409.533653 807.855903
1 422.827151 712.828283
1 353.625235 668.168958
1 559.667002 762.494115
1 597.779399 777.850017
1 584.546660 772.696059
2 390.189222 857.062396
1 581.625624 842.489615
1 519.581480 801.922520
1 570.189248 797.689450
1 572.644798 812.466426
2 373.295010 809.328858
2 401.494868 828.108506
1 539.466478 756.342443
2 438.293911 825.186450
2 448.651253 801.742808
1 547.811718 805.765463
1 494.981529 731.263999
1 635.144234 832.782197
1 513.226513 872.258622
1 349.273218 691.590153
1 408.103680 673.584046
1 611.885402 779.586974
1 635.619617 797.334637
1 376.792968 691.770417
1 570.764161 854.225688
1 459.461638 670.896322
1 553.344103 809.140000
1 561.015251 769.091975
1 406.381972 685.937845
2 390.010319 831.115381
1 596.802042 831.488654
1 367.302394 699.749699
1 564.921851 825.803338
2 405.163363 777.628193
1 505.469570 771.413636
1 388.833128 707.617100
1 530.038325 807.083971
1 385.383858 701.354721
1 573.164356 839.485644
2 380.063429 827.731108
1 401.651118 668.460396
1 609.408939 860.811398
1 538.084645 845.732043
2 462.505351 821.556502
2 375.875413 833.091783
2 349.281223 882.019634
1 644.754872 825.288583
2 452.777693 803.855610
2 405.610635 816.130931
1 555.372716 860.742647
2 405.836597 867.232484
2 451.041676 801.591032
1 559.209494 807.582397
1 588.080199 786.175840
1 622.872456 849.506338
2 382.639592 849.733811
1 599.622374 815.372843
1 553.979698 763.574765
2 379.695969 808.527450
1 576.731468 810.670462
1 586.301715 806.204598
1 373.772777 693.755145
1 583.116744 782.265978
2 379.196231 844.489908
1 442.157706 672.131073
2 451.479859 805.508975
1 576.433874 799.541420
2 338.475648 808.173537
1 530.902841 786.598381
1 579.840941 794.498142
1 550.755517 793.551983
1 490.634309 720.186666
2 420.143259 832.544988
1 574.453801 835.180662
2 370.002235 807.976346
2 444.938318 822.407714
2 395.357228 793.124297
1 477.456242 677.548041
2 376.569409 784.776021
2 399.323068 743.769993
2 390.786741 888.239626
2 416.761066 817.936684
1 447.187817 691.628430
1 397.888982 684.199527
2 360.168597 763.047681
1 610.818916 777.619105
2 363.657707 830.237280
1 542.758029 779.942031
2 419.881676 804.467292
2 390.857995 808.194872
2 429.567800 815.513329
1 356.446390 680.862168
1 393.436974 691.051089
2 394.442589 808.548185
1 568.628396 809.812977
1 356.668397 702.941496
1 353.916029 692.714665
2 424.320456 832.589145
2 374.252097 858.256038
1 623.977573 777.153404
1 635.002213 824.904012
1 527.624147 764.251365
1 556.947992 846.578253
2 398.128646 802.000803
1 592.713833 795.352657
1 558.006133 755.116358
1 545.902529 837.164681
1 563.307177 816.796904
2 425.943783 824.621268
1 372.864183 696.251184
2 387.923884 837.845717
2 429.834921 821.368183
2 413.951352 819.613227
1 564.529843 791.385373
1 618.347707 795.540892
2 404.443854 802.346083
1 626.292103 751.312541
1 552.798187 852.967201
1 464.712686 689.223729
1 451.432295 682.485846
2 474.408235 766.869215
1 601.492611 795.957143
1 396.357051 683.203223
1 573.272855 839.101433
2 440.868859 797.800296
1 565.670807 815.058720
2 394.351973 772.191300
1 418.787728 688.489975
2 344.780373 921.735650
1 372.393122 680.588505
1 374.808973 683.621568
1 446.169916 704.464979
1 370.491725 676.235105
1 623.771932 833.662433
1 606.307691 750.698066
2 395.387661 864.968452
1 659.109260 796.959634
2 384.853913 797.803078
2 394.508972 806.676330
1 594.399398 823.645044
1 561.041073 807.485128
1 549.735954 816.471817
2 375.293261 869.163099
2 444.979003 864.491605
2 400.642259 818.277683
1 525.378080 837.517467
2 394.839046 812.856416
2 345.062809 821.604904
1 518.004815 859.284918
1 565.905179 818.724892
1 507.337037 833.164711
1 578.663358 791.054953
1 379.093443 684.172696
1 359.147815 687.317312
1 574.980957 808.870864
1 549.563378 854.728364
1 511.229562 810.991269
1 604.274273 806.879909
1 360.931918 686.420019
1 666.599852 827.483818
1 636.750744 756.239526
1 518.528405 783.063278
2 436.839456 775.336653
2 504.768432 770.754787
2 429.451567 874.388931
1 636.965329 747.272464
1 551.376831 739.008936
1 377.437359 666.924721
1 630.823538 875.013675
1 607.317177 724.341825
2 394.609867 833.434826
2 368.687944 865.930787
1 335.236542 693.820316
1 416.794487 707.162732
1 589.814660 821.873648
1 546.010569 775.697847
1 447.738133 735.205856
2 441.638012 805.299161
1 556.465764 797.650305
1 350.293770 691.276284
2 370.290071 790.583330
2 352.346757 754.707807
2 454.400820 814.615364
1 560.507746 787.847144
1 608.138469 760.133639
1 373.033091 689.342337
2 454.181121 823.326737
2 379.431702 756.154528
2 407.600470 860.393284
1 365.445606 674.651035
2 362.074759 819.512721
1 628.352404 808.260625
2 410.211662 785.376701
2 413.150281 871.144314
1 561.507913 841.184246
1 596.471146 804.707242
1 416.948206 671.144223
1 567.228219 818.634444
1 585.991796 823.649550
1 545.956981 734.686902
1 421.820257 701.556288
1 394.490093 671.750211
1 452.970254 706.242980
1 547.388296 817.377136
1 522.898952 746.346444
1 356.657175 678.991593
1 528.080187 806.775642
2 405.055763 808.401357
1 577.161000 766.896087
2 422.193328 805.613712
2 416.280439 850.782505
1 414.196101 685.805477
1 562.939908 823.143352
2 450.817340 763.826968
1 392.955023 726.270909
1 523.246316 758.251391
1 640.735384 746.325799
2 368.704936 794.324319
1 506.230686 836.879874
1 565.266495 851.354810
1 544.577718 814.273268
1 544.519356 837.445461
1 493.911996 751.450134
1 516.174031 832.230892
1 436.675104 691.498397
1 597.159385 761.189254
1 533.599676 777.711692
1 555.109496 743.837618
1 526.638433 794.323470
1 535.488172 737.715612
2 366.209336 830.733349
1 375.827688 678.092983
1 345.954011 693.547510
1 523.619719 789.093837
1 569.651789 785.591348
1 362.272322 692.249268
2 375.383477 866.581311
2 413.388375 846.993088
1 623.411390 847.754149
2 375.352245 787.821282
1 342.816769 667.302920
1 410.385177 730.782101
1 604.686959 794.503176
1 486.543550 909.484190
1 536.616666 842.734473
1 510.714195 775.414831
2 399.403196 818.115546
1 532.728395 772.825655
1 553.805327 790.509199
1 511.142215 775.416926
1 645.371809 822.592397
1 370.083932 727.844507
1 528.410388 763.880278
2 385.182911 795.297939
2 369.402577 849.479504
2 392.759800 819.472839
1 537.645739 781.475757
1 386.493247 672.889205
1 428.840735 667.937979
1 358.745380 674.083854
1 596.821077 826.225166
1 574.481116 807.140944
1 491.156256 710.345426
1 417.043339 681.004474
2 463.735283 803.262774
2 371.407315 872.159362
1 478.213936 705.225984
1 382.918951 682.738016
1 424.359806 781.258694
1 558.774079 778.002599
1 535.006491 824.951630
2 495.607834 811.403321
1 561.520335 787.343054
2 398.529051 872.370278
1 543.060570 803.259831
1 502.679031 797.119013
1 364.505547 683.429914
2 522.539866 774.833981
1 559.156296 784.048110
2 435.902131 764.203951
1 366.229274 683.764400
1 519.060872 782.379910
1 394.090137 672.815223
1 577.241382 773.805973
1 347.932593 691.561315
1 460.855474 669.896800
1 509.457345 772.225625
1 509.103914 880.543264
2 384.645214 848.085409
1 384.086137 684.040830
1 533.598208 805.931970
1 490.168905 787.820541
2 343.739260 787.545677
1 370.539114 693.260525
1 540.953398 771.028563
1 373.614358 697.169573
1 553.899640 803.866297
2 417.703037 826.625055
2 401.170458 852.479767
2 468.710280 835.631743
1 452.613557 672.314805
1 557.118047 845.724776
1 371.554376 707.632417
1 620.171380 768.274404
2 366.167758 824.772123
1 390.510428 683.289644
1 560.822734 784.811768
1 541.270997 782.067165
1 658.642577 804.491304
1 518.627549 809.270682
1 450.493288 765.492650
1 425.359888 678.867818
2 406.701930 762.964117
2 430.147162 774.120175
1 382.733567 727.806094
2 385.167084 869.482285
1 376.872035 712.500181
1 545.836226 795.659270
1 397.841539 711.318239
2 431.925438 849.050841
1 373.973333 668.259945
1 600.306594 821.983300
1 607.224327 772.472729
2 524.803717 817.262960
1 376.772910 724.580826
2 473.814222 869.378205
1 575.640990 818.459234
1 502.371271 721.265246
1 416.951644 690.892526
2 412.034428 854.958771
2 437.007153 866.634409
2 396.812901 767.649489
1 584.746091 821.004101
1 607.448302 775.872743
1 388.381026 701.903767
1 556.209000 782.679829
1 541.671476 771.877395
1 536.868844 831.092728
1 430.543905 669.540186
1 644.485888 828.903308
1 605.435540 786.183873
1 362.535798 669.918651
2 394.587829 779.298763
1 553.260366 764.782954
2 438.323468 734.104552
1 388.609179 710.281105
2 452.031541 861.993098
1 532.519602 798.394613
1 534.581407 823.925942
2 439.607740 871.831911
1 388.683334 679.250447
2 491.027657 896.590810
1 397.505698 675.923767
1 586.926528 826.649313
1 594.143502 799.309833
1 549.845098 777.285002
2 432.345811 802.241190
1 476.117968 803.665269
1 502.395350 761.725393
2 419.115263 806.871084
1 409.738805 698.855238
2 409.271356 767.952300
2 339.790276 833.160648
2 351.336184 891.248773
2 349.545083 839.442257
2 408.091537 831.247081
2 384.847804 780.325544
1 596.921821 843.446844
1 516.047841 852.496254
2 407.859196 805.729033
2 418.501239 850.363080
1 546.877546 763.626242
1 449.233188 702.596003
2 431.664754 865.002312
1 576.821752 785.867662
1 390.531409 698.839920
2 406.144353 769.668390
1 523.336089 808.186315
2 384.864000 892.211696
1 474.181013 759.035643
2 425.609386 836.814316
1 537.768276 739.206656
1 377.296643 698.278852
1 345.095222 738.737675
1 495.934961 826.069694
2 442.798904 880.105916
1 581.487907 771.560509
2 410.819458 756.410684
1 552.067213 813.433447
2 424.186499 838.825842
1 641.498451 864.083214
1 534.605881 818.933816
1 343.374243 699.045271
1 655.992646 765.871003
2 384.621626 793.138521
1 502.512673 669.688586
1 573.553194 773.312140
2 403.698763 821.221054
1 415.146078 728.241200
1 641.175451 775.531649
2 386.205754 757.296338
1 423.422001 679.014659
1 406.761615 706.081236
1 380.832496 672.152032
1 561.441759 819.923265
1 410.424105 668.306047
1 505.131246 819.368050
1 415.887344 688.546111
2 470.175840 811.793829
1 601.747896 824.157483
1 571.414414 823.258660
2 401.744044 848.038009
1 571.143438 812.675193
1 528.125974 781.354348
1 394.491382 667.256612
1 384.251293 689.903970
1 572.297072 733.464131
1 523.381266 815.128330
2 386.963713 835.068338
2 366.123190 917.575018
2 391.611730 830.470075
1 563.655940 790.515828
1 591.508121 815.989083
2 370.210384 813.925912
2 438.249290 826.681084
1 643.210232 796.492178
1 542.932182 803.606900
2 403.322628 810.931472
1 606.686412 743.231659
1 632.266123 856.980486
2 368.771927 851.023629
1 423.360054 689.100564
1 434.481866 699.775928
2 414.155406 856.400981
1 341.246069 689.099528
1 428.883304 675.723445
1 413.609259 690.137778
2 389.909666 743.449358
1 572.955396 793.261275
2 386.513071 780.299673
1 553.274072 829.050753
1 574.851776 809.367978
2 389.058520 806.380503
1 554.627517 825.394188
1 383.323819 667.193662
2 419.287116 838.731118
2 339.623101 813.826093
2 384.623084 743.057307
1 633.182173 825.182897
1 551.553596 808.013393
1 564.614985 756.756214
1 598.882675 782.133613
2 399.734573 819.149451
1 404.286922 670.326803
1 521.915040 850.927058
1 615.530161 724.932365
1 497.997115 762.520755
2 403.233542 835.534575
1 492.669343 809.533623
2 430.054733 825.292181
2 402.441186 807.988643
2 446.319696 874.158098
1 519.644831 890.000159
2 418.448364 786.200155
2 430.517438 849.156983
1 609.550178 810.104258
1 487.835470 719.994376
1 405.611931 668.338650
1 459.550183 685.057241
1 401.035197 710.050499
1 385.520869 758.702305
2 405.588319 815.128369
1 545.493742 762.933573
1 653.045291 816.216762
1 360.473488 672.597084
1 414.761065 676.085180
2 389.373434 755.737346
2 392.555726 860.336899
1 605.016923 847.921097
2 400.774939 813.539446
2 379.474276 811.009326
1 366.451850 683.688691
1 537.153774 748.552878
1 616.048729 819.433852
1 345.130507 682.125444
2 399.866233 835.016664
1 561.343147 769.732630
1 568.396736 800.907937
1 397.870388 678.592380
1 525.667870 754.110626
1 544.368022 795.845039
2 475.714377 768.704309
1 403.709907 680.894745
1 555.809606 803.743399
1 523.868591 841.013104
1 373.531101 673.097667
1 372.336682 703.845094
2 547.197002 855.039852
2 421.532057 804.387878
1 559.212488 819.572609
2 468.863615 822.252608
2 429.227836 800.085055
2 464.289837 769.809268
1 335.967664 705.032092
1 573.531536 800.044904
2 430.433631 745.447378
1 588.225110 725.459359
1 550.989546 855.655144
1 396.580551 747.176519
1 498.103921 708.839650
2 395.714315 763.558712
1 385.665122 706.094887
1 495.304860 722.854936
1 625.723427 843.614193
1 386.549635 675.783144
1 578.587878 814.128900
2 421.370610 884.049797
1 459.235041 680.760919
1 618.513462 796.343190
1 645.203081 761.384357
1 554.167980 761.813308
2 455.882534 873.696083
1 555.098058 786.017194
1 537.584171 822.507767
1 415.670896 678.520690
1 410.880322 709.954524
1 565.826751 817.403769
1 569.940884 852.771065
1 552.396134 792.523418
2 404.819109 760.535112
2 343.777271 807.797821
1 419.343178 695.461050
2 402.734803 815.249643
1 653.515374 785.300030
1 551.129701 789.571788
1 406.804349 667.369938
1 536.120391 733.011966
1 552.410322 724.514093
2 386.515902 752.289127
1 582.326083 793.644810
1 584.061755 736.251741
1 391.192505 753.505104
1 393.669620 686.291779
1 527.614729 794.589882
1 585.308817 898.002908
1 562.171762 810.364065
1 392.873354 749.851271
1 634.942655 817.148430
1 407.253576 696.328102
1 547.437422 833.386809
1 609.887909 751.184126
2 448.298983 699.594784
1 446.783358 679.253413
1 822.570945 295.209373
1 796.388864 306.657840
1 829.830806 294.046739
1 821.918281 286.535242
1 819.562622 309.232983
1 839.125300 303.166866
1 823.478148 298.508401
1 818.087407 302.558102
1 815.426318 276.391480
1 825.283169 296.602609
1 820.312877 300.045297
1 804.173060 292.202385
1 820.927539 293.228590
1 822.934482 292.983958
1 828.970412 303.746897
1 815.418058 296.885520
1 819.024018 294.624643
1 831.099042 306.238499
1 818.992631 313.060734
1 819.454788 297.964086
1 839.922837 300.968418
1 814.952164 321.010370
1 825.252307 296.898763
1 803.852044 302.353583
1 809.983797 301.390875
1 823.426854 290.314283
1 837.694861 287.564907
1 831.735188 292.686087
1 805.251090 281.217554
1 819.206725 279.764840
1 822.409595 321.539671
1 803.484546 312.865743
1 821.588987 277.873229
1 817.297562 303.155753
1 826.184956 286.264424
1 810.316735 281.568877
1 871.442746 316.587088
1 797.165655 275.308071
1 824.260696 310.888085
1 851.292783 265.407656
1 791.790567 313.384412
1 761.768870 326.423651
1 802.030571 269.750680
1 811.194590 300.540784
1 841.743648 300.346965
1 891.838524 244.760333
1 820.726099 270.408007
1 842.005347 319.022742
1 848.088019 283.709238
1 789.579544 315.944904
1 830.753090 309.774264
1 825.719660 307.746755
1 813.715335 328.650139
1 857.692153 303.038975
1 768.497506 299.803309
1 808.328297 314.806970
1 797.867210 307.562418
1 936.641311 226.112537
1 810.370871 270.160696
1 843.878585 286.913192
1 780.163125 276.531364
1 792.307722 300.251642
1 823.054089 294.185459
1 805.215412 266.252234
1 873.155272 261.973906
1 774.733559 302.424936
1 794.414857 318.633207
1 813.772945 250.270797
1 910.556872 211.152434
1 874.344771 301.209855
1 826.225587 284.413799
1 792.164404 290.088674
1 829.432844 322.789701
1 854.561657 292.530695
1 812.720893 303.057635
1 792.943592 296.994521
1 846.099580 316.947331
1 864.212606 260.228777
1 813.048279 327.853344
1 835.773984 318.809842
1 795.014083 278.953622
1 854.359164 285.253801
1 784.042756 285.673739
1 759.811469 318.010751
1 876.394543 275.595173
1 801.629854 279.282190
1 818.715978 250.804734
1 828.146060 322.089612
1 791.035268 310.366739
1 854.369472 330.953493
1 818.488752 274.855524
1 816.999379 278.505398
1 839.231263 256.432093
1 822.174113 272.401901
1 834.901769 239.249872
1 781.610189 242.718355
1 821.622561 276.348567
1 830.706975 257.989463
1 748.760829 255.297794
1 900.387134 265.550159
1 809.103458 279.948476
1 882.928457 292.563212
1 802.304229 281.834484
1 786.348587 331.487203
1 857.540256 324.160045
1 848.743720 304.218805
1 870.989396 258.346201
1 858.411824 329.583929
1 757.179440 300.777833
1 883.992971 304.984101
1 830.637365 326.674567
1 844.986883 274.363248
1 783.805489 219.848881
1 767.107356 297.028367
1 762.183080 301.249634
1 860.866685 276.412429
1 913.288612 194.257389
1 841.020288 283.694651
1 809.992573 320.278670
1 771.774537 256.490644
1 751.570850 331.668964
1 806.243344 262.834604
1 801.520927 321.392271
1 829.233069 278.191893
2 846.066883 625.840064
2 851.954105 627.968782
2 854.026035 648.220403
2 839.991632 615.530566
2 853.077069 632.163393
2 841.955730 613.519406
2 866.584727 624.813974
2 852.416090 642.763955
2 837.016986 614.694498
2 840.738615 643.357703
2 843.478089 641.697435
2 859.753973 642.335668
2 853.881323 619.546542
2 850.632442 625.157595
2 853.359522 611.015333
2 850.418268 615.658842
2 858.067359 619.559308
2 850.318600 639.521488
2 835.521914 631.914579
2 850.077215 631.957816
2 856.027421 643.177058
2 852.373098 634.690302
2 836.293860 616.051164
2 853.265255 626.674026
2 848.812040 628.612968
2 854.054095 633.278565
2 849.995893 630.763458
2 846.559716 642.299393
2 855.763583 644.513919
2 850.444308 630.218780
2 850.868218 630.077384
2 841.498960 633.550477
2 831.691895 631.432495
1 836.698738 334.946404
1 834.618461 358.939361
1 832.073785 359.455709
1 822.427481 333.653480
1 790.398571 341.184499
1 879.975962 337.961381
1 894.481385 346.909355
1 740.558205 355.013747
1 804.439394 340.962551
1 880.948202 344.349760
1 806.271014 335.551871
1 770.910779 342.292858
1 759.240796 343.775705
1 795.430579 335.019184
1 830.214725 339.545809
1 787.639798 361.444154
1 815.893521 338.732010
1 814.808615 345.417165
1 899.540908 335.410500
1 792.554490 341.676043
1 875.873847 395.384036
1 844.430488 371.172786
1 681.881382 810.975681
1 680.256844 775.365991
1 677.773814 755.273213
1 699.659924 779.053999
1 689.088764 836.984507
1 675.736369 749.653121
1 679.026375 806.900531
1 712.525954 820.011257
1 704.850397 753.081144
1 676.008122 750.929566
1 701.233016 765.474850
