1 202.078525 179.315206
1 186.819888 180.064576
1 182.952212 174.534474
1 196.768541 177.505941
1 210.958168 179.125455
1 211.836927 174.842533
1 203.527437 163.832954
1 193.067098 161.343859
1 199.534577 179.521387
1 209.442568 186.467994
1 180.724814 194.967207
1 193.107182 173.501593
1 216.060535 192.472274
1 198.853969 176.148251
1 192.250519 197.907028
1 194.037276 181.435106
1 199.799649 178.648621
1 181.725132 173.312320
1 183.153069 197.091140
1 188.637822 183.889312
1 189.229870 181.374885
1 199.026631 174.339036
1 190.123317 178.772194
1 199.410362 165.275356
1 200.678000 184.928028
1 178.902086 190.791062
1 210.518514 165.218820
1 201.121318 185.842062
1 198.505473 182.127880
1 182.344040 172.955946
1 203.281993 182.508794
1 209.131122 169.530986
1 205.148379 156.622375
1 203.190361 193.766879
1 201.587909 182.185522
1 210.067252 172.806962
1 182.250848 155.000222
1 183.179176 197.542883
1 242.211928 203.928391
1 187.576680 226.151252
1 147.803034 195.828018
1 225.705182 200.569798
1 195.066620 150.432695
1 190.271449 217.969055
1 201.801315 78.775367
1 181.078555 158.938336
1 171.438890 218.296027
1 225.335674 147.200939
1 210.783721 177.724907
1 228.857815 168.842648
1 214.187715 191.242431
1 222.960154 164.598394
1 176.363275 165.991061
1 177.166730 219.826107
1 208.675928 199.023651
1 189.634499 206.578648
1 181.480698 185.150309
1 158.526737 192.350896
1 166.881646 146.838592
1 258.786241 168.419541
1 173.820857 220.050166
1 242.737918 171.719818
1 212.576041 184.731020
1 184.270301 185.493490
1 150.418231 224.470040
1 217.093016 131.237344
1 218.637099 103.183958
1 194.705556 156.958109
1 194.276386 171.733648
1 164.965616 209.168662
1 227.205408 187.632721
1 208.286641 185.650386
1 245.776178 194.748749
1 233.547333 189.586955
1 220.306389 170.394795
1 154.429338 192.189168
1 230.428779 170.428031
1 192.146651 196.550464
2 59.664177 453.414726
2 50.576305 436.787278
2 58.482343 434.984402
2 51.425367 440.837784
2 43.175214 434.119097
2 58.804816 428.815023
2 63.347146 425.863559
2 60.732494 408.726670
2 72.406240 438.663397
2 68.614963 418.307461
2 78.024736 442.886722
2 67.604440 409.186050
2 50.591738 412.758446
2 64.626408 427.958435
2 74.532559 427.224107
2 45.398665 416.726962
2 64.811656 413.906890
2 39.766784 432.656259
2 54.629899 427.696813
2 39.445893 422.065107
2 64.010856 425.553187
2 59.602518 430.313672
2 80.182577 438.192942
2 70.931752 442.930283
2 61.246465 421.775181
2 60.792721 428.363508
2 61.668450 429.694248
2 53.810192 419.722364
2 56.705041 425.612133
2 56.175670 411.315359
2 63.494198 428.757342
2 83.436392 431.710276
2 56.345963 431.619136
2 62.089104 430.141319
2 43.408837 443.731623
2 62.548742 428.029501
2 65.727367 424.865274
2 71.831915 415.201987
2 61.552714 420.683760
2 54.176240 408.216230
2 54.332525 422.651007
2 65.391002 431.691994
2 45.589576 434.050779
2 63.955935 438.324871
2 40.333242 444.457525
2 47.776520 438.419990
2 83.859896 425.730642
2 88.066430 424.156370
2 62.429777 402.843250
2 67.674942 429.871247
1 137.580917 790.113407
1 148.767415 779.060031
1 148.218661 777.629893
1 139.421185 798.342218
1 160.131038 787.909778
1 150.308837 780.140365
1 157.117436 792.632554
1 158.460107 771.246079
1 146.027089 803.146904
1 157.586055 786.824144
1 154.737368 774.207855
1 153.580006 777.188003
1 149.508251 763.863873
1 144.243613 785.552113
1 163.909595 777.338638
1 146.093343 790.984559
1 136.628337 785.524255
1 135.578839 792.133503
1 153.267474 780.133094
1 150.762099 774.299002
1 129.636304 786.653029
1 147.859911 793.014543
1 150.481933 780.709372
1 130.425149 772.329319
1 147.324617 770.897743
1 170.979326 792.811980
1 143.297630 795.898551
1 146.283493 780.222102
1 156.864742 796.891839
1 161.861036 758.807051
1 157.033526 783.322430
1 154.356766 782.354495
1 171.076966 768.126136
1 149.792901 793.426537
1 155.137713 786.289303
1 160.573092 762.600482
1 152.458066 791.099114
1 143.457809 739.994399
1 171.182146 770.510250
1 132.320528 764.666332
1 81.760116 750.980390
1 114.153282 726.428138
1 129.803903 775.653633
1 184.198245 808.721316
1 144.577228 765.377661
1 124.120616 785.860896
1 158.026204 757.566152
1 141.912780 729.590788
1 150.163223 772.006915
1 172.303508 797.987876
1 148.372774 760.744980
1 166.965961 749.293199
1 126.488355 775.951497
1 176.228662 760.869013
1 171.638452 757.243014
1 103.312056 741.899442
1 109.887142 772.751523
1 151.510018 731.906954
1 213.358973 762.994210
1 181.048448 792.861718
1 159.515227 741.358096
1 83.869645 754.611864
1 149.778268 740.550405
1 163.353810 763.576424
1 171.781852 705.572643
1 147.279212 730.702049
1 132.511470 787.579963
1 173.754914 707.728729
1 138.088863 788.839059
1 132.962247 760.530051
1 136.160206 772.885171
1 329.276189 707.034842
1 156.961126 845.070192
1 148.460796 677.855091
1 178.103153 781.507111
1 165.326038 804.405193
1 133.686268 774.217344
1 166.305791 795.226597
1 142.302371 784.108501
1 153.283403 758.585472
1 179.164681 703.489506
1 191.582816 802.629008
2 310.114368 777.461915
1 205.920714 777.014648
1 122.720301 825.482807
1 146.800277 736.282255
1 117.272287 696.222672
1 177.143769 754.941178
1 146.501064 744.172897
1 144.804088 781.541224
1 174.764969 768.131436
1 156.221138 842.337929
1 217.921670 774.797252
1 124.368318 770.305985
1 160.716621 715.077567
1 182.329161 761.683402
1 177.541358 803.315309
1 111.558906 776.555946
1 147.003326 792.934426
1 167.077307 687.553346
1 148.188294 780.594743
1 156.167497 840.465924
1 146.040280 758.112896
1 197.549187 763.815429
1 156.482953 802.208307
1 111.604259 711.231940
1 161.402663 809.831258
2 301.492889 844.514102
1 152.568768 782.146840
1 119.805794 746.193943
1 123.131678 774.984395
1 221.394826 785.321019
1 102.298004 811.173292
1 85.765024 746.948877
1 149.246142 803.786067
1 148.264952 733.019822
1 150.137450 801.912773
1 120.293537 812.255514
1 150.354283 772.880820
1 173.813253 709.722245
1 198.424145 740.227092
1 127.525119 794.212027
2 331.386450 772.264361
1 201.655502 758.352332
2 327.989230 866.762481
1 213.705032 768.759247
1 132.325676 772.351803
2 499.585782 134.991032
2 484.248733 151.095240
2 487.072859 134.072046
2 483.869978 133.688808
2 506.632547 149.885286
2 492.965995 129.845313
2 518.370217 137.655406
2 500.372290 132.347817
2 487.886167 155.139001
2 493.720714 134.765195
2 500.592111 143.538737
2 509.219396 138.393067
2 509.805614 158.859363
2 494.685072 156.280964
2 516.707945 155.811111
2 493.952420 155.236588
2 512.198795 143.865391
2 503.031665 142.810787
2 503.838197 164.691625
2 482.063822 143.746553
2 496.084056 144.129262
2 491.287710 130.238975
2 493.997559 149.054409
2 505.718363 140.086895
2 516.354893 141.664266
2 492.726283 160.391446
2 497.273132 140.416961
2 487.985610 127.781588
2 480.665799 140.519273
2 491.863470 139.404843
2 484.169628 124.939385
2 500.296424 143.208910
2 502.431803 130.208756
2 488.163780 137.309645
2 507.653555 163.648638
2 490.172815 141.775291
2 497.665782 137.406016
2 507.121802 126.362128
2 504.037112 143.205893
2 519.923327 144.451390
2 507.237126 134.154348
2 495.384363 140.921447
2 497.827101 132.321328
2 520.065446 142.572758
2 485.296409 121.877189
2 495.878229 119.440463
2 499.532163 145.276059
2 486.023560 139.868389
1 396.965906 656.429721
1 409.232629 630.668999
1 407.023245 639.978443
1 399.197276 650.149638
1 405.431374 649.333913
1 391.300101 656.779568
1 400.259023 649.944374
1 395.487644 652.575963
1 399.326209 652.158784
1 391.609420 665.205160
1 399.173399 644.191207
1 389.841955 658.005263
1 400.774781 650.308213
1 396.906714 642.965381
1 396.371375 649.914623
1 381.955513 645.056636
1 398.298446 654.480653
1 405.424793 638.575822
1 381.367666 653.613494
1 410.397212 637.327155
1 401.354440 647.757411
1 390.971265 647.465206
1 405.861198 641.062399
1 398.602001 647.378318
1 411.539163 654.654595
1 408.226809 628.395687
1 395.338749 637.154486
1 403.421915 634.225238
1 415.984239 646.909203
1 399.215922 650.971434
1 423.036678 654.281203
2 556.654560 492.168320
2 566.327921 479.929622
2 559.645556 478.749257
2 542.108217 474.036524
2 559.685605 487.433473
2 563.369408 490.282628
2 573.381410 471.477110
2 559.161220 474.688788
2 557.486451 481.565274
2 556.840378 498.166857
2 563.704203 473.647680
2 558.252617 486.808067
2 558.899972 479.781194
2 548.343974 488.373185
2 559.745212 479.979779
2 569.635254 470.297255
2 565.753896 479.453980
2 547.504747 473.173566
2 568.280122 458.401332
2 552.993692 480.154732
2 536.452940 475.645585
2 545.797056 473.774194
2 567.445625 494.042759
2 562.460124 483.713340
2 543.069621 483.761617
2 558.284391 476.821103
2 547.655082 458.294657
2 561.074381 495.485274
2 563.167474 480.654356
2 566.168079 497.857587
2 557.684401 461.115869
2 552.590856 490.349685
2 560.512513 470.929234
2 563.243376 477.289553
2 542.971177 465.114985
2 544.830961 464.668945
2 553.586758 461.895545
2 564.947799 458.268381
2 567.193653 481.763242
2 564.631733 472.059136
2 580.142647 476.366680
2 565.634408 455.665149
2 557.992754 503.939145
2 580.160206 485.271098
2 564.291244 478.719299
2 548.831643 495.501298
2 544.664903 471.243575
2 545.146850 474.591171
1 409.333719 614.719124
2 551.069443 502.313593
1 409.231889 636.116430
1 419.071132 652.324053
1 429.547195 606.380574
1 376.986709 657.911272
1 356.582017 651.493431
1 388.845083 640.427485
1 401.756064 637.154273
2 574.256229 480.360439
1 358.124600 636.760082
1 406.167923 641.092909
1 390.187002 660.262901
1 454.529911 662.680658
1 378.011245 626.540810
2 513.197883 441.470290
1 394.884524 654.753296
1 365.158039 650.108188
1 387.966443 649.267572
1 413.013229 658.773046
1 424.879527 587.718962
1 409.663127 606.177884
1 437.336095 565.110455
2 524.224579 507.595919
2 576.115625 470.583935
1 416.636276 615.240997
1 376.361030 625.826624
1 376.765037 654.290032
2 542.688881 467.068559
1 400.965495 611.285760
1 449.414911 617.224969
1 407.418584 660.496040
1 383.671016 638.976682
1 429.252843 656.632305
1 423.114842 630.448028
2 536.076483 486.114839
1 369.836711 639.481633
1 374.743420 589.488473
1 366.963229 650.473143
1 397.071913 649.809048
1 397.551705 652.973676
1 363.186191 607.291554
1 386.998768 625.873948
1 402.092836 592.913528
1 383.129715 649.360776
1 413.135838 653.137263
1 422.797000 641.601140
1 374.609326 645.538306
1 416.857277 644.032569
1 376.069373 633.820053
1 422.947510 636.473494
1 386.006005 663.444583
1 376.062573 596.271090
1 363.854118 663.150455
1 384.520858 658.209969
1 400.743823 607.664520
1 446.980054 580.141913
1 403.413156 634.088804
2 535.665221 455.438702
1 420.885137 638.476139
1 397.803294 655.237413
1 426.896182 653.104643
1 412.677606 614.007311
1 392.114856 668.457714
1 394.954126 674.308099
1 410.850476 670.035768
1 395.577588 668.116983
1 575.661683 787.109299
1 554.016372 799.904415
1 581.751516 787.336215
1 566.340280 801.260464
1 570.123937 800.021367
1 591.474880 793.367133
1 583.242380 791.272099
1 552.745377 812.852118
1 564.153244 803.367135
1 566.634687 799.764181
1 569.401358 802.703440
1 581.768991 798.964816
1 572.759855 799.243772
1 577.898006 790.170492
1 573.053080 813.579015
1 584.509425 787.087501
1 572.145453 786.877142
1 555.463841 818.504065
1 589.863390 791.962140
1 560.629967 802.699365
1 572.362892 786.040284
1 569.348468 803.664456
1 554.189676 788.492689
1 553.812317 802.677720
1 566.122417 793.535738
1 556.450136 801.912863
1 558.457108 801.771453
1 553.909713 813.565870
1 551.165307 798.782531
1 588.384833 811.338194
1 564.321143 806.739449
1 563.309108 788.919077
1 578.038975 812.878854
1 570.841369 788.925269
1 569.494965 799.816144
1 577.269699 796.321275
2 402.161750 844.896420
2 378.960659 833.429814
2 411.442228 835.670410
2 409.237313 811.380150
2 399.890100 830.041025
2 387.390942 851.011779
2 400.025746 809.960347
2 405.207302 850.738799
2 397.114311 827.173351
2 397.580039 831.068220
2 401.636197 813.259206
2 401.312932 830.117661
2 387.290173 814.781166
2 402.382769 830.642689
2 397.509522 816.278095
2 411.152661 844.794265
2 395.711069 837.208026
2 390.150597 825.066402
2 399.501159 818.059710
2 398.257724 839.003859
2 376.583223 838.678080
2 382.307555 837.874612
2 416.083383 812.282884
2 385.918454 817.639902
2 412.266138 813.407596
2 399.456228 830.895849
2 413.065501 846.807698
2 415.642324 835.764118
2 408.008256 824.890422
2 390.094158 829.951194
2 398.878255 849.165779
2 401.366324 848.649844
2 401.175089 840.522349
2 399.819838 837.191383
2 405.832256 845.406995
2 402.179150 831.091748
2 405.133892 836.167852
2 418.329704 828.496631
2 400.384027 826.575821
2 402.664223 816.254259
2 404.526549 830.470441
2 402.357607 815.581699
2 393.088402 831.176945
2 397.917414 854.296024
2 388.306593 841.258806
2 382.629465 844.753000
2 399.896913 823.705806
1 573.316330 809.860186
1 513.943339 778.217137
1 628.253924 795.146821
1 582.477709 818.564581
2 378.691684 841.331390
1 532.850576 775.857678
1 583.974244 792.157694
2 391.875089 815.867653
1 544.189595 800.321677
2 385.803675 850.968441
2 361.779552 820.526800
1 581.901977 798.268625
2 366.083275 803.537675
2 387.841731 838.545112
1 356.867327 710.292826
2 365.640005 837.641815
2 396.350149 828.929219
2 431.570166 797.370404
1 611.641779 791.980722
1 522.745657 852.734048
1 565.566095 773.834026
1 587.652297 797.836529
1 591.769057 832.115914
2 349.525618 846.393519
1 592.535365 799.648899
2 391.086487 856.246653
1 535.521191 869.190594
1 611.059612 787.876121
2 392.781010 857.813806
1 563.009764 784.578002
1 573.883761 821.528546
1 381.986805 688.631639
1 396.172591 670.840586
2 442.435491 804.945275
2 457.761988 804.372106
1 378.641302 670.733808
2 389.821275 776.640368
1 537.049789 743.735157
2 342.079560 818.125869
1 359.695718 741.362965
2 411.032796 891.084819
1 542.715256 772.711919
1 586.393257 778.709294
1 374.633235 687.973963
2 417.778252 815.708619
1 607.632957 831.413810
1 440.445546 689.140919
2 428.958600 836.271082
2 374.723285 802.847603
2 355.448359 822.815907
1 412.924629 683.771509
2 411.263117 878.844773
1 399.363634 667.661044
1 624.971263 781.451309
1 373.310883 678.403593
1 536.224946 805.107206
2 342.094899 815.147814
1 407.840560 699.429177
1 587.507972 789.383925
1 539.552125 809.540906
2 348.871619 861.420848
1 583.707914 795.173351
1 554.479561 761.080251
1 352.118894 686.605167
2 397.755837 860.748339
1 529.631072 870.637812
1 587.320796 805.657616
1 513.290167 725.192898
1 596.791929 781.781684
1 514.569494 868.407276
2 416.460066 893.059153
2 374.166958 791.183010
1 567.542679 801.016501
2 400.662021 846.109117
1 611.062195 829.637140
1 396.820493 692.185846
1 564.457069 811.461615
1 630.765382 779.781454
2 421.850239 819.204033
1 366.875562 718.020759
1 398.386996 685.955504
2 385.281698 823.667328
2 387.808327 859.507021
1 585.456101 831.196692
1 425.991617 684.890720
1 404.528210 673.519407
2 387.830632 795.906520
1 545.237384 783.426296
1 559.478453 842.882360
1 485.351836 752.236492
1 463.108740 714.159367
1 517.857871 805.741557
1 525.268692 793.972926
1 543.262020 841.681544
1 571.758663 828.379664
2 417.210804 798.981697
1 546.519308 838.440922
1 540.624645 766.006803
1 596.144657 832.211328
1 366.335171 679.942739
1 568.842997 751.069319
2 387.743553 818.890045
1 594.742558 823.472911
2 389.298588 851.431945
1 482.191868 802.746285
2 390.109814 832.163828
2 403.299550 807.185101
1 527.994964 877.850132
2 356.338935 856.049843
1 358.098446 675.637491
1 493.759055 802.262071
1 361.254977 739.002403
1 363.772903 680.679987
2 387.695210 839.709191
1 381.542239 681.110905
2 376.069947 774.918796
1 386.113717 682.716053
1 432.809805 668.720825
1 421.585428 686.200905
2 401.109153 858.364975
1 524.486248 817.100986
2 398.803115 831.995608
1 593.172437 803.109017
1 505.050833 717.045940
2 414.183798 813.792009
2 469.184612 798.520181
2 348.568768 842.377127
2 352.799125 830.344239
1 434.929555 695.323928
1 571.797645 807.047592
2 403.849592 908.983892
1 407.840560 699.429177
1 538.892903 761.828306
1 415.958789 677.835204
1 368.529559 698.891723
1 542.700189 747.466815
1 440.005505 684.732975
1 493.910062 794.197453
1 622.115329 799.762225
2 443.564641 847.913934
2 397.021916 817.042745
1 449.368355 688.405623
2 362.438992 844.097003
1 538.512890 804.464007
2 396.521041 824.279582
1 392.270958 722.871246
1 504.379126 806.958168
2 459.538553 767.796820
1 563.433289 760.892393
1 561.611768 757.220956
2 397.395584 856.890796
2 405.843419 864.393199
1 549.939100 813.713771
1 796.388864 306.657840
1 821.036917 304.551643
1 829.830806 294.046739
1 821.918281 286.535242
1 819.703925 311.468283
1 819.562622 309.232983
1 823.128751 297.453261
1 816.029020 288.743721
1 823.478148 298.508401
1 815.426318 276.391480
1 825.283169 296.602609
1 820.312877 300.045297
1 820.927539 293.228590
1 822.934482 292.983958
1 828.970412 303.746897
1 815.418058 296.885520
1 819.024018 294.624643
1 831.099042 306.238499
1 818.992631 313.060734
1 819.454788 297.964086
1 814.089782 286.227806
1 814.952164 321.010370
1 825.252307 296.898763
1 803.852044 302.353583
1 823.426854 290.314283
1 799.510615 313.051670
1 834.640377 300.015460
1 822.409595 321.539671
1 803.484546 312.865743
1 821.588987 277.873229
1 817.297562 303.155753
1 814.325253 299.945888
1 815.975149 275.112964
1 790.129703 290.189054
1 853.373858 270.411737
1 810.209678 273.635209
1 808.157828 312.781196
1 802.247537 293.994753
1 809.489042 286.899421
1 837.882036 246.945656
1 820.516837 265.532831
1 825.613531 245.624904
1 816.508576 327.576413
1 813.832472 288.747866
1 833.010342 272.442697
1 814.040692 275.361926
1 816.599341 309.845455
1 820.831296 288.489825
1 849.330012 262.842146
1 830.108957 272.123779
1 802.154185 217.039694
1 826.398465 328.756359
1 823.102422 290.114598
1 818.234769 304.782697
1 819.590139 307.705874
1 771.534543 233.633263
1 850.389841 296.737536
1 837.366060 255.977928
1 792.682013 311.401447
1 828.313697 296.651001
1 848.501563 328.061123
1 792.673004 242.648970
1 821.382633 282.990772
1 845.732541 314.518287
1 833.863167 329.087283
1 818.930557 309.053361
1 808.395666 268.406595
1 763.636691 296.685782
1 779.802924 319.631000
1 860.684341 282.519212
1 831.647726 248.198342
1 841.536482 270.679941
1 803.011265 292.100999
1 764.179326 314.492866
1 769.987102 278.485056
1 832.793365 286.298989
1 811.035654 288.686956
1 824.821538 300.416930
1 763.479050 177.037748
1 835.140364 279.294237
1 833.726101 292.381515
1 809.243319 294.422430
1 826.912677 276.538511
1 843.780869 304.707030
1 753.152718 249.274416
1 829.709742 327.109779
1 851.565264 286.995022
1 846.608805 272.054283
2 840.676232 608.621616
2 852.475574 633.410839
2 846.066883 625.840064
2 851.954105 627.968782
2 854.026035 648.220403
2 839.991632 615.530566
2 853.077069 632.163393
2 838.369887 634.561641
2 841.955730 613.519406
2 866.584727 624.813974
2 828.963805 622.449259
2 852.416090 642.763955
2 837.016986 614.694498
2 840.738615 643.357703
2 843.478089 641.697435
2 838.721206 644.038280
2 863.400528 639.149061
2 859.753973 642.335668
2 837.233535 635.162835
2 853.881323 619.546542
2 850.632442 625.157595
2 853.359522 611.015333
2 850.418268 615.658842
2 858.067359 619.559308
2 857.351504 643.163369
2 850.318600 639.521488
2 835.521914 631.914579
2 831.556330 614.604932
2 850.077215 631.957816
2 856.027421 643.177058
2 852.373098 634.690302
2 851.245743 630.290808
2 836.293860 616.051164
2 837.884820 636.400251
2 853.265255 626.674026
2 848.812040 628.612968
2 854.054095 633.278565
2 849.995893 630.763458
2 846.559716 642.299393
2 834.979246 636.262926
2 855.763583 644.513919
2 852.717873 632.804110
2 842.090755 638.151091
2 850.444308 630.218780
2 850.868218 630.077384
2 841.498960 633.550477
2 831.691895 631.432495
1 813.332069 357.705131
1 869.161870 340.801746
1 724.232936 382.362541
1 722.502501 336.210826
1 837.636075 336.764618
1 764.052453 391.487131
