1 199.269705 173.437265
1 210.114308 186.948301
1 205.196307 190.114481
1 201.889364 166.244283
1 200.028815 178.904122
1 188.380839 167.329228
1 212.278736 161.253949
1 212.483211 172.490510
1 195.050289 171.076614
1 179.145205 192.423152
1 203.705688 176.662764
1 220.372450 167.082820
1 208.432975 176.476157
1 190.286978 163.249754
1 191.860712 185.192797
1 199.578806 182.418145
1 186.174945 200.079040
1 180.475691 186.882647
1 204.553109 188.063940
1 220.977149 175.115079
1 196.939850 198.505773
1 199.999612 180.015226
1 196.346362 175.409721
1 193.785615 175.874331
1 201.650211 166.035300
1 182.203108 183.478241
1 198.891638 173.225857
1 180.544847 186.930235
1 186.504118 179.103378
1 180.106523 173.681083
1 212.387992 187.255458
1 212.946587 178.048028
1 209.544623 167.571960
1 181.902077 174.280506
1 205.334414 178.161422
1 212.620355 185.058393
1 188.913952 189.585743
1 204.101071 172.079548
1 179.717881 187.837870
1 207.066242 193.777773
1 214.856571 170.711981
1 202.955266 172.699582
1 184.536981 177.049929
1 184.258736 186.863044
1 194.252804 187.623283
1 201.516642 175.161366
1 221.555916 184.444234
1 204.039642 182.773306
1 209.057956 178.535843
1 198.418725 169.288476
2 147.719864 139.178096
2 293.914801 136.273860
2 171.706898 110.554810
2 245.197685 60.614106
2 294.372177 189.389279
2 247.747488 300.629079
2 123.511157 300.565481
2 304.332227 62.381701
2 318.756259 57.705115
2 240.868928 171.431778
2 158.408097 123.982872
2 238.095347 173.144910
2 6.988644 146.061295
2 317.447416 179.969107
2 89.577762 289.336909
2 225.903249 289.597707
2 18.138077 109.929903
2 3.136457 219.714821
2 129.998060 280.385958
2 198.110545 10.437739
2 246.814734 268.601933
2 31.140934 115.490686
2 265.037625 240.178044
2 114.672760 10.294318
2 140.521718 239.398896
2 24.569977 251.627972
2 87.105782 18.602916
2 203.383335 10.801702
1 250.182183 188.952688
1 214.400010 180.454189
1 216.813268 163.649238
2 197.792229 95.139022
2 159.279022 131.715235
1 186.332401 215.656531
2 144.764265 168.868438
2 134.559225 159.839700
2 176.713711 132.717842
1 221.555627 148.685748
1 154.763704 160.646718
2 189.129453 62.948927
1 184.228658 205.670320
1 195.838708 164.393415
1 225.480493 226.971838
2 255.728554 254.812374
1 165.392418 215.978139
2 178.187858 51.452017
1 181.896635 182.749633
1 200.174721 184.594860
1 222.942559 176.827457
2 29.595611 290.795921
1 187.810640 157.272303
1 246.330661 212.218459
2 217.637672 128.773183
1 217.321716 182.501325
2 224.027285 172.770167
1 169.080893 223.920789
1 145.591163 137.072276
2 141.790966 146.983368
1 163.015099 177.331781
1 219.287989 167.587405
1 196.968252 164.592452
1 190.235597 273.406367
2 136.533559 127.742968
1 181.021041 224.806021
1 246.036914 185.491666
1 143.391653 187.012348
1 140.972483 180.492629
2 21.385624 73.696960
1 192.228263 185.601481
1 155.562625 178.919075
1 213.600938 208.954895
1 218.574703 183.457407
1 191.939334 222.031335
2 171.244360 543.570455
2 20.994490 632.140718
2 66.088670 339.827348
2 153.389716 641.988353
2 215.846863 380.439899
2 197.668517 576.454287
2 176.469311 624.306723
2 142.015951 484.013842
2 162.585077 510.800457
2 28.754951 434.886062
2 258.849622 571.780342
2 28.433730 395.907137
2 285.577834 399.682199
2 243.642724 359.433039
2 206.003233 444.655875
2 119.399959 429.388510
2 73.254313 598.941207
2 134.954239 645.637362
2 99.191083 646.504344
2 207.408084 475.388057
2 175.878546 664.310229
2 149.835148 659.782437
2 13.720138 608.844327
2 171.505247 658.290413
1 145.030728 772.537774
1 157.487720 793.321122
1 126.746203 786.033927
1 143.108860 781.374177
1 154.390032 786.035741
1 152.529190 780.121808
1 145.163527 789.729331
1 142.908453 785.024548
1 147.016255 764.763246
1 140.785421 784.378476
1 149.145823 789.074265
1 164.059055 789.500816
1 129.883861 767.236260
1 162.035259 791.309183
1 143.341848 761.361544
1 157.305392 776.514772
1 148.994945 781.462857
1 139.319658 769.947154
1 150.635253 800.337475
1 139.604911 775.162807
1 139.669431 765.674780
1 148.445724 798.992661
1 161.454364 774.691989
1 145.115120 801.068668
1 147.551750 782.847987
1 130.097206 782.724603
1 146.637271 794.320656
1 144.572743 765.796607
1 165.210033 792.478869
1 145.398130 795.977175
1 138.434013 794.852440
1 137.038868 779.913534
1 148.886593 775.785309
1 154.683136 787.143884
1 151.684056 759.675614
1 141.519321 797.625571
1 172.323697 786.749599
1 143.634279 768.792677
1 171.706840 790.920699
1 150.302771 764.452877
1 154.831874 780.177508
1 165.169143 762.646692
1 139.070384 777.583477
1 164.121171 782.791520
1 131.403224 778.324781
1 147.781349 780.633312
1 142.264031 791.512781
1 156.685346 781.153872
1 144.954823 801.106475
1 168.558070 768.279076
2 45.445622 846.788738
2 314.745031 695.223919
2 278.842459 682.923933
2 144.085517 872.816056
2 179.601668 815.345060
2 235.255087 804.442660
2 25.964187 815.865713
2 66.431093 926.363874
2 304.534268 779.614386
2 226.630879 780.766078
2 168.179667 893.592700
2 155.089063 886.894080
2 206.757819 820.565459
2 95.990597 827.499648
2 100.781039 780.964956
2 251.927141 815.949635
2 97.995087 682.932946
2 109.632884 844.386862
2 186.317673 845.551338
2 54.460575 712.218472
2 132.847880 719.890740
2 251.392151 680.540094
2 92.891069 894.358573
2 78.445487 880.182434
2 292.569065 875.351900
2 36.456531 787.445918
1 155.403723 765.814507
1 135.056843 763.011410
1 156.483727 796.858942
1 179.285805 765.421495
1 136.823569 787.903706
2 266.282802 709.773267
2 144.286262 729.684944
1 116.351800 798.276419
2 70.505846 896.431567
1 193.535139 764.877896
2 166.121331 834.394307
2 147.570762 885.019007
2 169.243585 995.330827
1 163.336080 827.867135
1 199.490269 771.850743
1 102.345668 817.702310
1 186.511726 757.090006
1 172.595586 773.019971
1 141.687440 816.135721
2 127.267308 906.067850
2 132.599451 832.801467
1 189.301744 778.422726
1 165.179259 791.492968
2 80.902918 830.163331
2 276.825500 783.295885
1 130.748136 816.652401
1 173.244294 771.335268
1 156.237735 824.203982
1 201.517261 829.882039
1 152.911881 776.081701
2 266.584060 823.331055
1 140.298815 819.219433
2 148.992895 872.689476
1 124.281422 759.509975
2 102.728987 894.999864
1 115.037239 779.977517
1 131.760867 762.007927
1 129.368084 815.729415
2 113.539746 849.039935
2 74.848918 849.315304
1 196.463276 780.738876
1 169.100298 800.360853
1 167.405282 849.805902
2 126.116883 884.656827
1 176.522032 803.770690
1 169.478581 751.368238
2 63.462826 844.612360
2 252.971594 680.502867
2 283.302569 826.403448
1 132.102012 771.260950
1 128.311896 784.189317
1 163.099494 797.355510
1 166.044021 725.827543
1 105.029068 761.151042
1 118.604318 759.990003
2 316.747828 756.171246
1 155.239014 806.260691
2 130.917351 793.177390
1 171.427093 777.357380
1 172.651573 804.870036
1 64.151318 765.912518
2 56.929860 703.991420
2 208.316622 847.661756
2 349.778605 9.205542
2 605.066590 47.788371
2 589.443399 329.344407
2 581.120796 112.089809
2 665.653347 275.935088
2 363.834378 164.526498
2 647.042743 256.695106
2 527.996854 292.824059
2 666.366008 82.483431
2 649.420891 250.178670
2 429.921659 60.700783
2 442.269964 137.611678
2 578.546029 74.844074
2 463.885595 159.578450
2 340.834231 314.390766
2 608.180601 176.614387
2 581.659812 104.667085
2 584.759719 8.514276
2 406.604858 243.912258
2 393.617551 91.206526
2 530.761359 200.478255
2 390.672135 228.799509
2 623.500289 78.874461
2 371.782737 51.913341
2 402.867411 243.143525
2 334.950622 271.238755
2 444.498006 305.325461
2 571.288115 214.680961
2 459.060437 293.612571
2 650.332829 99.893899
2 563.686827 134.867662
1 382.260213 656.654334
1 400.060358 664.114563
1 405.111228 654.743552
1 414.979481 651.653271
1 403.504982 652.571265
1 390.688447 647.845610
1 405.143784 645.741016
1 397.298582 643.386521
1 399.545928 650.646476
1 408.363581 655.378863
1 407.056579 652.214464
1 387.102474 631.882672
1 385.087245 644.224714
1 412.893603 637.657770
1 405.531501 633.996536
1 408.893194 651.784645
1 398.156383 646.538719
1 400.441090 649.314884
1 397.339133 647.323642
1 399.327124 649.262928
1 400.506485 650.383943
1 395.364842 649.921690
1 398.053061 653.189044
1 394.188539 646.559336
1 398.752565 649.912308
1 397.250624 649.699913
1 406.456430 640.285232
1 380.873523 652.353149
1 397.868197 650.876934
1 400.504314 653.885126
1 421.667448 648.733453
1 422.983944 640.758248
1 380.384746 651.717041
1 392.518443 649.812297
1 411.925322 644.440037
1 408.039858 649.382839
1 394.418308 649.889421
1 406.652711 633.066539
1 394.377634 647.022654
1 394.835188 662.032331
1 395.472651 631.200161
1 402.283887 655.352194
1 414.147286 642.437744
1 412.439738 656.811921
1 394.118353 663.469716
1 402.351592 650.678890
1 393.106662 639.004447
1 411.733015 641.469493
1 401.110278 649.500800
2 455.653924 403.258451
2 363.487086 575.203866
2 554.207542 524.403726
2 407.654692 539.267475
2 422.263068 585.874800
2 545.309700 599.809725
2 409.899350 583.813836
2 569.053141 516.305782
2 472.503920 468.156992
2 638.136057 382.283967
2 337.238754 627.361551
2 514.384405 514.909617
2 421.769390 657.734760
2 567.767176 623.068481
2 531.947152 538.399774
2 414.301767 487.742486
2 346.897906 350.992522
2 515.624875 369.475080
2 379.458646 395.931238
2 603.739266 638.164720
2 501.170248 578.989438
2 493.003781 406.135317
2 439.302773 543.991638
2 622.657885 589.764738
2 624.977644 549.091301
2 418.523773 349.099599
2 651.343269 665.120359
2 400.695022 591.662895
2 356.809001 521.837604
1 420.318835 637.956698
1 471.701846 618.797618
2 383.719249 580.588713
1 386.501252 655.144105
1 428.304117 636.390893
1 416.867944 644.218440
2 439.769750 575.765819
1 422.475006 631.486497
1 401.035324 615.612333
1 393.643244 654.526756
1 422.268024 664.099012
2 439.142152 579.193395
2 471.228186 592.676897
2 605.620596 440.064178
2 436.564436 638.599684
1 399.592122 661.647678
1 395.687985 617.233567
1 399.617813 626.525643
1 435.061592 608.122619
1 389.766374 613.628308
1 415.287262 646.586896
2 421.921872 646.518134
1 416.685087 652.415381
2 383.068398 377.523092
1 405.779354 644.643203
1 416.852899 666.371894
1 394.105246 635.328209
2 598.583259 554.529313
2 487.796582 665.436367
1 439.870763 610.660878
2 416.505233 348.428678
1 432.817246 634.254535
1 348.719970 649.024732
1 406.560285 636.257935
2 535.158067 583.596874
1 390.142799 601.469714
1 405.751532 600.944624
1 394.761361 637.558869
2 404.648597 542.814635
1 487.910702 631.790056
1 452.376084 629.725881
1 399.245624 628.790597
1 360.036815 637.996524
1 467.925353 656.588466
2 384.482614 533.767141
1 357.814893 651.774896
1 401.060893 630.494335
1 411.668134 668.368042
1 592.269184 788.914880
1 591.487549 810.596792
1 569.833038 799.846903
1 572.212885 807.626350
1 562.838830 823.133327
1 581.619194 791.499844
1 562.109298 801.404777
1 569.393378 799.362321
1 575.479506 794.895237
1 550.314057 812.352350
1 585.959880 788.115219
1 564.241788 810.020203
1 569.629502 802.786922
1 577.599504 805.651019
1 574.622168 791.722488
1 564.053403 790.297419
1 553.192257 793.616418
1 549.161840 788.600295
1 576.378288 808.759825
1 569.200985 800.474026
1 576.727973 810.336564
1 553.858209 800.021254
1 559.810518 804.961297
1 548.627846 793.185977
1 562.278597 797.613960
1 571.998115 799.433039
1 566.964520 801.578735
1 574.470780 783.193272
1 572.089694 783.789241
1 570.978102 799.174940
1 576.423917 815.735739
1 592.906930 809.881322
1 592.085861 806.001343
1 575.887485 815.058752
1 574.647485 814.706093
1 562.839817 799.521881
1 565.419632 797.485520
1 555.859829 792.941726
1 582.643007 781.605743
1 586.486928 795.935543
1 571.754810 812.072489
1 569.199946 795.767835
1 580.683493 819.967901
1 571.582199 797.383136
1 590.387599 797.733528
1 577.335586 808.401524
1 580.041311 806.092403
1 567.753650 797.303679
1 561.438024 797.509067
1 570.353356 805.491408
2 577.914558 714.854242
2 436.675419 920.930438
2 601.527925 716.441812
2 443.770658 934.503837
2 373.322691 854.021838
2 574.700117 858.400583
2 610.104511 840.210379
2 642.694306 910.732831
2 659.645040 947.878012
2 526.803464 864.987154
2 486.398273 802.952947
2 349.544459 746.803773
2 381.538185 894.107693
2 339.589366 723.918474
2 412.598899 810.795338
2 382.367949 691.752045
2 448.318685 952.522040
2 503.259611 871.763370
2 408.423329 772.895511
2 650.792042 795.792364
2 520.087113 997.883590
2 496.779949 667.697406
2 447.291469 719.800295
2 646.125732 813.346760
2 473.722511 702.352219
2 648.836860 787.895538
2 572.124382 759.782192
2 542.324607 680.102779
2 622.243191 962.189270
2 524.971951 840.720524
2 430.984447 864.594218
2 583.814646 844.751735
2 616.138961 886.174952
1 579.153291 795.520517
1 547.199240 772.614731
1 593.055067 769.648103
1 564.365432 785.048170
1 375.308100 694.306974
2 447.955780 729.013040
2 635.105718 812.612837
1 553.949287 834.301416
2 507.738920 813.892710
1 601.610197 782.992079
1 539.431206 766.362965
1 592.435394 799.843785
2 373.294436 745.085358
1 569.924102 785.316535
1 374.916399 669.150281
1 526.596906 821.254003
1 586.764163 793.029619
1 562.565217 840.473755
1 603.443451 805.100095
1 536.926648 771.630054
1 531.446568 783.696527
1 555.348978 768.201965
2 635.067978 838.040972
2 471.757771 938.691662
1 618.614871 824.365414
2 359.101489 724.612699
1 544.079975 780.742622
1 542.560010 808.467026
1 614.150296 791.530035
1 586.649573 782.460919
2 389.104029 675.131251
1 539.929379 805.845679
1 602.221371 839.201611
1 571.672338 794.366003
2 433.964844 917.057438
1 573.497844 825.626414
1 565.285257 804.612703
1 550.031071 791.135452
1 523.705090 775.459721
1 389.264971 667.662558
2 450.199875 852.403102
2 634.331011 773.388436
1 347.636873 668.498582
1 598.229263 831.563983
2 558.686226 800.648853
1 550.258196 763.998108
1 521.468299 776.584732
1 555.577073 788.733169
2 504.752512 799.730864
2 600.636304 857.173206
2 641.848072 823.704646
2 483.964059 760.503500
2 351.200473 765.782388
1 611.441056 796.822523
1 390.410278 695.166259
2 572.914688 816.210390
1 603.388806 752.770493
2 562.955453 719.149985
2 563.652170 845.331173
1 551.615713 794.719396
1 541.959065 817.697610
2 648.887974 826.942713
1 540.058121 892.847361
1 410.237734 673.028258
1 574.013488 810.579395
1 572.517811 796.295131
1 632.175112 824.144810
1 596.184973 784.252367
2 576.388552 716.559840
1 603.379850 799.286733
1 588.237926 780.305853
2 514.841921 881.755873
1 569.313814 773.901899
2 414.528996 861.480581
2 421.603810 774.026630
1 433.249493 687.889724
1 578.318786 745.405755
2 408.623523 728.669544
2 392.528669 747.169933
2 515.181540 813.288218
1 603.164586 762.749892
2 636.763986 757.907078
2 641.270921 812.173073
1 526.751304 798.656117
1 568.474543 797.638375
2 580.039122 792.815697
1 579.769355 814.622495
1 550.288587 778.433204
1 825.323420 313.131564
1 817.333145 301.770809
1 812.226200 290.236725
1 830.429414 297.607845
1 824.995430 303.209579
1 814.043604 287.613507
1 833.030645 316.684872
1 831.667684 295.476292
1 814.058431 301.075981
1 834.044190 283.999700
1 827.473053 308.571495
1 819.691371 300.488439
1 820.776003 303.481807
1 835.591285 300.783414
1 807.626186 302.934711
1 820.155986 304.158386
1 822.841290 275.549347
1 826.779512 299.570688
1 802.061386 300.942897
1 818.328382 301.953430
1 830.789986 321.305360
1 821.461269 298.275657
1 837.939457 290.559085
1 809.734327 290.916042
1 799.208382 306.913418
1 827.960425 295.295719
1 822.190965 301.146311
1 828.619228 297.276916
1 824.871657 302.618242
1 818.187449 299.010597
1 822.031434 305.360813
1 822.383471 302.747937
1 820.658663 284.509079
1 809.235061 314.367895
1 817.915434 307.558264
1 838.150705 307.822859
1 817.894563 302.926957
1 820.400217 300.308929
1 833.266366 306.872088
1 825.397005 287.726416
1 824.072163 310.451970
1 820.862003 300.408726
1 818.762404 303.936763
1 812.497967 279.106009
1 829.669497 290.198884
1 832.419664 315.356267
1 820.978513 300.690964
1 797.302606 305.825083
1 843.686914 295.652230
1 836.313379 292.914827
2 666.798979 177.648918
2 722.194114 196.170142
2 799.967573 112.965367
2 893.464066 245.978228
2 755.215109 262.818065
2 967.740334 176.295514
2 847.526756 47.555112
2 896.554048 172.220755
2 882.950573 98.002196
2 919.808063 177.226763
2 777.515608 169.121337
2 763.118143 314.693327
2 830.285743 135.188482
2 995.768737 265.352777
2 801.264136 178.192910
2 675.563414 185.947463
2 900.574006 251.836751
2 844.330495 166.834008
2 792.672124 105.940476
2 786.455709 275.805450
2 909.989381 231.012482
2 721.232896 113.150164
2 850.339335 302.945682
2 955.189126 119.127902
2 923.431828 272.093459
2 921.373790 74.377634
2 809.899771 309.508034
2 700.217118 149.705557
2 923.879637 114.424918
2 799.230402 268.265659
2 725.838965 321.164163
2 826.266588 220.737925
2 746.763665 98.818846
2 942.296089 88.085685
2 998.183651 278.084384
2 992.212422 18.595498
2 961.750529 170.609145
2 747.794707 283.159653
2 743.638688 290.934731
1 839.338102 252.292224
1 809.562546 298.260280
1 819.778711 290.834009
1 810.069703 323.979157
1 805.954825 312.989418
1 861.168988 291.248051
1 798.487691 323.520539
1 836.747165 303.841390
2 769.554564 271.468941
2 808.744491 157.528238
2 762.131652 269.639005
1 781.093530 282.924679
1 893.103212 319.776343
2 753.098797 263.220780
1 795.953527 277.487366
1 820.744338 304.071680
2 824.787228 210.302299
1 789.088588 276.308426
2 992.389420 214.924480
1 773.945410 295.158611
1 765.454647 258.932679
2 841.593360 163.896921
1 794.328834 331.899423
1 816.555835 278.908646
2 768.157771 326.070254
1 815.885743 331.446324
1 791.934438 300.594754
2 770.093260 318.808102
2 794.679712 138.450526
1 788.547718 276.574987
1 851.512288 307.353221
2 715.041402 252.871038
2 673.978122 165.159494
1 830.629916 302.856721
1 841.505103 296.737259
1 834.207190 280.078893
2 749.765561 312.655229
2 976.726422 302.922661
2 779.949129 306.173289
1 851.017092 323.973350
1 824.762102 301.934586
2 735.564685 279.058698
2 746.392525 272.419217
2 924.822934 360.146150
2 853.461554 617.476469
2 898.600168 540.882315
2 677.775509 342.930127
2 750.100477 352.702020
2 867.559483 627.575568
2 910.013623 458.782088
2 968.121624 355.378469
2 909.437058 404.824141
2 921.326964 580.380160
2 857.254788 594.139169
2 977.632657 440.842494
2 720.361765 580.513346
2 772.892698 525.418582
2 958.985674 356.512416
2 952.169677 569.099599
2 813.839232 641.817628
2 864.808386 501.433124
2 922.861860 409.129112
2 757.961885 346.761935
2 921.044725 367.612915
2 710.275476 501.749901
2 821.702857 505.467745
2 923.699222 340.109950
2 857.317670 417.800218
1 866.112511 343.082517
2 908.848909 352.475518
2 772.920880 350.913172
1 806.992112 339.769664
1 837.965943 338.229655
2 757.045534 344.787689
2 849.161108 365.463567
2 984.921315 345.992226
1 850.584150 367.981725
2 867.501087 342.156175
2 770.795560 356.759441
2 984.968811 349.491139
1 847.466494 376.008156
2 719.485209 539.910275
2 814.643442 367.131375
2 730.879782 942.588539
2 817.317326 740.240759
2 728.193996 675.485181
2 737.304823 749.460525
2 676.107195 838.903866
2 836.032604 668.933878
2 977.535892 947.458170
2 922.795936 866.236940
2 906.207141 929.633314
2 970.266889 912.324051
2 841.109441 723.509132
2 975.466924 771.741003
2 981.902447 834.698518
2 864.426634 915.553717
2 960.869334 752.871921
2 761.362816 885.111847
2 693.274694 781.004788
2 666.953286 932.102326
2 741.835712 871.078402
2 780.253001 708.401185
2 806.801612 766.132397
2 966.061734 753.387334
2 751.297225 735.537800
2 774.142817 916.623688
2 990.582313 786.147894
2 962.098539 723.369457
