1 202.078525 179.315206
1 186.819888 180.064576
1 214.176846 164.074055
1 182.952212 174.534474
1 206.669392 164.939290
1 196.768541 177.505941
1 204.328503 189.087506
1 210.958168 179.125455
1 203.527437 163.832954
1 193.067098 161.343859
1 199.534577 179.521387
1 180.724814 194.967207
1 203.531713 193.973627
1 193.107182 173.501593
1 198.853969 176.148251
1 192.250519 197.907028
1 194.037276 181.435106
1 199.799649 178.648621
1 181.725132 173.312320
1 183.153069 197.091140
1 188.637822 183.889312
1 189.229870 181.374885
1 199.026631 174.339036
1 190.123317 178.772194
1 199.410362 165.275356
1 200.678000 184.928028
1 199.439138 173.536568
1 210.518514 165.218820
1 201.121318 185.842062
1 182.344040 172.955946
1 194.792092 166.717099
1 186.702925 186.835629
1 215.404842 195.972708
1 209.131122 169.530986
1 205.148379 156.622375
1 203.190361 193.766879
1 201.587909 182.185522
1 206.340902 171.965650
1 194.663517 155.657066
1 155.234250 184.695385
1 220.572542 185.436051
1 205.834627 187.752037
1 252.593956 163.653046
1 258.707655 160.803578
1 191.137925 196.362734
1 207.897131 206.761346
1 175.407474 196.473217
1 214.965540 183.192138
1 192.743721 187.850093
1 188.026718 215.886808
1 239.472665 194.098523
1 171.135260 163.354596
1 193.837743 164.674422
1 211.383801 165.790621
1 233.873089 198.955226
1 221.156074 165.373910
1 204.761935 177.144229
1 213.723216 166.656551
1 163.530376 175.206908
1 178.610854 159.956707
1 244.626375 173.286319
1 124.075823 195.121068
1 193.484267 152.379865
1 179.512673 181.335245
1 176.867679 209.344683
1 190.028889 217.039622
1 181.321134 180.829324
1 222.647176 139.995993
1 204.902522 171.273177
1 156.531979 185.063085
1 179.536097 136.603511
1 218.814186 222.534348
1 210.463002 171.986558
1 204.825302 179.308189
1 188.395749 165.665055
1 159.457172 180.450897
1 191.169184 129.460849
1 232.574412 129.902908
1 257.112310 168.604424
1 193.119332 144.308247
1 231.090465 169.326271
1 196.487953 149.752292
1 177.517805 176.368978
1 189.443787 150.890137
1 178.187234 170.054283
1 226.994354 199.465411
1 222.481216 161.280694
1 150.839688 156.793499
1 224.482000 179.413704
1 210.404854 166.174253
1 207.222415 117.764180
1 265.457893 147.724769
1 198.261885 157.164061
1 178.513828 164.415547
1 214.527227 194.976968
1 229.592086 179.357069
1 277.918224 164.348631
1 259.534990 163.908202
1 284.944456 182.258838
1 188.683561 215.767127
1 162.989300 156.541395
1 181.254162 190.818349
1 189.403523 155.693913
1 196.476508 143.130440
1 238.016990 178.927904
1 248.623834 161.803586
1 196.952895 152.335463
1 312.549152 203.748542
1 231.889621 179.357716
1 239.221299 160.727661
1 245.492082 148.145579
1 192.612541 194.761345
1 197.317885 204.216119
1 233.251855 170.555756
1 206.791075 148.310649
1 155.258464 145.469819
2 59.664177 453.414726
2 50.576305 436.787278
2 58.482343 434.984402
2 51.425367 440.837784
2 43.175214 434.119097
2 75.720087 415.002922
2 63.347146 425.863559
2 60.732494 408.726670
2 72.406240 438.663397
2 68.614963 418.307461
2 78.024736 442.886722
2 67.604440 409.186050
2 74.532559 427.224107
2 64.010856 425.553187
2 59.602518 430.313672
2 64.184752 413.590620
2 80.182577 438.192942
2 70.931752 442.930283
2 61.246465 421.775181
2 60.792721 428.363508
2 61.668450 429.694248
2 56.705041 425.612133
2 56.175670 411.315359
2 63.494198 428.757342
2 56.345963 431.619136
2 62.089104 430.141319
2 43.408837 443.731623
2 62.548742 428.029501
2 65.727367 424.865274
2 71.831915 415.201987
2 54.176240 408.216230
2 54.332525 422.651007
2 65.391002 431.691994
2 63.955935 438.324871
2 40.333242 444.457525
2 47.776520 438.419990
2 83.859896 425.730642
2 74.567412 382.980513
2 43.242747 431.902385
1 320.048589 563.058462
1 300.028756 542.170965
1 272.207192 520.738762
1 327.065587 611.894270
1 306.849464 553.027484
1 326.102039 625.271600
1 275.641182 571.442144
2 82.743732 423.791932
2 76.278592 427.368459
1 331.234114 598.811818
1 264.477264 579.818124
1 317.990602 633.942989
1 320.198715 630.998836
1 315.514962 605.263663
1 137.580917 790.113407
1 154.195366 773.573497
1 148.767415 779.060031
1 148.218661 777.629893
1 138.908182 789.084680
1 146.418749 784.457072
1 160.131038 787.909778
1 157.117436 792.632554
1 158.460107 771.246079
1 146.027089 803.146904
1 157.586055 786.824144
1 154.737368 774.207855
1 153.580006 777.188003
1 164.555545 789.736037
1 150.928066 781.749938
1 163.909595 777.338638
1 146.093343 790.984559
1 136.628337 785.524255
1 135.578839 792.133503
1 135.556030 777.083723
1 150.762099 774.299002
1 129.636304 786.653029
1 150.481933 780.709372
1 130.425149 772.329319
1 147.324617 770.897743
1 165.789670 780.267917
1 170.979326 792.811980
1 154.225798 768.676333
1 146.283493 780.222102
1 161.861036 758.807051
1 154.356766 782.354495
1 171.076966 768.126136
1 149.792901 793.426537
1 155.137713 786.289303
1 144.477388 777.595097
1 165.961065 763.317471
1 164.651200 795.348478
1 176.227349 793.127159
1 130.329784 732.019106
1 171.328126 797.292438
1 128.929395 792.618081
1 127.943530 755.584365
1 118.699370 782.700329
1 150.993058 788.638717
1 146.774332 770.020572
1 147.786760 790.748747
1 136.175760 762.089780
1 175.327911 773.742192
1 180.807318 762.647822
1 160.639876 753.223209
1 182.594369 717.529461
1 190.926542 774.674869
1 135.225647 857.680788
1 132.526124 770.731547
1 109.907924 772.038125
1 129.038458 824.967126
1 113.457438 787.216966
1 118.004347 748.517630
1 194.628479 785.908330
1 107.786959 778.100968
1 180.730278 781.267190
1 132.647776 790.523962
1 189.355001 783.955649
1 141.208046 762.490087
2 329.287349 848.724206
1 167.454982 797.986283
1 140.746696 806.669840
1 149.551288 775.965325
1 203.802891 777.258469
1 110.872425 771.903072
1 193.289131 795.161523
1 159.232143 736.926062
1 173.437212 794.824490
1 164.152841 766.748163
1 134.491465 719.636964
1 130.552054 805.183060
1 167.594587 768.305363
1 176.393640 765.830589
1 137.885131 775.456815
1 139.795413 815.333004
1 165.219064 792.169129
1 140.798378 747.035424
1 156.178271 766.223903
1 181.265649 778.808568
1 179.926907 795.569137
1 113.040290 779.047308
1 161.133064 795.569851
1 175.027684 799.734416
1 190.172147 815.766960
1 116.544414 758.097268
1 144.457883 744.073646
1 130.053750 771.434742
1 115.743445 719.809884
1 193.754031 764.765358
1 186.130969 764.458465
1 151.724342 687.860914
1 128.117178 775.585999
1 176.537776 737.249118
1 120.775263 800.570486
1 172.322023 807.421449
1 176.545241 788.036080
1 139.120539 756.168689
1 151.730763 768.614876
1 212.356386 781.498794
1 160.355486 771.303335
1 144.245564 808.482896
1 107.445661 814.355393
1 98.452534 749.596534
1 187.514441 836.490244
1 161.679042 752.446876
1 147.986484 760.991443
1 117.539796 727.973216
1 150.524144 822.878618
1 127.569636 761.461812
1 180.654071 748.979387
1 163.665807 754.613282
1 159.075785 795.078921
1 116.052853 845.621454
1 168.825861 748.218547
1 182.665067 774.854017
1 147.930330 779.521703
1 140.161756 745.335178
1 160.906136 759.255425
1 127.844149 808.469454
1 159.787648 741.930905
1 151.494658 732.408912
1 157.478625 818.796128
1 147.298779 766.756023
1 117.354898 777.668150
1 160.913927 780.154228
1 150.457891 716.775179
1 171.393324 826.078935
1 134.627175 774.014514
1 165.721162 796.805745
1 185.609021 760.050244
1 154.256688 792.974986
1 146.676067 768.122017
1 178.423212 754.061925
1 114.556589 755.175592
1 221.922401 792.789873
1 206.078676 799.927892
1 150.069442 761.542936
1 146.820076 717.893675
1 149.341050 802.063918
1 133.783045 786.868502
1 194.939375 810.195640
1 156.241136 824.327248
1 179.099376 728.464590
1 107.642982 740.997307
1 215.757959 794.095616
1 198.154406 818.810950
1 144.320175 769.256830
1 164.120042 769.407637
1 135.309919 755.154846
1 83.999302 774.599942
1 141.443580 822.788633
1 119.066359 747.059601
1 183.219050 860.365639
1 125.990002 794.642620
1 98.713034 806.534808
1 173.506414 747.673087
1 164.493033 789.313943
1 124.899112 788.342778
1 149.868252 728.667887
1 146.595170 806.381053
1 174.875654 705.514914
1 214.060567 814.720326
1 187.827855 838.424936
1 172.299979 753.739595
1 171.729035 763.781416
1 137.616557 790.382332
1 168.253044 769.722141
1 110.287311 774.152033
1 150.476836 756.848992
2 329.725853 868.033607
1 214.479978 802.304740
1 160.862269 764.408918
1 118.717627 778.034943
1 105.341290 780.106483
1 118.792633 761.533896
1 165.110764 762.516166
1 159.231750 753.397517
1 144.837466 796.326136
1 225.324660 775.568496
1 150.257027 880.333142
1 150.340663 745.813729
1 147.084350 754.027239
1 115.733781 741.099758
1 130.717317 822.081022
1 139.584859 751.283524
1 142.211941 828.518562
1 187.489552 819.754458
1 108.538689 754.371802
1 122.784908 782.462207
1 144.478271 744.871098
1 127.694268 763.696509
1 139.993646 761.717779
1 171.769316 758.690477
1 153.779445 762.302177
1 92.304402 749.753519
1 148.931887 759.236221
1 161.229650 804.425582
1 329.896630 677.896921
1 238.418574 793.129392
1 123.292415 761.324862
1 144.059598 823.511468
1 333.117143 695.020221
1 115.044397 813.367074
1 122.954885 788.393001
1 203.698010 755.357657
1 181.014794 757.917231
1 182.578074 753.448630
2 499.585782 134.991032
2 487.072859 134.072046
2 483.869978 133.688808
2 506.632547 149.885286
2 518.370217 137.655406
2 487.886167 155.139001
2 500.592111 143.538737
2 509.219396 138.393067
2 509.805614 158.859363
2 494.685072 156.280964
2 516.707945 155.811111
2 493.952420 155.236588
2 512.198795 143.865391
2 498.891104 142.434045
2 503.838197 164.691625
2 491.287710 130.238975
2 493.997559 149.054409
2 505.718363 140.086895
2 516.354893 141.664266
2 497.273132 140.416961
2 487.985610 127.781588
2 480.665799 140.519273
2 484.169628 124.939385
2 502.431803 130.208756
2 507.653555 163.648638
2 490.172815 141.775291
2 497.665782 137.406016
2 504.235634 136.967520
2 507.121802 126.362128
2 504.037112 143.205893
2 519.923327 144.451390
2 507.237126 134.154348
2 495.384363 140.921447
2 497.827101 132.321328
2 520.065446 142.572758
2 485.296409 121.877189
2 495.878229 119.440463
2 499.532163 145.276059
2 486.023560 139.868389
2 497.065923 88.251948
1 414.159271 654.484542
1 396.965906 656.429721
1 407.023245 639.978443
1 393.944144 650.141133
1 391.300101 656.779568
1 399.486811 646.725757
1 400.259023 649.944374
1 399.326209 652.158784
1 411.968041 650.520766
1 398.848586 635.686138
1 391.609420 665.205160
1 399.173399 644.191207
1 409.607785 663.929181
1 389.841955 658.005263
1 400.774781 650.308213
1 399.641320 649.664334
1 400.950645 653.944074
1 396.906714 642.965381
1 396.371375 649.914623
1 381.955513 645.056636
1 398.298446 654.480653
1 405.424793 638.575822
1 381.367666 653.613494
1 410.397212 637.327155
1 401.354440 647.757411
1 390.971265 647.465206
1 405.861198 641.062399
1 394.385557 654.002274
1 393.340697 642.555826
1 401.664526 639.774492
1 395.338749 637.154486
1 403.421915 634.225238
1 415.984239 646.909203
1 399.215922 650.971434
1 423.036678 654.281203
2 566.327921 479.929622
2 542.108217 474.036524
2 573.381410 471.477110
2 559.161220 474.688788
2 556.840378 498.166857
2 563.704203 473.647680
2 558.252617 486.808067
2 558.899972 479.781194
2 569.635254 470.297255
2 565.753896 479.453980
2 547.504747 473.173566
2 552.993692 480.154732
2 545.797056 473.774194
2 562.460124 483.713340
2 547.655082 458.294657
2 563.167474 480.654356
2 566.168079 497.857587
2 552.590856 490.349685
2 560.512513 470.929234
2 563.243376 477.289553
2 542.971177 465.114985
2 544.830961 464.668945
2 564.947799 458.268381
2 580.142647 476.366680
2 557.992754 503.939145
2 580.160206 485.271098
2 548.831643 495.501298
2 544.664903 471.243575
2 545.146850 474.591171
2 568.669514 482.475636
1 391.835807 602.971619
1 360.529644 648.392042
1 382.798362 595.828747
1 429.366494 657.597438
1 415.420440 638.877812
1 369.165612 580.114495
1 402.309295 643.912521
1 397.697123 646.710524
1 419.271374 649.844494
1 396.086497 643.992845
1 424.146981 627.707835
1 358.446853 630.300968
1 392.834961 659.421622
1 405.576482 592.706836
1 403.552790 655.985265
2 552.097967 529.475659
1 403.624132 632.544633
1 372.567374 581.095437
1 418.179983 630.769856
1 440.593796 539.890875
1 418.403256 607.450998
1 420.290577 618.965892
1 382.052352 579.507952
1 391.571710 660.339549
1 377.565674 641.388106
1 359.580901 613.286098
1 379.819574 655.525285
1 424.811215 631.849404
1 346.633666 600.990695
1 426.383276 664.134088
2 529.600893 431.702758
1 411.377857 594.835038
1 425.538665 661.875138
1 442.333352 645.000753
1 352.011093 665.145815
1 370.338069 645.207851
1 377.177378 638.079257
1 395.954745 659.887613
1 370.622296 633.223767
1 411.762944 639.073280
1 374.420646 589.916140
1 381.961825 537.921974
1 365.022905 642.826827
1 401.034855 610.392885
1 461.241172 597.564153
1 425.429345 659.297277
1 433.720639 613.155751
1 446.694665 661.562908
1 422.763831 660.144993
1 388.232817 623.432606
1 376.939152 648.557789
1 412.238389 661.546625
1 416.444718 652.947567
1 466.623036 610.381843
1 384.062509 652.743054
1 383.373740 666.479271
1 428.621024 660.412891
1 351.781162 614.790311
1 445.232358 622.183719
1 373.300409 648.763170
1 409.709775 633.991699
1 372.794183 623.423898
1 383.428087 619.935829
1 408.245066 586.025517
1 447.542339 632.324704
1 390.102351 627.090603
1 402.518835 643.751551
1 394.254031 649.811040
1 375.891976 644.213658
1 418.848534 569.901645
1 387.872567 621.753501
1 381.391318 618.117517
1 379.373122 621.939910
1 437.536149 590.935591
1 379.596395 598.621052
2 545.332519 534.532278
2 587.717385 487.117824
1 423.530112 571.984147
1 381.717876 623.608532
1 416.933824 650.328807
1 407.702427 655.836981
1 369.582327 620.618816
1 395.493435 631.135591
1 388.525968 592.809108
1 345.444713 587.330705
1 350.411468 660.855641
1 452.973700 638.911885
1 391.430528 660.066523
1 368.215946 622.296535
2 510.218176 491.752439
1 367.616143 609.554032
1 408.475147 596.987403
1 397.743817 644.323906
1 410.379821 629.609164
1 386.869588 581.196134
1 403.130436 663.081138
1 404.779947 614.628159
1 438.015475 617.239427
1 359.377216 648.256127
1 423.170794 585.664113
1 410.868853 635.141833
1 388.410172 613.183948
1 418.608164 649.225498
1 415.243195 657.534896
1 350.556889 601.820529
1 334.153911 565.951429
1 446.811517 654.432388
1 423.986573 559.457431
1 353.870829 625.876517
1 393.237731 620.040075
1 379.138551 645.451286
1 425.240334 640.396250
1 386.002261 637.202230
1 339.471724 654.345602
1 351.243532 652.104721
1 390.594888 604.723221
1 399.253038 650.880769
1 400.837964 585.848152
1 426.743144 629.920140
1 395.133389 624.466496
1 389.621354 633.166429
1 379.781542 664.988162
1 472.121601 585.907187
1 439.926519 634.603390
1 431.125990 630.767808
1 390.942197 644.364890
1 383.839202 622.300036
1 384.437213 593.004061
1 387.191618 642.157699
1 361.715264 577.099137
1 386.208339 602.140881
1 379.995500 628.010452
1 442.363060 623.364578
1 395.993935 651.981606
1 406.939384 639.857255
1 405.426789 655.859788
1 385.089519 614.842237
1 369.911164 632.970186
1 405.151671 621.669292
2 535.135067 493.790594
1 420.030628 655.403632
1 379.302334 656.366284
1 359.456927 619.378005
1 355.073560 614.409217
1 383.060805 589.649991
1 422.434793 652.415233
1 409.860785 621.036746
1 373.627073 624.542813
1 463.969332 587.282093
1 419.680299 633.510330
1 441.526551 653.263239
1 423.144877 620.757719
1 354.306127 635.655422
1 477.902460 581.072081
1 371.511467 646.062601
1 391.247366 659.198461
1 394.862277 640.539646
1 472.334809 590.214313
1 409.685673 655.936951
1 395.737743 602.499487
1 395.148748 632.795345
1 475.645250 643.814182
1 446.974049 660.408623
2 527.845908 502.430139
1 395.690725 660.472066
1 380.539645 664.889759
1 392.127472 658.694039
1 407.183980 637.322600
1 381.201268 659.365538
1 371.152667 609.225247
1 396.321925 655.174894
1 410.676185 655.548393
1 444.583644 652.228874
1 410.664330 633.507535
1 402.699760 589.649375
1 410.844301 616.762485
1 403.454123 615.026037
1 407.889763 580.714911
1 383.100082 568.775223
1 431.503364 623.529829
1 387.264570 662.473545
1 354.403350 633.870438
1 402.490774 632.052473
1 406.342972 635.843798
1 376.141661 664.649838
1 345.397437 616.700024
1 448.695576 637.490005
1 354.007040 621.422372
1 418.240244 636.704242
1 453.812486 560.497614
1 453.245906 633.030512
1 409.428307 661.480646
1 440.360600 612.590147
1 425.399307 648.258906
1 401.505677 649.472673
1 403.101015 651.307576
1 357.023039 572.465155
1 353.354808 665.998057
1 399.772458 653.468126
1 394.232542 655.005274
1 458.160363 637.697180
1 393.080575 613.459636
1 426.906576 625.574549
1 407.627900 633.071729
1 467.154788 572.377087
1 345.374267 655.431405
1 428.159231 587.418560
2 563.457532 481.791419
1 393.707996 602.265648
1 503.207890 628.663013
1 401.191092 614.525638
1 419.008375 621.110706
1 366.483187 609.797840
1 392.114856 668.457714
1 394.954126 674.308099
1 394.221399 669.527537
1 575.661683 787.109299
1 554.016372 799.904415
1 581.751516 787.336215
1 566.340280 801.260464
1 570.123937 800.021367
1 591.474880 793.367133
1 567.376086 804.549630
1 560.549366 808.971070
1 587.251436 782.693528
1 587.747347 813.579480
1 583.242380 791.272099
1 552.745377 812.852118
1 564.153244 803.367135
1 569.401358 802.703440
1 572.759855 799.243772
1 577.898006 790.170492
1 583.571398 807.125762
1 573.053080 813.579015
1 584.509425 787.087501
1 572.145453 786.877142
1 574.188549 798.183811
1 555.463841 818.504065
1 589.863390 791.962140
1 560.629967 802.699365
1 568.084256 806.421477
1 556.173005 808.304817
1 569.348468 803.664456
1 565.268759 792.765162
1 570.431892 804.553449
1 553.812317 802.677720
1 566.122417 793.535738
1 553.909713 813.565870
1 551.165307 798.782531
1 588.384833 811.338194
1 564.321143 806.739449
1 563.309108 788.919077
1 570.841369 788.925269
1 569.494965 799.816144
1 577.269699 796.321275
2 389.538227 833.879714
2 402.161750 844.896420
2 378.960659 833.429814
2 409.237313 811.380150
2 399.890100 830.041025
2 405.207302 850.738799
2 397.114311 827.173351
2 397.580039 831.068220
2 401.312932 830.117661
2 387.290173 814.781166
2 399.712033 820.898581
2 411.152661 844.794265
2 390.150597 825.066402
2 399.501159 818.059710
2 398.257724 839.003859
2 382.307555 837.874612
2 416.083383 812.282884
2 412.266138 813.407596
2 413.065501 846.807698
2 415.642324 835.764118
2 390.094158 829.951194
2 398.878255 849.165779
2 401.366324 848.649844
2 401.175089 840.522349
2 399.819838 837.191383
2 398.449407 821.013905
2 402.179150 831.091748
2 405.133892 836.167852
2 400.384027 826.575821
2 391.501291 844.196585
2 402.664223 816.254259
2 404.526549 830.470441
2 402.357607 815.581699
2 397.917414 854.296024
2 388.306593 841.258806
2 382.629465 844.753000
1 390.070418 711.665959
2 420.838943 773.479860
1 574.085087 816.409374
1 542.943822 842.354058
2 409.498627 817.295086
2 392.545304 835.266416
1 598.616344 837.764365
1 537.950571 770.960613
1 523.739395 819.637356
2 405.623866 801.743205
1 400.201269 686.807982
2 424.445065 862.435115
2 430.292036 814.780454
1 574.016040 804.504601
1 573.900911 781.419806
2 422.032717 807.624021
1 564.266496 783.114091
1 568.185811 803.178105
2 431.511325 834.594396
1 504.484293 819.188422
1 619.434287 816.868966
1 571.425350 744.247480
1 537.438356 829.861517
1 574.728315 789.411303
1 567.363458 808.991459
1 586.654248 794.572969
2 388.523555 779.671156
1 598.363924 786.320423
2 397.571699 906.864926
1 582.757384 782.200730
2 402.355165 851.552471
2 361.477586 812.121672
2 348.618608 849.544127
1 569.241358 797.375013
1 591.437365 822.041799
1 590.996821 826.731102
2 427.383108 859.220620
1 584.107821 796.289197
2 407.775065 814.038986
1 563.302616 804.396987
1 576.439249 806.580765
1 403.768661 674.120757
1 594.342595 824.945198
1 393.815510 715.901233
2 445.042380 790.065671
2 415.890676 818.575464
2 402.393023 857.223614
1 542.527311 747.740930
1 531.729926 802.432174
1 394.541136 695.420811
2 388.073896 882.949646
2 427.695752 835.382298
1 456.465424 674.580912
1 345.790172 677.356120
1 547.573063 772.484742
1 611.807022 805.793873
1 414.685021 674.409847
2 395.277824 795.695389
1 548.509202 843.453391
2 381.076953 873.518458
1 548.895273 822.983787
2 362.528977 849.737174
1 598.563454 838.725381
1 551.320693 835.945476
1 584.814861 828.446388
2 426.434145 815.021888
1 576.737686 782.876391
1 528.922672 819.472258
2 365.191024 860.391555
2 387.998184 816.265470
2 336.625201 859.042848
1 559.771536 842.032950
2 418.519113 792.911926
1 542.006280 800.561254
1 536.398751 841.541358
1 541.823401 821.197780
1 572.872394 778.989656
2 396.499775 837.195770
2 419.293597 817.907208
1 599.044790 789.287252
1 594.510612 796.530636
2 415.643712 880.978204
1 413.331605 669.331757
1 594.925253 824.664954
2 409.166749 848.206289
1 400.236764 675.224526
2 364.921264 832.321320
1 585.538011 783.069124
2 418.162454 817.374398
1 410.025468 690.365054
2 385.500600 775.320050
1 406.716436 679.912145
1 547.798844 793.952495
2 368.967185 885.494863
2 377.368722 826.367216
1 410.471538 703.880527
2 444.975997 848.693810
1 529.696211 785.901809
1 457.135705 691.205943
2 422.978920 881.722754
2 390.021946 805.720892
1 441.158983 673.558461
1 539.732010 799.336742
1 414.038596 679.677240
2 401.020980 757.433073
1 611.126647 819.456173
2 387.852264 777.840490
1 416.133593 672.559276
2 389.173293 883.936591
1 588.235784 832.307378
1 593.469431 839.778758
2 414.987455 877.243638
1 569.063040 821.902403
1 434.508700 678.846828
2 371.977107 810.864903
1 568.239284 782.763029
2 408.195861 813.137539
1 403.568191 674.024478
1 400.519835 669.894699
2 394.130192 856.299374
1 548.459742 867.698523
1 573.618300 836.458253
1 510.984813 700.111835
1 622.020615 834.243271
1 547.742124 799.238253
1 607.453367 802.043936
2 398.825757 829.193681
1 371.029562 726.047185
1 366.243516 670.412164
1 395.961446 674.871081
2 390.834468 869.508300
1 541.790169 799.549250
1 421.109764 682.724504
1 547.743543 890.069426
2 422.579794 737.740968
1 618.623234 768.019129
2 440.864475 842.926201
1 580.830913 788.439286
1 501.031326 716.299751
1 618.585669 768.712341
1 378.273085 681.611541
1 473.566013 671.511642
1 446.499148 714.782433
1 359.540337 676.378659
1 565.165007 829.365737
1 391.818962 671.035738
1 408.829040 706.565122
1 558.253984 798.737695
2 355.687961 779.604228
1 541.814952 826.155398
1 433.262143 679.557205
1 364.153817 685.536319
2 367.176945 832.267941
1 416.900117 687.946690
1 613.511087 831.544078
1 467.487011 694.436847
1 353.791322 701.783866
1 558.581551 873.983708
2 431.619387 754.748037
2 398.796867 840.642999
2 410.523755 727.983876
1 401.618110 686.628097
2 386.625765 832.884222
1 569.967111 861.078690
1 614.082940 860.099932
1 391.069950 698.068607
2 364.630913 856.720846
1 352.742205 668.892306
2 400.889766 728.911138
1 423.315074 703.373211
2 444.643750 819.770657
1 455.972332 731.982971
1 579.962391 741.171506
2 377.055253 837.483004
1 610.210884 807.944741
2 367.218878 822.128200
1 340.328008 684.140397
2 402.963184 826.229439
1 453.936385 668.394926
1 389.109140 674.981983
2 367.025036 774.028374
1 526.796951 777.933038
1 390.152306 689.682178
1 423.085858 667.004255
2 463.484715 792.141462
1 554.643797 807.520368
1 395.749248 700.525730
1 421.543935 690.935299
2 412.177124 689.946565
2 403.574348 830.228115
2 405.163087 827.213266
2 416.914121 854.107731
1 408.623141 685.473311
1 435.392653 674.335164
1 600.380236 830.570997
2 455.483397 783.417448
2 458.237457 848.306469
1 584.428372 797.464556
2 438.080568 762.618707
1 347.471939 700.415026
1 644.784306 797.927064
2 414.006980 824.974512
2 425.585982 871.918633
1 541.048527 796.105205
1 572.637347 794.040478
2 424.413679 847.817161
2 456.733812 782.393344
2 448.154347 829.381428
2 420.951270 816.931985
2 459.561667 801.235874
1 403.482149 747.350352
1 560.289668 768.493825
2 411.073353 828.313220
1 641.439316 805.451530
1 380.489962 742.692025
2 394.813813 842.975736
1 361.449506 675.915852
1 571.999876 803.190128
2 414.793660 815.430689
2 417.182825 859.793182
1 557.530291 797.468894
2 426.371710 806.796086
2 405.959085 852.042787
1 561.714745 804.488091
2 381.404476 844.686210
1 457.862385 671.086835
2 399.184249 829.656651
1 405.988625 670.979099
2 417.346535 756.356793
1 371.037113 752.940481
2 422.678181 854.485630
1 371.808379 726.368825
1 337.747418 683.557907
2 415.671596 823.939820
1 582.633761 812.867532
1 410.709711 679.653448
2 432.867768 810.537343
1 369.348368 714.662562
2 361.862833 833.772766
1 409.675964 706.075296
2 473.143675 796.707781
1 575.089942 847.742891
1 574.260181 769.740204
1 405.118407 685.513023
1 421.905139 674.274620
1 611.891245 811.419491
2 353.274730 787.309398
1 582.081390 773.841525
2 391.616346 865.693640
1 425.491888 667.540287
2 427.852932 798.312333
1 560.511364 775.408030
1 571.266946 757.234186
1 821.918281 286.535242
1 819.703925 311.468283
1 819.562622 309.232983
1 802.629404 300.577595
1 839.125300 303.166866
1 819.550908 293.675277
1 823.128751 297.453261
1 823.478148 298.508401
1 821.751465 291.149601
1 818.087407 302.558102
1 815.426318 276.391480
1 819.187439 300.062221
1 804.173060 292.202385
1 820.927539 293.228590
1 822.934482 292.983958
1 828.970412 303.746897
1 820.841994 316.170513
1 815.418058 296.885520
1 819.024018 294.624643
1 831.099042 306.238499
1 818.992631 313.060734
1 839.922837 300.968418
1 814.089782 286.227806
1 803.852044 302.353583
1 809.983797 301.390875
1 823.426854 290.314283
1 799.510615 313.051670
1 837.694861 287.564907
1 831.735188 292.686087
1 805.251090 281.217554
1 834.640377 300.015460
1 819.206725 279.764840
1 814.325253 299.945888
1 826.184956 286.264424
1 849.623320 286.623236
1 809.423902 309.567495
1 802.363511 325.677755
1 820.761614 283.155397
1 809.120506 266.314711
1 825.593756 282.595652
1 800.789013 279.643868
1 838.087290 289.828379
1 788.305118 283.377290
1 804.982995 314.312380
1 860.608947 257.587774
1 850.322917 314.973096
1 787.261516 255.192434
1 816.756391 320.707020
1 814.302154 311.264672
1 831.730258 300.163954
1 827.024270 308.487335
1 832.390311 283.946956
1 820.466625 329.447316
1 823.972760 259.640179
1 803.330461 327.365019
1 836.811248 254.032889
1 836.764756 305.718069
1 785.422981 333.129648
1 832.561094 260.529838
1 819.482881 314.170437
1 789.790536 291.610289
1 796.197346 321.997922
1 805.053647 267.488047
1 789.181948 260.558111
1 831.715746 288.774068
1 813.373975 306.738470
1 766.009336 284.754269
1 824.284519 302.414619
1 833.945200 287.337513
1 833.360994 312.510789
1 786.858143 284.289441
1 797.167607 326.489794
1 794.618341 283.098478
1 790.890568 289.114408
1 839.270840 260.231116
1 792.634454 316.869283
1 801.956218 299.465713
1 882.886445 279.014156
1 837.619040 297.549079
1 801.060619 287.636176
1 838.036125 304.204341
1 781.940185 296.315888
1 814.537322 316.423471
1 759.317892 274.176302
1 822.470311 270.377744
1 800.911892 281.756268
1 840.722607 276.682862
1 836.839613 288.574119
1 809.143369 331.444429
1 781.745548 278.409490
1 798.681238 278.813262
1 785.170303 316.601028
2 846.066883 625.840064
2 854.026035 648.220403
2 839.991632 615.530566
2 853.077069 632.163393
2 841.955730 613.519406
2 852.416090 642.763955
2 837.016986 614.694498
2 840.738615 643.357703
2 843.478089 641.697435
2 838.721206 644.038280
2 863.400528 639.149061
2 837.233535 635.162835
2 850.632442 625.157595
2 850.418268 615.658842
2 857.351504 643.163369
2 850.318600 639.521488
2 835.521914 631.914579
2 831.556330 614.604932
2 850.077215 631.957816
2 856.027421 643.177058
2 852.373098 634.690302
2 851.245743 630.290808
2 836.293860 616.051164
2 837.884820 636.400251
2 848.812040 628.612968
2 850.192135 635.737483
2 854.054095 633.278565
2 846.559716 642.299393
2 834.979246 636.262926
2 855.763583 644.513919
2 856.436795 633.342058
2 852.717873 632.804110
2 842.090755 638.151091
2 850.868218 630.077384
2 831.691895 631.432495
1 832.627244 353.715738
1 813.836260 335.389522
1 856.381594 374.595443
1 837.818008 357.639949
1 834.575381 370.164579
1 822.370464 336.258771
1 828.137799 363.069322
1 769.272418 362.800544
1 840.140981 348.454226
