1 197.585379 68.536473
1 227.392955 302.192280
1 313.969586 315.599614
1 230.003390 178.856653
1 33.712336 314.647254
1 67.476189 260.100194
1 140.683214 156.090703
1 327.772860 137.490116
1 24.904997 303.394023
1 173.588134 18.022255
1 95.152191 45.713199
1 104.480227 300.510895
1 61.422672 151.633035
1 239.003649 113.693761
1 118.284728 190.161764
1 69.832090 331.992364
1 263.906661 32.168027
1 85.354037 176.337397
1 188.429640 110.722341
1 85.447888 324.330994
1 241.341109 212.649048
2 311.303603 181.219448
2 296.287722 49.767000
2 304.295869 104.174248
2 218.346695 214.268148
2 22.485585 138.729812
2 260.349239 159.039324
2 6.199062 263.813075
2 324.061254 12.367633
2 274.374649 192.921543
2 111.295531 220.133324
2 262.440707 310.060783
2 23.491015 238.615023
2 208.130459 204.658832
2 226.152450 34.390305
2 186.346612 292.779963
2 49.404244 283.744333
2 259.220601 265.894176
2 27.811361 294.507556
2 232.037100 224.366833
2 70.388703 330.014283
2 75.593692 277.491447
2 68.494765 61.885264
2 138.617246 81.614730
2 129.997594 243.710430
2 82.412880 141.234770
2 159.875039 88.026675
2 69.140203 105.949610
2 28.657664 4.273275
2 298.526617 264.681685
2 56.607664 307.899096
2 312.166270 137.625010
2 26.267607 21.270480
2 321.298975 54.299931
2 264.232769 249.187822
2 255.375288 185.264193
2 215.842682 278.285876
2 249.747218 286.413158
2 279.212033 331.800861
2 250.199702 316.097070
1 123.667395 173.433778
2 325.500272 205.442970
2 56.278928 299.062810
2 124.797953 223.888149
2 192.206202 188.828698
2 323.468068 5.353064
1 109.104923 305.602612
1 306.377559 173.237324
2 309.426967 320.852910
2 284.668343 163.812201
1 187.123815 187.947835
2 229.804017 311.530632
1 36.283381 325.421531
2 274.852242 310.738565
2 312.075527 247.738940
2 266.968305 290.807303
2 207.946852 248.338472
2 6.416060 330.254764
2 15.944457 309.721854
2 287.094024 145.580465
2 116.314889 68.375475
2 277.261999 261.697961
1 163.491249 479.108492
1 58.795044 497.863921
1 38.816802 662.589717
1 219.538441 433.763289
1 193.193735 378.532522
1 221.169798 380.067057
1 194.360526 412.161575
1 259.142315 558.966514
1 189.382456 509.944123
1 230.529024 558.307207
1 218.647039 658.015779
1 206.277293 379.037724
1 193.212425 450.287582
1 235.155047 472.810310
1 180.265875 471.780884
1 149.900140 516.909154
1 204.424429 617.270977
1 152.879955 490.706121
1 30.461587 417.075698
1 283.232829 381.018830
1 0.480891 612.236223
1 146.920984 561.102274
1 47.585308 647.157558
1 315.283949 603.734123
1 196.074973 595.980173
1 184.756866 572.805023
1 33.137175 649.557979
1 276.358118 413.278334
1 284.242584 396.271092
1 316.598961 383.804521
2 299.201049 449.494960
2 173.855350 592.209000
2 260.483380 481.198041
2 252.749137 558.805498
2 273.631074 376.147589
2 255.596079 399.658589
2 330.712272 586.209813
2 197.531141 498.212117
2 233.907174 613.206898
2 304.892282 625.772198
2 281.478477 407.085735
2 60.834130 666.560717
2 22.493793 578.740681
2 314.257561 665.376860
2 62.149583 504.820760
2 231.058875 589.727769
2 205.058867 651.079323
2 208.381219 581.376326
2 206.069341 333.801522
2 64.670478 522.482213
2 91.462422 610.635597
2 284.807814 501.714916
2 90.035731 550.198436
2 92.715450 413.027946
1 273.657228 648.912947
1 291.024908 556.448778
2 280.814160 415.507761
1 88.060265 344.404139
2 227.411504 580.625626
2 299.881917 447.535711
1 5.389341 425.031153
1 61.798774 387.680915
1 205.077024 557.966304
1 201.083649 597.945327
2 209.064769 561.643792
1 221.109575 536.845983
2 86.242684 573.490500
1 80.282730 429.417095
1 101.327388 390.615568
2 309.181602 646.089997
2 211.846628 640.106157
1 224.972999 435.539630
1 285.360169 375.264465
1 26.769267 611.140944
1 154.256596 697.091081
1 321.284877 954.658500
1 175.153870 719.705380
1 74.087412 798.805581
1 114.278012 944.504855
1 63.229111 954.847485
1 19.453530 890.267033
1 263.934164 694.517496
1 136.924088 691.493316
1 36.741120 839.077199
1 265.422237 881.274801
1 91.065556 770.707594
1 127.126240 953.447158
1 167.710973 983.034401
1 131.248527 879.788805
1 318.283908 854.352679
1 203.245367 953.596296
1 64.373245 872.201101
1 182.175276 940.294038
1 44.055137 933.189976
1 250.228455 871.586628
1 203.154321 897.236786
1 18.933626 746.526430
1 290.334198 928.099551
1 274.301190 683.853948
1 102.448526 768.324268
2 87.527853 892.257136
2 278.084093 919.242683
2 131.113662 912.742586
2 180.811485 721.035935
2 296.334759 892.508787
2 240.171921 802.840766
2 107.076504 909.006980
2 213.138510 672.667877
2 155.575248 687.687698
2 181.319500 985.091133
2 116.215981 692.181778
2 274.114663 758.089276
2 236.881243 788.766236
2 240.933586 706.704299
2 217.341167 932.283425
2 277.356968 681.089350
2 0.594326 910.431778
2 13.041661 803.003318
2 316.195059 764.532779
2 205.393524 890.153634
2 118.604955 699.130390
2 61.644076 900.865378
2 168.701846 780.767669
2 165.308361 678.683242
2 245.606666 798.682587
2 19.320124 973.046784
1 83.624610 702.127103
1 309.073103 842.320853
1 269.083260 838.944389
1 251.943872 828.042802
1 260.229019 858.530347
1 162.635014 963.747538
1 114.563002 916.185281
2 53.137411 910.399146
1 179.141967 886.037222
1 54.881599 899.688557
2 2.803823 796.907224
1 121.808439 960.754826
2 198.146924 699.571163
1 91.773944 743.282674
1 114.411495 993.668188
2 181.007537 688.669575
2 111.022763 669.437324
2 181.096475 692.716361
1 222.047658 689.777700
1 437.672608 243.588201
1 554.275334 217.325744
1 659.482798 27.387874
1 554.549485 150.343773
1 494.573009 201.953483
1 366.801041 295.120732
1 624.710932 4.766620
1 399.545331 170.074996
1 538.309617 284.726028
1 337.443010 171.977115
1 555.786333 203.063245
1 333.861333 157.776151
1 617.951880 303.828925
1 600.836980 316.081911
1 415.575331 234.658095
1 378.244299 230.097020
1 506.271850 286.688390
1 400.507023 34.230554
1 469.101412 153.836452
1 494.527024 169.923801
1 639.038861 132.143028
1 343.499290 58.704461
1 480.077981 178.862291
1 376.892342 172.228952
1 414.725986 88.442162
1 489.112664 165.513744
1 409.032608 238.411885
2 545.232714 69.819280
2 497.057436 147.554779
2 396.730953 108.485341
2 617.156866 302.006276
2 346.692532 131.045582
2 547.567860 119.249576
2 352.786408 298.573828
2 568.405990 298.771720
2 403.785010 190.942886
2 386.675433 147.413109
2 485.581418 1.609562
2 629.392762 195.655718
2 487.276280 269.425335
2 452.664790 48.360798
2 616.741788 12.729389
2 551.283602 2.600051
2 345.087822 55.576289
2 553.615903 138.542809
2 508.720626 78.371781
2 583.254824 9.354457
2 341.019188 293.961635
2 629.694619 226.715719
2 375.697774 56.666100
2 467.638588 215.260343
2 609.067411 234.340402
2 394.556269 21.514248
1 374.777707 135.058059
1 661.624284 76.393209
2 519.555886 51.449225
2 644.444117 40.119773
2 358.218202 288.147798
2 511.529595 163.141154
1 426.552480 193.164891
1 493.575521 185.048709
1 522.350928 194.377163
1 488.761102 173.854945
1 371.556451 203.062871
1 453.226111 156.041669
1 534.139369 203.902973
2 482.035014 215.772495
1 510.001130 282.905205
1 472.241331 188.537565
2 457.892502 229.091661
1 631.118744 283.975954
1 649.559600 287.919843
2 508.182150 35.652949
2 579.822051 231.742487
1 398.559512 252.001170
1 348.704343 230.655776
1 360.989134 267.022194
1 517.015037 225.211082
2 365.028469 148.252837
1 428.742195 214.805124
2 497.101146 42.431134
1 573.737686 294.147552
1 400.627405 354.314444
1 479.796687 394.757654
1 531.729551 438.009189
1 465.860585 497.771392
1 530.813643 627.469104
1 439.673418 455.271631
1 605.222508 510.639681
1 538.450583 385.941499
1 634.484924 386.131854
1 636.274505 643.814850
1 536.492319 547.066807
1 582.233200 512.266875
1 428.424631 359.832228
1 372.358615 528.288930
1 649.120156 403.353534
1 580.333194 508.599401
1 575.767190 358.325627
1 616.376797 646.466445
1 508.200340 343.851177
1 597.926505 594.775631
1 607.111084 487.176608
1 471.975369 344.255530
2 533.400303 599.213708
2 576.459885 523.426468
2 448.339665 568.537646
2 379.576731 453.259534
2 650.687050 406.399743
2 644.760365 509.502881
2 616.722677 420.477605
2 488.089405 503.064856
2 411.144280 406.662058
2 623.372161 468.380917
2 552.020073 656.825809
2 467.628122 554.710692
2 548.055822 583.751248
2 557.924016 394.976669
2 528.320052 391.491566
2 562.553138 558.126708
2 616.423212 525.475439
2 403.064486 466.049517
2 540.981224 355.940442
2 662.607590 345.115221
1 462.800918 354.272813
1 647.774447 634.104963
1 643.154629 371.388217
2 552.177159 604.609035
1 598.442172 550.009972
2 571.710768 367.481265
2 559.487098 374.381171
2 587.246171 422.162858
1 535.810318 568.833185
2 541.486836 558.769280
1 637.955307 401.290767
2 471.923092 352.405135
1 479.150636 334.874246
2 540.006202 574.812255
2 590.543795 495.778733
2 594.050923 640.242757
2 600.845959 478.705822
2 650.089748 391.818839
2 592.388331 650.602178
1 473.568388 353.509285
2 615.979828 483.807556
1 581.740979 642.461647
1 519.339281 739.861842
1 662.544581 850.616544
1 595.691517 676.109538
1 543.640552 695.150826
1 450.262727 972.000762
1 514.578574 810.166524
1 573.766390 747.255712
1 631.519930 765.158865
1 633.561672 927.470537
1 489.580713 845.742489
1 555.375538 872.662250
1 386.681430 967.360749
1 534.212399 935.118961
1 632.818256 867.544517
1 575.931702 827.643372
1 445.027406 693.433344
1 514.116324 880.708123
1 560.013102 804.072625
1 397.046499 880.540643
1 416.923185 703.356275
1 412.347251 890.888053
1 635.012244 862.428616
1 635.301028 902.354209
2 458.647282 888.125089
2 358.843302 932.203177
2 486.158226 701.801227
2 459.009833 947.583832
2 510.628871 687.380767
2 502.008098 803.772595
2 658.978667 687.662515
2 376.102059 924.033618
2 410.316333 800.393337
2 501.907144 883.835943
2 465.223297 959.861419
2 510.447942 846.363111
2 579.728320 968.079010
2 557.632724 776.662259
2 479.682360 718.267100
2 586.682614 740.667829
2 424.326101 922.616785
2 573.949316 771.258111
2 444.632350 769.252331
2 427.137828 896.014539
2 432.330753 767.295837
2 647.750576 935.049148
2 634.725527 904.321227
2 345.161844 771.372761
2 492.872069 763.559999
1 458.536066 680.314326
1 576.759074 803.847058
1 585.676067 823.051553
2 350.641678 915.357653
1 581.427685 966.078231
1 599.680581 725.685091
1 522.958745 869.621835
1 544.441314 755.887310
1 519.873136 869.787855
2 505.530869 667.571847
2 528.689627 742.210414
1 519.584074 718.230696
2 611.957070 947.533346
1 572.144171 816.701630
1 658.307963 832.247785
1 512.850192 748.038380
2 488.967378 830.387677
1 611.478896 761.203582
1 631.556989 868.836994
2 556.973857 902.866747
2 520.798767 842.073592
1 665.232587 674.815927
1 354.983033 878.548271
1 578.397737 916.813990
2 649.517527 776.763119
2 457.824660 667.238430
2 337.564005 667.450881
1 551.048265 859.092214
1 644.784541 864.087724
2 445.839413 754.176819
1 602.422039 822.825986
1 593.247588 832.843269
1 465.341465 780.085223
2 515.836737 724.234384
1 419.670648 997.487094
1 526.210829 841.318154
2 551.239459 878.697506
1 624.329225 854.310857
2 348.117560 998.227059
1 502.632219 871.215345
1 522.786029 865.964486
1 529.488444 771.849119
2 548.153850 878.863526
2 515.820573 869.418108
1 626.037920 906.914808
2 486.572393 710.460637
2 452.158193 896.301627
2 369.620351 903.443062
2 473.707072 820.943043
1 946.685645 109.988788
1 827.422182 105.188145
1 766.849249 309.958389
1 767.907736 98.066569
1 723.442000 85.014089
1 917.625834 122.586314
1 900.365892 54.065705
1 788.971267 268.132435
1 691.561735 314.308697
1 980.420592 68.781357
1 962.258994 313.001479
1 672.372467 90.696022
1 841.535291 300.881902
1 848.896776 101.239247
1 929.245363 145.278844
1 893.361030 289.998926
1 857.788573 22.876179
1 778.319062 153.347837
1 699.510087 290.988315
1 727.528044 274.202015
1 679.509416 176.519714
1 866.157609 248.868468
1 980.670262 100.503480
1 928.259221 68.468331
1 925.703512 260.486935
2 761.223703 188.258693
2 825.531417 308.638669
2 722.519278 299.405164
2 822.344151 161.353950
2 712.757922 330.332361
2 879.787301 294.005986
2 785.736209 193.188338
2 875.924621 256.132601
2 803.246346 171.690774
2 980.532567 95.485614
2 827.670306 273.804941
2 893.840095 186.712941
2 804.450220 289.370520
2 931.047050 81.067241
2 748.202896 54.657703
2 985.729523 320.669806
2 848.235397 11.428255
2 893.714932 139.460270
2 835.685507 164.206653
2 672.715336 96.579324
2 772.732596 169.926988
2 941.315398 214.493748
2 829.670459 330.103645
1 766.037337 253.918924
2 875.589505 257.675740
2 850.324031 150.549615
1 813.703647 139.299489
1 845.376269 271.206930
2 844.879624 305.390044
1 814.479792 53.707351
2 905.369923 98.434506
1 740.472586 253.493458
1 682.024162 321.037288
1 887.840194 247.576863
1 871.727886 152.707367
1 733.535671 76.277268
2 858.286376 211.889339
1 835.537425 80.765386
1 667.285854 165.795136
1 780.521345 56.807127
2 850.203772 277.723313
1 681.829703 292.686785
1 804.336725 304.021707
1 894.762738 279.510299
1 800.518486 59.973971
2 803.539757 166.093692
1 818.601361 286.668391
1 767.570879 139.045024
1 900.624623 242.142979
1 824.953431 56.367826
1 934.545933 249.400647
1 939.938291 234.664325
2 763.797713 259.058270
1 863.470679 217.745584
1 753.906859 258.477595
1 913.760313 298.362502
2 776.198636 199.916929
1 834.025304 257.383704
2 731.333150 225.940824
1 708.257840 263.635614
1 897.060344 547.312910
1 788.146643 665.920776
1 732.729678 562.481058
1 874.550603 338.888955
1 772.921251 442.633022
1 933.083970 644.164863
1 701.520157 588.107285
1 818.778591 659.622318
1 785.529985 378.422290
1 793.020601 467.315333
1 996.085707 409.312371
1 894.956407 462.415673
1 849.637310 379.541859
1 739.893326 519.316578
1 713.646393 559.191219
1 927.313567 450.265303
1 820.994823 456.586847
1 689.472887 423.828622
1 832.153658 388.326459
1 973.331642 581.856048
2 935.966839 653.051092
2 888.106214 369.840557
2 927.315655 378.736469
2 683.668105 524.249998
2 761.356937 492.751501
2 691.004191 582.766931
2 979.082283 493.955603
2 848.086646 586.213854
2 811.866568 632.505143
2 732.608011 515.422528
2 879.844751 592.811505
2 735.073520 632.649006
2 896.992502 567.010741
2 751.724726 452.877944
2 697.186770 591.876354
2 773.996828 552.161962
2 933.404402 379.427592
2 816.502501 606.469002
2 902.932218 421.229533
1 701.813568 582.510203
2 947.117360 595.760798
1 859.738995 370.958760
2 832.936822 509.392703
2 748.941632 480.557244
1 696.223749 575.303244
1 872.776368 367.584168
1 798.461297 355.043406
2 729.007944 486.226021
1 805.527484 382.948689
1 779.865312 413.824067
2 953.904026 476.567174
1 925.765358 649.125397
1 852.806295 413.018909
1 823.904643 371.461023
1 921.299776 651.633182
1 756.550576 639.018037
2 956.616246 464.026464
1 694.812423 383.030168
2 787.810796 465.766585
1 789.951326 391.080081
1 996.294151 631.026672
2 931.632118 436.946919
1 860.883838 342.826304
1 814.092274 564.332202
2 994.878887 503.440946
2 895.994218 534.594223
2 944.557715 633.032506
1 679.442958 345.499550
2 909.031591 531.219631
1 687.235036 541.356972
1 694.635608 580.087413
2 725.992059 444.797108
1 858.386357 341.152087
1 818.843501 903.990710
1 777.875427 961.349815
1 784.662348 807.976081
1 713.883973 681.871294
1 698.351632 832.887170
1 861.669362 870.495413
1 884.976513 967.340616
1 776.948956 925.669527
1 985.729791 736.182174
1 705.506024 782.124510
1 752.682000 760.811311
1 889.445493 755.067427
1 991.276271 928.139018
1 774.961623 824.542234
1 761.411600 684.993317
1 742.257953 755.718707
1 948.075843 711.627920
1 787.572453 772.058655
1 729.567595 828.907751
1 804.312989 796.868233
1 992.452014 887.245723
1 973.469796 973.959822
1 984.950837 781.143714
2 806.888779 903.158509
2 719.869456 922.801414
2 711.178231 902.302355
2 910.685141 887.346740
2 955.729005 752.378792
2 824.573524 951.077650
2 688.667302 741.599192
2 851.580954 973.453359
2 751.369956 730.967509
2 901.751763 901.376158
2 961.570173 672.819592
2 828.199575 803.765985
2 730.353121 806.652293
2 957.127626 945.695485
2 670.284679 670.533588
2 900.559246 691.848082
2 673.480700 875.861290
2 853.446083 923.633050
1 872.433035 715.280341
1 707.588917 685.232335
2 721.371362 709.834774
1 896.954367 999.820925
1 977.818593 907.520793
1 941.874788 777.892557
1 999.319233 839.182556
1 790.963922 824.139422
1 688.204398 691.333488
1 883.849752 993.349580
1 717.041707 764.215250
2 722.631006 899.244529
2 668.901912 712.225327
1 787.393576 973.129430
1 803.966983 691.692123
2 864.896040 878.112408
2 803.799251 753.792639
1 988.013288 768.613529
2 726.171030 938.964755
1 843.239784 934.935005
2 767.055944 741.632140
