1 202.078525 179.315206
1 186.819888 180.064576
1 214.176846 164.074055
1 182.952212 174.534474
1 206.669392 164.939290
1 196.768541 177.505941
1 204.328503 189.087506
1 210.958168 179.125455
1 211.836927 174.842533
1 189.331589 163.877402
1 203.527437 163.832954
1 193.067098 161.343859
1 199.534577 179.521387
1 201.970054 177.160632
1 209.442568 186.467994
1 180.724814 194.967207
1 203.531713 193.973627
1 193.107182 173.501593
1 196.032144 186.401373
1 216.060535 192.472274
1 198.853969 176.148251
1 192.250519 197.907028
1 194.037276 181.435106
1 199.799649 178.648621
1 181.725132 173.312320
1 183.153069 197.091140
1 188.637822 183.889312
1 189.229870 181.374885
1 199.026631 174.339036
1 190.123317 178.772194
1 211.479674 193.053529
1 201.737982 180.358956
1 199.410362 165.275356
1 200.678000 184.928028
1 178.902086 190.791062
1 199.439138 173.536568
1 210.518514 165.218820
1 201.121318 185.842062
1 185.497611 180.646397
1 198.505473 182.127880
1 182.344040 172.955946
1 194.792092 166.717099
1 186.702925 186.835629
1 203.281993 182.508794
1 215.404842 195.972708
1 209.131122 169.530986
1 205.148379 156.622375
1 203.190361 193.766879
1 201.587909 182.185522
1 210.067252 172.806962
1 254.957098 156.839294
1 198.968193 198.555784
1 205.353140 149.970935
1 213.438161 210.632228
1 201.915140 159.088242
1 223.963800 170.321744
1 226.128095 209.231793
1 201.673248 205.758053
1 197.937024 147.317107
1 185.733118 172.946038
1 202.298851 108.051042
1 167.045674 164.562623
1 201.190315 174.649426
1 194.506385 237.597465
1 225.501888 157.048841
1 225.260550 212.513651
1 231.027332 153.853076
1 219.693353 162.502139
1 173.746080 171.778030
1 134.817556 135.210341
1 194.667378 175.155048
1 214.138119 163.032995
1 177.964906 170.944249
1 194.234386 147.762152
1 180.346517 189.029025
1 203.509173 182.536930
1 201.809301 240.581820
1 202.361714 169.555657
1 246.524103 182.575416
1 179.723392 149.512405
1 164.500236 159.924819
1 265.302993 219.900399
1 204.386478 218.091709
1 267.420215 172.299848
1 225.578669 172.334959
1 213.633521 113.270507
1 232.157839 172.017213
1 251.188757 200.555827
1 178.591186 200.250679
1 168.308306 215.694372
1 188.684492 185.250660
1 202.474427 131.465705
1 146.982753 152.733713
1 181.617066 162.615186
1 207.244511 149.103855
1 150.682498 216.098927
1 220.157938 188.406805
1 212.845654 205.882348
1 196.096245 172.973844
1 198.433916 176.342981
1 208.136152 146.010062
1 185.557289 210.422647
1 205.345542 190.287009
1 240.430157 116.508213
1 173.199044 168.089383
1 177.491223 159.117897
1 203.354372 178.860843
2 59.664177 453.414726
2 50.576305 436.787278
2 58.482343 434.984402
2 51.425367 440.837784
2 43.175214 434.119097
2 75.720087 415.002922
2 58.804816 428.815023
2 63.347146 425.863559
2 60.732494 408.726670
2 72.406240 438.663397
2 68.614963 418.307461
2 78.024736 442.886722
2 67.604440 409.186050
2 50.591738 412.758446
2 64.626408 427.958435
2 74.532559 427.224107
2 45.398665 416.726962
2 56.673980 431.836704
2 64.811656 413.906890
2 39.766784 432.656259
2 54.629899 427.696813
2 39.445893 422.065107
2 64.010856 425.553187
2 59.602518 430.313672
2 64.184752 413.590620
2 80.182577 438.192942
2 70.931752 442.930283
2 61.246465 421.775181
2 60.792721 428.363508
2 61.668450 429.694248
2 53.810192 419.722364
2 56.705041 425.612133
2 56.175670 411.315359
2 63.494198 428.757342
2 83.436392 431.710276
2 56.345963 431.619136
2 62.089104 430.141319
2 43.408837 443.731623
2 62.548742 428.029501
2 65.727367 424.865274
2 71.831915 415.201987
2 61.552714 420.683760
2 54.176240 408.216230
2 54.332525 422.651007
2 65.391002 431.691994
2 45.589576 434.050779
2 63.955935 438.324871
2 40.333242 444.457525
2 47.776520 438.419990
2 83.859896 425.730642
2 88.868680 460.690420
1 137.580917 790.113407
1 154.195366 773.573497
1 148.767415 779.060031
1 148.218661 777.629893
1 139.421185 798.342218
1 138.908182 789.084680
1 146.418749 784.457072
1 160.131038 787.909778
1 150.308837 780.140365
1 157.117436 792.632554
1 158.460107 771.246079
1 146.027089 803.146904
1 157.586055 786.824144
1 151.165851 778.942263
1 154.737368 774.207855
1 153.580006 777.188003
1 164.555545 789.736037
1 150.928066 781.749938
1 161.261873 761.410870
1 149.508251 763.863873
1 144.243613 785.552113
1 163.909595 777.338638
1 146.093343 790.984559
1 136.628337 785.524255
1 140.338804 770.199865
1 135.578839 792.133503
1 135.556030 777.083723
1 153.267474 780.133094
1 150.762099 774.299002
1 129.636304 786.653029
1 147.859911 793.014543
1 150.481933 780.709372
1 130.425149 772.329319
1 147.324617 770.897743
1 165.789670 780.267917
1 170.979326 792.811980
1 143.297630 795.898551
1 154.225798 768.676333
1 146.283493 780.222102
1 156.864742 796.891839
1 161.861036 758.807051
1 128.360333 771.670554
1 157.033526 783.322430
1 154.356766 782.354495
1 171.076966 768.126136
1 149.792901 793.426537
1 155.137713 786.289303
1 144.477388 777.595097
1 165.961065 763.317471
1 160.573092 762.600482
1 172.880981 761.195678
1 141.242702 776.749706
1 157.201204 753.146260
1 143.413105 748.646288
1 169.768888 792.928819
1 121.916028 763.926428
1 169.779120 763.676578
1 78.559337 815.172648
1 182.674955 803.093608
1 150.820087 741.411829
1 147.051351 744.459709
1 148.253230 737.619182
1 197.132825 739.816011
1 160.557816 768.200011
1 114.724512 751.984150
1 176.978572 785.666581
1 129.792030 812.035515
1 171.171229 727.368426
1 165.617494 798.997252
1 136.655443 789.325227
1 134.073788 764.121829
1 163.232080 704.333130
1 176.732025 755.422852
1 166.958084 756.577000
1 158.202975 759.041041
1 160.782799 748.887209
1 204.113693 782.358051
1 146.491543 761.044240
1 188.375506 776.585442
1 169.908823 774.108131
1 162.214892 728.844500
1 182.062280 768.821365
1 156.946948 753.108994
1 74.776450 809.947228
1 167.237441 679.674226
1 142.590065 766.325868
1 116.777098 779.342496
1 155.884495 769.798969
1 161.664404 793.500042
1 174.808413 739.076288
1 209.573226 792.441440
1 189.791363 783.119936
1 170.940104 741.695793
1 156.962867 760.225459
1 170.592397 779.051125
1 206.066168 803.129568
1 150.108461 749.485010
1 120.056059 739.955752
1 315.416606 698.450544
1 163.288067 771.925159
1 115.207287 758.815384
1 112.191894 798.245641
2 499.585782 134.991032
2 484.248733 151.095240
2 487.072859 134.072046
2 483.869978 133.688808
2 506.632547 149.885286
2 492.965995 129.845313
2 518.370217 137.655406
2 500.372290 132.347817
2 487.886167 155.139001
2 493.720714 134.765195
2 500.592111 143.538737
2 509.219396 138.393067
2 509.805614 158.859363
2 494.685072 156.280964
2 516.707945 155.811111
2 493.952420 155.236588
2 512.198795 143.865391
2 498.891104 142.434045
2 503.031665 142.810787
2 503.838197 164.691625
2 482.063822 143.746553
2 496.084056 144.129262
2 491.287710 130.238975
2 493.997559 149.054409
2 505.718363 140.086895
2 516.354893 141.664266
2 492.726283 160.391446
2 497.273132 140.416961
2 487.985610 127.781588
2 480.665799 140.519273
2 491.863470 139.404843
2 484.169628 124.939385
2 500.296424 143.208910
2 502.431803 130.208756
2 488.163780 137.309645
2 507.653555 163.648638
2 490.172815 141.775291
2 497.665782 137.406016
2 504.235634 136.967520
2 507.121802 126.362128
2 504.037112 143.205893
2 519.923327 144.451390
2 507.237126 134.154348
2 495.384363 140.921447
2 497.827101 132.321328
2 520.065446 142.572758
2 485.296409 121.877189
2 495.878229 119.440463
2 499.532163 145.276059
2 486.023560 139.868389
1 414.159271 654.484542
1 396.965906 656.429721
1 409.232629 630.668999
1 407.023245 639.978443
1 393.944144 650.141133
1 399.197276 650.149638
1 405.431374 649.333913
1 391.300101 656.779568
1 399.486811 646.725757
1 400.259023 649.944374
1 399.088965 649.256337
1 395.487644 652.575963
1 399.326209 652.158784
1 411.968041 650.520766
1 398.848586 635.686138
1 391.609420 665.205160
1 408.133576 630.837110
1 399.173399 644.191207
1 409.607785 663.929181
1 389.841955 658.005263
1 400.774781 650.308213
1 399.641320 649.664334
1 400.950645 653.944074
1 396.906714 642.965381
1 396.371375 649.914623
1 381.955513 645.056636
1 398.298446 654.480653
1 405.424793 638.575822
1 381.367666 653.613494
1 410.397212 637.327155
1 398.660293 649.819049
1 401.354440 647.757411
1 390.971265 647.465206
1 405.861198 641.062399
1 398.602001 647.378318
1 394.385557 654.002274
1 393.340697 642.555826
1 411.539163 654.654595
1 401.664526 639.774492
1 408.226809 628.395687
1 395.338749 637.154486
1 403.421915 634.225238
1 415.984239 646.909203
1 399.215922 650.971434
1 423.036678 654.281203
2 556.654560 492.168320
2 566.327921 479.929622
2 559.645556 478.749257
2 542.108217 474.036524
2 559.685605 487.433473
2 563.369408 490.282628
2 573.381410 471.477110
2 559.161220 474.688788
2 557.486451 481.565274
2 556.840378 498.166857
2 563.704203 473.647680
2 558.252617 486.808067
2 558.899972 479.781194
2 548.343974 488.373185
2 559.745212 479.979779
2 569.635254 470.297255
2 565.753896 479.453980
2 547.504747 473.173566
2 568.280122 458.401332
2 552.993692 480.154732
2 536.452940 475.645585
2 545.797056 473.774194
2 567.445625 494.042759
2 562.460124 483.713340
2 543.069621 483.761617
2 558.284391 476.821103
2 547.655082 458.294657
2 561.074381 495.485274
2 563.167474 480.654356
2 566.168079 497.857587
2 557.684401 461.115869
2 552.590856 490.349685
2 560.512513 470.929234
2 563.243376 477.289553
2 542.971177 465.114985
2 544.830961 464.668945
2 553.586758 461.895545
2 564.947799 458.268381
2 567.193653 481.763242
2 564.631733 472.059136
2 559.099342 479.038836
2 580.142647 476.366680
2 565.634408 455.665149
2 557.992754 503.939145
2 580.160206 485.271098
2 564.291244 478.719299
2 548.831643 495.501298
2 544.664903 471.243575
2 545.146850 474.591171
2 568.669514 482.475636
1 392.810246 638.017046
1 414.223662 643.190899
1 354.687489 659.676712
1 397.102351 657.339181
1 401.114189 653.171726
1 385.213692 644.800264
1 374.445811 619.102364
1 405.860164 624.208611
1 434.243513 595.810205
1 421.272674 584.962836
1 404.638136 644.594478
1 432.250452 659.497972
1 420.429013 594.252095
1 428.278263 626.096963
1 399.554382 593.792418
1 443.454194 587.985479
1 407.238297 620.725543
1 392.553163 612.670082
1 422.114495 652.765936
1 423.192196 648.880687
1 397.298476 652.118045
2 528.706129 463.860217
1 405.175448 613.767597
1 418.330114 638.189115
1 358.908841 638.251322
1 435.739151 575.496107
1 391.610572 609.128105
1 444.361955 642.128683
1 413.086820 665.269981
1 396.519749 620.687212
1 427.785792 601.961739
1 358.968767 590.396051
1 431.931385 636.081314
1 429.704154 611.891697
1 409.578869 580.684184
1 392.255624 658.854527
1 398.333167 649.207279
1 416.907338 593.571020
1 402.289491 639.110963
1 456.751035 627.512195
2 563.792949 506.478235
1 413.062930 653.040764
1 394.919921 662.420834
1 447.116347 616.557590
1 399.038282 623.364641
1 393.713148 649.839759
1 424.081975 648.642425
1 425.101151 613.874703
1 391.015510 606.997699
1 425.613714 656.593298
2 541.181285 425.694695
1 392.114856 668.457714
1 394.954126 674.308099
1 410.850476 670.035768
1 395.577588 668.116983
1 394.221399 669.527537
1 575.661683 787.109299
1 554.016372 799.904415
1 581.751516 787.336215
1 566.340280 801.260464
1 570.123937 800.021367
1 591.474880 793.367133
1 567.376086 804.549630
1 560.549366 808.971070
1 587.251436 782.693528
1 587.747347 813.579480
1 583.242380 791.272099
1 572.751738 801.405733
1 552.745377 812.852118
1 564.153244 803.367135
1 566.634687 799.764181
1 569.401358 802.703440
1 581.768991 798.964816
1 572.759855 799.243772
1 577.898006 790.170492
1 574.622078 798.789140
1 583.571398 807.125762
1 573.053080 813.579015
1 584.509425 787.087501
1 572.145453 786.877142
1 574.188549 798.183811
1 555.463841 818.504065
1 589.863390 791.962140
1 560.629967 802.699365
1 568.084256 806.421477
1 556.173005 808.304817
1 572.362892 786.040284
1 569.348468 803.664456
1 559.722450 798.231480
1 554.189676 788.492689
1 565.268759 792.765162
1 570.431892 804.553449
1 553.812317 802.677720
1 566.122417 793.535738
1 556.450136 801.912863
1 558.457108 801.771453
1 553.909713 813.565870
1 551.165307 798.782531
1 588.384833 811.338194
1 564.321143 806.739449
1 563.309108 788.919077
1 546.552111 799.804377
1 578.038975 812.878854
1 570.841369 788.925269
1 569.494965 799.816144
1 577.269699 796.321275
2 389.538227 833.879714
2 402.161750 844.896420
2 378.960659 833.429814
2 411.442228 835.670410
2 409.237313 811.380150
2 399.890100 830.041025
2 387.390942 851.011779
2 400.025746 809.960347
2 405.207302 850.738799
2 397.114311 827.173351
2 397.580039 831.068220
2 401.636197 813.259206
2 401.312932 830.117661
2 387.290173 814.781166
2 399.712033 820.898581
2 402.382769 830.642689
2 397.509522 816.278095
2 411.152661 844.794265
2 395.711069 837.208026
2 390.150597 825.066402
2 399.501159 818.059710
2 398.257724 839.003859
2 376.583223 838.678080
2 382.307555 837.874612
2 416.083383 812.282884
2 385.918454 817.639902
2 412.266138 813.407596
2 399.456228 830.895849
2 413.065501 846.807698
2 415.642324 835.764118
2 408.008256 824.890422
2 390.094158 829.951194
2 398.878255 849.165779
2 401.366324 848.649844
2 401.175089 840.522349
2 399.819838 837.191383
2 405.832256 845.406995
2 398.449407 821.013905
2 402.179150 831.091748
2 405.133892 836.167852
2 418.329704 828.496631
2 400.384027 826.575821
2 391.501291 844.196585
2 402.664223 816.254259
2 404.526549 830.470441
2 402.357607 815.581699
2 393.088402 831.176945
2 397.917414 854.296024
2 388.306593 841.258806
2 382.629465 844.753000
1 594.849134 833.174447
1 607.586930 832.483917
2 412.857751 893.056604
1 566.304786 841.683649
2 409.806993 782.197612
1 542.376032 843.455200
2 408.049450 792.240112
1 572.663321 853.108326
2 418.903401 881.219543
2 444.129357 835.853889
1 567.018745 816.232511
1 624.981081 851.570206
1 368.285956 673.673607
2 401.760448 818.932254
2 381.895998 831.049867
2 397.228063 851.370089
1 559.272183 791.868483
2 424.112409 830.973618
1 594.255689 817.937846
1 406.968339 696.596265
1 578.532578 771.707604
1 603.928066 845.333003
1 594.165250 766.939065
1 576.331920 780.473931
1 554.762033 757.676713
1 564.849599 810.938633
2 380.952692 853.084576
1 575.388686 811.036588
1 381.663259 683.006971
1 422.936067 670.290707
2 424.290218 841.549049
2 385.541072 839.533847
1 578.067352 841.687842
2 410.328349 843.898332
1 532.932731 789.621882
1 552.346868 839.775350
2 382.491622 852.855958
1 556.454748 771.130763
1 536.288571 840.207663
1 580.867211 796.170687
2 418.860002 835.086784
1 561.114786 868.320625
1 558.310626 834.924321
2 384.119539 818.331771
1 435.029070 672.415053
1 589.587280 781.779399
1 372.985597 682.454163
1 567.710380 737.704058
1 585.820788 799.572060
1 582.330907 780.566947
1 560.636064 817.100204
1 571.304208 794.525157
1 614.429791 800.773787
1 588.126699 826.177248
2 345.346973 811.723397
1 509.456105 781.596455
2 396.764804 824.336595
1 559.671391 719.363465
1 542.471087 786.922995
1 562.728014 824.900222
1 537.707696 790.972576
1 432.467277 678.006506
1 542.867943 802.768644
1 605.623720 828.606316
1 607.785143 782.862166
2 356.253487 853.299104
1 552.948011 832.904050
1 555.418726 803.783871
1 568.274726 831.549419
1 583.752363 782.295750
1 597.395477 788.074703
1 579.717126 765.155725
1 378.475039 681.910513
2 393.215806 841.838037
1 618.147767 840.198287
1 563.817530 806.210589
1 369.509202 677.962902
2 396.687717 844.672320
2 412.285725 790.352404
1 547.444154 811.721666
1 653.613342 820.517101
2 417.508255 825.254804
1 570.371297 799.749129
1 598.067267 807.565772
1 554.895387 835.295470
1 528.282903 759.065091
1 409.966365 687.478595
1 565.272368 831.137144
1 565.731314 811.302657
2 392.246804 877.360786
1 555.247781 743.620660
2 394.767380 866.397400
1 539.613408 784.815864
1 524.107461 814.186905
2 407.225289 831.482720
2 457.953344 822.703982
1 596.210061 810.295813
1 540.665665 765.955244
1 405.917101 668.210537
2 377.126389 836.966687
2 412.854195 821.462758
1 546.573058 815.989210
1 597.023288 775.257840
2 363.661745 774.199531
1 575.358293 808.471915
2 396.789787 849.757340
1 375.120879 698.707710
1 576.570469 747.537929
2 388.921236 802.976612
1 427.307864 672.718354
1 425.040367 686.185167
1 606.014224 790.967235
1 604.623219 855.354686
2 386.354132 880.917491
1 581.836553 800.699861
2 406.053067 791.506997
2 392.635755 813.806623
1 574.139093 788.331650
1 822.570945 295.209373
1 796.388864 306.657840
1 821.036917 304.551643
1 829.830806 294.046739
1 821.918281 286.535242
1 827.008361 306.982318
1 819.703925 311.468283
1 819.562622 309.232983
1 802.629404 300.577595
1 839.125300 303.166866
1 819.550908 293.675277
1 823.128751 297.453261
1 816.029020 288.743721
1 823.478148 298.508401
1 821.751465 291.149601
1 818.087407 302.558102
1 815.426318 276.391480
1 825.283169 296.602609
1 818.450751 282.660983
1 820.312877 300.045297
1 819.187439 300.062221
1 804.173060 292.202385
1 820.927539 293.228590
1 822.934482 292.983958
1 828.970412 303.746897
1 820.841994 316.170513
1 815.418058 296.885520
1 819.024018 294.624643
1 831.099042 306.238499
1 818.992631 313.060734
1 819.454788 297.964086
1 839.922837 300.968418
1 814.089782 286.227806
1 814.952164 321.010370
1 825.252307 296.898763
1 803.852044 302.353583
1 809.983797 301.390875
1 823.426854 290.314283
1 799.510615 313.051670
1 837.694861 287.564907
1 831.735188 292.686087
1 805.251090 281.217554
1 834.640377 300.015460
1 819.206725 279.764840
1 822.409595 321.539671
1 803.484546 312.865743
1 821.588987 277.873229
1 817.297562 303.155753
1 814.325253 299.945888
1 826.184956 286.264424
1 843.584033 318.613407
1 813.453489 263.434721
1 816.230942 253.547991
1 818.342216 296.611128
1 818.453966 302.609799
1 837.153753 283.345551
1 812.085990 289.684804
1 850.970023 311.683920
1 796.278475 284.450591
1 843.454786 276.574319
1 796.564042 332.429463
1 826.629716 283.128634
1 807.275937 298.460625
1 801.355493 327.548958
1 849.912110 328.723945
1 834.883692 299.909430
1 765.618763 324.950004
1 828.994414 309.758169
1 758.695161 321.965297
1 823.683423 280.328558
1 812.398285 284.040010
1 831.133079 315.306601
1 854.074167 216.231405
1 823.470342 272.051985
1 853.803211 302.756230
1 824.487827 291.486901
1 817.468186 293.038473
1 849.159021 289.158470
1 807.424775 309.282535
1 832.797877 248.115884
1 860.101368 329.778895
1 854.995747 289.187607
1 842.104994 266.862936
1 827.433065 291.866171
1 820.990729 220.677700
1 841.551642 323.234617
1 825.902141 277.008143
1 775.030005 273.975470
1 791.186436 299.025095
1 876.871934 328.862111
1 822.794097 298.044190
1 817.462214 320.191623
1 765.356021 307.812418
1 798.684377 287.880468
1 804.910416 287.680536
2 840.676232 608.621616
2 852.475574 633.410839
2 846.066883 625.840064
2 851.954105 627.968782
2 854.026035 648.220403
2 839.991632 615.530566
2 853.077069 632.163393
2 838.369887 634.561641
2 841.955730 613.519406
2 866.584727 624.813974
2 828.963805 622.449259
2 852.416090 642.763955
2 837.016986 614.694498
2 840.738615 643.357703
2 843.478089 641.697435
2 838.721206 644.038280
2 863.400528 639.149061
2 859.753973 642.335668
2 837.233535 635.162835
2 853.881323 619.546542
2 850.632442 625.157595
2 853.359522 611.015333
2 850.418268 615.658842
2 858.067359 619.559308
2 857.351504 643.163369
2 850.318600 639.521488
2 835.521914 631.914579
2 831.556330 614.604932
2 850.077215 631.957816
2 856.027421 643.177058
2 852.373098 634.690302
2 851.245743 630.290808
2 836.293860 616.051164
2 837.884820 636.400251
2 853.265255 626.674026
2 848.812040 628.612968
2 850.192135 635.737483
2 854.054095 633.278565
2 849.995893 630.763458
2 846.559716 642.299393
2 834.979246 636.262926
2 855.763583 644.513919
2 846.730506 607.687930
2 856.436795 633.342058
2 852.717873 632.804110
2 842.090755 638.151091
2 850.444308 630.218780
2 850.868218 630.077384
2 841.498960 633.550477
2 831.691895 631.432495
1 845.378850 356.274757
1 794.045966 337.099070
1 823.609140 333.789868
1 846.296539 344.915524
