1 199.269705 173.437265
1 210.114308 186.948301
1 205.196307 190.114481
1 201.889364 166.244283
1 200.028815 178.904122
1 188.380839 167.329228
1 212.278736 161.253949
1 212.483211 172.490510
1 195.050289 171.076614
1 179.145205 192.423152
1 190.286978 163.249754
1 191.860712 185.192797
1 186.174945 200.079040
1 180.475691 186.882647
1 196.939850 198.505773
1 199.999612 180.015226
1 201.650211 166.035300
1 182.203108 183.478241
1 198.891638 173.225857
1 186.504118 179.103378
1 212.387992 187.255458
1 212.946587 178.048028
1 209.544623 167.571960
1 181.902077 174.280506
1 205.334414 178.161422
1 212.620355 185.058393
1 188.913952 189.585743
1 204.101071 172.079548
1 179.717881 187.837870
1 207.066242 193.777773
1 214.856571 170.711981
1 202.955266 172.699582
1 184.536981 177.049929
1 184.258736 186.863044
1 194.252804 187.623283
1 221.555916 184.444234
1 204.039642 182.773306
1 209.057956 178.535843
1 198.418725 169.288476
2 147.719864 139.178096
2 293.914801 136.273860
2 171.706898 110.554810
2 245.197685 60.614106
2 294.372177 189.389279
2 247.747488 300.629079
2 123.511157 300.565481
2 304.332227 62.381701
2 318.756259 57.705115
2 240.868928 171.431778
2 158.408097 123.982872
2 238.095347 173.144910
2 6.988644 146.061295
2 89.577762 289.336909
2 225.903249 289.597707
2 3.136457 219.714821
2 129.998060 280.385958
2 198.110545 10.437739
2 246.814734 268.601933
2 31.140934 115.490686
2 114.672760 10.294318
2 140.521718 239.398896
2 24.569977 251.627972
2 87.105782 18.602916
2 203.383335 10.801702
2 299.480319 143.986359
1 144.688404 198.740627
2 272.142314 176.243674
1 204.190511 147.279116
1 223.925978 218.456844
1 222.849280 159.002557
1 191.998781 211.876791
1 221.239234 149.426197
2 276.327950 165.441671
2 173.574615 234.969194
2 276.160567 184.702566
1 233.505273 149.671940
2 256.670441 201.673911
1 221.106556 128.879108
1 220.194496 193.197713
1 213.015598 135.346615
1 186.980693 193.474437
1 162.236176 218.269885
1 230.012020 149.245098
1 139.714746 228.545654
1 227.373561 213.292825
1 153.247619 155.683756
1 197.339842 155.542892
1 236.583090 136.492010
1 242.336404 180.248012
1 173.926100 223.159055
1 233.008305 197.109668
1 186.055278 186.073194
1 248.544407 149.627666
1 236.755952 217.757732
2 300.784609 156.324839
1 200.251667 161.429865
1 231.830145 284.645521
2 158.613414 127.865523
1 232.616971 215.593683
2 188.812443 275.495824
1 187.524016 235.413380
1 202.867457 203.338035
1 188.101256 151.627929
1 228.950583 177.246961
1 229.995613 165.344870
1 217.336415 195.546268
1 213.828275 142.319542
1 182.819696 151.253519
1 203.615803 145.791465
1 207.380468 186.379213
1 188.051525 164.527515
2 256.584386 181.174814
2 140.290357 217.872593
1 188.156279 174.182719
1 269.269331 198.923258
1 228.005760 193.216501
1 197.458473 169.928248
1 234.433487 128.290751
2 220.783238 154.365473
1 238.650734 160.787939
2 250.626169 57.609703
2 244.062896 145.082765
1 187.094981 175.352400
2 176.153156 267.755793
1 266.072633 168.551102
1 230.817493 126.573150
1 167.825341 237.573102
1 176.141099 97.452046
2 313.933890 319.439163
1 287.071870 194.118672
1 199.784019 179.564367
1 195.907319 223.936257
1 149.420094 201.646329
1 162.778770 184.608953
1 186.982758 180.062215
2 216.577302 210.446230
1 222.953714 151.422176
1 201.886792 185.638973
1 246.791563 146.518355
1 220.663840 217.920926
2 165.386983 250.324895
1 156.820692 170.208032
1 187.659302 191.080291
1 210.502857 239.886197
2 309.453836 170.031196
1 215.080898 213.657252
2 251.678108 159.669717
1 221.792151 150.421009
1 216.646049 132.302828
1 188.001493 157.984864
1 204.828056 162.982665
1 221.038316 204.117423
2 165.391475 150.977070
1 260.523308 196.861871
2 243.811353 204.214468
1 226.267098 166.863831
1 173.594873 181.750526
1 200.810577 164.691566
2 111.822460 278.566786
1 161.771803 157.881715
2 269.032220 177.163234
2 264.063179 152.648393
1 275.013619 144.292460
1 222.277509 126.934472
2 259.172449 165.840186
1 154.547252 179.202958
1 257.068077 167.257486
2 276.061078 132.372697
2 155.116444 153.163931
2 292.198685 239.175978
1 239.184062 184.053005
2 199.972577 291.476922
2 111.608576 127.015787
1 226.151954 196.228879
1 139.859392 141.247623
1 295.328511 198.205901
1 109.131155 188.107049
1 271.638151 176.263601
1 242.846322 203.273556
2 41.768698 143.028547
1 193.839783 200.175011
1 240.055487 180.258241
1 203.180639 198.704176
2 222.199155 230.666076
1 224.916107 147.184839
2 265.582640 126.101828
2 234.093088 230.720171
1 173.187995 155.194030
1 190.935710 204.253738
1 260.396776 158.531809
1 277.342935 161.298633
1 237.677023 195.940866
2 248.863339 153.456087
1 199.039070 94.032262
1 110.470493 214.531258
1 223.819160 162.575261
1 186.055278 186.073194
1 287.961159 217.610429
2 212.948040 308.195163
1 188.927923 167.493789
2 173.295641 217.165747
1 233.303700 192.468735
1 231.318063 262.735033
2 164.166831 302.566732
2 246.333967 176.181383
1 203.739633 221.223615
1 202.867457 203.338035
1 173.526658 167.433962
2 251.684135 158.857870
1 215.421015 181.150903
2 157.807208 194.218362
1 210.054918 198.775315
1 80.110342 185.935672
1 186.662216 116.018404
2 158.213043 229.103024
1 246.578481 160.022047
2 262.210553 122.663525
1 211.573689 210.939275
1 196.124492 141.753312
1 208.347833 172.446427
1 175.385008 184.712969
2 195.229732 220.129047
1 246.157494 219.614188
2 233.982975 137.430677
1 178.238581 163.152169
2 288.617766 117.697356
1 258.913888 199.783981
1 280.637483 149.358513
1 282.193545 190.501273
1 268.451131 190.777863
2 276.896398 126.329724
2 313.998296 216.835228
1 201.779265 195.160297
2 245.607618 155.218923
1 233.651947 179.198959
1 162.409857 189.511249
2 223.949468 107.347202
1 169.997971 147.828749
1 228.722091 199.874447
1 204.319630 129.745680
1 179.244248 111.472682
1 179.496486 195.361710
1 138.964497 200.819965
1 183.753022 158.658916
1 140.171460 202.821927
2 232.806357 155.716771
1 215.106799 163.312221
2 247.710391 161.293529
1 170.346262 215.368255
1 199.203654 167.741818
1 178.073545 167.302059
2 291.246019 179.448250
1 208.237179 137.262711
1 200.917100 216.107965
2 274.251867 139.808185
2 303.799392 159.816631
1 184.420325 167.231347
1 203.339607 131.535585
1 209.884820 115.766172
1 174.492968 159.069809
1 198.105647 132.656123
2 266.147430 201.656466
1 204.138328 217.491035
1 214.109975 173.674906
1 178.886823 195.147924
1 185.456685 153.173448
1 225.090607 155.466391
2 171.244360 543.570455
2 20.994490 632.140718
2 66.088670 339.827348
2 153.389716 641.988353
2 215.846863 380.439899
2 197.668517 576.454287
2 176.469311 624.306723
2 142.015951 484.013842
2 162.585077 510.800457
2 28.754951 434.886062
2 258.849622 571.780342
2 28.433730 395.907137
2 285.577834 399.682199
2 243.642724 359.433039
2 206.003233 444.655875
2 119.399959 429.388510
2 73.254313 598.941207
2 134.954239 645.637362
2 99.191083 646.504344
2 207.408084 475.388057
2 175.878546 664.310229
2 255.985621 654.511372
2 237.857768 641.384311
1 93.983351 660.413319
2 324.540477 664.478057
2 203.963428 571.563309
1 145.030728 772.537774
1 157.487720 793.321122
1 126.746203 786.033927
1 143.108860 781.374177
1 154.390032 786.035741
1 152.529190 780.121808
1 145.163527 789.729331
1 142.908453 785.024548
1 147.016255 764.763246
1 140.785421 784.378476
1 149.145823 789.074265
1 129.883861 767.236260
1 143.341848 761.361544
1 157.305392 776.514772
1 148.994945 781.462857
1 139.319658 769.947154
1 150.635253 800.337475
1 139.604911 775.162807
1 139.669431 765.674780
1 148.445724 798.992661
1 161.454364 774.691989
1 145.115120 801.068668
1 147.551750 782.847987
1 130.097206 782.724603
1 146.637271 794.320656
1 144.572743 765.796607
1 165.210033 792.478869
1 145.398130 795.977175
1 137.038868 779.913534
1 148.886593 775.785309
1 154.683136 787.143884
1 151.684056 759.675614
1 141.519321 797.625571
1 172.323697 786.749599
1 143.634279 768.792677
1 171.706840 790.920699
1 150.302771 764.452877
1 154.831874 780.177508
1 165.169143 762.646692
1 139.070384 777.583477
1 164.121171 782.791520
1 131.403224 778.324781
1 147.781349 780.633312
1 142.264031 791.512781
1 156.685346 781.153872
1 144.954823 801.106475
1 168.558070 768.279076
2 45.445622 846.788738
2 278.842459 682.923933
2 144.085517 872.816056
2 179.601668 815.345060
2 235.255087 804.442660
2 25.964187 815.865713
2 66.431093 926.363874
2 304.534268 779.614386
2 226.630879 780.766078
2 168.179667 893.592700
2 155.089063 886.894080
2 206.757819 820.565459
2 95.990597 827.499648
2 100.781039 780.964956
2 251.927141 815.949635
2 97.995087 682.932946
2 109.632884 844.386862
2 54.460575 712.218472
2 132.847880 719.890740
2 251.392151 680.540094
2 92.891069 894.358573
2 292.569065 875.351900
2 142.819004 825.296816
2 113.352104 888.131218
1 153.969612 788.899405
2 230.515830 762.215491
1 158.231657 817.005250
2 89.585018 824.280638
1 159.896243 785.201047
1 186.342260 748.005702
1 122.501343 726.142387
2 225.930639 867.029773
2 216.992840 812.163470
1 113.228065 812.054636
1 159.061898 746.159049
1 131.175940 801.452055
1 198.970349 817.396573
1 156.426440 811.641100
1 104.651631 782.155841
2 144.949018 806.057514
1 124.815233 768.549902
1 153.790389 824.037570
1 123.143185 752.692889
1 203.185738 774.875246
1 186.082429 791.943323
2 131.083062 815.959263
1 161.622275 820.805108
1 142.648966 778.900008
1 172.447709 792.774016
1 174.542407 775.360157
1 155.002431 719.227932
2 147.785359 685.990654
2 140.908510 671.831994
1 180.269682 778.437653
1 119.584714 759.692744
1 107.361685 767.389154
1 153.075688 750.176851
1 190.050853 771.732841
1 193.509410 766.581759
1 154.416744 749.858273
1 205.769543 786.283420
2 116.157010 824.985397
1 111.288268 678.895683
1 149.595149 818.245399
1 158.004343 804.161170
1 115.645377 766.259012
1 144.758860 737.998676
1 130.647476 762.913086
1 79.116798 779.766288
1 174.376936 734.487354
2 229.919259 979.184988
2 253.349830 723.625714
2 136.363459 848.071789
1 113.298739 778.440643
1 235.118852 800.279940
1 187.295324 757.354916
1 152.666527 750.458909
2 241.043343 808.885849
2 182.848698 996.370335
1 177.723042 737.556566
2 152.301382 924.404768
2 282.730993 730.361975
1 163.399896 836.608341
1 153.295391 820.745716
1 122.889260 780.449472
1 169.312718 807.787658
1 110.184029 765.097217
1 125.796766 759.101499
2 150.247295 859.389567
2 125.206080 914.229284
2 323.541466 699.985143
2 157.284616 815.822245
1 155.294529 802.411410
2 137.542409 775.508612
2 107.314372 729.763890
1 194.905102 735.522656
1 188.305203 801.744379
1 94.942580 771.758051
1 107.377253 761.393237
1 167.685025 746.098438
2 252.318400 737.876551
1 187.579279 760.914405
2 115.782508 714.380673
2 349.778605 9.205542
2 605.066590 47.788371
2 589.443399 329.344407
2 581.120796 112.089809
2 665.653347 275.935088
2 647.042743 256.695106
2 527.996854 292.824059
2 666.366008 82.483431
2 649.420891 250.178670
2 429.921659 60.700783
2 442.269964 137.611678
2 578.546029 74.844074
2 463.885595 159.578450
2 340.834231 314.390766
2 608.180601 176.614387
2 581.659812 104.667085
2 584.759719 8.514276
2 406.604858 243.912258
2 393.617551 91.206526
2 530.761359 200.478255
2 623.500289 78.874461
2 371.782737 51.913341
2 334.950622 271.238755
2 444.498006 305.325461
2 571.288115 214.680961
2 459.060437 293.612571
2 450.545722 119.806933
1 382.260213 656.654334
1 400.060358 664.114563
1 405.111228 654.743552
1 414.979481 651.653271
1 390.688447 647.845610
1 397.298582 643.386521
1 408.363581 655.378863
1 387.102474 631.882672
1 385.087245 644.224714
1 405.531501 633.996536
1 408.893194 651.784645
1 398.156383 646.538719
1 400.441090 649.314884
1 397.339133 647.323642
1 400.506485 650.383943
1 395.364842 649.921690
1 398.053061 653.189044
1 394.188539 646.559336
1 398.752565 649.912308
1 397.250624 649.699913
1 406.456430 640.285232
1 380.873523 652.353149
1 397.868197 650.876934
1 400.504314 653.885126
1 421.667448 648.733453
1 422.983944 640.758248
1 380.384746 651.717041
1 392.518443 649.812297
1 411.925322 644.440037
1 408.039858 649.382839
1 394.418308 649.889421
1 394.377634 647.022654
1 394.835188 662.032331
1 395.472651 631.200161
1 402.283887 655.352194
1 414.147286 642.437744
1 412.439738 656.811921
1 394.118353 663.469716
1 402.351592 650.678890
1 393.106662 639.004447
1 411.733015 641.469493
1 401.110278 649.500800
2 455.653924 403.258451
2 363.487086 575.203866
2 554.207542 524.403726
2 407.654692 539.267475
2 422.263068 585.874800
2 545.309700 599.809725
2 409.899350 583.813836
2 569.053141 516.305782
2 472.503920 468.156992
2 638.136057 382.283967
2 337.238754 627.361551
2 514.384405 514.909617
2 421.769390 657.734760
2 567.767176 623.068481
2 531.947152 538.399774
2 414.301767 487.742486
2 346.897906 350.992522
2 515.624875 369.475080
2 379.458646 395.931238
2 603.739266 638.164720
2 501.170248 578.989438
2 493.003781 406.135317
2 439.302773 543.991638
2 622.657885 589.764738
2 624.977644 549.091301
2 418.523773 349.099599
2 651.343269 665.120359
2 400.695022 591.662895
2 356.809001 521.837604
1 355.858640 635.303652
1 374.725826 636.863380
2 425.649906 543.533600
1 398.981103 624.306496
2 508.692699 539.139638
1 421.623787 626.556947
1 415.298702 655.650506
2 504.731542 649.977216
1 371.522954 631.226537
2 557.560400 571.641049
1 394.838723 642.901422
1 420.028408 649.890064
1 416.704111 641.571977
1 387.030366 636.481261
1 401.533082 654.486293
1 351.506544 586.949808
1 384.103966 657.612837
1 410.424053 617.409017
1 424.390322 580.645363
1 378.307307 601.280071
2 482.338536 548.991522
1 348.042121 596.736013
1 396.207370 651.713246
1 394.372695 633.151987
1 398.587560 644.859283
1 425.379302 639.011406
1 416.667566 663.211433
2 559.454811 645.776445
1 391.740228 651.036093
1 386.556346 657.094483
1 347.945141 621.491682
2 416.427662 564.436601
1 420.942598 651.905475
2 483.883535 545.842422
1 407.140081 663.876153
1 361.799446 645.731259
2 405.928078 665.728836
1 462.317785 606.078158
1 412.370110 566.293458
2 542.505901 569.296870
1 380.471967 629.606164
1 382.140074 625.250764
1 527.111453 578.118985
1 423.951072 656.188893
2 463.508764 547.217073
1 384.073092 638.001549
1 399.662962 660.791180
1 374.155950 613.666241
1 404.669400 630.950346
1 398.212103 654.111891
1 384.926965 649.727808
2 454.990370 380.273797
2 521.436630 587.739368
1 339.295207 587.788001
1 425.981341 631.119650
2 535.402899 550.975715
1 424.464655 656.827052
2 587.442768 639.528107
1 344.862873 666.407930
1 407.708657 645.028184
1 436.314435 659.500040
1 411.668134 668.368042
1 592.269184 788.914880
1 591.487549 810.596792
1 569.833038 799.846903
1 572.212885 807.626350
1 562.838830 823.133327
1 581.619194 791.499844
1 562.109298 801.404777
1 569.393378 799.362321
1 575.479506 794.895237
1 550.314057 812.352350
1 585.959880 788.115219
1 564.241788 810.020203
1 569.629502 802.786922
1 577.599504 805.651019
1 574.622168 791.722488
1 564.053403 790.297419
1 549.161840 788.600295
1 576.378288 808.759825
1 569.200985 800.474026
1 576.727973 810.336564
1 553.858209 800.021254
1 559.810518 804.961297
1 548.627846 793.185977
1 562.278597 797.613960
1 571.998115 799.433039
1 566.964520 801.578735
1 574.470780 783.193272
1 572.089694 783.789241
1 576.423917 815.735739
1 592.906930 809.881322
1 575.887485 815.058752
1 574.647485 814.706093
1 562.839817 799.521881
1 565.419632 797.485520
1 555.859829 792.941726
1 582.643007 781.605743
1 586.486928 795.935543
1 571.754810 812.072489
1 569.199946 795.767835
1 580.683493 819.967901
1 571.582199 797.383136
1 590.387599 797.733528
1 577.335586 808.401524
1 580.041311 806.092403
1 567.753650 797.303679
1 561.438024 797.509067
1 570.353356 805.491408
2 436.675419 920.930438
2 601.527925 716.441812
2 373.322691 854.021838
2 574.700117 858.400583
2 610.104511 840.210379
2 642.694306 910.732831
2 659.645040 947.878012
2 526.803464 864.987154
2 486.398273 802.952947
2 349.544459 746.803773
2 381.538185 894.107693
2 339.589366 723.918474
2 412.598899 810.795338
2 382.367949 691.752045
2 448.318685 952.522040
2 503.259611 871.763370
2 408.423329 772.895511
2 650.792042 795.792364
2 520.087113 997.883590
2 496.779949 667.697406
2 473.722511 702.352219
2 648.836860 787.895538
2 572.124382 759.782192
2 542.324607 680.102779
2 622.243191 962.189270
2 524.971951 840.720524
2 430.984447 864.594218
2 583.814646 844.751735
1 589.118369 784.284954
1 570.567279 792.253152
2 359.561407 735.803999
2 664.536599 752.443023
1 429.283552 679.212269
1 557.384910 772.534850
1 581.259769 810.778540
1 554.455177 789.656279
1 621.014979 792.470276
1 552.087355 786.319433
2 597.836312 876.466009
1 557.978653 791.281247
1 572.724326 804.528823
2 474.187219 748.779553
1 571.052699 821.452579
1 604.181599 799.541774
2 601.923856 754.321855
1 582.276286 788.748193
1 524.587088 799.953746
2 428.536077 769.273415
2 373.944958 706.947746
1 602.320425 817.994892
1 414.378965 667.646116
1 637.520741 834.223748
1 553.673606 772.067833
2 653.594543 881.325328
1 600.112960 814.155355
1 658.512493 810.430228
2 473.567660 699.569863
1 567.302521 792.530259
1 572.823870 804.431378
1 431.295421 667.828333
1 589.036699 828.484194
2 345.514434 705.441361
1 527.173824 800.841898
1 571.419711 808.161546
1 532.546674 778.561078
1 604.965525 826.856033
1 555.133500 844.986257
1 598.771726 779.646008
1 616.771088 789.048434
1 603.962724 750.286054
1 562.883632 765.187623
1 534.381591 785.771160
1 541.805793 790.268707
1 577.700796 765.454774
2 365.636071 749.430214
2 517.710622 691.292756
1 567.934039 718.658961
2 359.897688 857.320189
1 535.100397 804.339316
1 550.856085 766.135783
2 577.052401 698.447978
1 538.020647 828.979671
2 609.264460 875.264521
1 567.907120 824.030666
1 585.747613 795.691867
1 600.454925 812.517770
1 572.189255 781.695521
1 540.837611 792.441364
1 549.252022 847.751058
1 607.149479 802.769728
1 570.338996 774.613324
2 455.419105 731.894376
1 556.400023 780.862607
1 549.396889 833.912938
1 612.897629 805.365274
1 576.303750 794.016538
1 615.559018 800.930269
1 546.535798 823.917901
2 579.723436 864.390193
2 508.109776 826.237843
1 537.237080 799.077425
2 439.997168 743.877433
1 588.211372 754.242569
1 565.408681 770.386837
1 520.652985 802.585336
1 568.826413 777.497365
2 618.466897 746.192727
1 543.946172 810.362502
1 603.494704 783.216814
2 585.368114 831.398711
1 572.374039 838.784774
1 563.985264 758.612395
1 541.336748 815.178937
2 383.829219 784.683945
1 606.235053 786.650895
1 591.573595 812.686709
2 588.032647 722.135318
1 555.226200 755.411425
1 429.637963 693.313225
1 548.669853 840.290554
1 430.262728 677.436359
2 448.623602 840.455301
2 580.409511 870.711744
2 476.146022 749.135597
1 607.176966 813.594208
2 443.236580 720.330959
1 586.649983 788.661088
2 585.294550 697.943862
2 552.373511 851.477810
1 591.780265 796.991527
2 492.188908 852.103197
2 489.692323 802.130406
1 563.605886 803.680837
1 584.147272 803.208302
1 581.600885 777.017220
1 595.371735 779.550148
2 507.499361 861.129275
1 589.320976 810.101199
2 471.921922 883.924651
1 586.619767 801.811248
1 603.353680 811.598167
1 517.965686 793.477667
1 517.794734 797.498136
2 363.957734 724.199594
1 564.567015 808.201884
1 563.834193 773.159755
2 495.633454 824.858047
1 664.628909 830.901073
1 566.714460 817.367974
1 544.863742 752.076206
2 435.877111 728.458881
2 602.140033 713.950845
1 595.549808 819.398441
1 593.499403 821.492572
2 425.472462 758.646041
1 550.784366 793.523191
1 578.938027 794.446467
2 615.348735 884.681706
2 594.331676 707.530684
1 583.205867 799.814487
1 581.471959 787.242113
1 386.692540 670.017567
1 555.693816 805.135430
2 564.360057 905.097501
2 593.025126 877.570286
2 361.120923 703.601242
1 609.522957 763.832462
1 549.921610 782.717886
1 585.286197 816.714810
2 595.200508 702.595835
1 580.780233 777.238858
2 552.647764 745.532098
1 591.354731 777.610633
1 553.483430 767.011359
1 506.877516 771.668632
1 571.969433 792.500024
2 431.793074 840.117633
1 590.336604 770.186148
2 621.292984 704.881098
2 543.365398 728.312802
2 665.553771 870.103661
1 513.358874 817.311723
1 578.338176 805.523996
1 543.632089 782.987079
1 564.125767 821.042160
1 541.339330 774.309068
2 485.730278 748.049075
2 623.639239 828.275896
1 562.119764 753.135273
2 549.282805 857.118045
1 570.409591 775.170951
1 579.726255 814.541515
2 537.647682 743.765740
1 548.441311 774.704560
1 605.980352 759.558244
1 558.691835 775.510542
2 413.854289 754.210273
1 564.071905 794.590519
2 448.273923 765.739137
1 553.659178 804.948472
1 569.958877 820.072694
1 546.331512 798.511072
1 825.323420 313.131564
1 817.333145 301.770809
1 812.226200 290.236725
1 824.995430 303.209579
1 814.043604 287.613507
1 833.030645 316.684872
1 831.667684 295.476292
1 814.058431 301.075981
1 827.473053 308.571495
1 819.691371 300.488439
1 835.591285 300.783414
1 807.626186 302.934711
1 822.841290 275.549347
1 826.779512 299.570688
1 802.061386 300.942897
1 818.328382 301.953430
1 830.789986 321.305360
1 837.939457 290.559085
1 809.734327 290.916042
1 827.960425 295.295719
1 822.190965 301.146311
1 828.619228 297.276916
1 824.871657 302.618242
1 818.187449 299.010597
1 822.031434 305.360813
1 822.383471 302.747937
1 809.235061 314.367895
1 817.915434 307.558264
1 838.150705 307.822859
1 817.894563 302.926957
1 820.400217 300.308929
1 833.266366 306.872088
1 825.397005 287.726416
1 824.072163 310.451970
1 820.862003 300.408726
1 818.762404 303.936763
1 829.669497 290.198884
1 832.419664 315.356267
1 820.978513 300.690964
1 797.302606 305.825083
1 843.686914 295.652230
1 836.313379 292.914827
2 666.798979 177.648918
2 722.194114 196.170142
2 893.464066 245.978228
2 967.740334 176.295514
2 847.526756 47.555112
2 896.554048 172.220755
2 882.950573 98.002196
2 919.808063 177.226763
2 777.515608 169.121337
2 763.118143 314.693327
2 830.285743 135.188482
2 995.768737 265.352777
2 801.264136 178.192910
2 675.563414 185.947463
2 900.574006 251.836751
2 844.330495 166.834008
2 792.672124 105.940476
2 786.455709 275.805450
2 909.989381 231.012482
2 721.232896 113.150164
2 850.339335 302.945682
2 921.373790 74.377634
2 809.899771 309.508034
2 700.217118 149.705557
2 923.879637 114.424918
2 799.230402 268.265659
2 725.838965 321.164163
2 826.266588 220.737925
2 746.763665 98.818846
2 942.296089 88.085685
2 998.183651 278.084384
2 992.212422 18.595498
2 961.750529 170.609145
2 747.794707 283.159653
2 743.638688 290.934731
2 787.959103 316.836833
1 836.739302 299.058579
1 851.060992 320.020955
1 876.288125 302.167567
1 792.785859 280.336321
1 837.676789 294.463560
1 830.893455 307.778596
1 809.126384 301.873608
1 796.585841 321.484732
2 832.712793 245.454341
2 879.369737 178.956598
1 801.509907 326.666373
2 730.149304 283.194512
2 881.158290 222.361438
1 858.195284 289.609230
1 880.964242 311.043504
1 792.382648 298.837211
1 850.381056 330.285778
1 861.051045 300.944455
2 769.828297 248.478543
1 817.555280 305.203833
2 711.584138 318.677315
1 846.187422 299.427871
1 854.856322 294.604806
1 854.761440 239.276345
1 841.351278 318.660348
1 825.992508 295.543826
2 956.646881 177.398353
2 880.043483 258.253511
1 843.567150 307.764079
1 831.269265 260.630964
1 829.635928 247.277091
2 823.318812 276.734926
1 849.257491 314.991263
2 685.622444 178.129396
1 761.934665 259.443756
2 676.506998 303.896893
1 802.934363 277.338803
2 681.963867 271.912948
2 932.894944 87.555095
1 841.267520 290.541028
1 812.760666 205.902140
1 857.426272 328.339883
1 807.011012 314.119135
1 856.578605 281.512589
1 855.202238 309.391792
2 885.127563 170.356545
2 958.869764 144.524001
1 886.764018 319.873968
2 805.566888 291.717782
1 864.233366 319.143874
1 883.116275 309.380409
1 800.086863 278.533466
1 775.155874 280.790779
1 808.626733 322.535291
2 772.121081 297.655116
1 782.613234 304.041120
1 840.656044 299.359074
1 886.534819 330.382537
1 812.144003 285.742507
1 745.262594 277.168454
1 827.246105 279.224679
2 772.490277 104.408543
1 827.151223 223.896218
2 857.586370 201.254358
1 808.625104 306.601367
1 827.074634 273.726167
1 850.347487 287.363985
1 893.281998 315.190870
1 856.246452 291.609804
1 784.744936 261.119101
2 924.822934 360.146150
2 853.461554 617.476469
2 898.600168 540.882315
2 677.775509 342.930127
2 750.100477 352.702020
2 867.559483 627.575568
2 910.013623 458.782088
2 968.121624 355.378469
2 909.437058 404.824141
2 921.326964 580.380160
2 857.254788 594.139169
2 977.632657 440.842494
2 772.892698 525.418582
2 958.985674 356.512416
2 952.169677 569.099599
2 813.839232 641.817628
2 864.808386 501.433124
2 922.861860 409.129112
2 757.961885 346.761935
2 921.044725 367.612915
2 710.275476 501.749901
2 821.702857 505.467745
2 923.699222 340.109950
2 857.317670 417.800218
2 934.517097 406.919432
2 833.767743 437.347938
2 766.917305 361.669880
2 734.886836 402.414342
1 820.468106 338.262036
1 825.669363 344.298575
2 709.129285 347.583431
1 841.251853 348.324399
2 956.891354 421.916257
1 827.895594 356.327720
2 879.688340 368.865649
2 906.855453 352.713985
1 809.313656 342.624897
2 800.083734 378.763878
2 954.634064 465.473363
2 903.008676 488.472629
1 846.453110 354.360938
1 830.121825 368.356865
2 730.879782 942.588539
2 817.317326 740.240759
2 728.193996 675.485181
2 737.304823 749.460525
2 676.107195 838.903866
2 836.032604 668.933878
2 977.535892 947.458170
2 922.795936 866.236940
2 906.207141 929.633314
2 970.266889 912.324051
2 841.109441 723.509132
2 975.466924 771.741003
2 981.902447 834.698518
2 864.426634 915.553717
2 960.869334 752.871921
2 761.362816 885.111847
2 666.953286 932.102326
2 741.835712 871.078402
2 780.253001 708.401185
2 806.801612 766.132397
2 675.795195 898.281566
2 678.503608 881.109384
2 708.783458 741.366839
