1 197.585379 68.536473
1 313.969586 315.599614
1 230.003390 178.856653
1 33.712336 314.647254
1 67.476189 260.100194
1 140.683214 156.090703
1 327.772860 137.490116
1 24.904997 303.394023
1 95.152191 45.713199
1 104.480227 300.510895
1 48.617216 75.470187
1 61.422672 151.633035
1 239.003649 113.693761
1 118.284728 190.161764
1 263.906661 32.168027
1 85.354037 176.337397
1 188.429640 110.722341
1 85.447888 324.330994
1 241.341109 212.649048
2 311.303603 181.219448
2 296.287722 49.767000
2 218.346695 214.268148
2 22.485585 138.729812
2 260.349239 159.039324
2 6.199062 263.813075
2 324.061254 12.367633
2 274.374649 192.921543
2 111.295531 220.133324
2 262.440707 310.060783
2 23.491015 238.615023
2 208.130459 204.658832
2 160.450556 37.472569
2 327.701120 223.464263
2 226.152450 34.390305
2 186.346612 292.779963
2 49.404244 283.744333
2 259.220601 265.894176
2 27.811361 294.507556
2 232.037100 224.366833
2 70.388703 330.014283
2 68.494765 61.885264
2 138.617246 81.614730
2 129.997594 243.710430
2 82.412880 141.234770
2 159.875039 88.026675
2 69.140203 105.949610
2 28.657664 4.273275
2 298.526617 264.681685
2 56.607664 307.899096
2 312.166270 137.625010
2 26.267607 21.270480
2 321.298975 54.299931
2 264.232769 249.187822
2 255.375288 185.264193
2 49.407774 138.822298
1 303.310026 169.145435
1 180.179476 13.275277
2 96.181321 21.638318
2 257.816743 183.404742
2 279.792129 161.244558
1 100.466503 303.104090
2 315.025632 159.846466
2 274.070147 174.888503
2 72.976848 36.685929
1 55.400322 323.822397
2 24.858692 14.290136
2 316.294902 174.559177
2 266.828113 201.850145
2 59.356053 1.531794
2 251.336242 269.041223
2 280.323902 18.561119
2 141.983281 98.904419
2 65.126479 108.542805
2 3.740931 276.438452
2 67.244639 25.212964
1 73.726326 100.647843
2 193.690139 4.176862
2 55.712150 133.804120
1 163.491249 479.108492
1 38.816802 662.589717
1 219.538441 433.763289
1 193.193735 378.532522
1 194.360526 412.161575
1 259.142315 558.966514
1 189.382456 509.944123
1 299.019580 518.467157
1 206.277293 379.037724
1 193.212425 450.287582
1 180.265875 471.780884
1 105.358924 407.332115
1 204.424429 617.270977
1 152.879955 490.706121
1 283.232829 381.018830
1 0.480891 612.236223
1 146.920984 561.102274
1 47.585308 647.157558
1 315.283949 603.734123
1 196.074973 595.980173
1 184.756866 572.805023
1 276.358118 413.278334
1 284.242584 396.271092
1 102.107081 634.761869
1 316.598961 383.804521
2 299.201049 449.494960
2 173.855350 592.209000
2 260.483380 481.198041
2 115.556649 362.056388
2 252.749137 558.805498
2 273.631074 376.147589
2 255.596079 399.658589
2 134.712736 598.533107
2 330.712272 586.209813
2 233.907174 613.206898
2 304.892282 625.772198
2 281.478477 407.085735
2 27.028763 525.779509
2 60.834130 666.560717
2 22.493793 578.740681
2 314.257561 665.376860
2 62.149583 504.820760
2 231.058875 589.727769
2 205.058867 651.079323
2 242.136558 463.384920
2 208.381219 581.376326
2 206.069341 333.801522
2 91.462422 610.635597
2 90.035731 550.198436
2 92.715450 413.027946
1 105.574650 413.498238
2 120.688709 592.901454
1 167.931132 559.970401
2 246.862585 446.043906
1 42.831224 466.658040
1 43.707188 477.864535
1 215.685375 396.514491
1 173.286752 546.068256
1 123.517442 602.989941
1 118.027357 442.240159
2 225.697425 581.179634
1 204.422959 441.121054
1 161.933145 572.448182
1 162.330612 574.815918
2 238.681201 595.200907
2 173.111202 578.590134
1 161.801749 473.299666
1 35.910596 430.933401
1 200.915348 425.970605
1 200.145669 603.176337
2 156.100892 651.010052
1 172.006988 504.783917
1 232.077401 407.237819
2 305.817962 500.583043
1 109.982031 651.107808
2 84.750464 358.431104
1 235.016784 402.458623
2 224.093883 571.754414
2 266.362995 414.443500
1 166.817716 604.751651
2 167.113214 591.067914
1 189.603415 538.785095
1 173.493399 569.034200
1 146.884153 551.163601
1 154.256596 697.091081
1 321.284877 954.658500
1 114.278012 944.504855
1 273.741613 784.874202
1 63.229111 954.847485
1 19.453530 890.267033
1 263.934164 694.517496
1 136.924088 691.493316
1 36.741120 839.077199
1 265.422237 881.274801
1 91.065556 770.707594
1 127.126240 953.447158
1 167.710973 983.034401
1 131.248527 879.788805
1 318.283908 854.352679
1 182.175276 940.294038
1 219.812535 708.683614
1 203.154321 897.236786
1 18.933626 746.526430
1 290.334198 928.099551
1 102.448526 768.324268
2 87.527853 892.257136
2 278.084093 919.242683
2 180.811485 721.035935
2 296.334759 892.508787
2 240.171921 802.840766
2 107.076504 909.006980
2 204.323078 741.582202
2 213.138510 672.667877
2 155.575248 687.687698
2 181.319500 985.091133
2 116.215981 692.181778
2 173.237317 928.117672
2 274.114663 758.089276
2 236.881243 788.766236
2 240.933586 706.704299
2 0.594326 910.431778
2 316.195059 764.532779
2 118.604955 699.130390
2 61.644076 900.865378
2 168.701846 780.767669
2 165.308361 678.683242
2 245.606666 798.682587
2 219.097761 795.967136
2 21.331296 998.623514
1 62.610600 784.430790
1 183.460753 913.774100
1 242.263469 816.989786
1 73.875873 874.098291
2 275.442781 746.790627
1 230.115548 931.598906
1 167.385559 916.257967
1 15.155929 743.664196
2 290.716060 904.579443
1 110.010655 920.028834
2 261.548377 769.327901
2 263.309205 891.152807
1 151.409528 991.502704
2 174.978156 912.196532
1 302.401064 892.067726
2 296.956226 763.926238
1 246.891924 957.613443
1 291.267515 899.401320
2 221.048261 939.377263
1 43.024502 871.826473
1 326.049910 874.035329
2 289.422686 806.859737
2 114.234132 913.605590
2 253.991740 907.602671
2 45.549507 892.296627
1 249.358932 678.908899
1 235.935784 986.361105
2 70.105087 860.406454
1 437.672608 243.588201
1 554.275334 217.325744
1 659.482798 27.387874
1 494.573009 201.953483
1 366.801041 295.120732
1 624.710932 4.766620
1 399.545331 170.074996
1 554.231944 143.679682
1 538.309617 284.726028
1 333.861333 157.776151
1 617.951880 303.828925
1 400.372799 10.856292
1 415.575331 234.658095
1 378.244299 230.097020
1 506.271850 286.688390
1 387.232029 36.243329
1 400.507023 34.230554
1 469.101412 153.836452
1 494.527024 169.923801
1 639.038861 132.143028
1 400.560107 254.793233
1 343.499290 58.704461
1 480.077981 178.862291
1 376.892342 172.228952
1 560.683041 218.215616
1 414.725986 88.442162
2 545.232714 69.819280
2 497.057436 147.554779
2 617.156866 302.006276
2 547.567860 119.249576
2 352.786408 298.573828
2 568.405990 298.771720
2 386.675433 147.413109
2 485.581418 1.609562
2 389.899839 75.260711
2 629.392762 195.655718
2 535.392808 232.240501
2 487.276280 269.425335
2 617.622418 208.299237
2 452.664790 48.360798
2 616.741788 12.729389
2 551.283602 2.600051
2 553.615903 138.542809
2 508.720626 78.371781
2 583.254824 9.354457
2 341.019188 293.961635
2 467.638588 215.260343
1 625.386301 144.396784
2 355.626497 169.816007
2 533.588366 62.612581
1 380.805857 289.520936
2 397.598318 221.252484
1 518.467169 245.465218
2 572.583496 36.250990
2 364.558819 145.021634
2 458.942095 221.322358
1 375.510706 195.610277
2 527.813806 249.587285
2 383.170587 151.512653
1 350.389590 189.423867
1 378.756094 168.349389
1 499.688542 311.588952
1 397.709536 309.573970
2 507.147293 153.316131
2 347.308480 313.969469
2 454.422966 239.405881
1 516.612379 261.111369
2 542.656790 36.029609
1 637.708854 21.703627
1 351.699285 32.138692
1 565.127710 239.532144
1 390.001916 2.084190
2 438.967397 228.643839
1 469.447897 153.509197
2 468.559898 225.571835
2 387.371071 152.777540
2 370.378694 63.284197
1 377.374458 191.730714
1 510.672372 297.805716
2 559.560469 56.082643
2 558.302531 61.237053
1 365.190111 290.609679
1 635.854064 37.349778
1 498.422234 252.214666
1 412.543253 187.012003
2 396.439195 142.646052
1 541.687171 266.665198
1 337.497819 498.309166
1 400.627405 354.314444
1 479.796687 394.757654
1 531.729551 438.009189
1 465.860585 497.771392
1 530.813643 627.469104
1 439.673418 455.271631
1 605.222508 510.639681
1 538.450583 385.941499
1 634.484924 386.131854
1 636.274505 643.814850
1 536.492319 547.066807
1 476.762103 405.179591
1 611.870395 354.925545
1 428.424631 359.832228
1 649.120156 403.353534
1 580.333194 508.599401
1 575.767190 358.325627
1 616.376797 646.466445
1 508.200340 343.851177
1 597.926505 594.775631
1 414.058782 537.756811
1 607.111084 487.176608
1 532.285224 549.423580
1 471.975369 344.255530
2 533.400303 599.213708
2 641.172031 627.485645
2 576.459885 523.426468
2 453.971741 647.496468
2 379.576731 453.259534
2 650.687050 406.399743
2 338.545480 618.229938
2 644.760365 509.502881
2 411.144280 406.662058
2 623.372161 468.380917
2 552.020073 656.825809
2 467.628122 554.710692
2 548.055822 583.751248
2 557.924016 394.976669
2 487.438303 384.154701
2 528.320052 391.491566
2 562.553138 558.126708
2 616.423212 525.475439
2 598.103253 453.918760
2 475.160978 406.484023
2 403.064486 466.049517
2 540.981224 355.940442
2 662.607590 345.115221
1 588.526662 622.089454
2 439.537657 534.527569
2 433.473019 400.229360
1 509.130231 486.337350
2 629.946223 423.412002
1 577.683858 514.814218
2 518.944989 658.527401
1 503.270649 446.713328
1 501.208781 434.815092
1 609.363239 346.255431
2 541.880424 562.498851
1 435.289310 344.764836
1 592.138953 525.218126
2 570.138507 524.543644
2 648.984783 608.605428
1 651.592188 357.308073
1 428.516397 408.551130
1 401.498623 531.655795
2 476.147126 393.996064
1 646.901806 653.362521
2 458.412006 662.610149
2 586.100209 513.195424
2 393.305252 465.009617
2 661.285009 622.235071
1 598.599286 454.914383
2 525.179595 537.219944
1 659.054277 381.859633
1 410.339457 389.524560
1 459.415210 338.154514
1 511.408357 627.451043
1 521.441126 549.515849
1 486.647056 334.230672
2 642.295201 626.953566
1 410.061057 343.059004
1 450.262727 972.000762
1 514.578574 810.166524
1 573.766390 747.255712
1 631.519930 765.158865
1 372.598587 849.859184
1 633.561672 927.470537
1 489.580713 845.742489
1 555.375538 872.662250
1 534.212399 935.118961
1 575.931702 827.643372
1 445.027406 693.433344
1 514.116324 880.708123
1 526.179331 995.142182
1 540.790254 809.096258
1 583.042329 701.874352
1 397.046499 880.540643
1 416.923185 703.356275
1 412.347251 890.888053
2 358.843302 932.203177
2 486.158226 701.801227
2 459.009833 947.583832
2 387.540374 943.278405
2 510.628871 687.380767
2 502.008098 803.772595
2 658.978667 687.662515
2 376.102059 924.033618
2 410.316333 800.393337
2 465.223297 959.861419
2 372.024948 827.011581
2 372.156638 796.222384
2 510.447942 846.363111
2 579.728320 968.079010
2 557.632724 776.662259
2 479.682360 718.267100
2 586.682614 740.667829
2 424.326101 922.616785
2 573.949316 771.258111
2 427.137828 896.014539
2 432.330753 767.295837
2 647.750576 935.049148
2 345.161844 771.372761
2 492.872069 763.559999
1 530.063059 926.888399
1 536.111703 820.563626
2 388.610929 932.994848
2 552.945944 754.643534
1 633.356419 837.923780
1 559.326447 970.332758
2 486.176123 881.251560
1 659.524535 888.892971
2 378.830687 921.705849
1 453.773251 883.519343
1 648.726747 867.798147
2 480.300476 889.578675
2 524.689173 982.423282
1 477.439752 797.251399
2 654.475270 683.103367
2 344.719658 911.819202
2 525.297880 786.764539
2 358.634275 745.728960
1 528.181545 788.108408
1 549.690329 940.993842
1 514.425082 731.444897
2 371.933654 975.448904
1 352.203699 898.475192
1 489.474213 716.527447
1 946.685645 109.988788
1 827.422182 105.188145
1 767.907736 98.066569
1 723.442000 85.014089
1 917.625834 122.586314
1 900.365892 54.065705
1 788.971267 268.132435
1 974.755801 146.535561
1 691.561735 314.308697
1 962.258994 313.001479
1 672.372467 90.696022
1 841.535291 300.881902
1 886.028776 301.519180
1 848.896776 101.239247
1 983.302944 111.420018
1 893.361030 289.998926
1 857.788573 22.876179
1 699.510087 290.988315
1 727.528044 274.202015
1 799.138123 243.896612
1 679.509416 176.519714
1 839.545475 84.013812
1 866.157609 248.868468
1 928.259221 68.468331
1 925.703512 260.486935
2 761.223703 188.258693
2 825.531417 308.638669
2 722.519278 299.405164
2 802.479489 279.875984
2 879.787301 294.005986
2 785.736209 193.188338
2 670.936081 239.491144
2 875.924621 256.132601
2 803.246346 171.690774
2 827.670306 273.804941
2 893.840095 186.712941
2 963.742458 276.499814
2 832.603590 18.087352
2 804.450220 289.370520
2 837.232900 322.303772
2 931.047050 81.067241
2 985.729523 320.669806
2 848.235397 11.428255
2 893.714932 139.460270
2 752.627736 165.661173
2 672.715336 96.579324
2 941.315398 214.493748
1 891.133640 108.556029
1 791.001093 208.244458
2 753.615734 98.593274
2 735.155487 268.148442
1 677.176116 70.252562
2 981.717589 37.195048
1 975.371922 87.590939
1 915.028473 119.312848
1 882.076880 101.979388
1 943.277614 85.480597
2 893.982210 180.658948
1 964.188113 10.630776
2 859.448511 289.034557
2 987.352460 201.514050
2 966.352922 244.262567
2 748.973565 142.667643
1 914.067904 80.047493
1 858.442127 93.757789
1 911.065849 116.962554
2 798.252589 177.401167
2 934.156353 154.725948
1 882.485878 78.308603
2 890.472261 18.745037
1 777.704303 82.630996
1 885.538003 2.055955
1 892.741414 101.549671
2 747.515421 205.401929
1 866.711177 81.862916
1 733.138269 71.402912
1 884.730615 104.080205
1 847.277522 64.681338
2 906.380752 18.998667
1 855.520905 98.647101
2 960.212050 224.237725
1 751.832445 255.217310
2 820.853120 286.502479
1 735.501662 492.877225
1 788.146643 665.920776
1 732.729678 562.481058
1 874.550603 338.888955
1 933.083970 644.164863
1 701.520157 588.107285
1 818.778591 659.622318
1 785.529985 378.422290
1 793.020601 467.315333
1 795.199957 354.587125
1 894.956407 462.415673
1 849.637310 379.541859
1 739.893326 519.316578
1 713.646393 559.191219
1 969.534941 365.967606
1 820.994823 456.586847
1 689.472887 423.828622
1 880.941533 540.155885
1 832.153658 388.326459
1 739.328962 440.117238
1 973.331642 581.856048
2 960.949527 569.570709
2 935.966839 653.051092
2 888.106214 369.840557
2 683.668105 524.249998
2 761.356937 492.751501
2 691.004191 582.766931
2 979.082283 493.955603
2 828.378831 474.763314
2 848.086646 586.213854
2 811.866568 632.505143
2 778.108954 615.200695
2 732.608011 515.422528
2 879.844751 592.811505
2 896.992502 567.010741
2 751.724726 452.877944
2 697.186770 591.876354
2 933.404402 379.427592
2 816.502501 606.469002
2 902.932218 421.229533
1 971.937173 343.587002
2 766.371628 457.927629
1 986.531775 617.049674
1 773.216824 645.548198
2 835.281127 652.675088
2 729.407589 533.742202
1 690.108762 602.422735
1 944.852481 561.324148
2 731.441921 626.699742
2 931.802759 408.672202
2 854.829327 356.304950
1 779.797776 366.949325
1 817.174999 349.328416
2 887.442878 582.593052
1 700.733571 437.585160
2 914.762797 435.303470
2 768.773860 435.547025
1 703.003504 410.786015
2 940.230249 386.680148
2 714.010100 571.177837
1 720.720956 427.087832
2 948.037569 526.981536
1 688.228617 382.696139
1 971.727847 658.025352
2 682.958458 648.749873
1 818.843501 903.990710
1 777.875427 961.349815
1 784.662348 807.976081
1 713.883973 681.871294
1 698.351632 832.887170
1 861.669362 870.495413
1 884.976513 967.340616
1 776.948956 925.669527
1 985.729791 736.182174
1 705.506024 782.124510
1 752.682000 760.811311
1 889.445493 755.067427
1 991.276271 928.139018
1 761.411600 684.993317
1 948.075843 711.627920
1 790.947674 667.164776
1 787.572453 772.058655
1 753.908400 957.381225
1 729.567595 828.907751
1 804.312989 796.868233
1 992.452014 887.245723
1 973.469796 973.959822
1 984.950837 781.143714
2 806.888779 903.158509
2 719.869456 922.801414
2 910.685141 887.346740
2 824.573524 951.077650
2 688.667302 741.599192
2 851.580954 973.453359
2 751.369956 730.967509
2 901.751763 901.376158
2 828.199575 803.765985
2 851.828095 829.326335
2 957.127626 945.695485
2 900.559246 691.848082
2 673.480700 875.861290
2 853.446083 923.633050
1 754.595110 774.311084
2 756.235570 915.949494
1 959.031098 689.836371
2 919.112631 865.354686
1 775.006442 748.207369
2 715.675980 947.009461
1 825.661163 788.207742
1 895.972706 767.615305
1 862.048184 827.875198
2 975.138280 685.395347
1 789.821189 802.618082
1 965.908037 914.880172
2 825.826818 999.410661
1 955.965558 881.951960
1 669.157412 775.265114
1 757.585570 730.615621
2 768.932320 884.138476
1 668.427173 766.983013
1 754.784364 968.587720
1 853.443695 999.945613
2 903.599802 872.099006
1 716.822192 723.472982
1 777.070571 864.258885
1 946.683875 918.622914
2 834.726788 816.313863
2 759.791293 821.722941
1 986.108613 693.561959
1 756.843846 804.870511
2 866.441050 855.189100
1 853.096881 748.208031
1 691.551078 744.851390
