1 197.585379 68.536473
1 227.392955 302.192280
1 230.003390 178.856653
1 314.414491 210.164995
1 33.712336 314.647254
1 67.476189 260.100194
1 140.683214 156.090703
1 327.772860 137.490116
1 24.904997 303.394023
1 173.588134 18.022255
1 95.152191 45.713199
1 104.480227 300.510895
1 48.617216 75.470187
1 61.422672 151.633035
1 239.003649 113.693761
1 118.284728 190.161764
1 69.832090 331.992364
1 263.906661 32.168027
1 85.354037 176.337397
1 188.429640 110.722341
1 85.447888 324.330994
1 241.341109 212.649048
2 296.287722 49.767000
2 304.295869 104.174248
2 218.346695 214.268148
2 22.485585 138.729812
2 260.349239 159.039324
2 6.199062 263.813075
2 324.061254 12.367633
2 274.374649 192.921543
2 111.295531 220.133324
2 262.440707 310.060783
2 23.491015 238.615023
2 208.130459 204.658832
2 160.450556 37.472569
2 327.701120 223.464263
2 226.152450 34.390305
2 84.408012 75.818389
2 186.346612 292.779963
2 49.404244 283.744333
2 259.220601 265.894176
2 27.811361 294.507556
2 232.037100 224.366833
2 70.388703 330.014283
2 75.593692 277.491447
2 68.494765 61.885264
2 129.997594 243.710430
2 82.412880 141.234770
2 159.875039 88.026675
2 69.140203 105.949610
2 28.657664 4.273275
2 298.526617 264.681685
2 56.607664 307.899096
2 312.166270 137.625010
2 26.267607 21.270480
2 316.370337 74.529812
2 321.298975 54.299931
2 264.232769 249.187822
2 93.041417 321.416681
1 83.401775 203.674513
2 92.609639 93.548748
2 103.647152 80.931059
2 244.688994 305.765225
1 239.366559 301.694409
2 85.613120 253.079110
2 163.989839 275.777849
1 226.522245 118.597370
2 31.825256 5.612948
2 247.885259 115.580408
2 216.024466 229.096915
1 92.510140 223.388557
1 45.667558 320.175308
2 44.523838 225.627091
1 73.427564 71.325195
1 75.989140 324.386015
1 290.272823 198.948772
2 23.177597 183.467410
2 185.314026 306.635895
1 93.461543 321.787488
1 115.744683 205.675878
1 299.266651 160.428444
1 236.011348 63.774794
1 163.491249 479.108492
1 58.795044 497.863921
1 38.816802 662.589717
1 219.538441 433.763289
1 193.193735 378.532522
1 221.169798 380.067057
1 194.360526 412.161575
1 189.382456 509.944123
1 299.019580 518.467157
1 230.529024 558.307207
1 218.647039 658.015779
1 206.277293 379.037724
1 193.212425 450.287582
1 235.155047 472.810310
1 180.265875 471.780884
1 149.900140 516.909154
1 105.358924 407.332115
1 204.424429 617.270977
1 152.879955 490.706121
1 30.461587 417.075698
1 283.232829 381.018830
1 0.480891 612.236223
1 146.920984 561.102274
1 47.585308 647.157558
1 315.283949 603.734123
1 196.074973 595.980173
1 184.756866 572.805023
1 33.137175 649.557979
1 276.358118 413.278334
1 102.107081 634.761869
1 316.598961 383.804521
2 299.201049 449.494960
2 173.855350 592.209000
2 260.483380 481.198041
2 115.556649 362.056388
2 252.749137 558.805498
2 255.596079 399.658589
2 134.712736 598.533107
2 330.712272 586.209813
2 197.531141 498.212117
2 304.892282 625.772198
2 281.478477 407.085735
2 27.028763 525.779509
2 60.834130 666.560717
2 22.493793 578.740681
2 314.257561 665.376860
2 62.149583 504.820760
2 231.058875 589.727769
2 205.058867 651.079323
2 242.136558 463.384920
2 254.849018 547.807566
2 208.381219 581.376326
2 206.069341 333.801522
2 64.670478 522.482213
2 91.462422 610.635597
2 90.035731 550.198436
2 92.715450 413.027946
1 314.661598 360.337212
1 192.895978 470.480894
1 214.951355 370.358944
2 90.944706 605.345749
2 70.615010 620.766886
2 267.129361 512.976293
1 173.447924 514.007216
1 7.396022 416.449787
1 292.469401 348.306648
2 242.780149 563.703572
1 306.439024 382.772913
1 275.106657 651.093169
2 302.446286 633.551869
2 77.416824 475.465073
1 191.156926 401.295233
1 248.570055 554.020724
1 253.169592 635.388181
1 201.950010 483.688835
1 282.516977 333.692536
2 71.913180 475.594475
2 66.815146 569.847876
1 205.750735 610.618407
1 324.224586 346.363208
1 298.216450 405.208613
2 57.808390 512.769754
1 154.256596 697.091081
1 321.284877 954.658500
1 175.153870 719.705380
1 74.087412 798.805581
1 114.278012 944.504855
1 63.229111 954.847485
1 19.453530 890.267033
1 263.934164 694.517496
1 136.924088 691.493316
1 36.741120 839.077199
1 265.422237 881.274801
1 91.065556 770.707594
1 127.126240 953.447158
1 167.710973 983.034401
1 131.248527 879.788805
1 318.283908 854.352679
1 203.245367 953.596296
1 64.373245 872.201101
1 182.175276 940.294038
1 219.812535 708.683614
1 44.055137 933.189976
1 250.228455 871.586628
1 203.154321 897.236786
1 18.933626 746.526430
1 290.334198 928.099551
1 274.301190 683.853948
1 102.448526 768.324268
2 87.527853 892.257136
2 278.084093 919.242683
2 131.113662 912.742586
2 180.811485 721.035935
2 296.334759 892.508787
2 240.171921 802.840766
2 107.076504 909.006980
2 204.323078 741.582202
2 213.138510 672.667877
2 155.575248 687.687698
2 181.319500 985.091133
2 116.215981 692.181778
2 173.237317 928.117672
2 274.114663 758.089276
2 236.881243 788.766236
2 240.933586 706.704299
2 217.341167 932.283425
2 277.356968 681.089350
2 0.594326 910.431778
2 13.041661 803.003318
2 205.393524 890.153634
2 118.604955 699.130390
2 61.644076 900.865378
2 168.701846 780.767669
2 245.606666 798.682587
2 219.097761 795.967136
2 21.331296 998.623514
2 42.617112 812.922768
1 269.730128 802.081366
1 70.192665 809.129353
1 85.604030 816.502561
2 274.815654 922.159122
2 327.706713 883.733232
1 19.195181 757.777790
2 288.618832 736.776930
1 35.549432 763.972662
2 206.233440 683.294641
1 7.648818 720.685874
1 282.393706 970.759933
1 85.242316 807.778854
1 109.994307 761.169443
1 181.123040 962.932164
1 103.348122 699.749230
2 33.029495 995.340833
1 179.689376 915.201868
1 144.044330 896.057755
2 143.998235 738.502980
1 20.935386 762.374462
2 285.513764 930.141784
1 117.747726 876.573759
2 31.673289 986.210029
1 110.383265 954.828627
1 198.805943 776.377478
1 82.204629 767.874962
2 170.023762 775.652584
1 437.672608 243.588201
1 554.275334 217.325744
1 659.482798 27.387874
1 554.549485 150.343773
1 494.573009 201.953483
1 366.801041 295.120732
1 399.545331 170.074996
1 554.231944 143.679682
1 538.309617 284.726028
1 337.443010 171.977115
1 555.786333 203.063245
1 333.861333 157.776151
1 617.951880 303.828925
1 600.836980 316.081911
1 400.372799 10.856292
1 378.244299 230.097020
1 400.507023 34.230554
1 469.101412 153.836452
1 494.527024 169.923801
1 639.038861 132.143028
1 400.560107 254.793233
1 343.499290 58.704461
1 480.077981 178.862291
1 376.892342 172.228952
1 560.683041 218.215616
1 489.112664 165.513744
1 409.032608 238.411885
2 545.232714 69.819280
2 497.057436 147.554779
2 396.730953 108.485341
2 617.156866 302.006276
2 346.692532 131.045582
2 547.567860 119.249576
2 352.786408 298.573828
2 568.405990 298.771720
2 403.785010 190.942886
2 386.675433 147.413109
2 485.581418 1.609562
2 389.899839 75.260711
2 629.392762 195.655718
2 535.392808 232.240501
2 487.276280 269.425335
2 617.622418 208.299237
2 452.664790 48.360798
2 616.741788 12.729389
2 551.283602 2.600051
2 345.087822 55.576289
2 553.615903 138.542809
2 508.720626 78.371781
2 583.254824 9.354457
2 341.019188 293.961635
2 629.694619 226.715719
2 375.697774 56.666100
2 467.638588 215.260343
2 548.500458 65.932356
1 385.158835 221.135080
2 342.160574 33.793732
1 513.167152 177.868872
1 448.736269 295.839965
2 592.041872 133.781130
2 339.635082 47.140048
2 336.259671 33.169107
2 443.660663 32.473762
2 597.044185 225.552934
1 631.312375 84.664457
1 567.853275 121.363271
2 531.681855 59.365295
2 349.604133 21.697064
1 368.871996 218.118304
2 664.434722 330.114505
1 397.695036 236.633764
2 390.677505 195.962508
2 650.594920 267.536875
2 497.278822 96.430519
1 577.417188 177.233212
2 583.020632 129.915211
2 362.821669 35.434691
1 645.953397 123.181088
1 418.141939 157.143433
2 354.879334 48.832180
2 610.682000 141.726201
1 400.627405 354.314444
1 479.796687 394.757654
1 465.860585 497.771392
1 530.813643 627.469104
1 439.673418 455.271631
1 605.222508 510.639681
1 538.450583 385.941499
1 634.484924 386.131854
1 636.274505 643.814850
1 536.492319 547.066807
1 476.762103 405.179591
1 582.233200 512.266875
1 611.870395 354.925545
1 428.424631 359.832228
1 372.358615 528.288930
1 649.120156 403.353534
1 580.333194 508.599401
1 575.767190 358.325627
1 616.376797 646.466445
1 508.200340 343.851177
1 597.926505 594.775631
1 414.058782 537.756811
1 607.111084 487.176608
1 532.285224 549.423580
1 471.975369 344.255530
2 533.400303 599.213708
2 641.172031 627.485645
2 576.459885 523.426468
2 448.339665 568.537646
2 453.971741 647.496468
2 379.576731 453.259534
2 650.687050 406.399743
2 338.545480 618.229938
2 616.722677 420.477605
2 411.144280 406.662058
2 623.372161 468.380917
2 552.020073 656.825809
2 548.055822 583.751248
2 557.924016 394.976669
2 487.438303 384.154701
2 528.320052 391.491566
2 562.553138 558.126708
2 616.423212 525.475439
2 475.160978 406.484023
2 403.064486 466.049517
2 540.981224 355.940442
2 662.607590 345.115221
2 651.019543 598.701328
2 564.187886 362.540439
1 360.242870 655.832688
2 641.789342 417.915918
2 528.058756 614.002089
1 565.655593 530.378434
1 610.987944 408.696478
2 444.817905 377.789537
2 480.983569 509.416257
1 539.578765 552.717291
1 346.416784 358.393772
2 469.211610 601.065412
2 560.921306 426.417972
2 546.783027 394.625021
2 522.580973 584.253758
2 544.713792 605.717993
1 469.848221 340.885635
2 571.309075 465.409258
1 587.460706 547.055541
2 651.565335 524.397645
1 648.237705 457.124467
2 499.411907 383.656830
1 519.339281 739.861842
1 662.544581 850.616544
1 595.691517 676.109538
1 543.640552 695.150826
1 450.262727 972.000762
1 573.766390 747.255712
1 631.519930 765.158865
1 372.598587 849.859184
1 633.561672 927.470537
1 489.580713 845.742489
1 555.375538 872.662250
1 386.681430 967.360749
1 575.931702 827.643372
1 445.027406 693.433344
1 514.116324 880.708123
1 560.013102 804.072625
1 540.790254 809.096258
1 583.042329 701.874352
1 397.046499 880.540643
1 416.923185 703.356275
1 412.347251 890.888053
1 635.301028 902.354209
2 458.647282 888.125089
2 358.843302 932.203177
2 486.158226 701.801227
2 459.009833 947.583832
2 387.540374 943.278405
2 510.628871 687.380767
2 502.008098 803.772595
2 658.978667 687.662515
2 376.102059 924.033618
2 410.316333 800.393337
2 501.907144 883.835943
2 465.223297 959.861419
2 372.024948 827.011581
2 510.447942 846.363111
2 579.728320 968.079010
2 605.570660 885.512517
2 557.632724 776.662259
2 479.682360 718.267100
2 586.682614 740.667829
2 424.326101 922.616785
2 573.949316 771.258111
2 444.632350 769.252331
2 427.137828 896.014539
2 432.330753 767.295837
2 647.750576 935.049148
2 634.725527 904.321227
2 490.173772 705.255456
2 345.161844 771.372761
2 492.872069 763.559999
1 551.575659 810.355797
1 537.726971 786.106887
2 569.962065 672.892748
1 615.692064 905.408298
1 624.676780 766.130615
1 572.167476 864.977338
1 561.403383 746.333908
1 579.829943 776.895142
1 467.755680 670.249626
2 502.017582 879.280150
1 554.366755 676.783368
2 464.067946 704.993436
2 537.466013 809.635757
1 606.944808 815.043107
2 352.002184 799.490911
1 558.686286 684.586777
2 479.193297 885.113732
1 541.372376 777.772396
1 515.487161 817.453751
1 408.600457 951.864449
2 444.458982 708.047525
1 337.212659 844.814528
2 521.609976 803.968338
2 495.063994 884.807693
1 592.723640 819.958460
1 946.685645 109.988788
1 827.422182 105.188145
1 766.849249 309.958389
1 723.442000 85.014089
1 917.625834 122.586314
1 788.971267 268.132435
1 974.755801 146.535561
1 691.561735 314.308697
1 980.420592 68.781357
1 962.258994 313.001479
1 672.372467 90.696022
1 886.028776 301.519180
1 848.896776 101.239247
1 983.302944 111.420018
1 929.245363 145.278844
1 893.361030 289.998926
1 857.788573 22.876179
1 778.319062 153.347837
1 699.510087 290.988315
1 727.528044 274.202015
1 799.138123 243.896612
1 839.545475 84.013812
1 866.157609 248.868468
1 980.670262 100.503480
1 928.259221 68.468331
2 761.223703 188.258693
2 825.531417 308.638669
2 722.519278 299.405164
2 822.344151 161.353950
2 802.479489 279.875984
2 712.757922 330.332361
2 879.787301 294.005986
2 785.736209 193.188338
2 875.924621 256.132601
2 803.246346 171.690774
2 980.532567 95.485614
2 827.670306 273.804941
2 893.840095 186.712941
2 963.742458 276.499814
2 832.603590 18.087352
2 804.450220 289.370520
2 837.232900 322.303772
2 931.047050 81.067241
2 748.202896 54.657703
2 848.235397 11.428255
2 893.714932 139.460270
2 835.685507 164.206653
2 672.715336 96.579324
2 772.732596 169.926988
2 941.315398 214.493748
2 995.313157 29.693683
2 789.435967 261.676703
2 743.857372 300.835096
2 722.973775 146.314104
2 744.856156 315.526836
1 778.272006 256.972238
2 962.560357 88.614149
2 835.122013 330.829872
2 773.462426 143.014797
2 819.616421 290.354266
1 912.403184 62.800912
2 786.915505 298.309211
2 834.822397 281.877349
2 891.815810 172.610227
1 955.221848 231.686047
2 873.152332 303.891775
1 791.299830 272.312039
1 786.318265 316.078700
2 964.366941 91.174132
1 692.862163 328.846519
2 814.571034 211.976204
1 989.218627 11.436809
2 946.992874 87.832890
2 700.327377 94.911944
2 944.057112 203.732382
1 957.548388 139.309479
2 766.223978 114.219116
2 761.429747 321.592333
1 969.721331 57.621160
1 736.369147 312.409915
1 897.060344 547.312910
1 735.501662 492.877225
1 788.146643 665.920776
1 732.729678 562.481058
1 772.921251 442.633022
1 933.083970 644.164863
1 701.520157 588.107285
1 818.778591 659.622318
1 785.529985 378.422290
1 793.020601 467.315333
1 996.085707 409.312371
1 795.199957 354.587125
1 894.956407 462.415673
1 849.637310 379.541859
1 739.893326 519.316578
1 713.646393 559.191219
1 927.313567 450.265303
1 820.994823 456.586847
1 689.472887 423.828622
1 880.941533 540.155885
1 832.153658 388.326459
1 739.328962 440.117238
1 973.331642 581.856048
2 960.949527 569.570709
2 935.966839 653.051092
2 683.668105 524.249998
2 761.356937 492.751501
2 691.004191 582.766931
2 979.082283 493.955603
2 828.378831 474.763314
2 848.086646 586.213854
2 811.866568 632.505143
2 778.108954 615.200695
2 732.608011 515.422528
2 879.844751 592.811505
2 735.073520 632.649006
2 896.992502 567.010741
2 751.724726 452.877944
2 697.186770 591.876354
2 773.996828 552.161962
2 933.404402 379.427592
2 816.502501 606.469002
2 713.462779 573.050959
1 789.353348 351.420600
1 859.556373 360.443315
1 887.705049 471.277819
2 900.009557 395.851111
1 851.875713 573.863249
2 746.798899 449.899195
1 705.354353 579.618589
2 887.363319 380.787790
1 995.225398 401.732322
1 942.654098 565.584940
2 819.558803 351.418030
1 995.392787 423.632109
2 721.514716 576.574049
1 902.007132 521.401677
1 888.036688 459.250157
2 715.013431 508.911647
1 760.567176 497.970467
1 706.238146 600.685615
1 964.818728 603.416568
1 676.442387 384.469673
2 883.983147 613.122230
2 716.381602 615.843339
1 823.548394 469.087584
1 865.453556 568.131524
2 797.237365 534.636742
1 700.019703 590.977502
2 689.497429 503.442299
1 942.654098 565.584940
1 974.721476 429.477981
1 915.583024 493.513157
1 880.166664 372.390413
1 818.843501 903.990710
1 777.875427 961.349815
1 784.662348 807.976081
1 713.883973 681.871294
1 698.351632 832.887170
1 861.669362 870.495413
1 884.976513 967.340616
1 776.948956 925.669527
1 985.729791 736.182174
1 705.506024 782.124510
1 752.682000 760.811311
1 889.445493 755.067427
1 774.961623 824.542234
1 761.411600 684.993317
1 742.257953 755.718707
1 948.075843 711.627920
1 787.572453 772.058655
1 753.908400 957.381225
1 729.567595 828.907751
1 804.312989 796.868233
1 992.452014 887.245723
1 973.469796 973.959822
1 984.950837 781.143714
2 719.869456 922.801414
2 711.178231 902.302355
2 910.685141 887.346740
2 955.729005 752.378792
2 688.667302 741.599192
2 851.580954 973.453359
2 751.369956 730.967509
2 901.751763 901.376158
2 828.199575 803.765985
2 730.353121 806.652293
2 851.828095 829.326335
2 957.127626 945.695485
2 670.284679 670.533588
2 673.480700 875.861290
1 998.093206 746.998088
1 995.093818 951.873534
2 868.061007 834.273747
1 758.469813 824.349414
1 747.550415 796.859686
1 993.760743 726.140876
1 687.563909 887.503819
1 756.700462 922.792186
1 797.414360 679.787928
1 878.150861 976.878566
2 787.120580 874.492958
1 961.738406 778.203202
2 835.477625 768.139484
2 828.323445 753.489380
2 676.225740 963.831551
1 994.753758 932.019851
2 995.461522 931.351851
1 721.808253 864.137895
1 717.409367 808.135064
2 684.985696 918.675688
2 746.238371 767.015884
1 766.183117 848.214229
1 685.257530 779.247169
2 948.903353 761.916742
