1 205.196307 190.114481
1 212.278736 161.253949
1 195.050289 171.076614
1 179.145205 192.423152
1 203.705688 176.662764
1 190.286978 163.249754
1 191.860712 185.192797
1 186.174945 200.079040
1 180.475691 186.882647
1 204.553109 188.063940
1 196.939850 198.505773
1 199.999612 180.015226
1 196.346362 175.409721
1 193.785615 175.874331
1 198.891638 173.225857
1 180.544847 186.930235
1 186.504118 179.103378
1 180.106523 173.681083
1 212.946587 178.048028
1 209.544623 167.571960
1 214.856571 170.711981
1 202.955266 172.699582
1 221.555916 184.444234
1 209.057956 178.535843
1 198.418725 169.288476
2 147.719864 139.178096
2 293.914801 136.273860
2 294.372177 189.389279
2 247.747488 300.629079
2 123.511157 300.565481
2 304.332227 62.381701
2 238.095347 173.144910
2 6.988644 146.061295
2 317.447416 179.969107
2 89.577762 289.336909
2 225.903249 289.597707
2 3.136457 219.714821
2 246.814734 268.601933
2 140.521718 239.398896
2 24.569977 251.627972
2 87.105782 18.602916
2 203.383335 10.801702
2 327.528642 217.334386
1 185.217343 201.680467
2 172.293906 91.556337
2 262.319260 267.828337
1 179.938585 203.732503
1 233.624035 149.104815
1 208.833238 150.764024
1 232.723990 250.667757
1 142.978958 172.173762
1 195.729347 166.005138
2 265.184984 200.470821
2 285.040496 154.337509
1 176.701001 218.725737
1 182.687958 184.057516
1 174.946310 144.127993
1 204.202945 164.082177
2 268.372909 249.044135
2 305.193418 158.048130
1 191.308448 170.244154
2 236.059076 183.125246
2 277.362730 208.919636
1 229.694326 167.091447
2 262.896425 205.666730
1 96.586548 164.478932
1 185.604098 182.328690
1 163.653399 158.136391
2 247.843788 180.668877
1 206.628267 178.119334
1 125.031785 201.906257
1 216.015208 226.694121
1 219.205046 220.023149
1 190.589996 215.471662
2 258.671039 256.742907
1 188.516043 192.784972
2 262.756440 149.742159
2 112.192304 311.372605
2 288.351069 291.866281
1 176.016105 202.488348
1 226.041609 157.520940
2 258.244258 162.037888
1 239.377224 169.769473
1 164.854815 165.347516
2 101.420469 246.881404
1 241.718067 144.437081
1 179.801399 172.040588
1 214.103907 156.963585
1 198.552915 189.573035
1 179.562932 170.211290
1 216.162948 156.000131
1 233.606179 205.678432
1 197.522970 178.105394
2 225.461355 207.378735
2 301.904566 148.664848
1 163.298334 132.553099
1 206.696711 153.208153
1 165.015523 169.963207
2 253.528377 129.771377
1 144.197585 207.776833
1 262.771754 262.010985
1 177.642828 214.923463
1 183.603309 161.841535
2 277.328225 124.872355
2 159.351154 172.461246
2 244.203808 200.561712
1 278.883543 235.948355
1 181.844191 211.215804
1 253.105941 181.602009
1 67.554709 185.755497
2 320.095245 179.023636
1 227.833943 145.771938
1 275.712740 196.744530
1 232.825601 143.820887
2 248.930056 206.453656
1 170.006154 154.933888
2 276.476060 260.869610
1 204.173302 158.608659
2 245.809493 168.138973
2 269.610795 188.548072
2 315.754817 236.613982
1 166.509140 116.606702
2 25.477776 207.201475
1 225.476480 112.484297
1 209.291980 196.841379
1 173.636225 173.620474
2 291.805470 146.156041
1 221.068542 171.668717
2 230.223414 167.621036
1 201.832717 209.490644
2 249.343066 174.582805
2 256.871912 250.729892
1 208.494787 125.649116
2 241.728348 126.455959
1 218.309415 163.964794
1 233.324219 228.316607
1 215.962485 173.356063
2 278.870441 155.060668
1 214.136600 174.500227
1 142.075390 175.177199
1 212.211146 197.138461
1 211.359971 177.682590
1 189.684796 157.736109
1 207.390467 189.326991
1 233.553451 181.612216
1 144.161680 212.171974
1 182.728272 172.064655
1 239.881744 198.861410
2 195.960107 279.113800
1 214.190211 185.047031
2 105.367142 236.883411
1 164.109295 188.110647
1 220.346521 198.301323
2 286.067774 187.219194
2 100.798417 257.741059
1 205.048681 207.348964
1 155.952417 142.556297
2 264.741253 182.462735
1 222.558265 175.776664
2 23.890261 244.395827
1 200.125682 159.440868
1 210.624508 159.406270
1 189.216354 223.227670
2 182.256922 295.711499
2 256.874278 133.173911
2 261.170523 199.361665
2 269.636784 264.793881
1 203.416373 214.879368
2 327.516387 51.151725
1 214.573746 294.343609
1 224.046784 124.339618
2 269.347414 127.358881
1 165.009055 176.006945
1 218.439044 193.020255
2 167.011079 303.619868
2 322.697966 216.195495
2 171.244360 543.570455
2 20.994490 632.140718
2 153.389716 641.988353
2 215.846863 380.439899
2 176.469311 624.306723
2 142.015951 484.013842
2 162.585077 510.800457
2 28.433730 395.907137
2 285.577834 399.682199
2 243.642724 359.433039
2 206.003233 444.655875
2 73.254313 598.941207
2 134.954239 645.637362
2 99.191083 646.504344
2 207.408084 475.388057
2 175.878546 664.310229
2 189.644114 629.877221
2 319.297610 588.508737
2 212.186749 476.590888
2 196.639021 448.275311
2 279.443721 666.644564
2 153.203006 607.471114
1 326.898053 572.939540
2 331.927140 666.349238
2 297.598421 665.379216
2 131.069353 605.375779
2 123.586020 559.493004
2 158.482274 653.749077
1 316.474857 662.431193
2 111.632622 615.909488
2 331.297789 657.490067
1 152.529190 780.121808
1 145.163527 789.729331
1 147.016255 764.763246
1 164.059055 789.500816
1 129.883861 767.236260
1 162.035259 791.309183
1 143.341848 761.361544
1 157.305392 776.514772
1 150.635253 800.337475
1 139.669431 765.674780
1 148.445724 798.992661
1 145.115120 801.068668
1 165.210033 792.478869
1 154.683136 787.143884
1 151.684056 759.675614
1 172.323697 786.749599
1 143.634279 768.792677
1 171.706840 790.920699
1 165.169143 762.646692
1 139.070384 777.583477
1 164.121171 782.791520
1 147.781349 780.633312
2 314.745031 695.223919
2 144.085517 872.816056
2 179.601668 815.345060
2 235.255087 804.442660
2 25.964187 815.865713
2 304.534268 779.614386
2 206.757819 820.565459
2 95.990597 827.499648
2 100.781039 780.964956
2 251.927141 815.949635
2 186.317673 845.551338
2 292.569065 875.351900
1 143.047159 793.148439
1 154.898661 768.621611
1 155.152484 785.424249
1 160.968961 765.106429
2 83.292754 794.126004
1 148.192195 804.159626
2 325.810474 684.067480
1 144.351364 838.847399
1 161.108343 813.878067
1 130.916964 792.585175
1 151.325889 757.575190
1 158.654483 775.625748
2 96.994582 886.291460
1 146.768626 757.138573
2 162.333048 892.738423
1 171.915752 837.866695
2 109.904881 881.945479
2 91.813557 682.470515
1 158.044347 729.123473
1 133.452532 769.138463
1 130.166743 792.782573
1 127.032931 803.727223
1 128.556187 752.926325
1 195.139999 765.706906
1 126.686490 778.747697
2 294.294876 787.482860
1 169.616977 832.602154
1 158.596062 799.351689
2 207.466348 875.908332
1 157.166472 807.575539
1 122.882752 761.080670
1 164.021657 798.483827
1 199.192098 852.944545
1 146.458132 758.856592
1 184.428403 794.041685
1 152.643165 753.824416
1 162.967199 778.171757
1 178.184748 834.146553
1 147.621137 724.281084
1 149.587484 866.198326
1 136.692136 821.203252
2 75.611040 900.172210
1 161.999050 756.617335
2 108.033607 738.492933
1 148.017894 757.435380
2 101.078167 705.090066
1 173.837057 772.199461
1 161.141744 787.999512
2 136.311151 895.066090
1 180.991887 813.776301
2 245.644595 807.768165
1 201.681785 826.693410
1 134.605809 818.852034
1 127.118867 804.171873
2 65.066593 722.876582
2 157.563641 898.487019
2 123.360944 830.430857
2 157.125454 920.779771
1 133.235298 740.840881
1 171.186635 764.606626
2 122.474537 888.346592
2 160.431093 866.855979
1 155.448806 741.316978
1 70.056294 727.096837
1 199.512671 817.335148
1 200.313742 812.921488
1 156.304412 790.775595
1 146.076882 788.304331
1 187.997158 806.105175
1 148.110002 787.902388
1 120.645108 771.221305
2 50.141414 729.556882
1 123.105264 850.976333
2 157.144430 911.540916
1 314.121197 704.831096
2 85.825744 699.006240
2 188.575124 848.522854
1 152.658770 817.461693
2 166.797790 869.502897
1 176.396133 836.098919
2 167.639197 858.501432
2 83.400346 788.151425
2 111.719430 872.297809
1 143.151112 849.584465
1 206.140970 837.099596
1 265.364805 673.486211
1 166.508985 877.191328
1 90.007278 738.937685
1 174.559170 757.652300
2 120.460827 767.253181
1 153.355411 782.285453
1 176.465788 775.035564
2 38.003242 789.048627
1 137.200713 803.770822
1 151.103892 812.509190
2 146.697269 855.378769
2 311.295872 695.019750
1 166.437769 773.197310
2 7.390039 774.055551
2 183.598192 873.027888
1 181.638398 770.929441
2 284.931751 887.353178
2 147.334590 898.670207
1 126.178377 728.874281
1 171.498235 791.483971
1 110.615807 771.998341
2 204.983759 879.718674
2 115.156097 821.796421
2 119.776858 929.936166
2 168.757537 854.718490
2 219.799216 990.246933
1 143.430868 861.086211
2 325.757265 770.873847
1 99.720531 728.472512
2 91.242552 929.497919
1 167.601079 832.860539
2 66.896480 894.307663
1 158.020318 795.139148
2 175.601592 902.062100
1 189.589784 848.932993
1 186.286234 773.069374
1 93.043390 690.199960
1 221.301549 758.655563
2 61.612989 873.085819
1 126.281662 710.817760
2 58.044316 704.081525
2 45.905012 743.249755
1 161.318333 729.684007
2 209.101936 833.872601
2 605.066590 47.788371
2 581.120796 112.089809
2 665.653347 275.935088
2 363.834378 164.526498
2 527.996854 292.824059
2 649.420891 250.178670
2 442.269964 137.611678
2 578.546029 74.844074
2 608.180601 176.614387
2 584.759719 8.514276
2 393.617551 91.206526
2 390.672135 228.799509
2 623.500289 78.874461
2 402.867411 243.143525
2 334.950622 271.238755
2 459.060437 293.612571
2 360.425364 73.982333
2 337.556236 92.720275
2 408.701727 242.780056
2 421.014353 143.761562
2 393.655740 1.235751
2 489.235007 120.743242
2 339.486604 225.710881
1 382.260213 656.654334
1 414.979481 651.653271
1 403.504982 652.571265
1 390.688447 647.845610
1 405.143784 645.741016
1 397.298582 643.386521
1 399.545928 650.646476
1 408.363581 655.378863
1 387.102474 631.882672
1 385.087245 644.224714
1 408.893194 651.784645
1 398.156383 646.538719
1 399.327124 649.262928
1 400.506485 650.383943
1 395.364842 649.921690
1 398.053061 653.189044
1 398.752565 649.912308
1 397.250624 649.699913
1 380.873523 652.353149
1 422.983944 640.758248
1 392.518443 649.812297
1 411.925322 644.440037
1 408.039858 649.382839
1 406.652711 633.066539
1 394.377634 647.022654
1 394.835188 662.032331
1 402.283887 655.352194
1 414.147286 642.437744
1 401.110278 649.500800
2 363.487086 575.203866
2 554.207542 524.403726
2 407.654692 539.267475
2 545.309700 599.809725
2 409.899350 583.813836
2 472.503920 468.156992
2 638.136057 382.283967
2 337.238754 627.361551
2 531.947152 538.399774
2 414.301767 487.742486
2 346.897906 350.992522
2 515.624875 369.475080
2 379.458646 395.931238
2 603.739266 638.164720
2 493.003781 406.135317
2 622.657885 589.764738
2 624.977644 549.091301
2 418.523773 349.099599
2 651.343269 665.120359
1 438.768157 621.521428
1 407.470588 655.845419
1 382.274219 601.853823
1 368.394606 641.201507
2 374.203775 611.549768
1 386.777792 654.298111
1 343.319726 632.073827
1 472.674618 617.846079
1 415.200327 640.563558
2 413.280604 392.701686
2 518.095473 636.724701
1 449.684335 646.048606
1 413.564387 642.284607
2 401.223295 456.882138
1 418.093270 629.396262
1 414.081871 660.336631
1 366.921909 643.736307
1 457.705831 658.121473
1 385.717564 624.594574
1 467.567006 630.835808
1 407.353447 646.539184
2 452.189739 557.229739
1 390.244654 664.859539
2 491.385074 631.504262
2 420.087189 610.069639
2 422.152866 579.195352
1 408.625057 658.156763
1 474.195203 624.530812
1 428.664827 629.350047
2 601.649920 659.410927
1 418.952626 623.244813
1 369.718181 641.010860
1 436.131751 602.051073
1 407.563626 635.164273
2 358.476796 540.618752
1 417.521358 662.094986
2 397.315806 622.073146
2 511.379999 537.585151
2 370.979763 649.292220
2 383.235451 617.159908
1 393.255121 628.749940
2 400.828051 648.222858
1 379.235198 648.552504
1 446.123669 633.395363
2 471.326633 637.866908
1 512.792124 643.332497
1 400.678497 646.178317
1 413.079850 659.436824
1 388.541360 657.330621
2 430.366198 600.213586
1 341.355115 645.145379
2 410.830274 600.210716
1 398.326559 639.430397
1 452.862798 629.974704
2 631.119117 578.501523
1 406.558881 647.542171
1 420.339416 665.068989
2 340.865382 664.599291
1 428.824680 633.928179
1 415.339878 665.960000
1 384.444594 649.131690
1 400.310472 660.864333
1 422.803233 628.384654
1 373.828790 638.461190
1 424.235352 637.696093
1 350.146027 663.670786
2 469.949685 627.239095
1 405.945300 638.643370
2 446.627054 658.010953
1 440.815664 630.545667
2 510.468074 609.357911
1 400.793198 654.718332
1 440.036680 636.306151
1 412.196379 662.175497
2 365.995720 589.077905
1 381.963211 631.255372
2 398.753549 565.918873
2 453.265363 586.692852
2 469.604567 484.022359
1 443.582564 636.802540
2 495.286087 555.619980
2 482.063029 633.970358
1 409.840403 608.056943
1 443.254571 651.454031
2 490.118634 562.536316
1 360.391551 632.070437
1 409.687911 596.894001
1 354.986187 654.401192
2 356.040950 569.714766
1 407.566859 636.577597
1 434.070820 629.948938
1 376.484973 634.019356
2 464.014294 658.934110
2 384.637126 564.218584
1 430.284876 630.340329
1 403.083792 640.189192
2 389.743212 595.154806
1 405.343145 594.990850
1 397.955537 649.781470
1 401.818898 637.343158
1 379.385382 625.675241
1 391.379840 607.728809
2 487.588686 584.478227
1 416.158726 608.039945
2 496.569252 613.495308
1 414.468987 581.915028
2 401.000152 660.891824
2 398.987947 608.724000
1 377.733584 591.171985
2 391.931148 582.795139
2 506.965840 551.170888
2 408.977161 574.369767
1 410.239235 652.436550
2 408.021399 638.984533
2 443.469476 510.538313
1 398.486538 591.801200
1 362.742457 646.328001
1 425.594022 639.837878
1 383.390514 631.706797
1 490.451960 660.171537
2 410.122823 628.139195
1 359.005178 659.244882
1 421.911149 578.553572
1 391.960461 527.726051
1 428.687404 578.575473
1 386.037779 648.253580
1 423.269562 659.176691
2 395.589306 598.500355
2 377.081356 558.786829
1 414.227881 646.435732
1 417.742945 641.336408
2 444.040724 595.590453
1 592.269184 788.914880
1 591.487549 810.596792
1 572.212885 807.626350
1 562.838830 823.133327
1 562.109298 801.404777
1 550.314057 812.352350
1 577.599504 805.651019
1 553.192257 793.616418
1 576.378288 808.759825
1 569.200985 800.474026
1 576.727973 810.336564
1 553.858209 800.021254
1 562.278597 797.613960
1 566.964520 801.578735
1 572.089694 783.789241
1 570.978102 799.174940
1 576.423917 815.735739
1 592.085861 806.001343
1 575.887485 815.058752
1 562.839817 799.521881
1 555.859829 792.941726
1 586.486928 795.935543
1 571.754810 812.072489
1 569.199946 795.767835
1 580.683493 819.967901
1 571.582199 797.383136
1 577.335586 808.401524
1 567.753650 797.303679
1 561.438024 797.509067
2 601.527925 716.441812
2 443.770658 934.503837
2 373.322691 854.021838
2 574.700117 858.400583
2 642.694306 910.732831
2 659.645040 947.878012
2 526.803464 864.987154
2 349.544459 746.803773
2 339.589366 723.918474
2 412.598899 810.795338
2 448.318685 952.522040
2 503.259611 871.763370
2 520.087113 997.883590
2 447.291469 719.800295
2 473.722511 702.352219
2 542.324607 680.102779
2 583.814646 844.751735
2 616.138961 886.174952
2 569.334652 674.698217
1 524.477847 760.176789
1 376.112515 670.902856
2 500.771735 883.476636
2 654.132909 804.512629
2 577.666353 720.478494
1 419.207054 678.682346
1 416.252119 718.576063
2 619.031528 805.140910
1 433.765260 680.280170
1 632.122622 760.330193
1 538.102501 804.081464
1 533.564022 779.845724
1 561.104558 746.079083
2 560.310654 701.758495
1 540.217304 768.702683
1 626.151283 767.493447
1 565.894622 797.742874
1 533.642098 801.983911
1 586.927036 779.323601
2 355.873771 704.657011
1 618.722941 794.119249
2 595.410727 728.038229
2 590.050850 736.627781
2 399.134717 720.583727
2 481.053051 696.912870
2 362.982127 751.649546
2 380.389008 859.454613
1 374.295979 686.012601
2 556.648938 743.006553
1 537.239795 775.325829
1 556.599723 781.456202
2 628.465490 813.943629
1 527.580919 801.175575
2 473.135776 675.575520
2 632.559151 797.999053
2 405.618913 848.930450
1 579.985339 871.740688
1 586.672961 742.549548
1 620.953485 808.222596
2 626.100990 796.245780
1 601.199570 778.230347
2 492.321821 874.600514
1 413.647449 715.627527
1 398.011459 668.324439
2 465.698436 678.491924
1 525.950158 798.852684
1 499.209179 811.160255
1 628.102932 774.481368
2 578.975486 715.067167
1 546.727258 775.125354
2 643.404728 798.828197
1 499.211917 755.980501
1 565.054049 797.637981
2 491.869662 903.055019
1 575.483575 784.203263
1 541.559218 790.735402
2 486.474591 863.761749
1 568.449492 806.036831
1 378.616961 734.435853
1 552.166514 743.680874
1 551.950623 776.535685
2 591.405606 913.586253
2 416.464338 687.865191
2 550.670213 686.484837
1 599.361001 766.348497
1 517.761935 803.349950
1 541.022790 754.265140
1 368.700047 680.315899
1 565.134512 707.022888
1 393.312082 687.785187
1 622.564421 808.228130
2 355.525732 747.621453
1 554.215194 780.523165
1 593.236712 833.597341
2 492.268887 673.840472
2 547.057218 810.332411
2 583.555238 698.939136
1 415.683128 671.270161
1 397.331000 667.523134
1 397.285109 680.983689
2 388.062644 759.061015
1 480.092952 818.786275
2 606.999507 808.888088
2 470.057418 698.461838
2 439.628532 746.366870
1 586.209870 757.517637
2 584.321425 849.934459
2 354.873742 749.227923
1 416.510717 736.539672
1 394.410940 686.032533
1 395.430239 676.523126
2 602.897954 705.638360
1 533.706279 764.162273
1 526.339974 844.339537
1 567.623228 792.734865
2 342.377329 705.950650
1 512.172384 763.078919
2 437.143264 794.423452
2 374.022969 760.846824
2 396.371461 691.130335
2 417.569149 873.319348
2 392.605784 746.102485
2 427.719703 677.094492
2 509.674441 865.316166
1 420.563203 730.671949
2 365.063011 710.740099
1 557.451960 805.951242
2 613.526927 723.334201
2 643.493609 826.549143
1 556.354996 762.244005
2 406.175510 668.850191
2 355.750958 776.580421
1 551.397748 740.490913
1 582.298629 753.703339
2 605.043724 705.737356
1 416.096788 675.532091
2 388.491638 701.139279
1 532.157121 794.291089
1 379.104462 743.972060
2 589.513556 785.546287
1 427.520992 684.635796
2 379.919935 730.427914
1 408.138673 695.330436
2 358.977890 742.923995
2 500.357961 835.035448
1 395.514929 691.797749
1 410.213461 667.502145
1 590.687241 842.220016
1 373.814442 667.612243
2 408.325178 809.221465
1 448.813434 708.503585
2 378.333442 682.611934
2 557.947984 747.950820
2 604.644376 733.402041
1 406.460922 667.413909
1 567.874618 818.406217
2 628.890826 776.828412
2 336.655212 720.755896
2 475.846624 697.319249
1 555.633505 770.473148
2 639.737754 813.080220
1 336.276128 671.651690
1 464.804188 673.446016
1 385.681838 721.361612
1 491.269165 839.123731
2 643.049122 843.843419
1 551.197592 784.845176
1 550.857288 784.643231
2 385.301304 682.250611
2 464.619248 710.847178
2 343.543536 905.816284
2 449.666443 721.519454
1 652.028763 824.611739
2 360.307307 676.105810
1 400.287216 698.885882
2 502.202382 849.487073
1 383.341175 669.187137
1 365.275131 672.674597
2 354.505482 676.555898
1 825.323420 313.131564
1 817.333145 301.770809
1 814.043604 287.613507
1 833.030645 316.684872
1 819.691371 300.488439
1 835.591285 300.783414
1 807.626186 302.934711
1 820.155986 304.158386
1 818.328382 301.953430
1 837.939457 290.559085
1 822.190965 301.146311
1 828.619228 297.276916
1 822.031434 305.360813
1 817.915434 307.558264
1 820.400217 300.308929
1 825.397005 287.726416
1 824.072163 310.451970
1 820.978513 300.690964
1 797.302606 305.825083
1 836.313379 292.914827
2 666.798979 177.648918
2 967.740334 176.295514
2 777.515608 169.121337
2 995.768737 265.352777
2 675.563414 185.947463
2 900.574006 251.836751
2 792.672124 105.940476
2 909.989381 231.012482
2 721.232896 113.150164
2 955.189126 119.127902
2 923.431828 272.093459
2 921.373790 74.377634
2 725.838965 321.164163
2 746.763665 98.818846
2 942.296089 88.085685
2 998.183651 278.084384
2 992.212422 18.595498
2 961.750529 170.609145
2 747.794707 283.159653
2 743.638688 290.934731
1 797.884710 269.154717
1 828.690540 307.769593
1 816.538284 242.136647
1 838.055353 298.739578
2 805.788031 266.914577
1 854.614462 321.239831
1 881.769364 268.297939
1 791.266211 295.739637
1 851.956503 313.051026
1 763.220299 309.739068
1 837.999938 297.808471
1 873.603710 276.122227
2 823.986839 287.809764
1 851.264846 304.004047
2 967.459337 186.134934
2 916.743782 306.707083
1 884.425033 285.643041
2 905.925517 332.633543
2 734.500140 267.154410
1 903.196628 247.244677
1 855.919847 320.289843
1 864.536824 282.506664
1 830.233809 279.806621
1 824.581683 309.689412
1 826.040495 314.826374
1 788.275287 322.763926
2 761.373987 284.083132
1 817.879937 277.658594
1 859.795271 276.968296
2 676.044752 261.735372
1 740.650779 293.276618
2 759.508669 279.427120
1 869.406677 297.347897
2 839.326500 228.230563
2 912.500912 324.632735
2 734.243892 289.153170
1 837.969990 302.073900
2 979.204568 180.924068
1 731.448792 320.181256
1 849.258157 258.783662
2 841.238697 196.374167
1 806.554713 267.044735
2 820.502931 274.371343
1 821.941139 330.695946
1 852.441527 262.402239
1 754.382144 277.561689
2 922.621874 260.057152
1 826.951834 276.365186
2 747.546502 288.783905
1 818.366248 327.119724
1 799.553278 281.120521
2 905.836429 251.796077
1 828.275983 259.109860
2 974.147252 285.364165
1 757.015883 273.691765
1 825.850121 273.502867
2 932.604582 173.202889
2 916.181770 312.964636
1 775.787478 235.293402
2 837.396028 234.920119
2 772.484482 278.943650
1 861.579518 269.374178
1 768.077526 297.397972
1 853.242876 328.955702
2 931.232495 146.086639
1 774.521737 257.761542
1 837.563007 289.689459
1 835.361209 274.563682
1 747.307577 275.367514
1 774.655563 305.504147
1 710.967081 247.260835
1 805.491457 308.841694
1 944.457760 252.411734
2 773.825203 263.207927
1 839.238429 265.887356
1 872.876122 299.207058
1 808.372518 311.295563
1 759.302477 293.316341
1 819.004077 245.219753
2 984.708962 322.763942
1 835.208822 281.414839
1 840.581245 285.380830
2 971.213434 247.706997
1 876.059491 302.825634
2 805.879189 320.760673
1 836.057656 258.374867
1 762.529505 291.094493
2 767.850520 294.336197
2 806.620001 321.614454
2 720.749700 174.717723
1 891.852979 280.932508
1 851.963901 261.007170
2 758.848197 283.090472
1 881.760016 298.811403
1 819.693704 297.955012
2 969.194239 265.380273
1 854.203748 252.600738
1 807.029447 270.735432
2 718.676880 293.937430
2 747.537181 320.976856
1 811.312616 316.141696
1 888.432655 266.535799
2 791.627198 331.185982
1 850.089836 277.300770
1 854.868395 275.224343
1 842.665317 217.869669
1 887.477637 299.064900
1 827.707884 328.975632
2 780.850591 262.415255
2 778.513550 277.613024
1 844.666398 283.990043
2 886.477420 330.340826
1 907.568897 268.709929
1 848.306993 303.227602
2 928.044054 328.604088
1 825.659477 258.240876
2 756.779424 283.759576
1 827.266150 251.684877
1 845.335208 240.664418
1 725.874625 323.355661
2 730.109777 308.507868
2 848.400178 292.139076
1 841.783816 317.146007
1 836.428648 320.765949
1 847.767452 304.001813
2 893.985778 113.408898
1 741.089935 284.901883
2 953.153490 288.816605
1 813.467077 296.805130
1 789.360624 287.454141
2 785.078108 275.038908
2 737.890739 263.445690
1 814.186703 304.831654
2 746.101341 208.394834
1 820.937266 308.649175
2 778.575263 284.495871
2 921.003650 301.003611
2 813.552443 273.434285
2 938.371169 249.119273
2 771.119155 254.915500
1 869.495003 250.931619
1 888.345972 279.572895
1 903.686567 317.809974
2 900.967435 274.173575
2 882.399387 264.534180
2 754.677565 247.178597
1 785.983441 332.959230
1 832.805000 327.696935
2 713.797725 148.096253
2 804.314737 292.502861
1 857.865209 275.258320
2 880.209078 301.738411
1 834.064147 319.384611
1 874.122460 289.394677
2 777.988451 274.710141
1 768.883905 275.456803
2 811.417116 280.334729
1 914.120840 279.624542
2 765.576771 264.753924
2 697.418057 327.670641
2 807.463319 272.354511
1 829.037767 267.248933
2 705.062627 296.769318
1 867.765718 255.483675
1 858.774790 241.267908
1 881.122021 306.653036
1 852.144320 313.217963
2 924.822934 360.146150
2 853.461554 617.476469
2 867.559483 627.575568
2 910.013623 458.782088
2 968.121624 355.378469
2 921.326964 580.380160
2 857.254788 594.139169
2 977.632657 440.842494
2 720.361765 580.513346
2 772.892698 525.418582
2 958.985674 356.512416
2 813.839232 641.817628
2 864.808386 501.433124
2 921.044725 367.612915
2 710.275476 501.749901
2 943.880865 406.262195
2 921.990480 423.415694
1 806.291486 341.232475
2 941.621247 371.084908
2 949.069645 359.079683
1 848.406072 336.875497
1 850.543257 335.375975
1 848.783086 357.196655
2 968.294787 366.011364
1 813.908249 368.894173
1 873.320280 351.967132
1 862.803038 341.553601
1 795.457554 363.555274
2 948.513526 471.354046
1 825.850789 352.633782
2 989.885188 368.758499
2 822.199368 342.556943
1 832.186160 371.714889
1 881.472074 359.523881
1 856.481347 385.530926
1 797.842826 365.509458
1 853.359530 342.581937
1 792.846965 375.580234
2 909.291128 336.388826
2 736.298085 335.973983
2 906.672808 345.927229
2 875.143045 340.577428
1 884.307071 372.089556
2 933.001472 409.455003
2 730.879782 942.588539
2 817.317326 740.240759
2 728.193996 675.485181
2 737.304823 749.460525
2 676.107195 838.903866
2 977.535892 947.458170
2 906.207141 929.633314
2 841.109441 723.509132
2 981.902447 834.698518
2 864.426634 915.553717
2 693.274694 781.004788
2 741.835712 871.078402
2 780.253001 708.401185
2 806.801612 766.132397
2 976.862547 852.163634
2 667.228161 788.809762
2 706.602538 830.036907
2 704.344558 794.195295
2 745.420189 839.426212
2 668.620748 939.455681
2 692.725162 806.177018
2 781.813709 744.764150
