1 199.269705 173.437265
1 210.114308 186.948301
1 205.196307 190.114481
1 201.889364 166.244283
1 200.028815 178.904122
1 188.380839 167.329228
1 212.278736 161.253949
1 212.483211 172.490510
1 195.050289 171.076614
1 179.145205 192.423152
1 203.705688 176.662764
1 220.372450 167.082820
1 208.432975 176.476157
1 190.286978 163.249754
1 191.860712 185.192797
1 199.578806 182.418145
1 186.174945 200.079040
1 180.475691 186.882647
1 204.553109 188.063940
1 220.977149 175.115079
1 196.939850 198.505773
1 199.999612 180.015226
1 196.346362 175.409721
1 193.785615 175.874331
1 201.650211 166.035300
1 182.203108 183.478241
1 198.891638 173.225857
1 180.544847 186.930235
1 186.504118 179.103378
1 180.106523 173.681083
1 212.387992 187.255458
1 212.946587 178.048028
1 209.544623 167.571960
1 181.902077 174.280506
1 205.334414 178.161422
1 212.620355 185.058393
1 188.913952 189.585743
1 204.101071 172.079548
1 179.717881 187.837870
1 207.066242 193.777773
1 214.856571 170.711981
1 202.955266 172.699582
1 184.536981 177.049929
1 184.258736 186.863044
1 194.252804 187.623283
1 201.516642 175.161366
1 221.555916 184.444234
1 204.039642 182.773306
1 209.057956 178.535843
1 198.418725 169.288476
2 147.719864 139.178096
2 293.914801 136.273860
2 171.706898 110.554810
2 245.197685 60.614106
2 294.372177 189.389279
2 247.747488 300.629079
2 123.511157 300.565481
2 304.332227 62.381701
2 318.756259 57.705115
2 240.868928 171.431778
2 158.408097 123.982872
2 238.095347 173.144910
2 6.988644 146.061295
2 317.447416 179.969107
2 89.577762 289.336909
2 225.903249 289.597707
2 18.138077 109.929903
2 3.136457 219.714821
2 129.998060 280.385958
2 198.110545 10.437739
2 246.814734 268.601933
2 31.140934 115.490686
2 265.037625 240.178044
2 114.672760 10.294318
2 140.521718 239.398896
2 24.569977 251.627972
2 87.105782 18.602916
2 203.383335 10.801702
2 317.624213 196.738750
1 182.031047 167.054463
1 192.318815 186.850227
2 240.000549 316.993995
1 179.194818 184.379276
2 201.176282 85.855153
1 219.188380 162.311920
1 158.920502 187.603933
1 209.311837 186.996326
1 249.730739 184.545496
1 214.037758 175.506437
1 169.874428 150.792493
1 222.733406 155.577760
1 169.426606 173.506760
1 186.504098 164.336466
2 145.857436 146.503389
1 212.529082 187.975433
1 230.359129 135.388117
2 243.679461 275.284667
1 112.949769 183.082445
2 161.146877 234.114305
1 214.405204 199.048866
2 231.999926 317.268459
1 149.078737 173.426807
1 195.250013 198.562007
1 146.069990 218.895346
1 206.511958 225.547535
1 195.377684 205.943743
1 160.625656 217.900063
1 137.455827 218.872307
2 299.738067 155.467942
2 149.673680 18.633136
2 171.244360 543.570455
2 20.994490 632.140718
2 66.088670 339.827348
2 153.389716 641.988353
2 215.846863 380.439899
2 197.668517 576.454287
2 176.469311 624.306723
2 142.015951 484.013842
2 162.585077 510.800457
2 28.754951 434.886062
2 258.849622 571.780342
2 28.433730 395.907137
2 285.577834 399.682199
2 243.642724 359.433039
2 206.003233 444.655875
2 119.399959 429.388510
2 73.254313 598.941207
2 134.954239 645.637362
2 99.191083 646.504344
2 207.408084 475.388057
2 175.878546 664.310229
2 167.849941 571.334346
2 210.990707 612.270818
2 174.221127 611.439906
1 145.030728 772.537774
1 157.487720 793.321122
1 126.746203 786.033927
1 143.108860 781.374177
1 154.390032 786.035741
1 152.529190 780.121808
1 145.163527 789.729331
1 142.908453 785.024548
1 147.016255 764.763246
1 140.785421 784.378476
1 149.145823 789.074265
1 164.059055 789.500816
1 129.883861 767.236260
1 162.035259 791.309183
1 143.341848 761.361544
1 157.305392 776.514772
1 148.994945 781.462857
1 139.319658 769.947154
1 150.635253 800.337475
1 139.604911 775.162807
1 139.669431 765.674780
1 148.445724 798.992661
1 161.454364 774.691989
1 145.115120 801.068668
1 147.551750 782.847987
1 130.097206 782.724603
1 146.637271 794.320656
1 144.572743 765.796607
1 165.210033 792.478869
1 145.398130 795.977175
1 138.434013 794.852440
1 137.038868 779.913534
1 148.886593 775.785309
1 154.683136 787.143884
1 151.684056 759.675614
1 141.519321 797.625571
1 172.323697 786.749599
1 143.634279 768.792677
1 171.706840 790.920699
1 150.302771 764.452877
1 154.831874 780.177508
1 165.169143 762.646692
1 139.070384 777.583477
1 164.121171 782.791520
1 131.403224 778.324781
1 147.781349 780.633312
1 142.264031 791.512781
1 156.685346 781.153872
1 144.954823 801.106475
1 168.558070 768.279076
2 45.445622 846.788738
2 314.745031 695.223919
2 278.842459 682.923933
2 144.085517 872.816056
2 179.601668 815.345060
2 235.255087 804.442660
2 25.964187 815.865713
2 66.431093 926.363874
2 304.534268 779.614386
2 226.630879 780.766078
2 168.179667 893.592700
2 155.089063 886.894080
2 206.757819 820.565459
2 95.990597 827.499648
2 100.781039 780.964956
2 251.927141 815.949635
2 97.995087 682.932946
2 109.632884 844.386862
2 186.317673 845.551338
2 54.460575 712.218472
2 132.847880 719.890740
2 251.392151 680.540094
2 92.891069 894.358573
2 78.445487 880.182434
2 292.569065 875.351900
1 142.868559 773.562992
1 111.272248 796.806754
1 205.368047 799.256574
1 112.909905 745.449928
1 128.750043 783.428829
2 149.606596 914.569553
1 171.764427 779.573080
1 109.709979 769.213889
2 244.359813 778.231287
1 161.526422 777.645360
1 177.405669 740.295497
1 153.886263 735.116405
1 151.367308 797.171994
1 120.014461 747.867857
2 158.129868 889.730197
1 182.085374 755.528146
1 93.704972 729.908170
1 137.258009 820.020232
2 17.181968 822.921289
1 145.933751 753.223878
1 163.348121 762.880360
2 45.243683 918.968899
1 140.147682 779.840341
1 191.048896 790.921264
1 166.631978 745.807517
1 149.480009 754.565899
2 30.123922 937.553963
1 160.133236 837.641823
1 175.071801 815.548248
2 102.590172 750.733758
1 171.598354 753.028331
1 52.369365 762.155978
1 122.006389 779.178800
1 137.876011 821.182471
1 149.882121 766.460655
1 127.007104 809.591826
1 153.113295 778.703964
1 179.245583 789.777196
1 185.277264 782.229971
1 182.730206 799.301689
1 162.495467 812.447850
1 125.597298 764.129110
2 73.670682 797.252174
1 123.494055 818.082980
2 349.778605 9.205542
2 605.066590 47.788371
2 589.443399 329.344407
2 581.120796 112.089809
2 665.653347 275.935088
2 363.834378 164.526498
2 647.042743 256.695106
2 527.996854 292.824059
2 666.366008 82.483431
2 649.420891 250.178670
2 429.921659 60.700783
2 442.269964 137.611678
2 578.546029 74.844074
2 463.885595 159.578450
2 340.834231 314.390766
2 608.180601 176.614387
2 581.659812 104.667085
2 584.759719 8.514276
2 406.604858 243.912258
2 393.617551 91.206526
2 530.761359 200.478255
2 390.672135 228.799509
2 623.500289 78.874461
2 371.782737 51.913341
2 402.867411 243.143525
2 334.950622 271.238755
2 444.498006 305.325461
2 571.288115 214.680961
2 459.060437 293.612571
2 360.039653 162.472859
1 382.260213 656.654334
1 400.060358 664.114563
1 405.111228 654.743552
1 414.979481 651.653271
1 403.504982 652.571265
1 390.688447 647.845610
1 405.143784 645.741016
1 397.298582 643.386521
1 399.545928 650.646476
1 408.363581 655.378863
1 407.056579 652.214464
1 387.102474 631.882672
1 385.087245 644.224714
1 412.893603 637.657770
1 405.531501 633.996536
1 408.893194 651.784645
1 398.156383 646.538719
1 400.441090 649.314884
1 397.339133 647.323642
1 399.327124 649.262928
1 400.506485 650.383943
1 395.364842 649.921690
1 398.053061 653.189044
1 394.188539 646.559336
1 398.752565 649.912308
1 397.250624 649.699913
1 406.456430 640.285232
1 380.873523 652.353149
1 397.868197 650.876934
1 400.504314 653.885126
1 421.667448 648.733453
1 422.983944 640.758248
1 380.384746 651.717041
1 392.518443 649.812297
1 411.925322 644.440037
1 408.039858 649.382839
1 394.418308 649.889421
1 406.652711 633.066539
1 394.377634 647.022654
1 394.835188 662.032331
1 395.472651 631.200161
1 402.283887 655.352194
1 414.147286 642.437744
1 412.439738 656.811921
1 394.118353 663.469716
1 402.351592 650.678890
1 393.106662 639.004447
1 411.733015 641.469493
1 401.110278 649.500800
2 455.653924 403.258451
2 363.487086 575.203866
2 554.207542 524.403726
2 407.654692 539.267475
2 422.263068 585.874800
2 545.309700 599.809725
2 409.899350 583.813836
2 569.053141 516.305782
2 472.503920 468.156992
2 638.136057 382.283967
2 337.238754 627.361551
2 514.384405 514.909617
2 421.769390 657.734760
2 567.767176 623.068481
2 531.947152 538.399774
2 414.301767 487.742486
2 346.897906 350.992522
2 515.624875 369.475080
2 379.458646 395.931238
2 603.739266 638.164720
2 501.170248 578.989438
2 493.003781 406.135317
2 439.302773 543.991638
2 622.657885 589.764738
2 624.977644 549.091301
2 418.523773 349.099599
2 651.343269 665.120359
2 400.695022 591.662895
2 356.809001 521.837604
1 394.900726 636.648785
2 516.726749 492.892884
2 585.099355 596.914918
2 504.847052 514.047100
1 421.910408 666.424734
1 443.148216 659.931597
1 380.477038 649.016151
1 382.770506 665.201369
1 421.738825 609.454471
1 400.957455 637.572853
1 410.782183 642.531464
1 387.945515 656.628625
1 417.791747 638.309542
1 382.239077 655.104298
1 397.150887 659.637760
1 416.280955 643.575198
2 409.226497 581.358655
2 437.715832 630.401340
1 437.252577 631.977247
1 409.032578 630.419839
1 379.885034 616.061368
1 376.570251 591.682799
1 436.398862 621.084317
1 369.493117 594.772789
1 374.264202 637.434853
1 411.668134 668.368042
1 592.269184 788.914880
1 591.487549 810.596792
1 569.833038 799.846903
1 572.212885 807.626350
1 562.838830 823.133327
1 581.619194 791.499844
1 562.109298 801.404777
1 569.393378 799.362321
1 575.479506 794.895237
1 550.314057 812.352350
1 585.959880 788.115219
1 564.241788 810.020203
1 569.629502 802.786922
1 577.599504 805.651019
1 574.622168 791.722488
1 564.053403 790.297419
1 553.192257 793.616418
1 549.161840 788.600295
1 576.378288 808.759825
1 569.200985 800.474026
1 576.727973 810.336564
1 553.858209 800.021254
1 559.810518 804.961297
1 548.627846 793.185977
1 562.278597 797.613960
1 571.998115 799.433039
1 566.964520 801.578735
1 574.470780 783.193272
1 572.089694 783.789241
1 570.978102 799.174940
1 576.423917 815.735739
1 592.906930 809.881322
1 592.085861 806.001343
1 575.887485 815.058752
1 574.647485 814.706093
1 562.839817 799.521881
1 565.419632 797.485520
1 555.859829 792.941726
1 582.643007 781.605743
1 586.486928 795.935543
1 571.754810 812.072489
1 569.199946 795.767835
1 580.683493 819.967901
1 571.582199 797.383136
1 590.387599 797.733528
1 577.335586 808.401524
1 580.041311 806.092403
1 567.753650 797.303679
1 561.438024 797.509067
1 570.353356 805.491408
2 577.914558 714.854242
2 436.675419 920.930438
2 601.527925 716.441812
2 443.770658 934.503837
2 373.322691 854.021838
2 574.700117 858.400583
2 610.104511 840.210379
2 642.694306 910.732831
2 659.645040 947.878012
2 526.803464 864.987154
2 486.398273 802.952947
2 349.544459 746.803773
2 381.538185 894.107693
2 339.589366 723.918474
2 412.598899 810.795338
2 382.367949 691.752045
2 448.318685 952.522040
2 503.259611 871.763370
2 408.423329 772.895511
2 650.792042 795.792364
2 520.087113 997.883590
2 496.779949 667.697406
2 447.291469 719.800295
2 646.125732 813.346760
2 473.722511 702.352219
2 648.836860 787.895538
2 572.124382 759.782192
2 542.324607 680.102779
2 622.243191 962.189270
2 524.971951 840.720524
2 430.984447 864.594218
2 583.814646 844.751735
2 616.138961 886.174952
1 529.910114 847.799377
2 630.248650 764.301044
1 578.367466 775.935484
2 563.707668 908.078905
2 391.086254 766.927096
1 577.316859 809.629199
1 561.625016 804.988778
1 560.490327 796.925941
1 559.210564 833.491275
2 569.834739 836.641766
2 427.681157 712.059262
1 570.731252 808.443198
2 488.342297 780.061906
1 581.047760 837.746157
1 600.113829 764.957669
1 354.399113 668.098700
2 588.388271 847.486414
2 411.691300 785.556335
1 590.169104 808.987132
1 561.530398 826.954563
1 566.058133 793.187029
2 460.641686 761.800760
1 550.113193 805.857335
1 621.593453 740.781399
1 575.721880 771.794675
2 525.690182 806.645794
1 561.740599 837.462817
1 592.949059 800.986529
2 497.079217 851.669624
1 562.875401 811.067341
1 540.155355 808.560545
1 572.574403 808.447577
1 586.622581 798.185613
1 606.539372 839.521311
1 596.259515 819.398155
1 566.254260 823.079754
1 581.514663 799.778516
1 563.668079 790.307380
1 553.597049 764.380139
1 371.391379 674.842491
1 564.865722 808.887301
1 533.891564 805.085113
1 577.101655 836.757349
1 572.396294 755.142862
1 546.161727 795.910782
2 579.799051 785.284624
1 564.005316 796.361827
1 627.982958 762.833074
1 562.932107 766.067491
1 593.816522 838.067236
1 579.870500 782.067012
2 420.030690 683.656246
1 511.993726 793.731178
1 589.403471 785.177059
1 629.460617 716.459811
2 420.018064 786.543728
1 430.741658 675.332111
1 573.120943 802.468168
1 544.327382 786.289644
2 523.979496 910.348482
1 531.865295 810.913512
2 494.053004 695.786809
1 524.404808 818.866204
1 521.658087 785.714334
1 641.448483 779.702395
2 648.275629 799.618792
1 512.398282 804.170462
2 501.326599 847.429933
1 562.968943 789.322665
1 534.348763 820.956352
1 559.408470 792.254275
1 567.339471 780.130660
1 581.900727 830.111876
2 578.191994 868.888320
1 527.973403 791.242792
1 825.323420 313.131564
1 817.333145 301.770809
1 812.226200 290.236725
1 830.429414 297.607845
1 824.995430 303.209579
1 814.043604 287.613507
1 833.030645 316.684872
1 831.667684 295.476292
1 814.058431 301.075981
1 834.044190 283.999700
1 827.473053 308.571495
1 819.691371 300.488439
1 820.776003 303.481807
1 835.591285 300.783414
1 807.626186 302.934711
1 820.155986 304.158386
1 822.841290 275.549347
1 826.779512 299.570688
1 802.061386 300.942897
1 818.328382 301.953430
1 830.789986 321.305360
1 821.461269 298.275657
1 837.939457 290.559085
1 809.734327 290.916042
1 799.208382 306.913418
1 827.960425 295.295719
1 822.190965 301.146311
1 828.619228 297.276916
1 824.871657 302.618242
1 818.187449 299.010597
1 822.031434 305.360813
1 822.383471 302.747937
1 820.658663 284.509079
1 809.235061 314.367895
1 817.915434 307.558264
1 838.150705 307.822859
1 817.894563 302.926957
1 820.400217 300.308929
1 833.266366 306.872088
1 825.397005 287.726416
1 824.072163 310.451970
1 820.862003 300.408726
1 818.762404 303.936763
1 812.497967 279.106009
1 829.669497 290.198884
1 832.419664 315.356267
1 820.978513 300.690964
1 797.302606 305.825083
1 843.686914 295.652230
1 836.313379 292.914827
2 666.798979 177.648918
2 722.194114 196.170142
2 799.967573 112.965367
2 893.464066 245.978228
2 755.215109 262.818065
2 967.740334 176.295514
2 847.526756 47.555112
2 896.554048 172.220755
2 882.950573 98.002196
2 919.808063 177.226763
2 777.515608 169.121337
2 763.118143 314.693327
2 830.285743 135.188482
2 995.768737 265.352777
2 801.264136 178.192910
2 675.563414 185.947463
2 900.574006 251.836751
2 844.330495 166.834008
2 792.672124 105.940476
2 786.455709 275.805450
2 909.989381 231.012482
2 721.232896 113.150164
2 850.339335 302.945682
2 955.189126 119.127902
2 923.431828 272.093459
2 921.373790 74.377634
2 809.899771 309.508034
2 700.217118 149.705557
2 923.879637 114.424918
2 799.230402 268.265659
2 725.838965 321.164163
2 826.266588 220.737925
2 746.763665 98.818846
2 942.296089 88.085685
2 998.183651 278.084384
2 992.212422 18.595498
2 961.750529 170.609145
2 747.794707 283.159653
2 743.638688 290.934731
2 820.345234 203.320440
2 782.084501 180.866159
1 812.002793 314.425228
1 800.975652 291.053904
2 772.857639 312.030034
1 805.010691 321.841829
1 813.918800 269.503762
2 853.380301 151.993586
1 848.720277 302.047639
1 821.491157 268.771597
1 839.275727 297.968631
2 974.782935 290.248346
1 835.638516 329.783898
1 834.469062 297.829196
1 794.767024 324.272136
2 860.962332 222.857441
2 778.662655 259.250400
2 860.141561 237.274348
2 803.786892 282.741576
1 819.203003 286.611891
2 782.455041 315.802481
1 882.806901 310.111387
1 830.823686 310.492855
1 800.494883 301.183571
1 840.481477 297.371801
2 871.368033 241.104501
1 859.327926 307.774768
2 924.391999 245.789306
2 763.625900 313.600990
2 867.249017 248.838575
2 966.958225 278.514755
1 835.175760 267.399328
2 842.369740 186.050332
1 852.163330 280.986634
1 854.812777 298.229431
2 769.019191 282.341376
1 826.125976 274.990648
2 817.268952 282.053723
1 826.607302 267.330574
1 801.642651 297.384726
1 836.637905 303.507511
1 862.909158 241.856985
2 980.825257 146.416142
1 806.359802 282.782305
2 964.417497 188.288270
2 932.660919 242.750798
2 924.822934 360.146150
2 853.461554 617.476469
2 898.600168 540.882315
2 677.775509 342.930127
2 750.100477 352.702020
2 867.559483 627.575568
2 910.013623 458.782088
2 968.121624 355.378469
2 909.437058 404.824141
2 921.326964 580.380160
2 857.254788 594.139169
2 977.632657 440.842494
2 720.361765 580.513346
2 772.892698 525.418582
2 958.985674 356.512416
2 952.169677 569.099599
2 813.839232 641.817628
2 864.808386 501.433124
2 922.861860 409.129112
2 757.961885 346.761935
2 921.044725 367.612915
2 710.275476 501.749901
2 821.702857 505.467745
2 923.699222 340.109950
2 857.317670 417.800218
1 874.714261 335.596054
2 781.566088 357.705077
1 830.133825 336.951174
2 806.773165 416.414007
2 730.879782 942.588539
2 817.317326 740.240759
2 728.193996 675.485181
2 737.304823 749.460525
2 676.107195 838.903866
2 836.032604 668.933878
2 977.535892 947.458170
2 922.795936 866.236940
2 906.207141 929.633314
2 970.266889 912.324051
2 841.109441 723.509132
2 975.466924 771.741003
2 981.902447 834.698518
2 864.426634 915.553717
2 960.869334 752.871921
2 761.362816 885.111847
2 693.274694 781.004788
2 666.953286 932.102326
2 741.835712 871.078402
2 780.253001 708.401185
2 806.801612 766.132397
2 761.710381 739.473249
