1 199.269705 173.437265
1 210.114308 186.948301
1 201.889364 166.244283
1 188.380839 167.329228
1 212.278736 161.253949
1 195.050289 171.076614
1 203.705688 176.662764
1 208.432975 176.476157
1 190.286978 163.249754
1 220.977149 175.115079
1 196.346362 175.409721
1 198.891638 173.225857
1 180.544847 186.930235
1 180.106523 173.681083
1 212.946587 178.048028
1 209.544623 167.571960
1 188.913952 189.585743
1 204.101071 172.079548
1 202.955266 172.699582
1 184.536981 177.049929
1 184.258736 186.863044
1 221.555916 184.444234
2 147.719864 139.178096
2 293.914801 136.273860
2 171.706898 110.554810
2 245.197685 60.614106
2 294.372177 189.389279
2 304.332227 62.381701
2 240.868928 171.431778
2 238.095347 173.144910
2 317.447416 179.969107
2 89.577762 289.336909
2 246.814734 268.601933
2 140.521718 239.398896
2 24.569977 251.627972
2 87.105782 18.602916
1 223.753656 173.259614
1 206.977574 174.941878
1 211.882562 190.594657
1 236.060898 167.080600
2 163.799024 155.315183
1 140.985634 156.651350
2 99.748604 2.126130
1 195.957327 216.218105
1 192.943507 204.645543
1 163.204385 156.132511
1 215.910666 199.746598
1 190.619662 137.354991
2 253.713855 152.888188
1 223.942748 183.171572
1 195.351678 164.407071
1 210.913117 215.145524
2 141.388749 133.170311
2 69.590324 278.909813
1 223.379534 177.342154
1 131.244219 234.251321
1 173.826393 201.119773
1 203.689923 151.407952
1 174.788612 128.712575
1 209.446510 183.030800
1 211.325657 161.180977
2 98.901621 12.097501
1 232.051787 173.768647
1 203.149975 149.599160
1 171.361421 199.438217
1 165.797814 168.207502
2 241.358551 246.734929
1 181.801973 139.860335
1 227.156298 190.145340
1 214.123867 216.826449
1 243.603341 185.832704
1 150.234573 169.751331
1 227.963618 182.132245
1 207.523263 197.282581
1 153.572797 141.085224
1 216.016985 163.578064
2 261.538050 125.052785
1 149.912753 202.902656
1 225.753613 131.436786
1 320.203426 182.113912
2 162.475058 173.514389
1 150.641564 146.619919
2 242.454399 236.919484
1 159.776834 104.212104
2 145.143719 160.649098
1 208.235136 175.915401
1 223.783677 130.262341
1 214.536292 126.698011
1 197.407306 167.791874
2 256.447312 171.310173
1 207.506104 146.790605
1 220.416654 202.053893
1 236.016346 191.223236
1 150.234573 169.751331
1 144.944865 136.178127
2 246.067060 208.301388
1 190.763979 177.781373
2 163.090203 113.578059
1 188.965525 178.271768
2 224.029337 160.821405
1 213.086291 176.661444
1 250.217128 176.752460
2 307.061032 136.738766
1 215.778491 143.970410
1 230.383665 175.750501
1 192.503399 193.399092
1 250.345554 102.334964
2 146.683819 120.740759
1 162.709306 156.398515
1 180.068659 229.626983
1 170.744925 147.169845
1 308.519288 209.997513
2 264.781048 132.157843
2 251.599454 110.118891
1 139.248121 143.498299
1 251.715925 169.575649
1 177.129976 227.980700
1 166.496345 137.275705
2 22.535848 241.572558
1 116.223609 171.588972
2 202.469536 107.383772
1 235.198738 176.743283
1 227.384371 153.027031
1 230.178386 130.196956
2 247.460151 194.000899
1 177.322880 165.150564
2 126.283202 235.488959
2 229.658518 225.678945
1 81.767889 235.373155
2 264.409625 145.501807
2 190.028293 57.866203
2 55.363482 239.806558
2 171.244360 543.570455
2 20.994490 632.140718
2 66.088670 339.827348
2 215.846863 380.439899
2 197.668517 576.454287
2 176.469311 624.306723
2 142.015951 484.013842
2 258.849622 571.780342
2 243.642724 359.433039
2 206.003233 444.655875
2 73.254313 598.941207
2 134.954239 645.637362
2 99.191083 646.504344
2 185.946203 610.580503
2 162.427279 635.241306
2 153.107254 660.908155
2 105.284419 662.130766
2 139.092015 631.573184
2 329.291346 536.764696
2 294.441878 666.034743
2 168.867178 534.853818
2 326.912987 576.673943
1 145.030728 772.537774
1 157.487720 793.321122
1 126.746203 786.033927
1 154.390032 786.035741
1 152.529190 780.121808
1 145.163527 789.729331
1 147.016255 764.763246
1 162.035259 791.309183
1 148.994945 781.462857
1 139.319658 769.947154
1 150.635253 800.337475
1 139.604911 775.162807
1 161.454364 774.691989
1 145.115120 801.068668
1 147.551750 782.847987
1 130.097206 782.724603
1 146.637271 794.320656
1 144.572743 765.796607
1 165.210033 792.478869
1 145.398130 795.977175
1 138.434013 794.852440
1 148.886593 775.785309
1 141.519321 797.625571
1 143.634279 768.792677
1 154.831874 780.177508
1 165.169143 762.646692
1 139.070384 777.583477
1 147.781349 780.633312
2 314.745031 695.223919
2 278.842459 682.923933
2 179.601668 815.345060
2 226.630879 780.766078
2 168.179667 893.592700
2 206.757819 820.565459
2 95.990597 827.499648
2 100.781039 780.964956
2 251.927141 815.949635
2 97.995087 682.932946
2 109.632884 844.386862
2 186.317673 845.551338
2 54.460575 712.218472
2 92.891069 894.358573
2 78.445487 880.182434
2 104.073829 943.499639
1 136.534779 804.288613
1 133.949593 809.444636
1 165.029422 795.462733
1 205.420881 751.118778
1 180.755269 828.305613
2 206.807730 693.370612
2 128.867941 853.080904
2 156.869417 738.076199
1 158.090683 796.892505
1 186.834326 729.933186
1 123.308098 765.181701
1 166.540979 772.731493
2 154.978402 813.475206
2 32.613908 706.249547
2 94.151094 690.070711
1 179.298350 783.544185
1 161.736475 846.590834
1 164.076131 764.178078
1 138.713847 770.761637
1 144.802300 852.761126
2 172.104957 719.197551
1 170.194117 818.706295
1 170.912561 768.152339
1 113.909682 768.462321
2 292.961425 766.170752
1 124.429516 796.461927
1 133.724735 811.706776
2 292.149764 850.775965
1 174.383753 794.952332
2 214.445333 709.785594
1 172.485628 833.762223
2 190.487514 819.848135
2 196.274870 783.376741
2 207.355798 785.121328
2 315.365935 793.128182
2 230.201177 796.854830
1 171.124856 836.784681
2 65.741040 701.354663
2 175.101746 721.329224
2 209.677877 844.691795
1 219.772005 802.909602
2 233.469009 695.937889
2 129.233067 753.094423
1 214.505852 824.617021
1 161.427180 787.126299
1 133.313528 755.349817
2 307.150667 764.809842
2 215.316460 833.389290
2 19.514339 754.759173
2 168.521637 834.572948
1 149.646176 801.128859
1 78.802330 773.844139
1 190.862061 834.230748
1 96.928255 727.591352
1 180.239516 822.551260
2 160.781261 738.309846
1 279.365069 838.716625
2 179.594644 695.469662
2 68.892277 840.080715
1 188.486851 818.409722
1 142.595247 756.779916
1 165.398029 816.965309
1 183.469409 774.032549
2 319.679144 829.004917
1 175.788289 885.900406
1 210.637660 812.148194
2 78.659089 971.142446
2 298.953980 808.042330
1 153.402776 756.392881
2 333.113586 726.819806
1 148.807031 824.555528
1 92.794492 805.201156
1 137.663960 753.152684
2 349.778605 9.205542
2 605.066590 47.788371
2 589.443399 329.344407
2 581.120796 112.089809
2 665.653347 275.935088
2 363.834378 164.526498
2 647.042743 256.695106
2 527.996854 292.824059
2 666.366008 82.483431
2 649.420891 250.178670
2 442.269964 137.611678
2 463.885595 159.578450
2 608.180601 176.614387
2 584.759719 8.514276
2 406.604858 243.912258
2 393.617551 91.206526
2 530.761359 200.478255
2 390.672135 228.799509
2 623.500289 78.874461
2 371.782737 51.913341
2 402.867411 243.143525
2 334.950622 271.238755
2 446.221285 239.064387
2 414.551635 88.422966
1 344.495407 205.584531
1 382.260213 656.654334
1 414.979481 651.653271
1 390.688447 647.845610
1 397.298582 643.386521
1 407.056579 652.214464
1 387.102474 631.882672
1 412.893603 637.657770
1 400.441090 649.314884
1 397.339133 647.323642
1 399.327124 649.262928
1 400.506485 650.383943
1 395.364842 649.921690
1 397.250624 649.699913
1 421.667448 648.733453
1 422.983944 640.758248
1 380.384746 651.717041
1 392.518443 649.812297
1 411.925322 644.440037
1 406.652711 633.066539
1 394.377634 647.022654
1 394.835188 662.032331
1 414.147286 642.437744
1 412.439738 656.811921
1 402.351592 650.678890
1 411.733015 641.469493
1 401.110278 649.500800
2 455.653924 403.258451
2 407.654692 539.267475
2 422.263068 585.874800
2 569.053141 516.305782
2 472.503920 468.156992
2 514.384405 514.909617
2 567.767176 623.068481
2 531.947152 538.399774
2 414.301767 487.742486
2 515.624875 369.475080
2 501.170248 578.989438
2 622.657885 589.764738
2 624.977644 549.091301
2 418.523773 349.099599
2 651.343269 665.120359
2 356.809001 521.837604
1 424.338887 666.102872
2 475.331502 552.202034
1 400.633408 646.064794
2 590.236943 591.257116
2 544.507272 581.078580
2 526.628811 635.463036
1 432.231299 647.890748
1 415.861933 658.583941
1 434.977474 598.713883
1 431.617520 641.458894
1 384.309065 614.556763
1 424.257566 622.747532
1 430.881781 599.379979
1 355.567474 628.752186
2 575.332837 571.899269
1 489.600689 615.545704
1 367.630369 651.554413
1 431.565105 645.094196
2 370.285221 551.823491
1 345.389455 619.017347
2 565.261867 564.735575
1 416.522473 638.792845
1 361.410211 567.870324
2 525.395289 555.939903
1 360.159544 648.617567
1 413.567650 638.499118
2 651.149022 650.302407
1 404.877623 655.451753
2 567.732847 549.743870
2 427.947319 524.909662
1 388.563151 655.885473
1 434.274657 626.934321
2 533.907546 555.470769
1 411.855970 650.626140
1 446.507831 660.869989
1 344.725534 649.176963
2 415.242927 592.358263
2 576.383817 611.105515
2 460.486857 592.145726
2 388.786317 592.144631
1 338.511357 521.183886
2 526.015725 609.793837
1 409.258471 645.720589
2 380.211455 577.996843
1 392.787338 642.986451
2 405.969366 611.015884
1 402.994957 660.235306
2 358.318595 559.253500
2 544.733056 665.617352
2 523.539965 528.363799
1 478.851636 664.221507
1 343.689435 661.927710
1 482.119790 639.539207
1 391.524311 657.444080
1 453.634542 626.906176
1 412.896834 639.085067
2 429.470251 610.825753
1 443.629893 642.042158
1 413.725248 657.742309
1 443.423325 625.702386
2 506.582384 626.530398
1 428.241349 659.016665
2 412.492629 589.897117
2 404.593570 602.897632
1 425.085184 631.980532
2 444.054515 588.881106
2 409.734645 648.339933
2 402.266655 649.611656
2 454.541100 607.508732
2 390.569039 496.710601
1 471.034419 662.448296
1 592.269184 788.914880
1 591.487549 810.596792
1 569.833038 799.846903
1 572.212885 807.626350
1 581.619194 791.499844
1 562.109298 801.404777
1 569.393378 799.362321
1 575.479506 794.895237
1 564.241788 810.020203
1 574.622168 791.722488
1 553.192257 793.616418
1 576.378288 808.759825
1 569.200985 800.474026
1 553.858209 800.021254
1 562.278597 797.613960
1 566.964520 801.578735
1 574.470780 783.193272
1 572.089694 783.789241
1 576.423917 815.735739
1 592.085861 806.001343
1 582.643007 781.605743
1 571.754810 812.072489
1 580.683493 819.967901
1 571.582199 797.383136
1 590.387599 797.733528
1 567.753650 797.303679
1 561.438024 797.509067
1 570.353356 805.491408
2 443.770658 934.503837
2 574.700117 858.400583
2 642.694306 910.732831
2 349.544459 746.803773
2 382.367949 691.752045
2 503.259611 871.763370
2 408.423329 772.895511
2 650.792042 795.792364
2 520.087113 997.883590
2 496.779949 667.697406
2 447.291469 719.800295
2 648.836860 787.895538
2 542.324607 680.102779
2 524.971951 840.720524
2 430.984447 864.594218
2 616.138961 886.174952
2 484.111958 805.948106
2 646.807785 689.255053
1 418.055520 667.921749
1 426.999747 667.386659
2 606.927291 775.147556
2 460.439747 707.251170
2 660.317540 877.105114
1 562.265545 848.386220
2 489.668828 723.356727
1 583.626014 767.455710
1 541.870873 764.143496
1 586.249462 830.786901
1 591.001202 822.719180
1 598.706963 810.693005
1 618.085213 789.881216
2 573.419095 840.388487
1 533.593135 788.991398
2 379.837275 723.996822
1 433.485792 700.459390
2 643.696198 829.634847
2 505.116989 819.782647
2 444.044756 709.974655
1 533.737191 730.220045
1 638.265002 824.945695
2 576.245339 753.425745
2 636.674181 767.269813
1 546.166236 800.535076
1 374.185468 675.313827
1 648.600435 774.427595
2 554.320970 679.115522
1 580.323866 812.841066
1 576.367315 800.051193
2 526.894687 852.713377
1 591.885114 830.462209
2 548.698531 680.395921
1 575.523134 761.524595
1 598.859629 728.882837
1 525.847430 798.414094
1 586.621001 820.091829
1 618.303200 845.231026
1 565.577924 845.061451
1 602.863712 760.023606
2 455.512563 820.838158
1 633.242278 784.324841
1 377.928679 693.744055
2 519.288543 772.952545
2 584.828230 854.034375
1 358.324818 690.100831
1 526.552367 791.037041
2 506.525907 855.959625
2 423.760449 696.656719
2 600.919595 887.929145
1 574.627202 829.810450
1 537.286581 786.041933
1 539.413846 824.566312
2 581.841647 807.776523
2 583.717961 671.273759
2 603.952783 754.770108
2 469.825061 817.299162
1 561.571341 852.742931
2 664.637930 768.911545
1 491.703596 806.934889
2 595.394552 760.099706
1 629.854721 822.033189
1 517.054124 757.996709
2 519.260756 839.130628
2 577.211511 813.826011
2 644.384213 890.387504
1 387.843890 670.366134
1 533.442603 817.736642
2 461.996180 965.525097
1 560.468699 715.621677
2 543.892428 712.817612
2 425.364135 732.279828
1 587.854149 859.757093
2 519.974528 754.891895
1 555.909834 707.024966
1 563.678897 847.194265
2 654.729222 821.969294
2 397.828176 879.866801
1 350.640722 672.696481
2 544.312126 825.045407
2 344.502691 714.502943
2 597.369266 747.073949
2 508.370579 675.914658
1 583.494456 814.628117
1 395.503653 672.256200
1 508.804087 804.227501
2 529.044543 840.037144
2 347.354248 753.559566
1 532.805739 802.351502
1 561.751917 828.365729
2 546.061512 854.814289
2 421.298452 718.179832
1 570.351213 794.274518
2 413.808569 703.755364
1 589.127188 823.571569
1 598.312744 824.736344
1 581.830027 832.887982
2 482.844358 695.663411
1 531.797674 804.333379
2 409.867486 795.944128
2 555.077172 840.239543
1 603.287006 802.150974
2 570.689130 842.910091
1 578.148291 823.016529
2 627.796174 874.854264
2 617.287874 872.712484
1 383.219597 668.756496
1 598.526245 861.207804
1 562.113058 840.695196
2 417.987800 788.600512
1 385.110660 684.668617
1 575.425390 832.425732
1 538.271581 763.447065
1 579.275226 826.935577
2 550.579374 676.548407
1 565.696900 838.216978
2 602.378918 773.471551
1 589.340360 887.270460
1 622.819562 818.437184
1 535.584260 798.450406
2 633.704025 922.484154
2 457.580592 854.836792
1 542.237112 811.468954
1 608.231570 797.390498
1 385.363401 691.373054
2 493.116446 778.067419
2 512.257369 823.896974
1 549.993486 818.949727
1 596.288500 802.623758
2 637.811745 731.217110
2 490.517431 697.500344
2 520.697654 850.320531
1 576.527923 806.863942
2 404.003998 677.267618
1 553.235885 760.245776
2 522.935357 810.737437
2 473.663892 854.704306
1 629.716522 825.853763
1 366.927677 669.674010
2 458.692002 683.679096
2 485.007067 848.732232
1 533.665228 691.936604
1 507.943701 817.095788
1 590.372419 816.499781
1 548.205405 822.696726
2 602.403301 887.291906
2 506.256660 847.735087
2 529.523689 818.285945
1 437.205139 707.681001
1 585.433538 706.549212
1 571.124745 776.999072
2 441.216355 736.552019
1 541.508439 781.832449
2 632.056177 869.195280
1 437.538052 684.620048
1 522.551996 823.795983
1 421.966774 673.170449
2 430.516949 692.791627
1 544.756126 799.667259
2 658.794300 797.069618
1 581.843393 793.728241
2 577.057665 872.864968
1 576.657251 816.161387
2 502.233996 830.216001
1 611.645058 846.793021
1 578.752748 847.490281
2 610.187508 763.570268
2 574.301667 669.014629
2 542.341880 835.290802
1 431.262184 712.972749
2 339.844942 778.807388
1 533.260408 778.159668
2 657.192077 702.363709
2 588.874999 833.761039
2 643.161779 792.737980
1 665.589164 764.501849
2 657.360963 749.410314
1 606.299409 880.916320
2 485.374807 864.513123
1 631.702799 725.412404
1 578.214453 838.862484
2 556.013368 870.088852
2 470.397224 728.215853
1 590.168830 774.919719
2 566.254079 862.553006
2 410.362755 794.153475
1 551.292769 800.770423
2 481.120967 801.451941
2 537.484081 848.366743
1 595.230577 843.469243
1 621.084146 734.259808
2 512.273288 689.509268
1 531.878919 784.280571
1 510.021848 790.481624
2 572.337962 854.633447
2 614.668304 785.313537
1 598.847360 807.764395
2 540.195981 773.277103
2 571.221725 833.440774
2 654.232972 824.853468
1 583.196047 828.198580
1 600.967264 726.493345
2 580.668726 893.303365
1 524.210856 835.696224
2 594.758018 683.459402
2 639.026270 724.573669
2 662.134610 812.556125
1 413.153069 693.697082
2 515.821147 825.394011
1 555.325896 749.210682
2 560.620058 831.003333
1 569.007761 759.957245
2 577.991854 860.052627
2 623.564517 740.643151
2 657.902910 820.868947
2 596.409492 874.446671
1 615.270814 814.220003
2 639.522589 694.588830
1 608.266473 771.472446
1 585.759407 811.397356
1 380.390280 693.750305
2 630.608297 866.517134
1 512.416506 826.219036
1 601.049695 770.456487
1 539.234171 818.597020
1 448.171775 697.973557
2 546.729347 724.964084
2 493.463840 795.512568
1 595.767747 872.916996
1 608.955524 821.504649
1 411.460116 697.648580
2 529.941316 885.711643
1 612.492846 812.145258
1 417.161050 693.529188
1 601.691439 851.594249
2 631.234716 892.482439
2 652.134196 736.536097
1 589.423502 802.236266
2 548.414792 840.253750
2 456.333968 783.564275
2 552.584287 840.783404
1 372.586046 715.701204
2 649.282426 869.022947
1 558.204223 816.953203
1 496.409801 819.841486
2 461.371551 819.830539
2 546.497955 914.271059
2 593.221957 851.354038
1 610.188713 808.359500
1 620.493010 803.777183
1 588.433916 817.069516
1 527.615624 873.043297
2 510.327063 806.642869
2 471.771001 795.858973
1 563.315516 926.178206
1 582.441736 832.019499
1 610.626426 787.918448
2 538.541065 790.284602
2 611.227607 775.896129
1 566.059267 802.330732
2 627.176682 832.468183
1 602.679330 793.595906
1 569.607155 789.956161
1 521.083733 768.026797
1 562.997579 824.157738
1 604.656541 794.668525
2 524.020209 741.151146
2 466.215364 782.443636
2 551.166467 726.656385
2 587.405141 891.430066
2 469.422812 818.277867
2 509.524644 828.279477
2 471.674793 694.440655
2 661.224342 891.632176
1 582.031893 783.086765
2 512.101005 853.577255
2 508.463964 705.234621
1 520.721915 804.489143
1 380.168961 670.423214
2 505.265410 720.129266
1 561.666551 833.763194
1 589.359823 784.299885
2 370.278647 838.943906
1 586.340302 709.382629
1 559.223538 834.192875
1 617.399731 787.989146
1 524.380924 901.621655
1 623.061098 796.467684
1 534.388647 817.112861
2 492.444085 667.490948
2 362.332646 707.843319
2 487.718298 851.590813
1 617.821932 801.164070
1 510.963793 804.280315
1 452.135341 690.197074
2 658.078599 797.559031
2 444.226581 876.029899
2 607.977470 897.916243
1 619.346176 922.643876
1 582.648793 853.895061
1 585.765739 851.211905
1 552.644623 764.820926
2 570.244307 816.180688
1 605.129400 875.790809
2 613.181069 849.520416
2 569.295254 864.680634
1 547.802966 837.882212
1 526.957387 783.746766
1 574.016421 768.863940
1 547.082130 771.069790
1 393.710993 667.245672
2 562.317324 820.544796
1 527.831746 775.679576
1 601.288444 851.496192
1 384.737171 704.894537
1 582.597421 785.811142
2 538.371669 901.922312
2 465.874656 771.464361
1 396.027865 716.154375
2 552.089042 861.579904
2 587.104438 896.115530
2 445.368834 853.263814
2 620.400017 720.940951
1 542.535400 885.115382
2 664.127285 865.393769
1 426.385598 696.060099
2 468.654348 896.241577
1 580.847339 770.680650
1 635.122286 801.497978
1 526.638765 795.774234
2 596.039277 846.585551
1 825.323420 313.131564
1 817.333145 301.770809
1 824.995430 303.209579
1 833.030645 316.684872
1 831.667684 295.476292
1 814.058431 301.075981
1 834.044190 283.999700
1 807.626186 302.934711
1 822.841290 275.549347
1 818.328382 301.953430
1 830.789986 321.305360
1 827.960425 295.295719
1 828.619228 297.276916
1 822.031434 305.360813
1 817.915434 307.558264
1 838.150705 307.822859
1 825.397005 287.726416
1 820.862003 300.408726
1 818.762404 303.936763
1 829.669497 290.198884
1 820.978513 300.690964
2 799.967573 112.965367
2 893.464066 245.978228
2 967.740334 176.295514
2 896.554048 172.220755
2 777.515608 169.121337
2 763.118143 314.693327
2 830.285743 135.188482
2 995.768737 265.352777
2 675.563414 185.947463
2 844.330495 166.834008
2 792.672124 105.940476
2 786.455709 275.805450
2 909.989381 231.012482
2 955.189126 119.127902
2 923.431828 272.093459
2 921.373790 74.377634
2 809.899771 309.508034
2 700.217118 149.705557
2 923.879637 114.424918
2 799.230402 268.265659
2 746.763665 98.818846
2 747.794707 283.159653
2 719.725876 283.757064
1 812.489469 332.295760
1 838.243068 323.219783
1 842.431644 289.523311
1 777.802284 317.770397
1 835.290967 298.298714
1 814.683814 288.867514
1 803.495215 271.223019
1 833.616450 270.958542
2 913.710840 246.908955
1 796.474853 311.691335
1 820.433355 272.298051
2 807.524657 241.099869
2 781.889081 259.896687
1 829.105435 298.707954
2 898.318211 273.018682
1 843.859817 300.568445
2 786.514420 226.128698
2 723.161561 241.732750
2 747.524844 256.681564
1 797.067084 283.090248
2 925.567642 90.988638
1 846.925967 281.082918
1 852.442412 301.601447
2 751.305517 331.517981
2 851.820204 154.816808
1 807.240581 331.929597
2 830.722876 318.663606
2 716.329188 255.587627
1 811.439700 264.889676
1 796.097037 256.321633
2 847.954328 328.746451
2 862.763642 225.919191
2 836.599611 240.700158
2 819.989491 221.894099
1 800.749716 318.306444
1 809.634761 235.100312
1 813.793653 292.934450
2 769.553558 254.977543
1 776.260245 314.996699
2 848.119808 250.267660
1 872.181053 277.274571
1 804.599089 281.687153
2 687.689430 67.754056
2 807.225374 321.416323
2 934.678936 137.734252
1 782.820665 298.245448
1 833.636249 329.591413
1 814.203583 318.155954
2 767.246132 269.874645
2 829.126389 226.336098
2 780.927813 329.173795
2 844.864882 245.284142
1 779.003371 321.641306
2 792.621809 296.921177
1 746.712992 263.397437
2 888.240710 73.575024
1 866.202081 296.255030
2 774.092126 329.762136
2 771.486176 315.953687
2 847.037790 322.656472
2 803.463142 277.285369
2 807.156422 324.106067
1 840.896069 289.752467
2 740.401003 283.156668
1 840.914091 257.166385
1 791.348545 329.257394
2 802.518457 301.221075
2 856.027317 220.862293
1 861.794824 279.250155
2 817.428177 204.331745
1 788.098087 306.120477
1 835.924489 236.043955
2 842.152663 306.113299
2 745.507801 273.018377
1 806.583395 237.772361
2 875.108189 129.754158
2 736.142222 309.785321
2 778.217337 321.029201
1 827.440952 238.379415
2 745.499211 246.462719
2 808.980646 224.048718
1 804.199796 245.790322
2 796.085883 274.116251
2 786.415323 214.518436
2 916.009567 277.777197
1 801.495305 299.228974
1 889.257425 246.519400
2 878.461730 287.601843
2 900.446138 118.699450
1 850.056080 300.455379
1 834.947834 243.429922
1 864.450749 289.825822
1 860.858589 300.851818
2 732.984273 311.563938
2 733.501060 248.537963
1 824.324406 284.172286
1 893.089111 325.897937
2 788.862503 330.984871
1 848.952225 305.057732
2 796.387374 190.145780
1 838.288662 290.652470
2 775.776611 295.499295
2 880.745240 280.893357
2 825.510329 227.537592
2 759.309613 280.976672
2 868.381201 265.846331
2 790.536874 332.612461
1 774.567676 260.960263
2 860.216302 107.243594
1 850.685166 325.462319
1 835.162732 322.662471
1 825.305391 315.811233
2 795.200039 286.463986
2 814.115087 199.473894
2 764.050140 315.174703
2 875.542043 171.358750
2 753.459111 86.476800
1 812.297432 321.531938
1 847.943014 324.955899
2 826.793544 296.176963
2 791.625153 245.161536
2 853.461554 617.476469
2 677.775509 342.930127
2 968.121624 355.378469
2 909.437058 404.824141
2 921.326964 580.380160
2 772.892698 525.418582
2 952.169677 569.099599
2 813.839232 641.817628
2 864.808386 501.433124
2 922.861860 409.129112
2 921.044725 367.612915
2 710.275476 501.749901
2 821.702857 505.467745
2 923.699222 340.109950
2 857.317670 417.800218
1 783.513857 354.123282
2 906.096345 365.449498
2 835.223648 340.300951
2 905.840331 342.950254
1 818.817531 337.704072
1 861.255842 368.917456
2 711.111695 512.511215
1 827.158485 350.301784
2 817.901933 339.039945
1 815.266576 357.180886
2 751.302315 399.151632
2 882.354044 343.310292
2 724.888188 347.416008
2 872.876004 349.648190
2 966.129964 377.863837
2 899.674991 354.710694
2 796.187575 343.150197
1 802.051142 360.038221
2 755.176207 384.070506
1 849.486012 335.149090
1 846.952134 340.046311
2 910.811494 333.828348
2 911.010872 352.275055
1 895.830790 350.195930
1 854.279852 360.708674
2 869.036769 395.046841
2 861.581344 418.224175
2 926.497567 346.497110
1 806.517312 357.070956
2 688.781323 336.883264
1 814.887537 352.404075
1 821.853448 355.181162
2 777.410130 367.467486
1 801.894823 384.873706
2 888.308499 337.354800
2 760.834548 339.877137
2 885.604289 401.649777
1 773.118576 340.112901
1 777.145748 363.987179
2 730.879782 942.588539
2 728.193996 675.485181
2 676.107195 838.903866
2 836.032604 668.933878
2 922.795936 866.236940
2 906.207141 929.633314
2 841.109441 723.509132
2 975.466924 771.741003
2 981.902447 834.698518
2 960.869334 752.871921
2 761.362816 885.111847
2 741.835712 871.078402
2 780.253001 708.401185
2 806.801612 766.132397
2 860.918212 737.139686
2 682.930570 710.829199
2 676.101641 813.526520
2 669.917668 916.104461
2 670.522310 953.092603
2 684.061087 739.490255
2 691.847081 878.923648
2 705.942202 740.043329
2 725.697157 965.197357
2 693.037588 770.599389
2 678.268116 743.891746
2 676.324006 703.454720
2 678.562679 747.730916
2 687.697807 858.429105
2 769.101688 889.413784
2 686.370861 801.527470
2 819.195378 749.689330
2 670.821693 799.754417
2 675.618007 816.392060
2 692.721367 781.338289
2 668.534776 774.278566
2 709.708137 754.581701
2 678.750435 843.088819
2 681.975220 748.855318
2 668.984157 944.492157
1 672.084200 698.618488
2 684.739827 731.892461
2 674.313523 711.187706
