1 199.269705 173.437265
1 210.114308 186.948301
1 201.889364 166.244283
1 200.028815 178.904122
1 188.380839 167.329228
1 212.278736 161.253949
1 212.483211 172.490510
1 195.050289 171.076614
1 203.705688 176.662764
1 220.372450 167.082820
1 208.432975 176.476157
1 190.286978 163.249754
1 191.860712 185.192797
1 199.578806 182.418145
1 180.475691 186.882647
1 204.553109 188.063940
1 220.977149 175.115079
1 196.939850 198.505773
1 196.346362 175.409721
1 193.785615 175.874331
1 182.203108 183.478241
1 198.891638 173.225857
1 180.544847 186.930235
1 180.106523 173.681083
1 212.387992 187.255458
1 212.946587 178.048028
1 209.544623 167.571960
1 205.334414 178.161422
1 212.620355 185.058393
1 188.913952 189.585743
1 204.101071 172.079548
1 214.856571 170.711981
1 202.955266 172.699582
1 184.536981 177.049929
1 184.258736 186.863044
1 201.516642 175.161366
1 221.555916 184.444234
1 204.039642 182.773306
1 209.057956 178.535843
1 198.418725 169.288476
2 147.719864 139.178096
2 293.914801 136.273860
2 171.706898 110.554810
2 245.197685 60.614106
2 294.372177 189.389279
2 304.332227 62.381701
2 240.868928 171.431778
2 158.408097 123.982872
2 238.095347 173.144910
2 317.447416 179.969107
2 89.577762 289.336909
2 225.903249 289.597707
2 18.138077 109.929903
2 129.998060 280.385958
2 246.814734 268.601933
2 31.140934 115.490686
2 265.037625 240.178044
2 114.672760 10.294318
2 140.521718 239.398896
2 24.569977 251.627972
2 87.105782 18.602916
1 223.753656 173.259614
1 206.977574 174.941878
1 211.882562 190.594657
2 55.777306 57.777531
1 236.060898 167.080600
1 140.119564 230.598011
1 205.345045 227.207122
2 163.799024 155.315183
1 212.650115 165.678671
1 140.985634 156.651350
1 124.981017 157.092228
2 99.748604 2.126130
1 195.957327 216.218105
1 192.943507 204.645543
1 163.204385 156.132511
1 181.668243 147.367734
1 215.910666 199.746598
1 190.619662 137.354991
2 253.713855 152.888188
1 136.547057 125.792842
1 199.987486 163.410412
1 282.527458 204.093682
1 291.662727 161.685867
1 213.549183 126.522386
1 223.942748 183.171572
1 166.812813 169.529978
1 134.441709 118.142531
1 210.885848 167.754674
1 174.116109 200.354449
1 184.368078 172.176045
1 195.351678 164.407071
1 210.913117 215.145524
2 141.388749 133.170311
1 213.269737 182.163167
1 211.764704 142.769325
2 276.055550 255.182585
1 196.636959 164.222891
2 69.590324 278.909813
1 225.123501 181.673549
1 223.379534 177.342154
1 131.244219 234.251321
1 201.106753 202.721695
1 173.826393 201.119773
1 164.403058 214.173146
1 203.689923 151.407952
1 174.788612 128.712575
1 209.446510 183.030800
1 211.325657 161.180977
2 98.901621 12.097501
1 232.051787 173.768647
1 203.149975 149.599160
1 171.361421 199.438217
1 165.797814 168.207502
2 241.358551 246.734929
1 233.671897 192.466604
1 181.801973 139.860335
1 192.983579 149.024987
1 227.156298 190.145340
1 256.046722 92.239501
1 214.123867 216.826449
1 243.603341 185.832704
1 106.646825 254.435831
2 292.662344 299.624499
1 150.234573 169.751331
1 227.963618 182.132245
1 207.523263 197.282581
1 153.572797 141.085224
1 216.016985 163.578064
2 261.538050 125.052785
1 149.912753 202.902656
1 225.753613 131.436786
2 251.215415 240.219487
1 320.203426 182.113912
2 162.475058 173.514389
1 150.641564 146.619919
2 242.454399 236.919484
1 204.469082 223.216069
1 159.776834 104.212104
1 227.983521 116.566914
1 320.674929 111.158324
1 203.778158 186.729748
2 145.143719 160.649098
1 192.944942 163.426302
1 208.235136 175.915401
1 182.981011 167.181426
1 223.783677 130.262341
1 214.536292 126.698011
1 197.407306 167.791874
1 206.642554 201.881458
2 171.244360 543.570455
2 20.994490 632.140718
2 66.088670 339.827348
2 153.389716 641.988353
2 215.846863 380.439899
2 197.668517 576.454287
2 176.469311 624.306723
2 142.015951 484.013842
2 162.585077 510.800457
2 258.849622 571.780342
2 285.577834 399.682199
2 243.642724 359.433039
2 206.003233 444.655875
2 119.399959 429.388510
2 73.254313 598.941207
2 134.954239 645.637362
2 99.191083 646.504344
2 207.408084 475.388057
2 175.878546 664.310229
2 185.946203 610.580503
2 162.427279 635.241306
2 153.107254 660.908155
2 74.918926 608.543112
2 105.284419 662.130766
2 139.092015 631.573184
2 329.291346 536.764696
1 145.030728 772.537774
1 157.487720 793.321122
1 126.746203 786.033927
1 143.108860 781.374177
1 154.390032 786.035741
1 152.529190 780.121808
1 145.163527 789.729331
1 147.016255 764.763246
1 149.145823 789.074265
1 164.059055 789.500816
1 129.883861 767.236260
1 162.035259 791.309183
1 143.341848 761.361544
1 157.305392 776.514772
1 148.994945 781.462857
1 139.319658 769.947154
1 150.635253 800.337475
1 139.604911 775.162807
1 139.669431 765.674780
1 148.445724 798.992661
1 161.454364 774.691989
1 145.115120 801.068668
1 147.551750 782.847987
1 130.097206 782.724603
1 146.637271 794.320656
1 144.572743 765.796607
1 165.210033 792.478869
1 145.398130 795.977175
1 138.434013 794.852440
1 148.886593 775.785309
1 154.683136 787.143884
1 151.684056 759.675614
1 141.519321 797.625571
1 172.323697 786.749599
1 143.634279 768.792677
1 171.706840 790.920699
1 150.302771 764.452877
1 154.831874 780.177508
1 165.169143 762.646692
1 139.070384 777.583477
1 131.403224 778.324781
1 147.781349 780.633312
1 142.264031 791.512781
1 156.685346 781.153872
1 144.954823 801.106475
1 168.558070 768.279076
2 45.445622 846.788738
2 314.745031 695.223919
2 278.842459 682.923933
2 179.601668 815.345060
2 235.255087 804.442660
2 66.431093 926.363874
2 304.534268 779.614386
2 226.630879 780.766078
2 168.179667 893.592700
2 155.089063 886.894080
2 206.757819 820.565459
2 95.990597 827.499648
2 100.781039 780.964956
2 251.927141 815.949635
2 97.995087 682.932946
2 109.632884 844.386862
2 186.317673 845.551338
2 54.460575 712.218472
2 132.847880 719.890740
2 92.891069 894.358573
2 78.445487 880.182434
2 292.569065 875.351900
2 159.130777 676.400874
2 104.073829 943.499639
1 136.534779 804.288613
1 184.343787 767.561599
1 133.949593 809.444636
1 165.029422 795.462733
1 145.764954 790.591859
1 205.420881 751.118778
1 180.755269 828.305613
2 206.807730 693.370612
2 128.867941 853.080904
2 156.869417 738.076199
1 162.321362 813.802703
1 117.755922 797.785250
1 158.090683 796.892505
1 186.834326 729.933186
1 123.308098 765.181701
1 113.552715 763.165543
1 166.540979 772.731493
2 154.978402 813.475206
2 168.344690 868.045042
1 119.357298 769.443336
2 129.096609 876.881008
1 132.091774 749.776031
2 49.086996 756.194718
2 32.613908 706.249547
2 135.801494 840.240104
1 148.412163 766.481158
1 210.785300 785.556701
2 94.151094 690.070711
1 179.298350 783.544185
1 161.736475 846.590834
1 164.076131 764.178078
1 138.143386 796.212794
1 138.713847 770.761637
1 144.802300 852.761126
2 47.426919 739.649509
2 172.104957 719.197551
1 170.194117 818.706295
1 170.912561 768.152339
1 113.909682 768.462321
1 132.936704 820.577004
2 292.961425 766.170752
2 240.692287 729.828659
1 151.853925 785.982497
1 140.264571 802.712451
2 148.838383 738.082447
1 181.462657 814.530521
2 169.936840 694.725013
1 151.211494 774.404193
1 124.429516 796.461927
1 133.724735 811.706776
1 154.417575 795.840682
2 292.149764 850.775965
2 114.626700 735.051179
1 174.383753 794.952332
2 192.614205 690.556993
1 189.059191 793.655472
2 214.445333 709.785594
1 172.485628 833.762223
2 190.487514 819.848135
2 196.274870 783.376741
2 223.360415 784.680450
1 150.013752 821.018418
2 207.355798 785.121328
2 315.365935 793.128182
1 173.647219 808.331668
1 195.051264 796.811657
2 230.201177 796.854830
2 219.506061 770.961553
1 171.124856 836.784681
1 121.979588 765.460372
2 65.741040 701.354663
2 175.101746 721.329224
2 209.677877 844.691795
2 349.778605 9.205542
2 605.066590 47.788371
2 589.443399 329.344407
2 581.120796 112.089809
2 665.653347 275.935088
2 363.834378 164.526498
2 647.042743 256.695106
2 527.996854 292.824059
2 666.366008 82.483431
2 649.420891 250.178670
2 429.921659 60.700783
2 442.269964 137.611678
2 463.885595 159.578450
2 340.834231 314.390766
2 608.180601 176.614387
2 581.659812 104.667085
2 584.759719 8.514276
2 406.604858 243.912258
2 393.617551 91.206526
2 530.761359 200.478255
2 390.672135 228.799509
2 623.500289 78.874461
2 371.782737 51.913341
2 402.867411 243.143525
2 334.950622 271.238755
2 444.498006 305.325461
2 571.288115 214.680961
2 459.060437 293.612571
2 655.714742 181.267920
2 345.814343 114.837460
2 365.888942 109.193718
2 656.138481 272.124754
2 364.830930 228.453463
1 382.260213 656.654334
1 400.060358 664.114563
1 405.111228 654.743552
1 414.979481 651.653271
1 403.504982 652.571265
1 390.688447 647.845610
1 405.143784 645.741016
1 397.298582 643.386521
1 399.545928 650.646476
1 408.363581 655.378863
1 407.056579 652.214464
1 387.102474 631.882672
1 412.893603 637.657770
1 405.531501 633.996536
1 398.156383 646.538719
1 400.441090 649.314884
1 397.339133 647.323642
1 399.327124 649.262928
1 400.506485 650.383943
1 395.364842 649.921690
1 394.188539 646.559336
1 397.250624 649.699913
1 380.873523 652.353149
1 397.868197 650.876934
1 421.667448 648.733453
1 422.983944 640.758248
1 380.384746 651.717041
1 392.518443 649.812297
1 411.925322 644.440037
1 408.039858 649.382839
1 406.652711 633.066539
1 394.377634 647.022654
1 394.835188 662.032331
1 395.472651 631.200161
1 402.283887 655.352194
1 414.147286 642.437744
1 412.439738 656.811921
1 402.351592 650.678890
1 411.733015 641.469493
1 401.110278 649.500800
2 455.653924 403.258451
2 363.487086 575.203866
2 554.207542 524.403726
2 407.654692 539.267475
2 422.263068 585.874800
2 545.309700 599.809725
2 409.899350 583.813836
2 569.053141 516.305782
2 472.503920 468.156992
2 337.238754 627.361551
2 514.384405 514.909617
2 421.769390 657.734760
2 567.767176 623.068481
2 531.947152 538.399774
2 414.301767 487.742486
2 346.897906 350.992522
2 515.624875 369.475080
2 603.739266 638.164720
2 501.170248 578.989438
2 493.003781 406.135317
2 622.657885 589.764738
2 624.977644 549.091301
2 418.523773 349.099599
2 651.343269 665.120359
2 400.695022 591.662895
2 356.809001 521.837604
1 424.338887 666.102872
2 490.628589 564.173537
2 475.331502 552.202034
1 394.570507 652.190143
1 359.835566 648.837900
1 400.633408 646.064794
1 443.989370 634.738265
1 413.134748 640.128445
2 590.236943 591.257116
2 544.507272 581.078580
2 526.628811 635.463036
1 432.231299 647.890748
2 487.842277 384.642965
1 422.149047 655.783408
1 415.861933 658.583941
1 434.977474 598.713883
1 431.617520 641.458894
1 384.309065 614.556763
1 424.257566 622.747532
1 446.220207 653.841263
1 430.881781 599.379979
1 355.567474 628.752186
2 575.332837 571.899269
1 489.600689 615.545704
1 367.630369 651.554413
1 431.565105 645.094196
2 370.285221 551.823491
1 421.452358 660.798565
1 345.389455 619.017347
2 565.261867 564.735575
1 455.583970 664.203029
2 559.793014 646.650371
1 416.522473 638.792845
1 361.410211 567.870324
2 525.395289 555.939903
1 360.159544 648.617567
1 413.567650 638.499118
2 651.149022 650.302407
1 404.877623 655.451753
1 413.684928 630.361192
2 567.732847 549.743870
1 392.877954 617.539867
2 427.947319 524.909662
1 388.563151 655.885473
1 419.895219 664.386912
1 434.274657 626.934321
2 533.907546 555.470769
1 411.855970 650.626140
2 554.959892 655.409722
1 446.507831 660.869989
1 411.668134 668.368042
1 592.269184 788.914880
1 591.487549 810.596792
1 569.833038 799.846903
1 572.212885 807.626350
1 562.838830 823.133327
1 581.619194 791.499844
1 562.109298 801.404777
1 569.393378 799.362321
1 575.479506 794.895237
1 550.314057 812.352350
1 585.959880 788.115219
1 564.241788 810.020203
1 569.629502 802.786922
1 577.599504 805.651019
1 574.622168 791.722488
1 564.053403 790.297419
1 553.192257 793.616418
1 576.378288 808.759825
1 569.200985 800.474026
1 576.727973 810.336564
1 553.858209 800.021254
1 559.810518 804.961297
1 562.278597 797.613960
1 571.998115 799.433039
1 566.964520 801.578735
1 574.470780 783.193272
1 572.089694 783.789241
1 570.978102 799.174940
1 576.423917 815.735739
1 592.906930 809.881322
1 592.085861 806.001343
1 575.887485 815.058752
1 562.839817 799.521881
1 565.419632 797.485520
1 582.643007 781.605743
1 586.486928 795.935543
1 571.754810 812.072489
1 580.683493 819.967901
1 571.582199 797.383136
1 590.387599 797.733528
1 567.753650 797.303679
1 561.438024 797.509067
1 570.353356 805.491408
2 577.914558 714.854242
2 601.527925 716.441812
2 443.770658 934.503837
2 373.322691 854.021838
2 574.700117 858.400583
2 642.694306 910.732831
2 659.645040 947.878012
2 526.803464 864.987154
2 486.398273 802.952947
2 349.544459 746.803773
2 381.538185 894.107693
2 382.367949 691.752045
2 503.259611 871.763370
2 408.423329 772.895511
2 650.792042 795.792364
2 520.087113 997.883590
2 496.779949 667.697406
2 447.291469 719.800295
2 648.836860 787.895538
2 572.124382 759.782192
2 542.324607 680.102779
2 622.243191 962.189270
2 524.971951 840.720524
2 430.984447 864.594218
2 616.138961 886.174952
2 465.071757 822.251510
2 484.111958 805.948106
2 538.418522 897.758469
2 646.807785 689.255053
2 637.484161 853.327331
1 418.055520 667.921749
1 528.375587 785.374116
1 579.550262 833.514851
1 426.999747 667.386659
2 606.927291 775.147556
1 601.249383 784.609136
2 460.439747 707.251170
2 660.317540 877.105114
1 562.265545 848.386220
1 423.176242 672.372573
1 595.582944 792.115953
1 591.543412 806.476749
2 489.668828 723.356727
1 583.626014 767.455710
2 426.234250 831.673488
2 334.148874 704.755199
1 384.770793 672.806004
1 541.870873 764.143496
2 335.986661 744.687160
1 586.249462 830.786901
1 591.001202 822.719180
1 598.706963 810.693005
1 618.085213 789.881216
2 573.419095 840.388487
2 552.104284 684.000144
2 613.296706 843.167617
1 533.593135 788.991398
2 379.837275 723.996822
1 433.485792 700.459390
2 488.380136 796.892568
2 643.696198 829.634847
1 553.984093 761.647433
1 404.896712 709.913827
2 505.116989 819.782647
1 556.805208 805.626084
2 519.980413 852.205370
2 444.044756 709.974655
1 542.063710 778.296842
1 533.737191 730.220045
1 638.265002 824.945695
1 398.947713 691.888443
2 576.245339 753.425745
2 636.674181 767.269813
1 546.166236 800.535076
1 602.110606 837.080588
1 573.169080 787.278879
2 599.567707 830.093364
1 374.185468 675.313827
1 648.600435 774.427595
1 576.653010 832.250778
2 627.062720 804.992498
2 554.320970 679.115522
1 580.323866 812.841066
1 576.367315 800.051193
2 526.894687 852.713377
1 510.057597 774.596128
1 581.617414 798.934266
1 591.885114 830.462209
2 548.698531 680.395921
1 575.523134 761.524595
2 459.174244 785.207271
1 598.859629 728.882837
1 525.847430 798.414094
2 517.983371 725.545985
1 586.621001 820.091829
1 618.303200 845.231026
1 565.577924 845.061451
1 585.971432 804.572736
2 598.807622 873.309661
1 602.863712 760.023606
2 455.512563 820.838158
1 527.077496 751.677682
1 564.664652 788.616884
2 566.974141 678.704019
2 474.524126 815.022885
1 633.242278 784.324841
2 599.777217 871.134428
1 377.928679 693.744055
1 574.080260 805.830241
1 377.818440 675.974638
1 530.379571 830.444042
2 519.288543 772.952545
2 584.828230 854.034375
1 358.324818 690.100831
2 563.427817 782.719848
1 526.552367 791.037041
2 661.359540 831.634368
2 506.525907 855.959625
2 423.760449 696.656719
2 600.919595 887.929145
2 551.528146 684.517207
1 574.627202 829.810450
2 544.220528 701.372165
1 591.561224 836.291206
1 537.286581 786.041933
2 610.929445 787.895410
1 369.380429 668.034023
1 573.138892 775.283349
1 539.413846 824.566312
2 581.841647 807.776523
1 490.919735 787.903235
2 583.717961 671.273759
2 603.952783 754.770108
1 582.100608 808.740266
2 469.825061 817.299162
1 561.571341 852.742931
2 484.544164 685.902228
2 664.637930 768.911545
1 583.650627 797.058842
1 491.703596 806.934889
2 595.394552 760.099706
1 588.849119 786.894301
1 629.854721 822.033189
1 517.054124 757.996709
2 519.260756 839.130628
1 557.024786 814.571110
2 577.211511 813.826011
2 644.384213 890.387504
1 387.843890 670.366134
1 533.442603 817.736642
2 461.996180 965.525097
1 560.468699 715.621677
2 549.276353 788.150872
2 543.892428 712.817612
2 425.364135 732.279828
1 390.293093 679.963551
1 587.854149 859.757093
2 519.974528 754.891895
1 555.909834 707.024966
2 596.829724 855.193022
2 439.970501 870.465402
2 416.852840 822.555853
1 563.678897 847.194265
1 506.731347 850.301019
2 654.729222 821.969294
2 478.101580 740.979811
2 397.828176 879.866801
2 460.621152 807.514709
1 552.035698 722.531686
1 350.640722 672.696481
1 598.244151 796.063781
1 624.253603 800.986221
2 544.312126 825.045407
2 344.502691 714.502943
2 597.369266 747.073949
2 508.370579 675.914658
1 583.494456 814.628117
1 395.503653 672.256200
2 604.402851 690.697243
1 508.804087 804.227501
1 540.707914 835.673300
2 529.044543 840.037144
2 347.354248 753.559566
1 532.805739 802.351502
1 561.751917 828.365729
2 546.061512 854.814289
2 421.298452 718.179832
1 570.351213 794.274518
1 641.825527 772.954081
2 413.808569 703.755364
2 426.733341 771.346992
1 589.127188 823.571569
2 403.225506 692.359098
1 598.312744 824.736344
1 526.900293 817.793900
1 581.830027 832.887982
2 482.844358 695.663411
1 531.797674 804.333379
1 637.982515 781.990482
2 409.867486 795.944128
1 562.608591 820.313913
2 555.077172 840.239543
1 603.287006 802.150974
2 592.918715 797.372747
2 412.377135 705.817852
2 570.689130 842.910091
1 578.148291 823.016529
2 627.796174 874.854264
2 617.287874 872.712484
1 383.219597 668.756496
1 646.124114 852.215268
1 598.526245 861.207804
1 562.113058 840.695196
2 417.987800 788.600512
1 385.110660 684.668617
1 608.046181 805.299950
1 575.425390 832.425732
1 538.271581 763.447065
1 579.275226 826.935577
2 550.579374 676.548407
1 524.676094 781.203039
1 565.696900 838.216978
2 602.378918 773.471551
1 589.340360 887.270460
1 622.819562 818.437184
1 535.584260 798.450406
2 633.704025 922.484154
2 457.580592 854.836792
1 542.237112 811.468954
1 571.497101 803.988413
1 572.871807 770.678210
1 608.231570 797.390498
1 564.526849 799.597327
1 385.363401 691.373054
2 493.116446 778.067419
2 512.257369 823.896974
1 549.993486 818.949727
1 596.288500 802.623758
2 637.811745 731.217110
2 490.517431 697.500344
2 575.700114 852.218147
2 520.697654 850.320531
1 576.527923 806.863942
2 380.371022 702.117138
2 515.483647 871.335315
2 542.113097 673.806497
2 404.003998 677.267618
1 553.235885 760.245776
2 522.935357 810.737437
2 473.663892 854.704306
1 597.511661 821.424148
1 629.716522 825.853763
2 530.643817 836.891739
1 429.721483 704.469541
1 560.420187 786.487524
1 550.526038 720.078048
1 366.927677 669.674010
2 458.692002 683.679096
2 351.191012 883.651330
2 620.869909 734.245153
2 485.007067 848.732232
1 601.159942 787.418844
1 533.665228 691.936604
1 507.943701 817.095788
1 584.494521 752.760471
1 590.372419 816.499781
1 619.639587 788.826544
1 825.323420 313.131564
1 817.333145 301.770809
1 830.429414 297.607845
1 824.995430 303.209579
1 814.043604 287.613507
1 833.030645 316.684872
1 831.667684 295.476292
1 814.058431 301.075981
1 834.044190 283.999700
1 819.691371 300.488439
1 835.591285 300.783414
1 807.626186 302.934711
1 820.155986 304.158386
1 822.841290 275.549347
1 826.779512 299.570688
1 802.061386 300.942897
1 818.328382 301.953430
1 830.789986 321.305360
1 821.461269 298.275657
1 809.734327 290.916042
1 799.208382 306.913418
1 827.960425 295.295719
1 822.190965 301.146311
1 828.619228 297.276916
1 824.871657 302.618242
1 818.187449 299.010597
1 822.031434 305.360813
1 822.383471 302.747937
1 817.915434 307.558264
1 838.150705 307.822859
1 820.400217 300.308929
1 833.266366 306.872088
1 825.397005 287.726416
1 824.072163 310.451970
1 820.862003 300.408726
1 818.762404 303.936763
1 829.669497 290.198884
1 832.419664 315.356267
1 820.978513 300.690964
2 666.798979 177.648918
2 799.967573 112.965367
2 893.464066 245.978228
2 967.740334 176.295514
2 896.554048 172.220755
2 882.950573 98.002196
2 777.515608 169.121337
2 763.118143 314.693327
2 830.285743 135.188482
2 995.768737 265.352777
2 801.264136 178.192910
2 675.563414 185.947463
2 844.330495 166.834008
2 792.672124 105.940476
2 786.455709 275.805450
2 909.989381 231.012482
2 850.339335 302.945682
2 955.189126 119.127902
2 923.431828 272.093459
2 921.373790 74.377634
2 809.899771 309.508034
2 700.217118 149.705557
2 923.879637 114.424918
2 799.230402 268.265659
2 725.838965 321.164163
2 826.266588 220.737925
2 746.763665 98.818846
2 942.296089 88.085685
2 998.183651 278.084384
2 992.212422 18.595498
2 961.750529 170.609145
2 747.794707 283.159653
2 743.638688 290.934731
2 719.725876 283.757064
1 826.184604 301.114836
1 812.489469 332.295760
1 785.960246 265.719216
1 830.112107 311.274428
2 895.648031 79.549042
1 838.243068 323.219783
2 825.943441 299.788090
1 830.824940 329.673081
1 842.431644 289.523311
1 777.802284 317.770397
2 829.731087 286.195080
1 778.923018 256.651657
1 835.290967 298.298714
1 814.683814 288.867514
1 803.495215 271.223019
1 849.988176 297.159909
1 833.616450 270.958542
2 913.710840 246.908955
1 796.474853 311.691335
1 788.241722 324.905973
1 820.433355 272.298051
1 855.400787 296.848449
1 843.207125 306.244396
2 807.524657 241.099869
2 781.889081 259.896687
1 829.105435 298.707954
2 898.318211 273.018682
1 803.315034 282.036124
1 843.859817 300.568445
2 833.156306 289.413822
2 786.514420 226.128698
2 723.161561 241.732750
2 794.150745 276.026927
1 811.708119 269.476885
2 747.524844 256.681564
1 807.189440 316.338826
1 797.067084 283.090248
2 767.424512 317.883100
2 925.567642 90.988638
1 846.925967 281.082918
1 852.442412 301.601447
2 751.305517 331.517981
2 861.235572 154.145229
1 836.605931 322.246967
2 851.820204 154.816808
2 821.128759 312.559467
1 783.357548 324.568770
1 807.240581 331.929597
1 815.830993 327.545231
2 830.722876 318.663606
2 716.329188 255.587627
1 811.439700 264.889676
1 816.193378 229.822892
1 796.097037 256.321633
1 836.652335 321.489961
1 790.214863 284.269771
2 847.954328 328.746451
2 862.763642 225.919191
2 836.599611 240.700158
2 819.989491 221.894099
1 800.749716 318.306444
1 809.634761 235.100312
1 813.793653 292.934450
2 769.553558 254.977543
2 828.241254 262.139086
1 776.260245 314.996699
1 829.153587 268.763255
1 895.320623 278.687382
1 789.790758 324.617341
2 848.119808 250.267660
1 872.181053 277.274571
1 791.828441 322.745765
1 851.957134 245.502464
1 804.599089 281.687153
2 687.689430 67.754056
2 807.225374 321.416323
2 934.678936 137.734252
1 782.820665 298.245448
1 761.905899 257.204392
1 835.358186 265.292523
1 894.881146 316.474004
1 833.636249 329.591413
1 814.203583 318.155954
2 767.246132 269.874645
1 832.272538 245.959979
2 913.743435 249.784711
1 769.065360 217.228716
1 838.851833 258.119108
2 829.126389 226.336098
2 780.927813 329.173795
2 844.864882 245.284142
2 796.232935 259.423225
1 779.003371 321.641306
2 792.621809 296.921177
1 746.712992 263.397437
1 819.819868 296.176765
1 785.694077 289.155368
2 888.240710 73.575024
2 800.188072 270.330786
1 866.202081 296.255030
2 774.092126 329.762136
2 834.680655 208.483205
1 797.079679 300.313948
2 771.486176 315.953687
2 787.084507 297.505667
2 847.037790 322.656472
2 803.463142 277.285369
2 807.156422 324.106067
1 840.896069 289.752467
2 740.401003 283.156668
2 709.465803 298.210496
1 805.056085 321.496217
2 847.594803 254.628394
2 853.461554 617.476469
2 677.775509 342.930127
2 750.100477 352.702020
2 867.559483 627.575568
2 910.013623 458.782088
2 968.121624 355.378469
2 909.437058 404.824141
2 921.326964 580.380160
2 720.361765 580.513346
2 772.892698 525.418582
2 952.169677 569.099599
2 813.839232 641.817628
2 864.808386 501.433124
2 922.861860 409.129112
2 757.961885 346.761935
2 921.044725 367.612915
2 710.275476 501.749901
2 821.702857 505.467745
2 923.699222 340.109950
2 857.317670 417.800218
1 783.513857 354.123282
2 906.096345 365.449498
2 835.223648 340.300951
2 905.840331 342.950254
2 928.052770 361.543056
1 847.401585 365.751591
1 818.817531 337.704072
1 861.255842 368.917456
2 711.111695 512.511215
1 827.158485 350.301784
2 817.901933 339.039945
2 882.640352 352.913799
1 815.266576 357.180886
2 751.302315 399.151632
2 942.905841 394.556622
2 882.354044 343.310292
2 901.134654 356.136496
2 724.888188 347.416008
2 872.876004 349.648190
1 844.012496 360.336614
2 966.129964 377.863837
1 786.680669 379.090947
2 891.271687 333.348567
2 899.674991 354.710694
2 855.090570 367.541212
2 769.971169 336.118583
2 796.187575 343.150197
1 802.051142 360.038221
2 755.176207 384.070506
2 959.097555 394.630727
1 849.486012 335.149090
1 846.952134 340.046311
2 730.879782 942.588539
2 817.317326 740.240759
2 728.193996 675.485181
2 737.304823 749.460525
2 676.107195 838.903866
2 836.032604 668.933878
2 922.795936 866.236940
2 906.207141 929.633314
2 970.266889 912.324051
2 841.109441 723.509132
2 975.466924 771.741003
2 981.902447 834.698518
2 960.869334 752.871921
2 761.362816 885.111847
2 693.274694 781.004788
2 666.953286 932.102326
2 741.835712 871.078402
2 780.253001 708.401185
2 806.801612 766.132397
2 860.918212 737.139686
2 682.930570 710.829199
2 676.101641 813.526520
2 669.917668 916.104461
2 670.522310 953.092603
2 684.061087 739.490255
2 691.847081 878.923648
2 705.942202 740.043329
2 691.306430 780.047192
2 725.697157 965.197357
2 759.678265 862.514441
2 691.412244 949.340326
2 693.037588 770.599389
