1 199.269705 173.437265
1 210.114308 186.948301
1 205.196307 190.114481
1 200.028815 178.904122
1 212.483211 172.490510
1 195.050289 171.076614
1 179.145205 192.423152
1 203.705688 176.662764
1 190.286978 163.249754
1 199.578806 182.418145
1 186.174945 200.079040
1 180.475691 186.882647
1 204.553109 188.063940
1 220.977149 175.115079
1 196.939850 198.505773
1 199.999612 180.015226
1 196.346362 175.409721
1 193.785615 175.874331
1 201.650211 166.035300
1 182.203108 183.478241
1 198.891638 173.225857
1 180.544847 186.930235
1 180.106523 173.681083
1 212.946587 178.048028
1 209.544623 167.571960
1 181.902077 174.280506
1 205.334414 178.161422
1 212.620355 185.058393
1 188.913952 189.585743
1 204.101071 172.079548
1 179.717881 187.837870
1 184.536981 177.049929
1 184.258736 186.863044
1 194.252804 187.623283
1 201.516642 175.161366
1 209.057956 178.535843
1 198.418725 169.288476
2 147.719864 139.178096
2 293.914801 136.273860
2 171.706898 110.554810
2 245.197685 60.614106
2 294.372177 189.389279
2 247.747488 300.629079
2 123.511157 300.565481
2 304.332227 62.381701
2 318.756259 57.705115
2 158.408097 123.982872
2 238.095347 173.144910
2 6.988644 146.061295
2 317.447416 179.969107
2 89.577762 289.336909
2 225.903249 289.597707
2 18.138077 109.929903
2 3.136457 219.714821
2 198.110545 10.437739
2 246.814734 268.601933
2 31.140934 115.490686
2 265.037625 240.178044
2 114.672760 10.294318
2 140.521718 239.398896
2 24.569977 251.627972
2 87.105782 18.602916
2 203.383335 10.801702
1 214.753030 214.091874
1 208.840892 196.200225
1 236.167981 158.696001
1 260.728110 150.321916
2 328.599341 329.370077
1 232.001197 195.788592
1 219.335236 209.908164
1 186.545156 176.625009
1 219.418336 133.794701
1 189.914894 234.664858
1 185.214021 224.455230
1 208.084491 182.504268
1 192.170537 173.907670
1 225.135298 221.715342
1 203.887889 195.780978
2 217.105771 43.263334
1 202.853779 172.813865
1 222.261344 202.544479
1 196.250081 180.856063
1 211.439120 175.241973
1 217.713324 193.456010
1 220.823057 189.475606
1 203.739102 190.320172
1 199.306115 161.833737
1 171.761995 162.189621
1 236.088398 164.980498
1 219.171041 191.358768
1 223.667823 182.161680
2 231.515470 140.093952
1 202.446882 189.570052
2 201.383558 89.977920
1 264.174807 162.676304
2 297.666223 64.743769
1 215.496602 196.446383
1 179.584994 177.263078
1 219.036461 135.783741
1 231.253269 136.603130
1 172.152565 206.690921
1 201.727013 198.512044
1 226.714146 173.009731
2 206.985624 123.129001
1 219.918557 180.061840
1 212.134495 173.646485
1 217.552448 158.359656
1 222.391766 163.226967
1 228.855259 149.571002
2 219.238398 254.933206
1 209.661170 147.470489
2 274.722500 211.009545
2 244.369947 246.710097
1 213.201541 149.042102
1 191.243208 159.595365
1 164.718716 179.202926
1 218.197576 195.327193
1 189.199305 153.746691
1 199.971283 159.347923
2 257.816505 68.668884
1 261.838027 173.239326
1 231.872721 165.236966
1 277.814047 195.226275
1 201.171114 176.493843
1 243.662253 149.789184
2 248.198095 323.021865
1 216.259594 174.035815
2 299.529460 167.107760
1 157.834746 188.496391
1 204.618703 162.621407
1 222.587264 178.765112
1 194.641195 174.393816
2 226.765470 74.429907
1 216.709420 160.435895
1 210.382609 209.511249
1 215.250981 180.795556
1 160.544369 224.726858
1 196.642985 209.733802
1 210.584697 154.202008
1 201.241568 164.558578
2 72.811707 220.878744
2 60.249267 25.161670
1 154.368167 193.361582
2 0.988271 305.471054
1 181.148177 168.575782
1 199.477890 149.059320
1 175.700593 173.976526
1 216.683259 170.695732
2 49.789973 244.878795
2 290.620322 249.702535
1 213.207488 173.251535
1 191.517185 246.252743
1 229.362198 244.236900
1 195.226986 172.432960
1 156.410267 195.148725
1 214.079136 173.170682
1 162.183437 249.903643
1 176.866358 157.706648
1 225.524196 213.040654
1 159.167173 243.330672
1 200.213840 190.020512
1 252.481939 219.866820
1 270.216290 162.523187
2 171.244360 543.570455
2 66.088670 339.827348
2 215.846863 380.439899
2 142.015951 484.013842
2 162.585077 510.800457
2 28.754951 434.886062
2 258.849622 571.780342
2 28.433730 395.907137
2 285.577834 399.682199
2 206.003233 444.655875
2 119.399959 429.388510
2 134.954239 645.637362
2 99.191083 646.504344
2 207.408084 475.388057
2 175.878546 664.310229
2 326.659819 466.429246
2 202.001395 596.658391
2 160.385913 612.256803
2 319.169265 623.714003
2 320.656452 649.899492
1 320.573297 638.576273
2 275.216159 662.712742
2 266.986186 655.568574
2 313.593790 653.000688
2 304.737375 633.775021
2 36.916539 378.395319
2 237.984066 655.738892
2 333.056139 623.418275
2 265.249428 638.822359
2 322.119482 664.617787
2 72.325186 650.303810
2 244.123504 600.470109
2 300.598313 643.499146
1 318.856526 663.883428
2 315.318319 624.571686
1 330.926197 608.822893
2 88.670685 494.559437
2 221.987958 641.795517
1 145.030728 772.537774
1 157.487720 793.321122
1 126.746203 786.033927
1 143.108860 781.374177
1 154.390032 786.035741
1 152.529190 780.121808
1 145.163527 789.729331
1 142.908453 785.024548
1 147.016255 764.763246
1 140.785421 784.378476
1 149.145823 789.074265
1 129.883861 767.236260
1 162.035259 791.309183
1 143.341848 761.361544
1 148.994945 781.462857
1 150.635253 800.337475
1 139.604911 775.162807
1 139.669431 765.674780
1 148.445724 798.992661
1 161.454364 774.691989
1 145.115120 801.068668
1 147.551750 782.847987
1 146.637271 794.320656
1 145.398130 795.977175
1 148.886593 775.785309
1 154.683136 787.143884
1 151.684056 759.675614
1 143.634279 768.792677
1 171.706840 790.920699
1 150.302771 764.452877
1 165.169143 762.646692
1 139.070384 777.583477
1 164.121171 782.791520
1 142.264031 791.512781
1 144.954823 801.106475
1 168.558070 768.279076
2 45.445622 846.788738
2 314.745031 695.223919
2 144.085517 872.816056
2 235.255087 804.442660
2 25.964187 815.865713
2 66.431093 926.363874
2 304.534268 779.614386
2 226.630879 780.766078
2 168.179667 893.592700
2 95.990597 827.499648
2 100.781039 780.964956
2 251.927141 815.949635
2 97.995087 682.932946
2 109.632884 844.386862
2 186.317673 845.551338
2 54.460575 712.218472
2 132.847880 719.890740
2 251.392151 680.540094
2 78.445487 880.182434
1 165.176342 781.891910
1 105.237620 821.838965
2 208.982575 838.242086
1 165.897548 776.231850
1 181.046147 760.063359
1 149.874512 773.799659
2 182.060948 811.819796
2 163.044392 852.459023
2 220.381006 803.464919
2 62.071920 859.270075
2 161.949210 826.959841
1 202.058254 803.412503
1 161.328310 772.228176
2 237.115923 777.119462
1 133.297530 775.235982
1 199.379892 826.648031
2 99.441112 875.306635
2 273.533532 749.355143
1 143.279614 771.567797
2 233.903767 821.430752
1 127.063572 764.186362
1 157.610693 757.945814
1 163.245489 856.579970
1 131.168736 792.962914
1 110.397797 826.001653
2 162.700646 807.754317
2 218.048563 777.475739
2 96.141525 797.348745
1 123.461869 791.769880
1 208.025962 832.418665
2 160.433700 791.578949
1 127.550059 737.116957
1 149.445725 749.025984
2 224.292462 806.824633
1 147.296414 826.469344
1 104.270605 794.700268
1 200.649942 790.881776
2 273.663439 811.602403
2 188.645099 785.349366
2 218.305748 873.661523
1 192.223658 789.888051
2 66.526434 830.242540
1 166.600640 763.039253
2 177.907086 877.422084
1 139.482560 761.162986
2 184.625071 812.316313
1 100.031626 754.435230
1 95.321533 808.354937
1 153.968984 788.317595
1 106.726070 814.560606
2 194.872062 779.976728
1 182.592450 802.211892
1 154.788176 862.195181
1 156.161934 812.736386
2 126.490361 839.713943
1 133.252036 812.135374
1 151.661404 784.448816
2 213.359382 778.025313
2 221.170264 783.010736
2 115.651151 823.349991
2 305.659770 673.366083
1 153.636023 732.496488
1 277.177384 772.870754
1 114.455103 834.708665
2 239.885521 755.439321
1 124.425394 773.172505
2 247.902239 806.212762
1 58.081408 768.238818
1 158.745469 847.240731
1 86.751219 809.656219
2 141.358384 797.251596
2 296.406586 682.416479
2 257.402279 763.241208
1 158.469817 753.179858
1 165.955586 746.295999
2 320.108096 674.881678
2 238.333335 782.270302
1 139.075790 804.916281
2 225.278026 867.187640
1 120.912199 782.943427
1 127.201287 767.300157
1 147.244462 774.685694
1 165.140982 808.664905
1 149.357600 763.723575
1 105.516090 788.102038
1 121.018836 740.701171
1 145.145150 782.116051
1 175.843406 755.974920
1 120.422811 863.714827
1 147.897018 777.642716
1 100.367118 754.414414
2 308.140228 791.699383
1 170.962002 848.078319
1 168.434005 780.984361
2 107.012053 865.172707
2 25.760911 850.614551
1 149.595399 773.822358
1 173.150950 804.699892
1 203.559782 791.719791
2 201.180592 900.978197
2 272.010392 708.044120
2 157.537839 786.993264
1 175.358151 763.764139
2 53.857804 907.362280
2 215.199029 820.747853
1 177.584521 809.067684
2 105.452963 900.170628
1 177.800588 807.943354
2 97.058827 852.060701
2 123.167497 858.936632
1 163.332821 866.852572
1 163.997963 763.603060
1 323.172102 723.112511
1 161.361464 792.003296
2 252.572379 698.701239
1 139.430986 757.129952
1 150.375843 761.805792
1 126.362043 735.230973
1 173.253058 815.240295
1 139.242961 835.176922
1 109.885084 770.196271
1 142.421947 763.693457
1 156.318263 743.517193
2 248.899702 786.957802
1 178.601891 801.996647
1 206.500196 804.747572
1 156.020175 774.495436
1 99.334583 784.383335
2 243.911791 820.092059
1 166.978410 810.209123
2 258.947727 793.833340
1 191.758563 824.990277
1 104.356228 822.264631
2 207.879072 763.088623
2 245.345397 788.430776
2 93.674123 842.214632
1 159.426055 794.395888
1 123.476649 772.964945
2 117.827606 728.112891
1 136.253904 766.688579
1 124.735133 766.134323
2 267.311221 742.710291
2 162.268358 828.307340
2 258.031580 762.272127
2 104.639159 734.920694
2 246.052733 890.729785
1 153.534615 810.169153
1 194.157866 788.951060
2 209.201032 741.332261
1 89.634836 838.633938
1 160.322370 802.424989
2 332.102147 742.357432
2 265.331523 811.021113
1 82.298880 798.633062
2 349.778605 9.205542
2 605.066590 47.788371
2 589.443399 329.344407
2 581.120796 112.089809
2 665.653347 275.935088
2 363.834378 164.526498
2 647.042743 256.695106
2 527.996854 292.824059
2 666.366008 82.483431
2 442.269964 137.611678
2 578.546029 74.844074
2 463.885595 159.578450
2 340.834231 314.390766
2 608.180601 176.614387
2 581.659812 104.667085
2 393.617551 91.206526
2 530.761359 200.478255
2 390.672135 228.799509
2 623.500289 78.874461
2 371.782737 51.913341
2 402.867411 243.143525
2 444.498006 305.325461
2 571.288115 214.680961
2 459.060437 293.612571
2 574.132553 94.102990
2 648.810182 214.451632
2 519.998840 23.884117
2 342.442385 306.964592
1 382.260213 656.654334
1 400.060358 664.114563
1 405.111228 654.743552
1 414.979481 651.653271
1 403.504982 652.571265
1 390.688447 647.845610
1 405.143784 645.741016
1 399.545928 650.646476
1 408.363581 655.378863
1 407.056579 652.214464
1 387.102474 631.882672
1 385.087245 644.224714
1 412.893603 637.657770
1 405.531501 633.996536
1 408.893194 651.784645
1 398.156383 646.538719
1 400.441090 649.314884
1 397.339133 647.323642
1 399.327124 649.262928
1 395.364842 649.921690
1 398.053061 653.189044
1 394.188539 646.559336
1 406.456430 640.285232
1 380.873523 652.353149
1 397.868197 650.876934
1 400.504314 653.885126
1 421.667448 648.733453
1 422.983944 640.758248
1 380.384746 651.717041
1 408.039858 649.382839
1 394.418308 649.889421
1 406.652711 633.066539
1 394.377634 647.022654
1 394.835188 662.032331
1 412.439738 656.811921
1 394.118353 663.469716
1 402.351592 650.678890
1 401.110278 649.500800
2 455.653924 403.258451
2 363.487086 575.203866
2 554.207542 524.403726
2 407.654692 539.267475
2 422.263068 585.874800
2 545.309700 599.809725
2 409.899350 583.813836
2 472.503920 468.156992
2 638.136057 382.283967
2 514.384405 514.909617
2 421.769390 657.734760
2 567.767176 623.068481
2 414.301767 487.742486
2 346.897906 350.992522
2 515.624875 369.475080
2 379.458646 395.931238
2 439.302773 543.991638
2 622.657885 589.764738
2 624.977644 549.091301
2 418.523773 349.099599
2 356.809001 521.837604
2 420.650351 524.588499
1 373.984563 611.514977
1 407.888492 663.217517
1 403.154022 650.719369
1 386.572330 626.030124
1 402.376376 650.734574
1 382.342665 623.713499
2 630.115833 652.681943
2 334.420187 578.532461
1 391.435369 610.863114
1 396.755189 645.934334
1 376.715426 644.990002
1 365.551604 660.216204
1 409.607830 651.849425
1 392.872266 619.493470
1 411.695275 653.069605
1 433.353139 644.358013
1 388.609661 647.452984
1 415.881882 656.555449
1 372.607559 647.337840
1 410.556823 648.220792
1 353.825915 637.869806
1 408.287284 639.405511
1 467.469153 641.540267
1 436.894489 663.348521
1 424.066004 631.237391
1 368.098993 663.874310
1 406.639239 653.947041
1 430.474794 624.138666
1 421.026339 660.797919
1 340.065180 657.874818
1 437.356205 653.870321
1 424.156830 609.362544
1 413.921271 630.282444
1 362.911809 620.821372
2 623.431354 393.974734
1 433.700865 630.385204
1 401.721517 655.201029
2 395.059327 577.842284
1 443.816119 645.280793
2 404.484465 637.771931
1 375.585974 652.139918
1 371.941503 640.921317
1 388.975249 610.247404
1 345.833800 590.470261
1 347.260501 631.449910
1 407.955587 607.455225
2 566.090688 492.669921
1 399.461726 644.318377
1 400.817307 648.068854
1 411.487059 661.969932
1 360.742107 628.707025
1 476.843342 666.169415
1 434.277283 635.194157
2 401.054033 643.921884
1 405.343878 601.853547
2 389.536036 545.273880
1 356.393583 595.652207
1 402.861051 649.287423
1 410.663425 621.977632
1 374.034584 640.899501
1 374.183041 642.257480
1 406.229118 660.984123
2 369.519037 580.145940
1 437.190340 650.182303
1 360.228370 658.849942
2 376.360963 609.599571
1 388.665355 581.399123
1 414.644288 622.295691
1 380.313993 643.742418
1 434.456948 638.583354
1 385.810789 640.942259
1 404.261678 661.064993
1 399.329418 593.057053
1 370.471617 591.046334
2 417.466578 665.044998
1 420.932752 647.184438
2 381.619373 653.909610
1 365.360503 613.344925
1 396.602051 637.748611
2 417.060875 661.210497
1 409.675638 649.891188
2 385.010212 567.420611
2 356.157478 618.606797
1 426.580259 649.122188
1 399.870470 606.394187
2 354.052272 642.238532
1 433.415061 656.943408
2 405.805908 606.985920
2 386.240830 583.268573
2 408.119485 642.503747
2 397.503577 588.095934
1 387.323383 655.892478
1 439.704724 665.348766
1 353.886516 611.069834
2 391.488708 622.645246
1 364.271690 638.195732
2 363.967320 580.389525
1 380.707568 620.735156
1 434.025083 606.272263
2 402.976736 636.436963
1 448.667967 611.889869
2 387.976666 556.175775
1 376.080533 608.502903
2 436.861163 656.251367
1 372.257802 631.701182
2 472.808118 518.094544
1 413.152305 605.241479
1 395.757884 648.635522
2 385.468406 657.360164
1 438.953836 587.663845
1 401.721517 655.201029
1 385.548271 605.613277
2 380.241018 613.415076
1 381.129271 586.388107
1 435.867550 572.351676
2 411.766607 660.394172
1 473.483059 621.743190
1 489.451808 637.003719
1 421.802866 609.486941
1 402.385736 647.886488
1 373.049610 650.901709
2 386.992418 548.990325
1 438.326465 578.559213
2 409.756096 607.314968
1 379.566409 608.545493
1 370.765851 591.383675
2 368.493547 622.249104
1 373.712771 645.026503
1 418.862301 608.433909
2 337.235191 618.677482
2 577.497039 664.338158
1 418.019872 595.600674
2 650.370854 558.904303
1 371.052917 602.274899
2 386.095722 661.896384
2 380.405681 635.112635
1 402.152310 572.174733
1 382.101469 661.906305
1 418.540498 609.752132
1 442.764672 618.871999
1 415.984474 619.117611
2 448.250705 545.172213
1 438.631290 611.392596
2 421.328056 629.566317
1 429.275037 630.552096
1 457.438099 629.155563
1 436.313562 643.387678
2 378.292948 630.024828
1 418.788256 649.175838
2 414.021861 612.613563
1 421.248595 590.396730
2 430.482982 639.244492
1 374.989629 655.756737
1 406.688249 657.526258
2 355.505386 618.402990
1 404.950980 660.610080
1 380.085345 604.190993
1 345.858501 646.992628
2 397.457002 637.414886
2 397.426550 563.802632
2 423.998667 502.493699
1 391.972339 623.882545
1 417.411140 663.209832
2 409.688645 584.852287
1 394.832005 590.196831
1 339.385055 656.035802
2 367.683001 634.319780
1 376.123846 657.062170
2 361.294771 600.655206
1 431.422808 608.636484
1 408.700648 619.480617
1 375.295921 647.559791
1 388.250612 595.258439
1 397.891923 651.703709
1 404.766539 641.753270
2 510.154466 610.191862
1 342.828334 645.726502
1 365.318407 617.015330
1 444.286663 611.847303
1 422.976373 627.550493
1 411.668134 668.368042
1 592.269184 788.914880
1 569.833038 799.846903
1 572.212885 807.626350
1 562.838830 823.133327
1 562.109298 801.404777
1 575.479506 794.895237
1 550.314057 812.352350
1 585.959880 788.115219
1 564.241788 810.020203
1 569.629502 802.786922
1 577.599504 805.651019
1 574.622168 791.722488
1 564.053403 790.297419
1 553.192257 793.616418
1 549.161840 788.600295
1 576.378288 808.759825
1 569.200985 800.474026
1 576.727973 810.336564
1 559.810518 804.961297
1 548.627846 793.185977
1 562.278597 797.613960
1 571.998115 799.433039
1 566.964520 801.578735
1 574.470780 783.193272
1 576.423917 815.735739
1 592.906930 809.881322
1 592.085861 806.001343
1 575.887485 815.058752
1 574.647485 814.706093
1 565.419632 797.485520
1 555.859829 792.941726
1 582.643007 781.605743
1 586.486928 795.935543
1 571.754810 812.072489
1 569.199946 795.767835
1 590.387599 797.733528
1 577.335586 808.401524
1 580.041311 806.092403
1 567.753650 797.303679
1 561.438024 797.509067
1 570.353356 805.491408
2 577.914558 714.854242
2 601.527925 716.441812
2 443.770658 934.503837
2 373.322691 854.021838
2 574.700117 858.400583
2 349.544459 746.803773
2 381.538185 894.107693
2 339.589366 723.918474
2 412.598899 810.795338
2 382.367949 691.752045
2 448.318685 952.522040
2 408.423329 772.895511
2 650.792042 795.792364
2 447.291469 719.800295
2 646.125732 813.346760
2 473.722511 702.352219
2 648.836860 787.895538
2 572.124382 759.782192
2 542.324607 680.102779
2 622.243191 962.189270
2 583.814646 844.751735
2 616.138961 886.174952
2 634.541693 812.228077
1 530.312901 796.724662
1 577.263097 797.656016
1 522.271994 825.352811
2 450.147315 675.931589
1 551.483451 787.829809
1 423.514753 668.103073
1 427.639244 684.707029
1 344.786342 671.570381
1 549.818360 810.870924
1 555.905760 808.053209
1 553.063592 755.995242
1 577.641053 769.604138
2 620.154109 831.098132
2 348.438385 858.827286
2 366.971840 696.910656
2 566.256920 814.434885
1 618.802986 796.711177
1 566.625360 824.621222
1 550.400003 822.285025
1 412.507718 671.273515
1 515.056553 806.705618
2 618.839770 841.407357
2 550.634493 845.956065
2 629.929926 831.467559
2 641.271556 836.257259
1 535.761510 830.460035
2 404.905048 696.390848
1 383.237428 687.044435
2 401.958040 728.119973
1 582.230122 815.455580
2 408.142459 669.374413
1 436.890583 697.696434
1 352.011867 672.938331
1 555.437050 824.129200
2 488.605006 973.882943
1 538.029698 822.318728
1 390.950557 671.543788
1 440.418650 669.895853
1 431.636856 688.439244
1 379.331641 671.956927
1 602.658209 759.644350
1 380.899949 690.977974
1 646.324063 857.689112
1 607.902302 813.534434
1 594.976643 783.132882
2 503.325205 846.320837
1 577.003667 804.790852
1 604.632885 782.967989
1 546.057081 763.448527
1 606.943744 846.882038
1 399.186832 695.521833
1 402.688468 698.896107
1 612.540217 796.366589
2 341.497449 724.287724
1 587.801665 783.501311
1 558.902489 766.940252
1 601.283353 827.582473
1 557.069634 796.024204
1 566.910202 808.279180
1 431.112266 697.926699
1 551.464809 816.019749
2 596.575092 853.162233
2 441.376871 683.668759
2 417.008267 726.332422
1 547.686364 782.695416
1 601.594693 839.782015
1 568.755225 815.740718
1 353.766679 667.443738
1 380.929122 696.354312
1 583.793462 802.128625
1 393.655127 672.661437
2 563.186966 785.637148
1 415.184971 696.915049
1 586.822324 810.767891
1 528.304908 854.079135
1 387.372294 673.259189
2 367.432294 812.624763
2 566.004542 859.361285
1 567.779836 806.511325
2 584.815572 838.147849
1 415.800969 667.521421
1 556.324729 768.236159
2 573.514729 755.794836
1 614.274502 778.401450
1 420.590678 695.812953
2 463.042172 718.444083
1 385.448512 716.835085
1 365.481418 677.126584
1 607.225856 795.802104
2 555.614470 682.134091
1 514.219902 824.336891
2 431.415411 685.226225
2 530.126420 835.601822
1 586.320131 859.042302
1 520.052669 815.908266
1 532.942003 822.196006
1 390.087174 677.035023
1 475.791069 682.158401
1 589.750326 816.837725
1 434.364955 678.230131
1 530.190607 828.290499
1 562.900101 770.672467
1 612.242988 810.149809
2 625.524831 838.644735
1 567.224672 716.119200
2 429.273884 707.289020
1 543.482495 792.301914
1 617.314810 853.704827
1 405.635488 733.951373
2 456.057413 832.986459
2 448.802000 704.108194
2 398.218194 834.133848
1 612.540217 796.366589
1 374.478041 707.329625
1 407.271863 679.565864
1 554.672036 763.607109
2 371.352545 705.698896
2 543.739864 871.116162
1 471.132731 686.213398
2 436.793212 754.584173
1 602.582651 831.884343
1 414.962487 734.454198
1 365.702103 670.370533
1 364.747764 668.240877
1 343.289864 726.049905
2 434.670826 723.447462
1 449.803574 699.000916
1 601.678985 840.634562
1 551.353147 767.307947
1 644.094604 848.338361
2 622.545078 823.570704
2 359.260897 703.453482
1 432.286231 740.876897
2 423.116535 690.271707
1 542.953435 741.398817
1 621.047736 781.068122
1 368.714300 687.344035
2 455.988171 740.607811
1 422.154150 684.759010
1 602.987213 830.525241
1 540.182918 792.855094
2 410.019753 675.143137
1 559.719742 778.922110
2 660.205901 874.081104
1 544.757950 842.530230
1 381.220669 705.745251
2 360.910576 700.772982
2 440.632044 692.297068
1 385.070241 695.849756
1 535.912371 814.057966
2 356.887568 668.883114
1 354.592962 688.258688
2 652.204760 864.228286
2 558.950972 788.456972
2 628.185794 879.406840
1 401.767164 681.022396
1 589.618122 851.626283
2 424.694690 671.152105
1 579.399366 828.798735
2 402.880104 860.757662
2 631.473040 894.476625
2 560.878916 838.222600
2 360.291774 671.329723
1 566.281082 826.828469
2 360.559299 674.960047
1 371.440681 676.905577
1 395.803274 686.786160
2 621.275475 826.055996
1 399.686579 689.282758
1 498.408361 882.672410
1 525.077954 800.471663
1 534.268456 858.691707
2 407.946993 667.044401
2 585.066141 869.938256
1 353.211665 670.665486
1 561.611840 789.320966
2 464.306628 697.436977
2 341.360367 717.930881
2 434.496898 725.776210
1 555.437656 816.016816
1 574.081582 759.210741
1 366.031132 679.696123
1 578.735727 787.628262
1 404.857384 675.269114
1 577.148542 804.693022
1 354.844445 735.362829
1 379.121897 707.477564
1 528.218973 791.112587
2 357.245544 843.169522
1 379.966063 705.632140
1 582.131632 824.941349
1 382.219409 689.763675
2 430.527477 708.882765
1 612.650171 827.019684
2 452.504436 718.197157
1 581.556666 795.351634
1 394.140027 741.688677
1 381.579323 713.173107
1 426.541888 727.383427
1 370.480409 728.230538
2 634.638780 836.142269
2 343.131231 714.754786
2 442.674415 687.116491
1 817.333145 301.770809
1 812.226200 290.236725
1 830.429414 297.607845
1 824.995430 303.209579
1 814.043604 287.613507
1 833.030645 316.684872
1 831.667684 295.476292
1 834.044190 283.999700
1 827.473053 308.571495
1 819.691371 300.488439
1 820.776003 303.481807
1 835.591285 300.783414
1 807.626186 302.934711
1 820.155986 304.158386
1 826.779512 299.570688
1 802.061386 300.942897
1 818.328382 301.953430
1 830.789986 321.305360
1 809.734327 290.916042
1 799.208382 306.913418
1 827.960425 295.295719
1 828.619228 297.276916
1 824.871657 302.618242
1 818.187449 299.010597
1 822.031434 305.360813
1 820.658663 284.509079
1 809.235061 314.367895
1 817.915434 307.558264
1 838.150705 307.822859
1 817.894563 302.926957
1 820.400217 300.308929
1 833.266366 306.872088
1 825.397005 287.726416
1 824.072163 310.451970
1 820.862003 300.408726
1 818.762404 303.936763
1 812.497967 279.106009
1 829.669497 290.198884
1 832.419664 315.356267
1 820.978513 300.690964
1 797.302606 305.825083
1 836.313379 292.914827
2 722.194114 196.170142
2 799.967573 112.965367
2 893.464066 245.978228
2 755.215109 262.818065
2 847.526756 47.555112
2 896.554048 172.220755
2 882.950573 98.002196
2 919.808063 177.226763
2 777.515608 169.121337
2 763.118143 314.693327
2 830.285743 135.188482
2 995.768737 265.352777
2 801.264136 178.192910
2 844.330495 166.834008
2 792.672124 105.940476
2 786.455709 275.805450
2 909.989381 231.012482
2 721.232896 113.150164
2 955.189126 119.127902
2 923.431828 272.093459
2 921.373790 74.377634
2 809.899771 309.508034
2 700.217118 149.705557
2 799.230402 268.265659
2 725.838965 321.164163
2 746.763665 98.818846
2 998.183651 278.084384
2 992.212422 18.595498
2 747.794707 283.159653
2 743.638688 290.934731
1 822.904749 275.439185
2 899.636261 266.123577
2 889.557643 187.288913
1 833.806390 271.158309
2 815.206515 293.470443
1 816.745614 312.566543
2 919.350698 307.055132
1 787.771905 329.319525
2 927.965283 100.827766
1 793.480223 299.550271
2 832.562670 175.489312
1 777.492222 308.003791
1 833.025785 275.637453
1 794.621585 298.354274
1 787.206783 246.976918
2 830.605193 311.338237
1 820.012957 261.222165
1 891.846594 317.602792
1 839.058611 276.255038
1 854.061752 285.113712
1 813.537607 257.610284
1 851.163164 252.226534
1 857.367800 276.077434
1 824.910946 316.875278
1 838.562144 273.734245
1 838.078847 291.416571
1 801.728945 310.110503
1 845.649078 291.201583
1 840.439014 285.850070
1 856.809167 289.475485
1 862.208169 266.156750
1 866.415993 245.655214
2 813.821221 299.557745
1 804.325949 314.613383
1 867.386573 251.948255
1 823.223440 315.146530
1 773.650782 303.958706
2 814.422737 276.240760
1 802.512949 277.270058
2 972.411566 248.803068
2 897.116419 226.568943
1 807.301716 330.284785
2 854.509650 294.997321
2 941.728132 262.408748
1 806.883414 304.991801
2 836.422140 241.969826
2 825.439658 302.914929
2 872.508485 258.779461
1 865.255808 274.251728
1 895.007860 269.825861
1 857.367383 251.845549
2 827.852515 280.569975
1 831.499923 279.794163
1 831.845511 243.432072
1 834.098096 328.651710
1 826.793124 275.028266
1 842.253391 273.246966
2 782.764147 290.448426
1 868.784069 291.314275
1 821.865317 236.002888
2 872.510207 223.630361
1 757.299107 284.708145
1 844.484533 326.321079
1 695.299313 284.685528
1 816.799032 302.049389
2 891.647886 308.695344
2 902.024182 241.249474
1 862.769040 259.969133
1 819.117402 264.743452
1 802.373425 263.596282
1 835.363429 261.272089
2 862.227209 215.619156
1 815.870948 320.713145
2 718.342430 329.136647
1 846.492005 266.491681
1 764.539270 298.371928
1 852.212823 316.805594
1 861.958896 286.110900
1 817.958022 302.816795
2 875.751670 275.048900
1 804.650293 246.338483
1 842.904268 239.558378
2 836.017966 303.865763
1 814.048386 311.287523
2 877.738633 304.915270
1 820.031355 222.743987
2 928.816883 320.041800
1 795.296700 311.969233
1 865.857927 270.265606
1 827.263820 245.786490
2 783.435734 302.816057
1 840.568918 246.352057
1 803.041975 300.946717
2 804.437719 274.404809
1 797.591539 323.071650
1 892.873788 221.955769
1 800.037527 319.190524
1 801.504763 279.815102
2 727.774692 299.113920
1 837.404330 283.025172
2 741.666490 126.002843
2 855.748892 333.319676
2 897.892708 245.772670
1 780.388952 293.432335
1 838.490261 290.439103
1 822.000599 319.212633
2 884.754591 229.901303
2 784.747071 328.085765
2 867.818655 251.249331
1 887.695659 269.959773
2 802.911903 293.464942
2 863.479504 305.272140
1 825.342378 294.144500
1 775.785094 270.632300
2 851.116604 278.513754
1 868.190205 264.229663
2 914.545852 319.759957
1 797.641542 246.533322
2 849.033082 331.570245
1 881.076944 245.790921
1 869.397444 309.828659
1 804.101928 322.007166
1 923.501654 219.230178
1 828.602194 316.387999
1 830.273545 252.248046
2 866.860952 286.003348
1 849.471175 329.973902
2 837.255714 326.760554
1 804.672023 195.750738
1 868.795180 329.872199
2 878.457417 314.178270
1 799.045025 293.544203
2 779.831507 271.466227
1 854.622319 253.568046
2 853.011749 244.345341
1 778.831961 284.415578
1 792.622525 253.545429
2 862.526280 295.089699
1 808.381228 306.028096
1 823.137613 244.387068
2 876.635562 223.851324
2 807.321191 268.727072
1 835.321465 294.878878
1 739.212505 266.790290
1 872.213409 313.191787
1 838.870363 283.261534
1 837.235527 249.870320
1 836.982957 264.654533
1 761.473007 250.805849
1 849.424950 256.241288
2 910.105701 234.966785
1 842.724250 272.023934
2 760.264086 312.340326
2 741.448045 276.110932
1 854.953060 275.525372
2 793.991832 318.492961
2 902.153169 228.926829
1 821.216750 277.286593
2 876.489313 285.816086
2 735.795741 275.975871
1 805.546275 191.305839
2 767.658946 301.018451
1 826.785007 323.338717
1 810.053716 274.221816
2 793.893780 286.126749
1 874.550673 229.068333
1 854.941071 254.539790
1 858.350156 270.891544
1 898.236179 252.529606
1 766.885378 306.136974
1 802.867343 324.195857
2 847.083574 298.954066
1 845.205791 271.241950
1 917.673782 292.265799
2 811.396531 332.771528
2 918.527035 178.097509
1 822.411290 287.261195
1 778.440703 329.091591
1 842.727006 302.298249
2 796.203413 331.903537
1 805.828346 245.709398
1 766.759705 307.078870
2 900.716197 307.320427
2 965.217086 244.475865
1 851.928617 269.821601
1 837.233337 210.663870
1 839.533291 163.309001
1 817.545230 316.452259
2 803.812052 310.195170
1 868.383586 251.487570
1 774.053875 263.544399
1 813.886160 290.897589
1 821.812548 250.386639
1 859.754534 271.560327
1 784.633917 274.761204
1 796.531818 310.503510
2 788.687389 233.523150
2 982.714648 277.532096
1 833.710604 230.747103
1 828.350222 321.159370
2 795.452538 279.973291
2 779.576982 325.899220
2 920.354951 165.301972
1 830.352617 300.337234
2 840.853302 290.091933
2 874.932398 286.532522
2 892.134445 216.985855
2 799.917942 279.249603
1 789.214489 319.278938
1 830.334134 268.035812
1 744.733393 276.469313
2 924.822934 360.146150
2 853.461554 617.476469
2 898.600168 540.882315
2 677.775509 342.930127
2 750.100477 352.702020
2 867.559483 627.575568
2 910.013623 458.782088
2 968.121624 355.378469
2 909.437058 404.824141
2 921.326964 580.380160
2 857.254788 594.139169
2 720.361765 580.513346
2 772.892698 525.418582
2 958.985674 356.512416
2 813.839232 641.817628
2 864.808386 501.433124
2 922.861860 409.129112
2 757.961885 346.761935
2 921.044725 367.612915
2 710.275476 501.749901
2 923.699222 340.109950
2 857.317670 417.800218
2 882.883087 415.529667
2 760.442534 343.743304
2 824.235773 361.005926
2 870.771925 351.733680
2 961.573916 381.738237
2 925.814930 460.154718
2 875.578392 423.367154
2 914.861474 361.703616
2 928.673140 442.578309
2 770.711973 334.947027
2 894.219420 375.463872
2 956.285718 364.472942
2 843.919172 336.315579
2 956.886016 338.680910
1 745.219979 343.718281
2 748.781295 365.256721
2 825.257348 355.368380
2 852.305414 418.794471
2 724.932897 344.083192
2 906.572191 334.899369
2 854.363414 354.533260
2 672.616276 382.373534
2 866.601230 405.871626
2 877.135431 413.480934
2 884.117404 404.349915
2 970.142779 353.946671
2 858.502940 385.351374
2 930.023948 375.242782
2 854.981358 395.692207
2 951.349149 363.038664
2 961.543539 340.534646
2 884.033046 410.680653
1 795.900230 345.428515
2 835.441527 336.494982
2 876.605711 344.566018
2 968.478720 370.024426
2 817.317326 740.240759
2 728.193996 675.485181
2 737.304823 749.460525
2 676.107195 838.903866
2 836.032604 668.933878
2 906.207141 929.633314
2 970.266889 912.324051
2 841.109441 723.509132
2 975.466924 771.741003
2 981.902447 834.698518
2 864.426634 915.553717
2 960.869334 752.871921
2 693.274694 781.004788
2 666.953286 932.102326
2 741.835712 871.078402
2 780.253001 708.401185
2 806.801612 766.132397
2 748.250792 940.534604
2 802.670138 770.655593
2 674.031937 909.100470
2 682.363536 844.476335
2 692.018462 863.304601
