1 199.269705 173.437265
1 210.114308 186.948301
1 205.196307 190.114481
1 200.028815 178.904122
1 188.380839 167.329228
1 212.278736 161.253949
1 212.483211 172.490510
1 195.050289 171.076614
1 179.145205 192.423152
1 203.705688 176.662764
1 220.372450 167.082820
1 208.432975 176.476157
1 191.860712 185.192797
1 199.578806 182.418145
1 186.174945 200.079040
1 204.553109 188.063940
1 220.977149 175.115079
1 199.999612 180.015226
1 201.650211 166.035300
1 198.891638 173.225857
1 186.504118 179.103378
1 212.946587 178.048028
1 209.544623 167.571960
1 212.620355 185.058393
1 188.913952 189.585743
1 179.717881 187.837870
1 184.536981 177.049929
1 194.252804 187.623283
1 201.516642 175.161366
1 204.039642 182.773306
1 209.057956 178.535843
1 198.418725 169.288476
2 147.719864 139.178096
2 171.706898 110.554810
2 245.197685 60.614106
2 294.372177 189.389279
2 247.747488 300.629079
2 123.511157 300.565481
2 318.756259 57.705115
2 158.408097 123.982872
2 6.988644 146.061295
2 89.577762 289.336909
2 225.903249 289.597707
2 18.138077 109.929903
2 198.110545 10.437739
2 31.140934 115.490686
2 265.037625 240.178044
2 114.672760 10.294318
2 140.521718 239.398896
2 24.569977 251.627972
2 87.105782 18.602916
2 203.383335 10.801702
2 108.411213 149.139755
1 201.165487 164.138457
1 186.336156 143.297039
2 326.322351 193.014775
2 157.473600 103.484744
1 174.860051 153.359888
1 176.845216 151.271128
1 161.594135 212.619619
2 132.118421 227.158517
1 198.926633 187.824032
2 195.019431 24.013249
1 188.481416 104.006963
2 180.881794 303.856151
2 238.982486 172.432157
1 194.795143 209.063369
2 255.398706 151.437278
1 203.336649 215.012489
2 259.847441 180.241980
1 174.837339 140.565144
1 205.848929 185.932642
1 168.033263 210.505699
1 139.660669 212.576742
1 177.333526 190.152852
1 183.429375 143.481974
1 235.982020 180.524795
1 237.949553 207.423932
2 194.342198 265.600464
1 233.172844 164.270684
1 212.921570 154.781627
2 115.038838 124.870555
1 198.595641 117.688879
1 207.757558 168.516632
1 221.303140 175.142175
2 88.034061 34.667258
2 217.258931 207.239957
1 111.679671 214.979260
1 238.577870 142.806381
1 148.855807 196.759910
1 213.331692 193.532530
1 217.895572 151.494267
2 257.694568 210.059691
2 302.005958 187.683328
2 205.023497 319.224716
1 187.664168 158.281122
1 222.499666 168.406849
1 172.976790 153.224983
2 210.775029 300.415270
2 310.597994 190.600158
2 176.311130 227.229843
1 207.514079 230.931408
2 272.730480 212.191428
1 179.246018 200.785460
1 188.806681 169.046785
1 207.422550 120.947234
2 168.172753 234.234445
1 176.019436 195.468491
2 230.235535 130.486763
2 175.494831 215.963969
2 237.549673 253.783345
1 236.877633 152.734644
2 239.321986 194.391086
1 245.452477 141.658227
2 210.005942 89.701256
1 246.714618 151.005438
2 256.861677 227.584993
2 299.320244 112.866098
1 242.265961 184.059230
2 196.615026 289.390146
1 224.524847 149.596642
1 216.533169 100.194692
1 152.124769 205.304873
1 161.733210 277.595689
2 288.829108 244.306577
1 208.864432 147.174601
2 148.805701 132.945806
1 252.819987 131.179499
1 201.103650 120.478654
1 281.216664 128.397390
2 186.466179 282.749849
2 20.994490 632.140718
2 197.668517 576.454287
2 176.469311 624.306723
2 28.754951 434.886062
2 258.849622 571.780342
2 285.577834 399.682199
2 243.642724 359.433039
2 119.399959 429.388510
2 73.254313 598.941207
2 134.954239 645.637362
2 99.191083 646.504344
2 207.408084 475.388057
2 175.878546 664.310229
2 193.529015 605.761823
2 145.980964 643.337594
2 151.207158 656.186065
1 332.788978 625.254374
2 122.014985 660.468036
2 185.867337 630.296001
2 109.104549 654.845676
2 248.084311 661.907399
1 145.030728 772.537774
1 143.108860 781.374177
1 152.529190 780.121808
1 145.163527 789.729331
1 147.016255 764.763246
1 149.145823 789.074265
1 164.059055 789.500816
1 129.883861 767.236260
1 148.994945 781.462857
1 139.604911 775.162807
1 139.669431 765.674780
1 148.445724 798.992661
1 145.115120 801.068668
1 147.551750 782.847987
1 130.097206 782.724603
1 146.637271 794.320656
1 144.572743 765.796607
1 145.398130 795.977175
1 137.038868 779.913534
1 154.683136 787.143884
1 141.519321 797.625571
1 172.323697 786.749599
1 154.831874 780.177508
1 139.070384 777.583477
1 164.121171 782.791520
1 131.403224 778.324781
1 156.685346 781.153872
1 168.558070 768.279076
2 314.745031 695.223919
2 278.842459 682.923933
2 144.085517 872.816056
2 179.601668 815.345060
2 25.964187 815.865713
2 66.431093 926.363874
2 168.179667 893.592700
2 155.089063 886.894080
2 206.757819 820.565459
2 251.927141 815.949635
2 97.995087 682.932946
2 109.632884 844.386862
2 186.317673 845.551338
2 132.847880 719.890740
2 251.392151 680.540094
2 78.445487 880.182434
2 292.569065 875.351900
1 167.142972 804.598085
2 144.224818 862.878484
1 104.550631 755.931588
1 123.703082 835.788080
2 157.972113 846.953111
1 175.661441 791.758766
1 122.337236 776.245277
1 137.225723 753.089896
2 96.433884 854.593819
2 113.871551 799.688211
1 100.490632 767.303112
1 159.644384 809.629647
1 143.080846 774.048973
2 211.924648 692.266302
2 155.224448 867.018766
1 162.860439 754.307418
1 185.719356 797.791008
1 145.893118 767.824903
2 324.463538 763.800894
1 191.789277 808.659248
2 219.053795 995.810866
1 150.218972 778.649145
1 143.733951 774.026730
2 254.557060 718.060826
1 144.974352 823.526963
1 139.207285 771.826006
1 149.204111 778.742699
1 173.193936 792.994307
2 65.985426 826.143611
1 166.730096 807.353434
1 176.942868 836.407354
2 116.763514 727.625789
1 155.844474 779.242084
2 136.175358 671.140790
2 318.626305 908.579017
1 150.876442 823.065489
2 27.475957 700.873852
1 139.645016 822.450409
2 163.260360 859.565236
1 127.162258 845.301090
1 169.135018 778.603758
2 98.209864 830.637041
1 162.979513 760.280556
1 182.528510 757.002155
1 125.079909 712.331801
1 119.129617 788.763352
1 184.404231 761.810375
1 161.581740 792.046556
1 117.485278 746.303187
1 196.152592 763.243052
1 184.563426 848.526412
2 133.303371 825.479051
2 160.855389 840.608977
1 144.870929 826.080570
1 126.385766 756.635324
2 68.479506 824.521544
1 159.982616 861.066991
1 178.400120 796.334518
1 151.823636 744.100582
2 127.378203 797.625612
2 326.194569 787.904578
1 161.336879 760.449611
2 195.737509 803.447745
1 148.983554 807.826805
1 125.651791 806.462022
1 156.351937 795.052073
1 157.125901 823.890672
1 209.183113 761.794535
1 137.611105 783.223578
1 182.059825 760.040767
1 136.596002 829.501423
1 156.250280 801.711417
1 154.633215 800.244511
2 169.011745 784.433885
1 95.849705 779.944249
2 300.633626 688.438858
1 105.839749 805.640868
1 179.468201 709.690714
1 153.088965 780.188291
2 85.669688 684.126678
1 152.635936 830.794376
2 323.812916 716.130662
2 140.182047 813.555877
1 143.284391 809.777980
1 159.668078 832.407887
1 126.457813 847.654258
1 161.833139 776.224030
1 115.926394 762.096227
1 154.573049 771.400846
2 48.551837 809.389933
1 102.355402 838.215902
1 148.723479 767.004524
2 180.560361 814.527342
2 309.613562 781.357504
2 188.083993 824.699287
2 154.318297 845.311363
1 51.390869 796.281697
2 318.714738 731.157732
1 184.681995 785.631986
1 142.479678 759.833256
1 205.571050 775.592023
2 57.547680 820.572672
1 139.615920 778.594775
1 142.900993 766.254263
1 179.076189 804.298759
1 111.223215 786.819269
2 81.819432 695.727201
1 191.151729 778.270061
2 310.267380 680.666068
1 103.871778 771.613675
2 95.198188 690.406308
2 349.778605 9.205542
2 605.066590 47.788371
2 581.120796 112.089809
2 665.653347 275.935088
2 363.834378 164.526498
2 647.042743 256.695106
2 527.996854 292.824059
2 666.366008 82.483431
2 649.420891 250.178670
2 429.921659 60.700783
2 442.269964 137.611678
2 578.546029 74.844074
2 463.885595 159.578450
2 340.834231 314.390766
2 406.604858 243.912258
2 393.617551 91.206526
2 390.672135 228.799509
2 623.500289 78.874461
2 371.782737 51.913341
2 402.867411 243.143525
2 334.950622 271.238755
2 444.498006 305.325461
2 571.288115 214.680961
2 459.060437 293.612571
2 408.678039 214.853293
2 351.444303 127.268245
2 463.715691 101.118955
2 367.305950 78.751468
2 405.018389 240.135673
1 382.260213 656.654334
1 400.060358 664.114563
1 414.979481 651.653271
1 403.504982 652.571265
1 390.688447 647.845610
1 405.143784 645.741016
1 397.298582 643.386521
1 399.545928 650.646476
1 407.056579 652.214464
1 387.102474 631.882672
1 385.087245 644.224714
1 412.893603 637.657770
1 405.531501 633.996536
1 408.893194 651.784645
1 398.156383 646.538719
1 400.441090 649.314884
1 399.327124 649.262928
1 400.506485 650.383943
1 395.364842 649.921690
1 398.053061 653.189044
1 394.188539 646.559336
1 398.752565 649.912308
1 397.250624 649.699913
1 406.456430 640.285232
1 400.504314 653.885126
1 422.983944 640.758248
1 380.384746 651.717041
1 411.925322 644.440037
1 394.418308 649.889421
1 406.652711 633.066539
1 394.377634 647.022654
1 394.835188 662.032331
1 395.472651 631.200161
1 414.147286 642.437744
1 412.439738 656.811921
1 402.351592 650.678890
1 401.110278 649.500800
2 363.487086 575.203866
2 407.654692 539.267475
2 422.263068 585.874800
2 545.309700 599.809725
2 569.053141 516.305782
2 638.136057 382.283967
2 337.238754 627.361551
2 514.384405 514.909617
2 567.767176 623.068481
2 531.947152 538.399774
2 346.897906 350.992522
2 603.739266 638.164720
2 493.003781 406.135317
2 439.302773 543.991638
2 622.657885 589.764738
2 624.977644 549.091301
2 418.523773 349.099599
2 400.695022 591.662895
2 356.809001 521.837604
1 408.108966 614.622284
1 466.838165 651.875481
2 502.814401 482.148200
2 449.907626 521.731194
1 369.499535 653.731959
1 372.705184 623.460389
2 491.533981 647.599012
1 361.393524 653.204840
1 375.646270 641.434028
2 564.750651 592.403151
1 374.961609 632.835805
1 482.411047 653.541371
2 459.323141 511.105036
2 495.997127 654.255903
1 360.582756 617.480448
1 344.400088 663.932832
1 447.510163 643.560509
1 356.397854 651.273170
1 396.964901 638.261832
1 425.948516 603.505826
1 418.110118 647.951590
1 449.652893 567.295876
1 364.346107 620.623141
1 413.565780 609.412343
2 419.487119 592.121769
2 426.823551 658.551730
1 390.918302 664.428928
1 426.604029 649.276346
2 457.658363 501.799723
1 445.640441 643.530079
1 424.280891 628.634775
2 558.827258 643.707189
1 372.338657 633.825853
1 423.673294 637.255501
2 445.392474 665.732587
1 438.934051 628.592880
1 424.333337 597.239867
1 470.836788 602.177045
1 386.857029 625.923266
1 394.937533 649.759393
1 397.789078 654.140481
2 473.901305 651.540936
1 409.477257 634.324070
1 409.399473 627.916520
2 403.176479 618.539683
2 525.172597 628.802304
2 408.280803 603.604899
1 410.182147 585.563319
1 469.157160 613.701155
1 393.148545 608.444079
2 500.278195 609.028276
1 400.913935 641.330381
1 362.118268 604.915346
1 365.605384 647.362842
1 428.852616 574.215386
2 445.849968 649.062730
2 650.341165 344.118651
2 502.995072 658.112841
2 439.442104 654.251960
1 405.528241 631.086859
1 347.806072 661.886323
1 405.638203 646.951475
1 392.682108 585.193356
1 411.165641 605.344395
2 605.374520 564.414229
1 378.816332 647.867307
1 398.280775 624.286600
1 362.476535 635.174452
1 362.146420 629.622563
1 404.243905 599.814312
2 591.464343 627.447151
1 417.508765 649.442615
1 381.243536 633.579773
1 352.793895 625.069489
2 529.890813 485.316664
2 384.063242 557.856076
1 440.608903 658.291817
1 360.466537 628.321205
1 459.638012 622.998437
2 497.721397 612.437219
2 350.412123 561.167966
1 389.078106 650.885420
2 549.882565 519.137411
2 399.875039 646.643368
2 398.191216 584.247606
1 442.342078 578.249669
1 432.022982 615.961237
2 654.898604 392.258825
1 411.668134 668.368042
1 592.269184 788.914880
1 569.833038 799.846903
1 572.212885 807.626350
1 562.838830 823.133327
1 569.393378 799.362321
1 564.241788 810.020203
1 574.622168 791.722488
1 549.161840 788.600295
1 576.378288 808.759825
1 569.200985 800.474026
1 576.727973 810.336564
1 553.858209 800.021254
1 548.627846 793.185977
1 571.998115 799.433039
1 566.964520 801.578735
1 570.978102 799.174940
1 576.423917 815.735739
1 592.906930 809.881322
1 575.887485 815.058752
1 562.839817 799.521881
1 565.419632 797.485520
1 571.754810 812.072489
1 569.199946 795.767835
1 590.387599 797.733528
1 577.335586 808.401524
1 580.041311 806.092403
1 570.353356 805.491408
2 577.914558 714.854242
2 436.675419 920.930438
2 601.527925 716.441812
2 443.770658 934.503837
2 373.322691 854.021838
2 574.700117 858.400583
2 642.694306 910.732831
2 659.645040 947.878012
2 526.803464 864.987154
2 486.398273 802.952947
2 349.544459 746.803773
2 381.538185 894.107693
2 339.589366 723.918474
2 412.598899 810.795338
2 382.367949 691.752045
2 448.318685 952.522040
2 408.423329 772.895511
2 650.792042 795.792364
2 520.087113 997.883590
2 447.291469 719.800295
2 473.722511 702.352219
2 572.124382 759.782192
2 542.324607 680.102779
2 622.243191 962.189270
2 430.984447 864.594218
2 616.138961 886.174952
1 549.983942 781.057702
1 583.779010 783.923664
1 601.171013 774.479010
1 562.284129 763.832281
1 372.697697 672.174007
1 406.842777 668.567783
1 590.751056 820.604202
1 397.812095 699.511043
2 440.359873 785.227452
1 615.157417 797.990872
2 460.355281 710.457815
2 336.308272 737.894680
2 621.246055 836.227315
1 563.071735 802.978802
1 569.271053 755.849914
2 362.678242 715.745464
1 596.886753 769.258717
1 580.056678 780.418790
1 574.984922 804.480815
2 400.716386 755.865353
1 555.942050 773.570146
1 580.380802 858.765598
1 592.996572 821.245331
1 587.640947 832.199800
1 578.522988 784.346643
2 613.226073 801.131438
2 565.017009 853.202148
1 561.865547 782.457471
1 567.725287 813.095000
1 344.733987 688.519823
1 385.487402 758.025579
1 372.079449 667.742100
1 420.490213 759.321321
2 431.596826 678.158912
1 337.209614 749.125903
2 402.268166 850.151382
2 624.739195 764.176051
1 575.308557 795.053007
1 584.794184 767.085483
2 494.592819 898.607875
1 392.057557 674.998323
1 560.294768 781.578771
2 414.107127 803.210318
1 577.428902 815.277763
2 430.629605 676.175482
1 558.497907 786.766087
2 442.531682 737.554927
1 569.844982 766.838568
1 390.611215 713.188962
2 560.771896 715.037687
1 551.232409 796.499029
2 571.535928 858.441859
1 550.000947 793.169686
2 603.579424 781.257299
1 575.723967 798.107448
2 458.031648 822.127196
1 535.280551 782.505492
1 606.693929 786.034954
1 389.468806 673.812239
2 443.522412 701.305898
1 588.839751 791.695930
1 425.345859 671.796492
1 625.364072 766.701848
2 596.989743 690.733930
1 542.770510 842.064750
2 454.769854 732.652291
1 379.972356 694.585724
1 589.462987 764.292284
2 419.391157 936.496373
1 409.101560 696.188647
1 598.049351 729.336680
1 572.238755 837.337297
1 402.634476 688.414511
1 572.611144 779.790634
2 593.742456 678.619528
1 597.574525 862.900573
1 547.992653 825.348103
1 564.893498 848.593032
2 453.613624 692.603811
2 459.662710 743.614609
2 372.630910 712.446256
2 449.487529 744.430036
2 531.980927 843.351098
2 639.669688 756.892203
1 603.619518 803.770964
1 591.158769 783.938039
1 570.422804 819.448337
1 584.258599 807.080985
1 572.597796 764.693882
1 388.624956 692.529509
2 363.948204 869.087105
2 417.716025 785.571087
1 551.332518 744.776738
1 413.355118 699.489707
1 598.877440 821.250220
1 578.076613 786.932232
2 537.188290 679.525251
1 528.217638 783.094514
1 416.130173 735.832020
1 604.320336 794.923280
2 610.177606 810.449174
1 574.214846 821.660005
1 655.780911 792.524307
2 412.831135 760.076204
2 431.783606 822.352960
2 599.025482 699.550701
2 505.073210 912.266660
1 371.058566 666.780115
1 580.425059 786.611309
1 602.782549 781.429080
2 451.449274 668.264190
1 487.909414 681.064250
2 371.740108 720.117930
1 517.723163 727.556632
1 625.584951 785.203059
1 562.761085 809.143566
1 367.553863 687.116880
2 596.297050 779.354665
2 633.059860 806.121482
2 653.414868 862.127817
1 511.348474 800.231360
1 591.403081 794.786465
1 518.652941 817.228147
1 825.323420 313.131564
1 817.333145 301.770809
1 812.226200 290.236725
1 833.030645 316.684872
1 831.667684 295.476292
1 814.058431 301.075981
1 820.776003 303.481807
1 835.591285 300.783414
1 826.779512 299.570688
1 802.061386 300.942897
1 830.789986 321.305360
1 821.461269 298.275657
1 809.734327 290.916042
1 799.208382 306.913418
1 822.190965 301.146311
1 824.871657 302.618242
1 822.031434 305.360813
1 820.658663 284.509079
1 817.915434 307.558264
1 838.150705 307.822859
1 817.894563 302.926957
1 820.400217 300.308929
1 833.266366 306.872088
1 825.397005 287.726416
1 820.862003 300.408726
1 829.669497 290.198884
1 797.302606 305.825083
1 836.313379 292.914827
2 799.967573 112.965367
2 893.464066 245.978228
2 967.740334 176.295514
2 847.526756 47.555112
2 896.554048 172.220755
2 919.808063 177.226763
2 777.515608 169.121337
2 763.118143 314.693327
2 801.264136 178.192910
2 675.563414 185.947463
2 844.330495 166.834008
2 909.989381 231.012482
2 721.232896 113.150164
2 850.339335 302.945682
2 955.189126 119.127902
2 923.431828 272.093459
2 700.217118 149.705557
2 923.879637 114.424918
2 725.838965 321.164163
2 826.266588 220.737925
2 746.763665 98.818846
2 998.183651 278.084384
2 961.750529 170.609145
2 747.794707 283.159653
2 743.638688 290.934731
1 847.695228 291.082162
1 803.516686 235.288877
1 773.374402 292.220445
2 984.577378 102.411942
1 875.473615 293.711876
2 733.002047 279.254118
1 847.579906 317.448658
1 814.883652 323.879314
1 823.415867 306.420442
1 813.381849 305.943829
1 841.768647 275.440977
1 843.822440 298.748003
2 787.280964 292.876340
2 715.639266 208.707101
2 899.040748 210.562720
1 800.408877 305.749679
1 848.932387 325.207642
2 832.869619 203.202054
2 775.460249 301.167743
2 752.379903 173.058995
1 831.449582 309.908404
1 830.873793 326.547925
1 795.011492 318.527374
2 782.964438 207.481914
2 917.279546 254.898294
1 773.617585 306.429215
1 839.536954 315.618390
2 947.093154 205.733690
2 971.601692 246.646005
2 747.923909 283.352467
1 813.114676 283.970400
2 963.671334 191.264837
2 859.524763 242.762623
2 847.154108 296.791226
2 930.812651 288.635090
2 918.269458 265.077266
2 775.501512 160.517618
2 726.775054 328.339355
1 834.539799 315.802948
1 841.262983 292.940892
1 829.073702 261.509791
1 872.064412 255.414038
1 821.129407 307.934341
2 968.517689 330.869510
2 784.573922 178.520877
1 814.261034 293.546070
2 905.013621 315.372783
1 777.003756 303.870031
1 821.452008 333.016284
1 842.327494 314.058903
2 994.265834 322.318703
1 803.534865 279.696172
2 865.499132 228.968002
1 788.714679 272.389216
2 788.651719 172.482211
1 829.733810 311.996629
1 800.574893 298.764066
1 845.174331 324.389700
1 773.328976 305.332410
2 966.331929 288.160485
1 857.895466 251.306582
1 777.678895 288.073349
1 814.790659 291.849398
1 822.153294 329.410901
1 815.911175 287.764015
2 930.959008 316.680978
2 905.897035 176.260859
2 936.053339 297.702683
2 841.896643 176.149873
2 868.864592 251.749718
1 808.656476 285.607363
2 995.244093 218.693896
1 849.611382 313.292936
1 857.957881 323.123415
1 847.778278 296.552201
2 831.761674 202.092182
1 850.894957 278.624167
1 824.677463 274.277470
2 867.385552 213.546633
2 886.794299 185.678826
2 677.775509 342.930127
2 750.100477 352.702020
2 910.013623 458.782088
2 909.437058 404.824141
2 921.326964 580.380160
2 857.254788 594.139169
2 720.361765 580.513346
2 958.985674 356.512416
2 952.169677 569.099599
2 813.839232 641.817628
2 922.861860 409.129112
2 757.961885 346.761935
2 921.044725 367.612915
2 710.275476 501.749901
2 821.702857 505.467745
2 923.699222 340.109950
2 857.317670 417.800218
1 826.539958 333.796340
1 826.653479 349.205768
1 820.220753 350.951439
1 812.955061 351.390502
2 870.151950 492.319878
1 876.049049 347.461817
1 852.203780 373.559354
2 685.979238 642.878875
2 935.598156 349.795702
2 880.252573 442.497309
1 812.736120 347.044813
1 809.145555 343.033453
2 676.107195 838.903866
2 836.032604 668.933878
2 922.795936 866.236940
2 906.207141 929.633314
2 841.109441 723.509132
2 975.466924 771.741003
2 981.902447 834.698518
2 864.426634 915.553717
2 960.869334 752.871921
2 761.362816 885.111847
2 693.274694 781.004788
2 666.953286 932.102326
2 741.835712 871.078402
2 671.027245 810.056831
2 667.016737 930.211042
2 705.426309 851.359022
2 973.532270 839.250040
2 711.587245 680.267060
2 668.961215 775.025603
2 692.062844 946.707385
2 667.401592 927.652074
2 959.224657 765.802701
2 972.277848 793.917400
2 674.695945 873.415495
2 943.877093 815.168366
