1 199.269705 173.437265
1 210.114308 186.948301
1 205.196307 190.114481
1 201.889364 166.244283
1 212.278736 161.253949
1 212.483211 172.490510
1 179.145205 192.423152
1 203.705688 176.662764
1 199.578806 182.418145
1 180.475691 186.882647
1 204.553109 188.063940
1 220.977149 175.115079
1 199.999612 180.015226
1 196.346362 175.409721
1 193.785615 175.874331
1 201.650211 166.035300
1 180.106523 173.681083
1 209.544623 167.571960
1 181.902077 174.280506
1 205.334414 178.161422
1 212.620355 185.058393
1 188.913952 189.585743
1 207.066242 193.777773
1 214.856571 170.711981
1 202.955266 172.699582
1 184.536981 177.049929
1 184.258736 186.863044
1 201.516642 175.161366
1 221.555916 184.444234
1 209.057956 178.535843
1 198.418725 169.288476
2 147.719864 139.178096
2 293.914801 136.273860
2 171.706898 110.554810
2 247.747488 300.629079
2 123.511157 300.565481
2 304.332227 62.381701
2 318.756259 57.705115
2 240.868928 171.431778
2 158.408097 123.982872
2 6.988644 146.061295
2 317.447416 179.969107
2 89.577762 289.336909
2 18.138077 109.929903
2 3.136457 219.714821
2 129.998060 280.385958
2 246.814734 268.601933
2 31.140934 115.490686
2 265.037625 240.178044
2 114.672760 10.294318
2 140.521718 239.398896
2 24.569977 251.627972
2 203.383335 10.801702
1 187.168500 205.275243
2 244.948601 208.436226
1 203.559408 210.103259
2 58.121501 48.385905
1 186.096812 152.808592
1 203.384208 207.439549
2 230.699087 291.566613
1 188.496595 191.266582
1 207.530099 249.113926
1 132.956009 158.562082
2 227.820213 164.251229
1 238.759450 176.889796
1 171.168286 189.637775
1 161.342824 200.188416
2 121.080871 249.800388
1 179.395007 161.737238
1 193.863643 154.137701
2 237.097356 244.912052
1 131.616638 127.926885
1 214.891629 160.998372
1 135.212238 229.661229
2 229.878387 166.274837
1 212.897209 165.528818
1 162.149750 165.255484
2 327.603050 138.173470
2 250.366827 304.082500
2 282.483964 142.141437
1 169.076928 167.395930
2 36.595389 111.873473
1 198.723701 181.999023
1 196.162489 202.092632
1 198.470436 184.009650
1 196.045712 200.529883
1 232.476955 230.762035
1 195.228676 160.081274
1 168.722157 157.649042
2 131.376331 228.289327
2 258.946007 270.128466
2 109.978101 274.213590
1 212.062765 215.760442
1 168.620570 187.593038
1 167.556794 190.499430
1 190.799113 171.524516
1 168.474726 238.127507
1 225.730763 215.981538
2 291.492819 219.194292
1 179.999077 216.372022
1 256.023354 119.741640
2 186.892948 245.468947
1 175.195079 175.490456
1 183.129513 163.258997
1 206.462160 188.240763
1 192.125837 165.358363
1 241.307702 202.053198
1 197.165629 176.859954
2 123.548070 115.418183
2 195.480533 135.705277
1 201.260638 205.861642
2 1.539688 29.361441
1 179.238843 242.097250
2 275.128287 243.112179
1 167.507088 168.475476
1 190.391086 171.739375
1 165.194601 172.425004
2 104.821565 156.507189
2 263.965034 272.474994
1 210.236440 185.140949
1 214.709642 178.443000
1 208.311404 239.211408
1 246.466778 144.419847
1 162.458072 151.330596
1 164.260500 201.212188
1 195.989075 204.778802
1 212.897209 165.528818
2 137.580418 295.383159
1 157.211398 211.751369
1 231.117780 153.000371
2 172.884468 233.476163
1 178.721302 163.729907
1 198.339633 135.505078
1 156.251741 167.042592
1 219.657284 197.935703
2 171.927190 114.311544
2 112.663215 111.733550
1 144.605325 152.125709
2 306.051319 244.177523
1 219.126997 135.397498
2 274.154532 156.537670
1 180.287625 194.120554
1 166.783869 136.057186
2 112.682557 261.141591
2 101.511417 195.270136
1 175.615885 173.087537
1 169.760818 175.846843
1 149.016861 197.719499
2 47.504309 223.262246
1 255.255755 182.874148
1 172.411573 149.411582
1 233.707181 146.170365
1 193.124600 163.503963
1 156.994502 216.120804
2 121.882515 176.996849
1 208.196674 197.699233
1 215.155440 118.165400
1 167.927894 166.072557
1 190.391086 171.739375
1 153.889547 148.968166
2 109.503791 237.626597
1 234.956877 190.423979
1 247.833783 127.371689
1 237.359482 180.472817
1 205.977763 231.590091
1 206.357820 192.747619
2 130.481846 206.926279
1 135.003034 187.869023
2 241.781347 315.174332
1 195.832135 214.785156
1 194.793833 179.464482
1 241.862133 245.509270
2 99.567002 201.922833
1 209.323564 187.389727
1 178.058392 215.306051
1 173.182243 126.063792
1 164.032917 219.885575
2 113.147562 299.506433
2 122.453431 263.635015
2 293.780567 129.780916
2 115.547950 327.356576
1 237.728191 204.215330
1 237.170523 180.526377
1 205.090952 225.299769
2 171.244360 543.570455
2 20.994490 632.140718
2 153.389716 641.988353
2 197.668517 576.454287
2 176.469311 624.306723
2 142.015951 484.013842
2 285.577834 399.682199
2 243.642724 359.433039
2 206.003233 444.655875
2 73.254313 598.941207
2 99.191083 646.504344
2 207.408084 475.388057
2 175.878546 664.310229
2 215.409813 637.365426
2 225.940736 397.203166
2 303.054995 587.153959
2 166.305271 540.052861
2 330.718827 619.118244
1 312.012849 653.212786
2 83.161970 636.299376
2 113.011285 655.862350
2 210.639833 665.706884
2 293.240587 662.169417
2 111.007847 426.018594
2 253.326335 636.741762
2 162.559021 645.464666
2 153.600193 661.999321
2 304.845771 620.163949
2 197.248775 665.147344
2 82.649989 645.365732
2 234.135360 660.570986
2 321.781712 511.095628
2 184.241979 514.996014
1 145.030728 772.537774
1 157.487720 793.321122
1 143.108860 781.374177
1 154.390032 786.035741
1 152.529190 780.121808
1 142.908453 785.024548
1 147.016255 764.763246
1 140.785421 784.378476
1 149.145823 789.074265
1 164.059055 789.500816
1 129.883861 767.236260
1 162.035259 791.309183
1 148.994945 781.462857
1 139.319658 769.947154
1 150.635253 800.337475
1 139.604911 775.162807
1 139.669431 765.674780
1 148.445724 798.992661
1 145.115120 801.068668
1 147.551750 782.847987
1 130.097206 782.724603
1 146.637271 794.320656
1 144.572743 765.796607
1 165.210033 792.478869
1 138.434013 794.852440
1 137.038868 779.913534
1 148.886593 775.785309
1 154.683136 787.143884
1 151.684056 759.675614
1 141.519321 797.625571
1 172.323697 786.749599
1 143.634279 768.792677
1 171.706840 790.920699
1 150.302771 764.452877
1 154.831874 780.177508
1 139.070384 777.583477
1 164.121171 782.791520
1 147.781349 780.633312
1 142.264031 791.512781
1 144.954823 801.106475
1 168.558070 768.279076
2 45.445622 846.788738
2 314.745031 695.223919
2 278.842459 682.923933
2 144.085517 872.816056
2 179.601668 815.345060
2 235.255087 804.442660
2 25.964187 815.865713
2 66.431093 926.363874
2 304.534268 779.614386
2 168.179667 893.592700
2 155.089063 886.894080
2 206.757819 820.565459
2 95.990597 827.499648
2 100.781039 780.964956
2 251.927141 815.949635
2 97.995087 682.932946
2 109.632884 844.386862
2 186.317673 845.551338
2 251.392151 680.540094
2 92.891069 894.358573
2 78.445487 880.182434
2 292.569065 875.351900
1 175.369852 773.160499
1 177.051906 797.056769
1 109.882935 785.504265
1 195.221650 768.611094
1 160.733511 802.750304
1 121.096187 809.326937
2 137.386104 791.766348
1 117.579553 757.036957
1 169.934114 753.918842
1 198.765565 745.233996
1 159.575488 782.307956
1 165.338652 737.025612
2 158.289274 763.957270
1 186.964001 800.257812
1 136.090850 765.790541
1 146.357286 810.364068
2 139.715767 727.763087
1 124.310372 779.396840
1 132.774867 794.100241
1 156.143436 787.477081
2 183.071659 828.244699
1 182.397695 783.487854
2 190.479825 821.334364
2 65.072985 910.801739
1 167.788534 804.039594
1 159.363809 726.189202
1 163.249580 784.319844
2 281.661912 688.177350
2 283.165606 802.745912
2 140.154553 709.764681
2 130.481231 697.298993
2 198.400257 791.292835
1 202.737706 768.291134
2 95.385036 846.167970
1 107.171171 742.201371
2 103.146234 688.654235
2 192.864951 785.305484
2 221.197701 796.497633
1 129.420586 776.098480
1 218.974328 773.557251
1 149.775376 771.189555
1 157.975582 792.226813
1 122.097849 778.005343
2 189.923421 793.465823
2 166.686489 885.848306
1 143.158842 774.990319
2 156.942452 829.451280
1 182.476476 797.389966
2 140.393848 729.668070
1 156.024188 772.193229
1 121.549466 797.322862
1 116.222725 777.808650
1 157.088342 750.917051
1 170.202750 741.746307
2 287.256055 678.979758
1 130.158233 816.953508
2 19.359091 814.013794
2 313.157196 688.375237
2 153.019067 838.367514
1 198.153809 798.600794
2 183.617467 689.966767
1 183.456718 808.026560
2 154.167027 710.783878
1 217.930280 782.919052
2 243.294931 804.051064
1 134.433113 794.593880
2 246.581053 696.506423
2 206.487029 841.950479
1 150.465918 836.253899
1 124.069540 800.649897
1 215.586668 793.516035
1 177.741555 779.746116
1 162.902777 755.929262
2 250.991549 775.583756
2 82.136887 725.163632
1 205.872189 769.463463
2 235.259129 837.900562
2 146.985301 873.864037
1 112.216924 807.696830
1 204.997071 824.750015
2 51.093518 857.356250
1 173.018862 793.766758
1 191.085364 782.619047
1 102.696210 733.515163
2 194.016676 812.317110
1 183.626844 848.083904
1 145.019173 750.492864
1 168.801310 763.063913
2 111.149903 725.691301
1 175.297340 807.304025
2 167.686887 780.280398
2 107.660517 725.230814
1 148.205570 699.081664
2 93.018387 823.576223
2 158.087051 856.078095
2 203.714363 859.733013
1 184.326448 792.732940
2 163.722566 830.725364
1 77.649912 788.385640
1 167.719626 798.081338
1 204.138290 789.494568
1 254.196085 720.032397
1 167.304211 791.465883
1 83.283287 820.171239
2 280.271522 689.496219
2 155.810701 687.848495
2 176.133348 846.487011
2 249.995794 871.193676
1 143.742947 785.967139
1 155.345019 806.465567
1 164.609386 794.779558
2 210.328215 787.870290
1 93.407375 779.391857
1 196.386259 760.991310
1 145.394929 728.705102
2 24.894161 715.027223
2 150.745214 800.014096
2 97.599581 959.434450
1 165.322166 745.739465
2 19.359091 814.013794
2 127.619354 868.363063
2 294.454464 755.785842
1 203.423530 761.643207
2 284.748606 823.638720
1 153.219422 759.507752
2 111.329566 828.141684
1 140.729609 759.859425
1 168.777552 818.390444
2 153.481742 772.713314
1 170.527435 772.010766
1 176.088228 754.147848
2 206.257769 814.325205
2 238.456320 802.023882
2 169.211813 805.232933
1 169.338134 744.910638
1 104.519583 858.240018
1 177.651377 810.612828
1 188.383835 803.635946
2 230.228723 669.630146
1 114.359517 715.213008
2 162.293947 698.862403
2 107.579182 768.160952
2 117.029699 693.737108
2 231.303467 795.061459
2 213.870356 782.748799
1 165.686586 782.956700
1 144.095308 771.357068
2 55.766518 839.903019
1 135.539713 778.643100
2 139.494528 714.406327
1 152.205789 820.421081
1 246.721721 734.574767
1 148.036883 830.371864
1 191.452303 826.932511
1 197.510802 812.990767
1 160.164072 746.321874
1 123.087443 723.453000
2 349.778605 9.205542
2 605.066590 47.788371
2 589.443399 329.344407
2 581.120796 112.089809
2 665.653347 275.935088
2 363.834378 164.526498
2 647.042743 256.695106
2 527.996854 292.824059
2 666.366008 82.483431
2 649.420891 250.178670
2 442.269964 137.611678
2 578.546029 74.844074
2 463.885595 159.578450
2 340.834231 314.390766
2 608.180601 176.614387
2 581.659812 104.667085
2 584.759719 8.514276
2 406.604858 243.912258
2 530.761359 200.478255
2 390.672135 228.799509
2 623.500289 78.874461
2 402.867411 243.143525
2 444.498006 305.325461
2 459.060437 293.612571
2 369.719633 229.877309
2 366.223898 106.376744
2 652.693307 279.390036
2 633.904693 272.468667
2 341.919256 73.856782
2 369.978989 200.952360
1 382.260213 656.654334
1 400.060358 664.114563
1 405.111228 654.743552
1 414.979481 651.653271
1 403.504982 652.571265
1 390.688447 647.845610
1 405.143784 645.741016
1 397.298582 643.386521
1 399.545928 650.646476
1 407.056579 652.214464
1 387.102474 631.882672
1 412.893603 637.657770
1 408.893194 651.784645
1 398.156383 646.538719
1 400.441090 649.314884
1 397.339133 647.323642
1 400.506485 650.383943
1 395.364842 649.921690
1 398.053061 653.189044
1 394.188539 646.559336
1 398.752565 649.912308
1 397.250624 649.699913
1 406.456430 640.285232
1 380.873523 652.353149
1 397.868197 650.876934
1 400.504314 653.885126
1 421.667448 648.733453
1 392.518443 649.812297
1 411.925322 644.440037
1 408.039858 649.382839
1 394.418308 649.889421
1 406.652711 633.066539
1 394.377634 647.022654
1 394.835188 662.032331
1 395.472651 631.200161
1 402.283887 655.352194
1 412.439738 656.811921
1 394.118353 663.469716
1 402.351592 650.678890
1 393.106662 639.004447
1 411.733015 641.469493
1 401.110278 649.500800
2 363.487086 575.203866
2 554.207542 524.403726
2 407.654692 539.267475
2 422.263068 585.874800
2 545.309700 599.809725
2 409.899350 583.813836
2 569.053141 516.305782
2 472.503920 468.156992
2 638.136057 382.283967
2 421.769390 657.734760
2 567.767176 623.068481
2 346.897906 350.992522
2 515.624875 369.475080
2 379.458646 395.931238
2 493.003781 406.135317
2 439.302773 543.991638
2 418.523773 349.099599
2 651.343269 665.120359
2 400.695022 591.662895
2 356.809001 521.837604
1 389.834752 650.563486
1 414.566480 609.884321
2 346.301185 552.859561
1 367.478713 641.463890
1 382.049781 644.663206
1 367.671011 649.062947
1 386.673138 641.951196
1 340.407549 649.364038
2 550.772402 548.537659
1 435.596615 657.737240
1 374.108904 642.768816
1 455.401399 643.191344
1 385.337695 658.671576
1 388.769579 657.610867
2 539.603706 663.801203
1 453.959501 630.594598
1 375.871492 646.519602
1 429.459376 648.469904
2 572.684545 540.567779
1 430.454205 630.236230
2 431.210045 450.607620
1 373.050434 635.798327
1 367.532592 617.859180
1 406.820389 638.349654
1 381.850946 649.906303
1 373.080127 659.477861
2 606.858949 383.193098
1 361.781837 653.827843
1 392.380082 654.846078
1 336.517833 656.894054
1 407.155532 566.892131
2 373.709505 514.307836
1 421.223560 601.706719
1 415.096093 606.290103
1 373.194182 639.055529
1 388.079071 663.609110
1 348.536335 643.918003
1 352.732382 660.035871
1 396.023388 593.859202
1 407.646485 635.627690
1 394.808377 665.422278
1 426.986855 641.989535
1 343.747552 647.896486
1 389.370042 644.236244
1 383.524183 652.752207
1 408.874289 615.206514
1 384.139334 647.572045
1 378.586501 632.515227
2 479.926348 431.324253
1 411.072316 632.120492
2 565.619392 652.978211
1 361.623876 630.672755
1 361.519373 610.865813
1 370.195433 649.883668
1 410.383351 558.947604
2 397.289414 559.816868
2 470.347779 632.154169
1 390.787065 615.768724
1 414.619828 627.551523
2 404.370391 549.691168
1 421.705103 618.482274
1 363.927966 653.185137
1 365.013849 630.529520
1 402.966427 646.051194
1 375.870920 645.398634
2 352.850095 564.727978
1 376.791140 645.779566
1 414.189883 656.818244
2 528.081296 646.531467
1 338.558166 648.874855
1 358.885419 637.268981
2 410.805969 551.927344
1 417.695622 645.472619
2 360.511708 648.596348
1 392.980798 629.862417
1 445.815807 646.651535
1 342.728249 653.898525
1 444.267095 656.748671
2 443.213290 647.703544
1 400.627919 561.800715
2 399.543507 662.918642
1 383.109373 647.443023
2 351.083379 591.934176
2 410.948952 532.843547
1 433.816068 614.572393
1 383.557428 646.362677
1 435.365602 652.411536
1 382.047312 639.944929
1 409.860386 635.169499
2 375.178513 531.668864
1 463.556625 568.081000
1 428.263179 661.145316
2 385.568746 655.338848
1 441.129686 627.632406
2 366.826698 600.867079
2 392.640989 546.969246
2 362.155646 574.536528
1 435.751899 643.928128
1 373.528599 657.737194
1 592.269184 788.914880
1 591.487549 810.596792
1 569.833038 799.846903
1 572.212885 807.626350
1 562.838830 823.133327
1 569.393378 799.362321
1 575.479506 794.895237
1 550.314057 812.352350
1 585.959880 788.115219
1 564.241788 810.020203
1 569.629502 802.786922
1 577.599504 805.651019
1 553.192257 793.616418
1 549.161840 788.600295
1 576.378288 808.759825
1 553.858209 800.021254
1 559.810518 804.961297
1 548.627846 793.185977
1 571.998115 799.433039
1 574.470780 783.193272
1 572.089694 783.789241
1 570.978102 799.174940
1 592.906930 809.881322
1 575.887485 815.058752
1 562.839817 799.521881
1 565.419632 797.485520
1 555.859829 792.941726
1 586.486928 795.935543
1 580.683493 819.967901
1 571.582199 797.383136
1 590.387599 797.733528
1 577.335586 808.401524
1 580.041311 806.092403
1 567.753650 797.303679
1 561.438024 797.509067
1 570.353356 805.491408
2 577.914558 714.854242
2 436.675419 920.930438
2 443.770658 934.503837
2 373.322691 854.021838
2 574.700117 858.400583
2 610.104511 840.210379
2 642.694306 910.732831
2 659.645040 947.878012
2 526.803464 864.987154
2 486.398273 802.952947
2 349.544459 746.803773
2 381.538185 894.107693
2 339.589366 723.918474
2 412.598899 810.795338
2 382.367949 691.752045
2 448.318685 952.522040
2 503.259611 871.763370
2 408.423329 772.895511
2 650.792042 795.792364
2 520.087113 997.883590
2 447.291469 719.800295
2 473.722511 702.352219
2 648.836860 787.895538
2 572.124382 759.782192
2 542.324607 680.102779
2 622.243191 962.189270
2 524.971951 840.720524
2 616.138961 886.174952
1 561.004309 832.132465
1 511.094955 792.558695
1 551.314831 801.578325
1 628.195023 821.923517
1 565.191176 803.774462
1 576.036809 812.659190
2 376.918649 687.949062
2 589.672037 885.656427
2 466.630782 709.122678
1 572.735460 801.252611
1 624.348284 789.918209
1 556.009880 808.208063
1 567.748804 774.371858
2 543.221978 815.218693
1 570.628047 762.444048
1 526.819605 776.626926
2 483.714890 889.132844
1 617.505008 800.143079
1 560.460640 830.419102
1 536.533971 830.139448
1 611.816580 812.891298
1 403.778901 679.595309
1 570.669576 847.120152
1 551.922285 800.889302
1 579.024457 814.266251
2 424.173782 689.682367
1 595.723712 852.542250
1 354.095406 681.245031
1 586.869494 795.851407
1 398.672383 674.921626
1 536.174911 852.666781
1 530.092093 783.791160
1 576.419886 779.539542
2 652.645550 767.060585
1 516.694168 819.507997
1 603.566982 812.122917
1 555.791888 804.172927
1 593.138374 794.478971
1 349.635242 670.721643
1 545.727554 816.829653
1 532.559468 811.879132
1 629.783588 794.891297
1 626.691055 827.301895
1 522.431170 816.272203
1 370.931140 692.525215
2 521.934643 855.652695
2 399.413748 697.028527
1 603.858832 811.237073
2 620.641160 804.905589
1 552.451608 822.222252
1 593.199931 796.981699
1 406.532637 684.720136
2 655.716447 675.457892
2 561.426371 668.709556
2 575.648633 798.712422
1 553.202860 803.684200
1 578.746640 852.865816
1 541.878446 847.734139
2 525.517038 825.746560
1 575.468308 777.342207
1 505.157089 799.898294
2 494.158949 725.301846
2 453.635122 729.278785
1 593.168252 795.286504
1 632.741037 808.455955
2 541.601369 683.262332
1 408.800012 690.120301
1 543.766105 756.291688
1 561.894311 816.716795
1 568.314223 787.165713
1 587.341593 800.113810
1 574.865348 819.124982
1 550.905829 797.842250
2 503.988623 802.019524
2 561.523648 800.242940
2 585.270908 946.491604
1 361.445207 714.140118
1 556.712284 783.399088
1 609.130939 794.974438
1 529.550070 827.901634
2 492.086614 720.386491
2 363.780145 704.040994
1 514.758482 753.424008
1 535.645843 811.644385
2 580.226465 732.722677
1 556.288770 797.179350
1 606.571434 780.018545
1 595.784566 809.627796
2 477.036519 700.075101
1 539.424528 766.453505
1 576.073051 788.110041
2 401.448128 668.270501
1 550.975600 831.462695
1 573.318496 863.564812
1 547.258128 827.128900
2 601.903036 783.341904
1 403.851483 710.701446
2 478.088887 692.414151
1 656.173506 788.870706
1 599.460498 802.718456
2 592.302591 734.934748
1 631.841763 796.914905
1 632.567852 763.446044
1 548.262187 824.830782
1 364.616600 709.581653
2 455.500669 931.068323
1 533.405247 807.681701
1 635.970057 788.655180
2 549.264575 854.513384
2 589.754609 721.410444
1 518.429891 765.766750
1 388.527159 673.232747
1 583.365143 810.881626
1 544.761543 813.360165
1 569.425181 862.214389
1 415.944541 673.939780
2 396.852343 710.635217
2 459.364701 731.253554
1 593.055495 771.734913
2 566.281158 824.251209
1 529.180703 875.953205
2 474.105520 735.204013
2 622.976075 785.661489
1 593.583009 763.862052
1 597.231154 814.395435
1 589.141450 825.173846
1 541.728354 800.806055
1 548.351854 788.684803
1 379.646288 702.720761
1 584.963628 782.359754
1 575.631073 776.090716
2 534.919093 836.962057
1 567.885616 828.539142
1 531.293489 860.957622
1 536.696425 790.078305
1 428.004904 669.819783
1 343.766963 679.555831
1 525.282808 831.867030
1 619.763097 840.269906
2 530.187494 852.008973
2 626.737410 780.312727
1 593.199931 796.981699
2 519.398476 815.856601
2 495.308195 826.816489
1 627.178270 781.940733
1 518.429223 792.711638
2 653.163797 802.157983
1 598.460429 861.028853
1 499.700770 752.796046
1 568.872032 736.967654
1 531.162050 801.848045
2 415.087504 667.461443
2 374.563677 671.438381
2 513.008139 844.760786
1 586.493783 770.754424
1 597.358085 794.212715
1 393.790655 705.914692
1 345.268697 667.228452
1 601.150823 819.855682
1 451.057322 700.988141
1 575.194795 836.631116
2 654.544986 681.923685
2 486.247303 844.164424
2 526.691042 696.332697
1 549.064372 735.615531
2 346.154753 890.785351
2 507.916204 816.787857
1 619.946264 766.089059
1 547.014043 772.582708
2 524.104387 789.094130
2 515.176052 783.429609
1 590.707338 749.958221
1 590.752392 824.882269
1 519.425428 752.620564
1 463.202648 759.303612
2 622.901855 739.272018
2 617.823903 756.403114
1 542.034302 825.450699
2 625.530108 673.036521
2 344.445828 755.974353
1 387.195390 667.663687
1 568.854741 746.857177
1 523.392294 756.901750
1 399.698436 669.195575
1 554.502639 881.940521
1 541.523285 806.960462
1 545.300022 773.072833
1 554.131387 800.661986
1 665.762793 790.313058
2 474.080958 857.831987
1 562.603007 784.420204
2 484.673273 686.528103
1 370.909944 711.039043
2 401.401960 680.229442
1 592.573394 802.310995
1 522.188693 793.761781
2 374.081735 868.952377
2 425.687641 842.879450
1 547.494708 747.229266
2 640.154866 790.367996
1 580.822589 804.023681
2 585.892268 737.820053
1 444.276732 724.337821
2 412.424104 667.695489
1 396.873496 694.030607
1 388.309693 680.136879
1 495.923125 792.069842
1 527.842796 825.247461
2 452.338424 706.829783
1 577.685767 866.616520
2 616.005778 727.739553
1 417.529862 713.277318
1 559.113866 785.182999
2 356.137847 727.514706
1 371.364476 681.149834
1 558.835677 780.671041
2 547.261729 715.144283
1 566.410087 793.673990
1 552.489526 823.536939
1 603.606236 780.382142
1 574.768743 803.251147
2 610.758707 734.496791
1 557.619894 794.957834
1 548.759189 814.190274
1 430.100826 704.616183
1 595.333641 734.955602
2 534.192112 669.024625
2 482.859640 741.711649
2 413.028939 698.631406
1 347.912137 687.688553
1 405.384712 673.787584
1 576.519084 817.351201
1 614.267441 817.634920
1 560.823074 837.706155
2 394.909015 704.498451
2 440.966051 715.362031
2 606.234935 863.440880
1 545.349353 844.166399
1 528.728287 819.858311
1 825.323420 313.131564
1 817.333145 301.770809
1 812.226200 290.236725
1 830.429414 297.607845
1 824.995430 303.209579
1 814.043604 287.613507
1 833.030645 316.684872
1 831.667684 295.476292
1 814.058431 301.075981
1 834.044190 283.999700
1 827.473053 308.571495
1 819.691371 300.488439
1 820.776003 303.481807
1 835.591285 300.783414
1 807.626186 302.934711
1 820.155986 304.158386
1 822.841290 275.549347
1 826.779512 299.570688
1 802.061386 300.942897
1 818.328382 301.953430
1 830.789986 321.305360
1 821.461269 298.275657
1 837.939457 290.559085
1 809.734327 290.916042
1 799.208382 306.913418
1 828.619228 297.276916
1 824.871657 302.618242
1 822.031434 305.360813
1 822.383471 302.747937
1 820.658663 284.509079
1 809.235061 314.367895
1 817.915434 307.558264
1 838.150705 307.822859
1 833.266366 306.872088
1 825.397005 287.726416
1 824.072163 310.451970
1 820.862003 300.408726
1 818.762404 303.936763
1 812.497967 279.106009
1 829.669497 290.198884
1 832.419664 315.356267
1 820.978513 300.690964
1 797.302606 305.825083
1 843.686914 295.652230
1 836.313379 292.914827
2 666.798979 177.648918
2 799.967573 112.965367
2 893.464066 245.978228
2 755.215109 262.818065
2 967.740334 176.295514
2 847.526756 47.555112
2 896.554048 172.220755
2 882.950573 98.002196
2 777.515608 169.121337
2 763.118143 314.693327
2 830.285743 135.188482
2 995.768737 265.352777
2 801.264136 178.192910
2 900.574006 251.836751
2 792.672124 105.940476
2 850.339335 302.945682
2 955.189126 119.127902
2 921.373790 74.377634
2 809.899771 309.508034
2 923.879637 114.424918
2 799.230402 268.265659
2 826.266588 220.737925
2 746.763665 98.818846
2 942.296089 88.085685
2 992.212422 18.595498
2 961.750529 170.609145
2 747.794707 283.159653
2 743.638688 290.934731
1 844.055005 311.297629
2 842.275571 115.528861
1 787.121626 293.890822
2 908.444221 224.685618
1 828.588965 296.404490
1 815.383136 305.010755
1 814.027398 298.795780
1 844.756352 302.428813
2 904.327866 314.972089
2 811.332497 318.466978
1 883.895449 317.531362
2 841.307402 290.991462
2 818.950201 284.246620
2 976.321784 177.830703
2 877.721191 255.763748
1 799.032993 272.930688
1 822.860934 293.371618
1 832.488254 275.716157
2 878.376448 250.941666
1 827.742289 299.921178
2 797.077027 278.618157
1 783.797093 328.454525
2 951.905415 122.170064
2 926.714336 255.525836
2 765.273562 255.584195
2 793.529001 295.040633
2 770.623306 258.121000
1 853.868188 295.745246
2 814.768099 274.643664
1 861.745611 274.532283
2 916.114350 301.702058
1 818.327514 291.930402
2 856.429209 310.200718
1 780.938126 300.930052
2 883.839989 286.150405
2 736.352511 310.648084
2 827.153928 301.492838
2 748.993203 273.671871
2 779.909311 209.957669
2 850.224867 292.098498
2 753.874203 300.107688
1 827.698243 292.624528
1 810.388193 246.753875
2 825.179530 270.374981
1 772.396602 250.080545
2 820.761007 236.492482
2 808.255538 303.195361
2 738.657944 259.591326
1 791.037584 314.797867
1 843.207194 281.938243
2 727.249907 292.462445
1 805.517526 240.166371
1 854.548576 330.519782
2 912.108470 182.968250
2 940.280202 296.001433
2 824.836443 131.385499
1 789.682279 295.554716
1 803.406823 310.022902
2 840.470660 247.846466
2 764.717853 257.740102
2 893.415585 101.870355
1 781.459175 261.784120
2 853.772216 312.406453
1 850.686108 284.326915
1 809.536724 284.665247
2 794.961727 303.999577
2 832.729702 260.396572
2 788.189996 316.596476
1 853.472738 280.072155
2 861.758269 247.864186
1 865.119924 265.634368
1 810.365506 308.741498
2 793.752971 310.504161
1 803.093227 234.070740
1 781.708867 291.768164
1 823.262083 283.075752
2 738.544685 247.229711
2 844.128594 301.315519
2 737.001797 249.897077
2 827.883525 311.295866
2 792.308483 282.045610
2 726.400770 320.904867
2 762.779049 256.740482
2 817.191594 288.889794
2 734.955586 305.200642
1 834.953513 263.588306
2 823.415758 302.776024
1 812.145269 324.411014
2 978.907548 273.247539
1 790.386835 288.868593
2 811.996166 288.228972
2 890.186406 264.512865
2 887.419899 285.031074
1 812.169359 286.239841
1 843.893166 304.004762
2 842.285895 266.554795
2 811.071220 246.527392
1 822.174264 328.049474
2 840.548897 311.241722
2 859.293366 292.885270
2 777.336258 274.398638
2 924.822934 360.146150
2 853.461554 617.476469
2 898.600168 540.882315
2 750.100477 352.702020
2 867.559483 627.575568
2 910.013623 458.782088
2 968.121624 355.378469
2 909.437058 404.824141
2 921.326964 580.380160
2 857.254788 594.139169
2 958.985674 356.512416
2 952.169677 569.099599
2 864.808386 501.433124
2 922.861860 409.129112
2 757.961885 346.761935
2 710.275476 501.749901
2 821.702857 505.467745
2 923.699222 340.109950
2 857.317670 417.800218
2 940.689829 364.567106
2 875.090347 393.180356
1 822.511788 351.030455
2 767.610861 586.796294
1 852.817333 364.486590
1 787.224339 333.676532
2 897.264983 430.946208
2 971.382840 406.135365
1 845.327951 334.780998
1 773.428203 349.014017
2 764.601050 358.088278
1 816.864147 361.020419
1 847.090303 335.901902
2 787.563711 585.583276
1 822.461307 339.553841
2 935.007705 384.099205
1 817.452699 348.095721
1 773.076607 352.400097
2 752.055904 373.686268
2 730.879782 942.588539
2 817.317326 740.240759
2 728.193996 675.485181
2 737.304823 749.460525
2 676.107195 838.903866
2 836.032604 668.933878
2 922.795936 866.236940
2 906.207141 929.633314
2 970.266889 912.324051
2 841.109441 723.509132
2 981.902447 834.698518
2 864.426634 915.553717
2 960.869334 752.871921
2 761.362816 885.111847
2 666.953286 932.102326
2 780.253001 708.401185
2 806.801612 766.132397
2 705.109780 822.356236
2 702.397511 826.340225
1 670.296093 779.052035
2 699.574474 816.368885
2 670.544218 766.820311
2 759.094083 885.899218
1 683.916329 838.373777
2 668.079657 797.886378
2 670.008647 676.496545
