1 202.078525 179.315206
1 186.819888 180.064576
1 214.176846 164.074055
1 182.952212 174.534474
1 206.669392 164.939290
1 196.768541 177.505941
1 204.328503 189.087506
1 210.958168 179.125455
1 211.836927 174.842533
1 189.331589 163.877402
1 193.067098 161.343859
1 199.534577 179.521387
1 201.970054 177.160632
1 209.442568 186.467994
1 180.724814 194.967207
1 203.531713 193.973627
1 193.107182 173.501593
1 196.032144 186.401373
1 216.060535 192.472274
1 198.853969 176.148251
1 192.250519 197.907028
1 194.037276 181.435106
1 199.799649 178.648621
1 181.725132 173.312320
1 183.153069 197.091140
1 188.637822 183.889312
1 189.229870 181.374885
1 199.026631 174.339036
1 190.123317 178.772194
1 211.479674 193.053529
1 201.737982 180.358956
1 199.410362 165.275356
1 200.678000 184.928028
1 178.902086 190.791062
1 210.518514 165.218820
1 201.121318 185.842062
1 185.497611 180.646397
1 198.505473 182.127880
1 182.344040 172.955946
1 194.792092 166.717099
1 186.702925 186.835629
1 203.281993 182.508794
1 215.404842 195.972708
1 209.131122 169.530986
1 205.148379 156.622375
1 203.190361 193.766879
1 201.587909 182.185522
1 210.067252 172.806962
1 188.949145 191.552695
1 197.041791 178.747415
1 188.365302 220.728042
1 199.891154 207.005125
1 237.669019 155.747983
1 196.534207 214.226873
1 235.956637 168.259413
1 198.561009 214.546003
1 163.050505 125.357445
1 150.840484 198.013828
1 211.528218 156.830530
1 211.675479 172.787317
1 205.412355 185.031018
1 162.581253 109.346480
1 224.184241 163.168228
1 211.904062 189.703549
1 177.602262 172.425893
1 212.499493 221.520857
1 236.817256 165.783117
1 157.680022 150.702800
1 218.401107 139.096929
1 190.685662 174.958532
1 130.366034 147.364728
1 231.670436 173.189357
1 186.062048 177.031483
1 133.799738 153.300506
1 97.189947 187.502687
1 216.564700 173.182076
1 195.637275 139.145134
1 190.387191 177.002273
1 219.025744 161.067393
1 209.149792 206.095759
1 214.580867 159.109789
1 208.978286 150.130957
1 201.404771 215.901721
1 201.358482 172.391108
1 158.494572 133.859336
1 212.293727 120.818311
1 220.354300 271.025732
1 227.127559 195.882322
1 178.650927 186.062880
1 225.597531 202.083975
1 197.482766 132.749006
1 229.414346 176.270397
1 187.962207 157.568163
1 232.397822 156.769445
1 258.447620 178.739319
1 174.174918 219.054133
1 192.256531 140.467810
1 216.665034 116.042244
1 182.079261 170.798647
1 186.181849 200.799833
1 158.569896 253.533518
1 160.140038 141.881255
1 258.769516 161.624288
1 168.349575 167.682764
1 200.696323 191.636708
2 59.664177 453.414726
2 50.576305 436.787278
2 58.482343 434.984402
2 51.425367 440.837784
2 43.175214 434.119097
2 75.720087 415.002922
2 58.804816 428.815023
2 63.347146 425.863559
2 60.732494 408.726670
2 72.406240 438.663397
2 68.614963 418.307461
2 78.024736 442.886722
2 67.604440 409.186050
2 50.591738 412.758446
2 64.626408 427.958435
2 74.532559 427.224107
2 45.398665 416.726962
2 56.673980 431.836704
2 64.811656 413.906890
2 39.766784 432.656259
2 54.629899 427.696813
2 39.445893 422.065107
2 64.010856 425.553187
2 59.602518 430.313672
2 64.184752 413.590620
2 80.182577 438.192942
2 70.931752 442.930283
2 61.246465 421.775181
2 60.792721 428.363508
2 61.668450 429.694248
2 53.810192 419.722364
2 56.705041 425.612133
2 56.175670 411.315359
2 63.494198 428.757342
2 83.436392 431.710276
2 56.345963 431.619136
2 62.089104 430.141319
2 43.408837 443.731623
2 62.548742 428.029501
2 65.727367 424.865274
2 71.831915 415.201987
2 61.552714 420.683760
2 54.332525 422.651007
2 65.391002 431.691994
2 45.589576 434.050779
2 63.955935 438.324871
2 40.333242 444.457525
2 47.776520 438.419990
2 83.859896 425.730642
2 82.250770 452.656199
2 65.679221 421.605542
2 80.303456 383.250614
2 42.801731 428.358862
2 67.999161 424.799162
1 154.195366 773.573497
1 148.767415 779.060031
1 148.218661 777.629893
1 139.421185 798.342218
1 138.908182 789.084680
1 146.418749 784.457072
1 160.131038 787.909778
1 150.308837 780.140365
1 157.117436 792.632554
1 158.460107 771.246079
1 146.027089 803.146904
1 157.586055 786.824144
1 151.165851 778.942263
1 154.737368 774.207855
1 153.580006 777.188003
1 164.555545 789.736037
1 150.928066 781.749938
1 161.261873 761.410870
1 149.508251 763.863873
1 144.243613 785.552113
1 163.909595 777.338638
1 146.093343 790.984559
1 140.338804 770.199865
1 135.578839 792.133503
1 135.556030 777.083723
1 150.762099 774.299002
1 129.636304 786.653029
1 147.859911 793.014543
1 150.481933 780.709372
1 130.425149 772.329319
1 147.324617 770.897743
1 165.789670 780.267917
1 170.979326 792.811980
1 143.297630 795.898551
1 154.225798 768.676333
1 146.283493 780.222102
1 156.864742 796.891839
1 161.861036 758.807051
1 128.360333 771.670554
1 157.033526 783.322430
1 154.356766 782.354495
1 171.076966 768.126136
1 149.792901 793.426537
1 155.137713 786.289303
1 144.477388 777.595097
1 165.961065 763.317471
1 160.573092 762.600482
1 116.994882 754.231162
1 111.493813 806.461822
1 176.840072 753.800029
1 147.681178 796.277563
1 130.893922 741.367786
1 192.312127 709.976537
1 148.233628 789.698698
1 121.952614 791.849847
1 161.929397 783.894810
1 152.901729 760.717009
1 108.451759 780.844308
1 158.433548 799.995653
1 144.045799 756.752526
1 132.344406 759.560864
1 141.614388 774.245247
1 153.326957 770.121838
1 124.997755 764.035972
1 111.871587 766.833761
1 169.347535 757.820340
1 137.287551 763.633671
1 95.024438 778.208313
1 142.671862 748.101331
1 177.255446 800.977986
1 123.484774 776.096407
1 97.097832 777.084432
1 123.219011 805.773563
1 182.763891 793.618772
1 163.277845 808.947039
1 151.791981 817.471415
1 161.324748 800.584450
1 80.034202 750.851782
1 127.079314 758.428070
1 177.400085 791.588087
1 161.833067 767.494008
1 127.574200 719.494858
1 156.179631 765.858067
1 147.570143 699.249221
1 147.022963 829.532988
1 188.393194 720.349401
1 124.775181 770.950552
1 147.581441 739.019684
1 142.523811 809.684407
1 160.095708 776.927258
1 149.960193 775.734769
1 159.744743 817.885062
1 160.966627 797.300033
1 143.484525 803.783144
1 120.089725 764.596016
1 93.259631 716.242774
1 174.366052 809.596127
1 157.164909 758.209402
1 129.594108 739.869470
1 166.157632 795.850866
1 185.325007 738.389916
1 115.587491 743.819676
1 144.252583 761.416345
1 159.784442 801.821121
1 105.030843 734.864534
1 206.494922 751.267430
1 152.930464 809.589530
1 123.663957 753.445410
1 148.819387 825.382838
1 172.208670 803.930362
1 163.703839 765.577752
1 149.031069 779.042139
1 83.649195 795.672375
1 181.819105 821.761170
1 131.136825 789.511442
1 133.188466 808.432986
1 112.229377 798.539660
1 179.462517 820.932725
1 126.405330 775.600528
1 168.262034 767.082171
1 122.378715 840.488001
1 104.668316 736.709215
1 186.657369 801.045180
1 131.618701 755.556816
1 102.343570 789.784434
1 177.076713 804.241006
1 121.152028 775.573355
1 188.616375 756.935968
1 177.264335 755.678634
2 499.585782 134.991032
2 484.248733 151.095240
2 483.869978 133.688808
2 506.632547 149.885286
2 492.965995 129.845313
2 518.370217 137.655406
2 500.372290 132.347817
2 487.886167 155.139001
2 493.720714 134.765195
2 500.592111 143.538737
2 509.219396 138.393067
2 509.805614 158.859363
2 494.685072 156.280964
2 516.707945 155.811111
2 493.952420 155.236588
2 512.198795 143.865391
2 498.891104 142.434045
2 503.031665 142.810787
2 503.838197 164.691625
2 482.063822 143.746553
2 496.084056 144.129262
2 491.287710 130.238975
2 493.997559 149.054409
2 505.718363 140.086895
2 516.354893 141.664266
2 492.726283 160.391446
2 497.273132 140.416961
2 487.985610 127.781588
2 480.665799 140.519273
2 491.863470 139.404843
2 484.169628 124.939385
2 500.296424 143.208910
2 502.431803 130.208756
2 488.163780 137.309645
2 507.653555 163.648638
2 490.172815 141.775291
2 497.665782 137.406016
2 507.121802 126.362128
2 504.037112 143.205893
2 507.237126 134.154348
2 495.384363 140.921447
2 497.827101 132.321328
2 485.296409 121.877189
2 495.878229 119.440463
2 499.532163 145.276059
2 486.023560 139.868389
1 414.159271 654.484542
1 396.965906 656.429721
1 409.232629 630.668999
1 407.023245 639.978443
1 393.944144 650.141133
1 399.197276 650.149638
1 391.300101 656.779568
1 399.486811 646.725757
1 400.259023 649.944374
1 399.088965 649.256337
1 395.487644 652.575963
1 399.326209 652.158784
1 411.968041 650.520766
1 398.848586 635.686138
1 391.609420 665.205160
1 408.133576 630.837110
1 399.173399 644.191207
1 409.607785 663.929181
1 389.841955 658.005263
1 400.774781 650.308213
1 399.641320 649.664334
1 400.950645 653.944074
1 396.906714 642.965381
1 396.371375 649.914623
1 381.955513 645.056636
1 398.298446 654.480653
1 405.424793 638.575822
1 381.367666 653.613494
1 410.397212 637.327155
1 398.660293 649.819049
1 401.354440 647.757411
1 390.971265 647.465206
1 405.861198 641.062399
1 398.602001 647.378318
1 394.385557 654.002274
1 411.539163 654.654595
1 401.664526 639.774492
1 408.226809 628.395687
1 395.338749 637.154486
1 403.421915 634.225238
1 415.984239 646.909203
1 399.215922 650.971434
1 423.036678 654.281203
2 556.654560 492.168320
2 566.327921 479.929622
2 559.645556 478.749257
2 542.108217 474.036524
2 559.685605 487.433473
2 563.369408 490.282628
2 573.381410 471.477110
2 559.161220 474.688788
2 557.486451 481.565274
2 556.840378 498.166857
2 563.704203 473.647680
2 558.252617 486.808067
2 558.899972 479.781194
2 548.343974 488.373185
2 559.745212 479.979779
2 569.635254 470.297255
2 565.753896 479.453980
2 547.504747 473.173566
2 568.280122 458.401332
2 552.993692 480.154732
2 536.452940 475.645585
2 545.797056 473.774194
2 567.445625 494.042759
2 562.460124 483.713340
2 543.069621 483.761617
2 558.284391 476.821103
2 547.655082 458.294657
2 561.074381 495.485274
2 563.167474 480.654356
2 566.168079 497.857587
2 557.684401 461.115869
2 552.590856 490.349685
2 560.512513 470.929234
2 563.243376 477.289553
2 542.971177 465.114985
2 544.830961 464.668945
2 553.586758 461.895545
2 564.947799 458.268381
2 567.193653 481.763242
2 564.631733 472.059136
2 559.099342 479.038836
2 580.142647 476.366680
2 565.634408 455.665149
2 557.992754 503.939145
2 580.160206 485.271098
2 564.291244 478.719299
2 544.664903 471.243575
2 545.146850 474.591171
2 568.669514 482.475636
1 412.126018 620.339041
2 559.235222 463.146507
2 556.622691 464.873399
1 417.977172 650.334242
1 400.863328 622.946239
1 391.594785 647.615028
1 373.564817 664.674178
1 410.512666 638.439843
1 427.317202 624.898228
1 382.523700 625.017420
1 389.285545 596.329908
1 449.653419 615.963522
1 407.161043 628.166519
2 581.713576 460.306731
2 572.879440 429.339381
1 429.653382 613.865429
1 400.826959 623.896035
1 411.721824 627.312844
1 447.408439 665.267043
2 619.257589 515.795933
1 372.122581 601.046100
1 437.550676 640.535314
1 382.085509 599.343594
1 415.763552 640.133377
1 373.166332 613.058406
1 423.092729 657.538136
2 516.710069 492.844182
1 422.775933 655.895477
1 411.739676 606.984409
1 419.957110 662.175623
1 381.502545 617.625488
1 408.018270 663.721274
1 410.450600 631.326758
1 389.356119 568.064978
1 349.675576 627.996400
2 519.532711 501.094518
1 458.122201 666.229482
1 511.049952 615.702125
1 414.010077 627.533396
1 400.790421 644.152842
1 373.078598 629.514146
1 413.294772 634.987363
1 429.844944 600.895615
1 435.846935 619.093744
1 421.936868 648.483640
1 342.639993 560.490139
1 362.768760 633.394137
1 394.689319 588.911826
1 372.505693 657.108818
1 378.219124 656.874618
1 373.547375 664.662416
2 563.463251 513.939994
2 562.620946 435.846398
1 412.165820 654.038923
1 369.229598 648.879384
2 518.147439 479.753034
1 396.395156 636.293228
1 423.508599 608.137459
1 428.586415 620.664098
1 437.318992 630.726913
1 383.386137 653.142276
1 438.708258 600.570308
2 559.623554 494.966079
1 422.476418 655.668363
1 423.617129 607.511004
1 425.333123 654.258797
1 402.725008 627.633976
1 399.132005 608.145701
1 380.615690 649.288067
1 392.114856 668.457714
1 394.954126 674.308099
1 410.850476 670.035768
1 395.577588 668.116983
1 394.221399 669.527537
1 575.661683 787.109299
1 554.016372 799.904415
1 581.751516 787.336215
1 566.340280 801.260464
1 570.123937 800.021367
1 591.474880 793.367133
1 567.376086 804.549630
1 560.549366 808.971070
1 587.251436 782.693528
1 587.747347 813.579480
1 583.242380 791.272099
1 572.751738 801.405733
1 552.745377 812.852118
1 564.153244 803.367135
1 566.634687 799.764181
1 569.401358 802.703440
1 581.768991 798.964816
1 572.759855 799.243772
1 577.898006 790.170492
1 574.622078 798.789140
1 583.571398 807.125762
1 573.053080 813.579015
1 584.509425 787.087501
1 572.145453 786.877142
1 574.188549 798.183811
1 555.463841 818.504065
1 589.863390 791.962140
1 560.629967 802.699365
1 568.084256 806.421477
1 556.173005 808.304817
1 572.362892 786.040284
1 569.348468 803.664456
1 559.722450 798.231480
1 554.189676 788.492689
1 565.268759 792.765162
1 570.431892 804.553449
1 553.812317 802.677720
1 566.122417 793.535738
1 556.450136 801.912863
1 558.457108 801.771453
1 553.909713 813.565870
1 551.165307 798.782531
1 588.384833 811.338194
1 564.321143 806.739449
1 546.552111 799.804377
1 578.038975 812.878854
1 570.841369 788.925269
1 569.494965 799.816144
1 577.269699 796.321275
2 389.538227 833.879714
2 402.161750 844.896420
2 378.960659 833.429814
2 411.442228 835.670410
2 409.237313 811.380150
2 399.890100 830.041025
2 387.390942 851.011779
2 400.025746 809.960347
2 405.207302 850.738799
2 397.114311 827.173351
2 397.580039 831.068220
2 401.636197 813.259206
2 401.312932 830.117661
2 387.290173 814.781166
2 399.712033 820.898581
2 402.382769 830.642689
2 397.509522 816.278095
2 411.152661 844.794265
2 395.711069 837.208026
2 390.150597 825.066402
2 399.501159 818.059710
2 398.257724 839.003859
2 376.583223 838.678080
2 382.307555 837.874612
2 416.083383 812.282884
2 385.918454 817.639902
2 412.266138 813.407596
2 399.456228 830.895849
2 413.065501 846.807698
2 415.642324 835.764118
2 408.008256 824.890422
2 390.094158 829.951194
2 398.878255 849.165779
2 401.366324 848.649844
2 401.175089 840.522349
2 399.819838 837.191383
2 405.832256 845.406995
2 398.449407 821.013905
2 402.179150 831.091748
2 405.133892 836.167852
2 418.329704 828.496631
2 400.384027 826.575821
2 391.501291 844.196585
2 402.664223 816.254259
2 404.526549 830.470441
2 402.357607 815.581699
2 393.088402 831.176945
2 397.917414 854.296024
2 388.306593 841.258806
2 382.629465 844.753000
1 432.863011 686.824344
1 548.276983 796.925039
2 412.785574 879.579158
2 441.233128 833.850312
1 549.374711 784.063093
1 531.408843 757.733285
2 416.144610 844.890273
2 405.795074 894.395018
1 603.364742 838.819647
2 408.755890 852.854439
2 425.130185 862.277038
1 535.093445 840.537480
1 521.422050 768.573843
1 390.375502 693.898954
1 566.187047 803.486988
2 390.908745 842.378993
1 536.563929 799.000867
1 357.652000 670.478914
1 402.546169 684.726625
1 376.388943 693.352610
2 445.963209 841.853462
1 580.123751 814.389315
1 509.312653 799.253841
1 455.300074 693.097864
1 401.651118 668.460396
2 430.910565 874.361303
1 597.323275 834.341217
1 573.707996 793.059771
1 403.457408 689.496474
2 415.981879 785.348450
1 585.583604 805.143623
1 532.205730 816.938219
2 399.177983 779.418013
1 601.623277 821.373505
1 418.243026 693.391333
1 558.769031 764.374909
1 526.253941 897.963488
1 604.030442 759.739999
1 394.701014 691.548148
1 538.336479 783.191024
1 502.485899 744.491353
1 626.611244 822.634971
1 599.524913 807.215966
1 575.745311 788.344219
1 529.460396 863.715149
1 537.394494 817.052649
1 430.816795 696.577238
2 458.516190 906.214825
1 575.878790 777.969192
2 394.931260 778.019891
2 430.038512 872.862777
2 396.397809 814.457781
1 561.742350 806.462755
1 565.722713 778.428947
2 363.282163 842.253243
1 538.097809 805.723611
2 382.885692 884.207581
1 430.519720 711.412170
1 616.727284 788.272964
2 368.657934 805.883168
1 538.149241 865.085568
1 564.749426 798.607128
1 518.435449 780.078027
1 555.775346 766.453328
1 517.121717 823.584651
1 588.587473 782.354438
1 541.949387 794.478516
1 443.983238 700.107110
2 441.486103 838.949421
2 386.741557 838.221754
1 478.034598 678.013117
1 565.157316 798.063259
1 526.193967 807.512378
1 559.906514 768.178631
1 552.705595 781.375466
1 564.295265 811.245320
1 461.784026 742.448046
1 590.073967 827.591795
1 375.714649 686.475902
2 365.128316 856.382631
2 367.650685 823.235429
2 390.340225 828.665875
2 448.391471 832.690493
2 436.700714 787.640813
1 571.779904 836.356795
1 548.521899 846.598154
1 526.043523 835.789342
1 395.976668 693.049521
2 373.027479 830.418430
1 591.891080 814.264331
1 608.133886 802.264134
1 562.017598 835.755520
1 644.293728 801.627665
2 391.169056 843.729212
1 634.870898 836.751919
1 540.771010 865.288023
2 364.629103 864.931955
1 543.440909 749.495286
1 379.933560 673.478553
2 416.624934 889.740842
1 439.908619 675.137339
1 574.954773 807.503451
1 547.622355 826.332785
1 605.744266 827.449759
1 612.405382 803.895072
1 558.942453 795.001016
2 438.216852 846.387748
2 423.841638 836.025793
2 409.533653 807.855903
1 422.827151 712.828283
1 353.625235 668.168958
1 559.667002 762.494115
1 597.779399 777.850017
1 584.546660 772.696059
2 390.189222 857.062396
1 581.625624 842.489615
2 362.459962 854.108222
1 519.581480 801.922520
1 570.189248 797.689450
1 574.528502 798.316649
1 572.644798 812.466426
2 373.295010 809.328858
2 401.494868 828.108506
1 636.524286 807.815506
1 539.466478 756.342443
2 438.293911 825.186450
2 448.651253 801.742808
2 414.560455 888.941959
1 560.512945 816.728233
1 547.811718 805.765463
1 494.981529 731.263999
1 635.144234 832.782197
1 513.226513 872.258622
1 349.273218 691.590153
1 408.103680 673.584046
1 611.885402 779.586974
1 635.619617 797.334637
1 376.792968 691.770417
1 568.453922 807.744060
1 582.380410 854.053788
1 570.764161 854.225688
1 459.461638 670.896322
1 561.015251 769.091975
2 455.584652 821.621746
1 545.687240 787.752730
1 513.333647 755.152079
2 379.686596 894.386892
1 596.802042 831.488654
1 627.385291 831.376525
1 609.063049 810.148348
1 564.921851 825.803338
1 822.570945 295.209373
1 796.388864 306.657840
1 821.036917 304.551643
1 829.830806 294.046739
1 821.918281 286.535242
1 827.008361 306.982318
1 819.703925 311.468283
1 819.562622 309.232983
1 802.629404 300.577595
1 839.125300 303.166866
1 819.550908 293.675277
1 823.128751 297.453261
1 816.029020 288.743721
1 823.478148 298.508401
1 821.751465 291.149601
1 818.087407 302.558102
1 815.426318 276.391480
1 825.283169 296.602609
1 818.450751 282.660983
1 820.312877 300.045297
1 819.187439 300.062221
1 804.173060 292.202385
1 820.927539 293.228590
1 822.934482 292.983958
1 828.970412 303.746897
1 820.841994 316.170513
1 815.418058 296.885520
1 819.024018 294.624643
1 831.099042 306.238499
1 818.992631 313.060734
1 819.454788 297.964086
1 839.922837 300.968418
1 814.089782 286.227806
1 814.952164 321.010370
1 825.252307 296.898763
1 803.852044 302.353583
1 809.983797 301.390875
1 823.426854 290.314283
1 799.510615 313.051670
1 831.735188 292.686087
1 805.251090 281.217554
1 834.640377 300.015460
1 822.409595 321.539671
1 803.484546 312.865743
1 821.588987 277.873229
1 817.297562 303.155753
1 814.325253 299.945888
1 826.184956 286.264424
1 810.316735 281.568877
1 835.227560 298.461696
1 803.505323 286.180599
1 830.704976 289.014340
1 871.442746 316.587088
1 813.846839 298.694426
1 808.195299 285.939287
1 797.165655 275.308071
1 824.260696 310.888085
1 794.799496 315.911028
1 851.292783 265.407656
1 820.988046 291.625202
1 791.790567 313.384412
1 761.768870 326.423651
1 854.436924 295.581805
1 802.030571 269.750680
1 811.194590 300.540784
1 841.743648 300.346965
1 891.838524 244.760333
1 820.726099 270.408007
1 842.005347 319.022742
1 848.088019 283.709238
1 809.289099 296.695167
1 806.809876 309.307548
1 789.579544 315.944904
1 830.753090 309.774264
1 825.719660 307.746755
1 762.919833 309.886269
1 813.715335 328.650139
1 857.692153 303.038975
1 768.497506 299.803309
1 808.328297 314.806970
1 845.550135 284.742178
1 873.786177 329.788110
1 797.867210 307.562418
1 768.412553 257.412525
1 814.669437 310.827110
1 936.641311 226.112537
1 815.225500 307.072560
1 810.370871 270.160696
1 830.640972 279.918144
1 843.878585 286.913192
1 792.307722 300.251642
1 810.777388 303.106322
1 843.832814 262.639170
1 823.054089 294.185459
1 805.215412 266.252234
1 818.326027 267.755423
1 788.301650 296.166623
2 840.676232 608.621616
2 852.475574 633.410839
2 846.066883 625.840064
2 851.954105 627.968782
2 854.026035 648.220403
2 839.991632 615.530566
2 853.077069 632.163393
2 838.369887 634.561641
2 841.955730 613.519406
2 866.584727 624.813974
2 828.963805 622.449259
2 852.416090 642.763955
2 837.016986 614.694498
2 840.738615 643.357703
2 843.478089 641.697435
2 838.721206 644.038280
2 863.400528 639.149061
2 859.753973 642.335668
2 837.233535 635.162835
2 853.881323 619.546542
2 850.632442 625.157595
2 853.359522 611.015333
2 850.418268 615.658842
2 858.067359 619.559308
2 857.351504 643.163369
2 850.318600 639.521488
2 835.521914 631.914579
2 831.556330 614.604932
2 850.077215 631.957816
2 856.027421 643.177058
2 852.373098 634.690302
2 851.245743 630.290808
2 836.293860 616.051164
2 837.884820 636.400251
2 853.265255 626.674026
2 848.812040 628.612968
2 850.192135 635.737483
2 854.054095 633.278565
2 849.995893 630.763458
2 846.559716 642.299393
2 834.979246 636.262926
2 855.763583 644.513919
2 846.730506 607.687930
2 856.436795 633.342058
2 852.717873 632.804110
2 842.090755 638.151091
2 850.444308 630.218780
2 850.868218 630.077384
2 841.498960 633.550477
2 831.691895 631.432495
1 836.698738 334.946404
2 814.415945 606.590787
1 834.618461 358.939361
