1 199.269705 173.437265
1 205.196307 190.114481
1 201.889364 166.244283
1 188.380839 167.329228
1 212.278736 161.253949
1 212.483211 172.490510
1 195.050289 171.076614
1 179.145205 192.423152
1 203.705688 176.662764
1 220.372450 167.082820
1 208.432975 176.476157
1 190.286978 163.249754
1 191.860712 185.192797
1 199.578806 182.418145
1 186.174945 200.079040
1 180.475691 186.882647
1 204.553109 188.063940
1 220.977149 175.115079
1 196.939850 198.505773
1 196.346362 175.409721
1 193.785615 175.874331
1 201.650211 166.035300
1 182.203108 183.478241
1 198.891638 173.225857
1 180.544847 186.930235
1 186.504118 179.103378
1 180.106523 173.681083
1 212.387992 187.255458
1 212.946587 178.048028
1 205.334414 178.161422
1 212.620355 185.058393
1 188.913952 189.585743
1 204.101071 172.079548
1 179.717881 187.837870
1 207.066242 193.777773
1 214.856571 170.711981
1 202.955266 172.699582
1 184.536981 177.049929
1 184.258736 186.863044
1 194.252804 187.623283
1 201.516642 175.161366
1 221.555916 184.444234
1 204.039642 182.773306
1 209.057956 178.535843
2 147.719864 139.178096
2 293.914801 136.273860
2 171.706898 110.554810
2 245.197685 60.614106
2 294.372177 189.389279
2 247.747488 300.629079
2 123.511157 300.565481
2 304.332227 62.381701
2 318.756259 57.705115
2 240.868928 171.431778
2 158.408097 123.982872
2 238.095347 173.144910
2 6.988644 146.061295
2 89.577762 289.336909
2 18.138077 109.929903
2 3.136457 219.714821
2 129.998060 280.385958
2 198.110545 10.437739
2 246.814734 268.601933
2 31.140934 115.490686
2 265.037625 240.178044
2 114.672760 10.294318
2 24.569977 251.627972
2 87.105782 18.602916
2 203.383335 10.801702
1 243.274022 142.928416
1 190.580491 188.379071
2 166.253116 109.084455
1 215.889894 211.220012
1 191.898346 153.997131
1 216.349320 175.952124
1 217.147556 235.272219
2 144.459591 311.356327
1 173.064638 164.649165
1 170.176665 173.427312
2 21.515689 209.708079
1 172.940950 169.187477
2 256.353649 284.008630
1 248.796308 163.932566
1 204.370907 242.754320
1 244.004962 175.833178
1 219.871604 175.331949
1 188.232664 174.743977
1 188.603496 186.263154
1 177.537697 183.151084
1 185.861637 218.823542
1 142.868777 153.246946
2 127.148224 25.989664
2 182.465121 170.766402
1 234.543254 256.365683
2 330.542700 253.389650
1 241.535910 232.957751
2 4.579551 311.184057
1 154.394942 113.548507
1 231.183948 174.370353
2 168.350886 151.421830
1 183.738979 192.235698
1 177.870470 183.976919
2 5.118024 218.129852
1 144.388044 146.800107
1 162.141758 154.036411
1 216.952703 163.193461
1 160.244662 184.381474
1 226.986879 184.440347
1 206.967514 228.750992
1 193.236446 192.830996
1 204.167402 188.641935
1 216.904473 140.463725
1 182.697490 230.279799
2 317.427250 54.761682
1 171.443751 117.083881
1 231.029326 188.370874
1 192.650228 160.420595
1 234.651839 164.999728
1 252.967772 153.667417
1 168.019065 182.776470
2 226.329797 258.540780
1 229.538924 127.199870
1 206.365709 160.960107
2 38.581304 178.915206
2 208.520507 144.293630
1 221.934703 146.527565
1 240.889887 176.410574
2 251.172232 188.479270
1 158.832408 222.795248
1 242.364119 222.874066
2 37.997379 233.113039
2 292.325991 92.866485
1 243.140015 183.227668
1 225.931431 166.665380
2 172.860893 156.890097
1 191.450701 162.025273
1 145.691107 84.923977
2 76.850331 20.286525
1 239.989465 161.576737
1 232.520246 184.858201
1 159.561562 126.668179
2 275.096028 177.159149
2 274.749133 181.083342
1 187.387362 201.957690
2 187.317188 174.023621
1 234.879091 213.509155
2 146.565626 165.757238
1 210.632627 197.526000
1 157.541359 113.370683
2 190.992743 77.784071
1 224.229985 206.411687
1 213.386275 168.097774
2 79.278736 275.881574
1 207.449322 180.469514
1 203.779353 146.263856
2 228.632678 200.184906
1 204.557920 157.765197
1 237.143065 173.784264
1 191.195792 183.060155
1 152.267268 146.492466
1 210.069198 174.039042
1 235.103078 196.312586
1 245.907732 149.263211
1 225.290913 184.781121
1 177.537697 183.151084
1 168.843085 157.218682
1 153.342745 167.944934
2 261.242972 195.894239
2 233.225816 175.352650
1 259.290690 189.085937
1 265.278241 174.096106
1 232.785411 133.606129
1 237.988645 182.750517
2 256.952371 258.024017
1 190.699628 178.744634
2 210.826612 192.563498
1 223.979655 188.172802
1 143.128205 236.105234
1 233.895519 95.509534
1 225.995898 203.435179
1 275.265078 94.186022
2 275.360367 217.161147
1 218.803817 184.896302
2 165.077892 178.449365
1 162.874762 198.111625
1 175.043356 163.978256
1 168.408860 172.165675
1 202.315473 164.945754
2 165.704524 101.244096
1 219.423175 225.087571
1 206.416856 180.398873
2 268.613255 172.881105
2 171.244360 543.570455
2 20.994490 632.140718
2 66.088670 339.827348
2 153.389716 641.988353
2 215.846863 380.439899
2 197.668517 576.454287
2 142.015951 484.013842
2 162.585077 510.800457
2 28.754951 434.886062
2 258.849622 571.780342
2 285.577834 399.682199
2 243.642724 359.433039
2 206.003233 444.655875
2 119.399959 429.388510
2 73.254313 598.941207
2 134.954239 645.637362
2 99.191083 646.504344
2 207.408084 475.388057
2 175.878546 664.310229
2 68.797870 631.325725
2 154.557004 628.406646
2 293.894051 561.302229
2 78.893008 650.031288
2 231.750785 539.073705
2 178.470772 640.308764
2 178.761662 623.916851
2 160.855106 584.726126
2 221.057558 649.813643
2 62.636244 608.190176
1 305.138503 617.780426
1 326.400693 661.280319
1 324.313806 656.614673
2 176.257333 626.393560
1 145.030728 772.537774
1 157.487720 793.321122
1 126.746203 786.033927
1 143.108860 781.374177
1 154.390032 786.035741
1 152.529190 780.121808
1 145.163527 789.729331
1 142.908453 785.024548
1 147.016255 764.763246
1 149.145823 789.074265
1 164.059055 789.500816
1 129.883861 767.236260
1 162.035259 791.309183
1 143.341848 761.361544
1 157.305392 776.514772
1 148.994945 781.462857
1 139.604911 775.162807
1 139.669431 765.674780
1 148.445724 798.992661
1 161.454364 774.691989
1 145.115120 801.068668
1 147.551750 782.847987
1 130.097206 782.724603
1 144.572743 765.796607
1 165.210033 792.478869
1 145.398130 795.977175
1 138.434013 794.852440
1 137.038868 779.913534
1 148.886593 775.785309
1 154.683136 787.143884
1 151.684056 759.675614
1 172.323697 786.749599
1 143.634279 768.792677
1 171.706840 790.920699
1 150.302771 764.452877
1 154.831874 780.177508
1 165.169143 762.646692
1 139.070384 777.583477
1 164.121171 782.791520
1 131.403224 778.324781
1 147.781349 780.633312
1 142.264031 791.512781
1 144.954823 801.106475
1 168.558070 768.279076
2 278.842459 682.923933
2 144.085517 872.816056
2 179.601668 815.345060
2 235.255087 804.442660
2 25.964187 815.865713
2 66.431093 926.363874
2 226.630879 780.766078
2 168.179667 893.592700
2 155.089063 886.894080
2 206.757819 820.565459
2 95.990597 827.499648
2 100.781039 780.964956
2 251.927141 815.949635
2 97.995087 682.932946
2 54.460575 712.218472
2 132.847880 719.890740
2 251.392151 680.540094
2 92.891069 894.358573
2 78.445487 880.182434
2 292.569065 875.351900
1 145.178787 741.607794
1 178.051512 767.725844
1 166.965609 753.583285
1 150.771624 764.892429
1 151.805746 787.189866
1 115.354057 731.487466
1 99.453559 723.116004
1 187.260162 785.920944
1 96.591303 801.526560
2 91.351554 890.347224
1 132.856945 735.672876
1 143.679048 717.741849
1 206.897230 740.253036
2 287.197967 670.254906
1 164.283202 767.526780
1 166.877391 757.797273
1 124.310397 802.626615
2 154.388120 906.754041
2 93.178503 803.869720
1 159.055523 766.558290
1 140.591529 754.183315
1 147.694796 755.158957
1 163.858343 760.646330
1 157.682365 774.413401
2 186.043838 882.433876
1 138.840584 757.423493
1 188.553093 774.084871
1 147.323423 726.206147
1 176.327586 790.728510
2 190.223155 916.740344
1 150.192475 717.306034
2 325.334675 787.024881
2 143.915029 833.292496
1 149.241785 736.136106
1 82.785314 832.470349
1 115.575514 743.581605
1 123.441706 797.964571
1 134.476793 766.464310
2 157.830772 843.751070
2 140.747488 907.528029
1 153.862458 725.104253
1 140.323895 761.525789
1 190.520000 794.466043
2 324.962628 713.035814
1 209.750814 789.940868
2 175.900824 917.502229
2 144.946310 800.880158
1 160.674989 784.582228
2 254.681633 804.551522
2 133.081929 693.250534
2 41.358717 822.700251
1 116.002064 722.054134
2 1.454379 839.573194
1 175.364094 769.154707
2 174.627297 854.631989
2 281.184903 674.979272
2 73.962808 750.010245
2 315.069408 752.950978
1 141.839595 768.948795
1 125.611342 808.945574
1 189.240392 742.074168
1 169.241186 788.979556
2 301.434302 695.363611
2 124.286889 738.209548
1 192.485203 706.929021
1 166.597131 751.596804
2 20.018297 707.308005
2 93.822301 786.641299
1 141.795098 786.669824
1 128.493257 704.279798
1 138.553235 787.854287
1 143.027183 798.681836
1 165.854104 706.271367
2 268.767165 804.204559
1 144.119699 775.321582
1 145.545211 801.511979
2 87.729602 758.657033
1 161.932197 768.692190
1 166.965698 710.123280
1 154.721964 774.027947
1 175.384426 746.446138
2 136.835976 885.276574
1 88.492992 764.999160
2 160.499632 795.880403
1 93.986612 786.717733
1 128.263354 724.553709
2 263.061369 678.589103
2 107.758849 771.976964
1 133.995963 737.463688
1 188.810248 760.638791
2 331.767390 786.557756
1 175.601070 736.557237
2 57.615523 778.699604
1 104.045005 828.786065
2 109.632063 858.254406
1 173.167547 761.487454
1 160.460378 805.818044
2 18.675586 815.545613
1 75.754525 815.942690
1 119.562194 825.108325
1 186.983635 762.799453
1 142.836947 704.224017
1 167.474858 730.756933
2 92.109989 761.027888
2 320.933280 704.552886
2 75.380393 829.405041
1 131.327678 765.768501
1 65.152852 680.717261
2 150.928205 839.100459
1 179.736253 810.293891
2 153.632501 896.157493
2 160.005607 923.324743
1 186.563237 794.452748
2 123.682492 830.444336
1 104.365706 799.921556
1 160.082589 783.025603
1 194.105051 737.720455
1 193.039170 769.567434
2 349.778605 9.205542
2 605.066590 47.788371
2 589.443399 329.344407
2 665.653347 275.935088
2 363.834378 164.526498
2 647.042743 256.695106
2 527.996854 292.824059
2 666.366008 82.483431
2 649.420891 250.178670
2 429.921659 60.700783
2 442.269964 137.611678
2 578.546029 74.844074
2 463.885595 159.578450
2 340.834231 314.390766
2 608.180601 176.614387
2 581.659812 104.667085
2 584.759719 8.514276
2 406.604858 243.912258
2 393.617551 91.206526
2 530.761359 200.478255
2 390.672135 228.799509
2 623.500289 78.874461
2 371.782737 51.913341
2 402.867411 243.143525
2 334.950622 271.238755
2 444.498006 305.325461
2 571.288115 214.680961
2 459.060437 293.612571
2 344.787425 210.801757
2 370.434460 159.647769
2 466.676839 252.353808
1 382.260213 656.654334
1 400.060358 664.114563
1 405.111228 654.743552
1 414.979481 651.653271
1 403.504982 652.571265
1 390.688447 647.845610
1 405.143784 645.741016
1 397.298582 643.386521
1 399.545928 650.646476
1 408.363581 655.378863
1 407.056579 652.214464
1 387.102474 631.882672
1 385.087245 644.224714
1 412.893603 637.657770
1 405.531501 633.996536
1 408.893194 651.784645
1 398.156383 646.538719
1 397.339133 647.323642
1 400.506485 650.383943
1 395.364842 649.921690
1 398.053061 653.189044
1 394.188539 646.559336
1 398.752565 649.912308
1 397.250624 649.699913
1 406.456430 640.285232
1 380.873523 652.353149
1 397.868197 650.876934
1 400.504314 653.885126
1 421.667448 648.733453
1 422.983944 640.758248
1 392.518443 649.812297
1 411.925322 644.440037
1 408.039858 649.382839
1 394.418308 649.889421
1 406.652711 633.066539
1 394.377634 647.022654
1 394.835188 662.032331
1 395.472651 631.200161
1 402.283887 655.352194
1 414.147286 642.437744
1 412.439738 656.811921
1 394.118353 663.469716
1 402.351592 650.678890
1 393.106662 639.004447
1 411.733015 641.469493
2 455.653924 403.258451
2 363.487086 575.203866
2 554.207542 524.403726
2 407.654692 539.267475
2 422.263068 585.874800
2 545.309700 599.809725
2 409.899350 583.813836
2 472.503920 468.156992
2 638.136057 382.283967
2 337.238754 627.361551
2 514.384405 514.909617
2 421.769390 657.734760
2 531.947152 538.399774
2 414.301767 487.742486
2 515.624875 369.475080
2 603.739266 638.164720
2 501.170248 578.989438
2 493.003781 406.135317
2 439.302773 543.991638
2 622.657885 589.764738
2 624.977644 549.091301
2 651.343269 665.120359
2 400.695022 591.662895
2 356.809001 521.837604
1 369.932669 630.112290
2 421.444169 646.752779
1 366.954643 638.740977
2 407.837792 557.606248
2 665.766259 382.920066
2 583.227423 633.357158
2 598.639932 594.111383
1 380.086866 658.371805
1 421.653512 662.028690
1 420.141423 590.659198
1 425.123552 609.065122
1 434.276744 612.703916
1 422.169661 612.191853
1 378.703988 631.297049
1 411.517555 655.296654
1 440.475970 635.460172
2 426.488948 564.393912
1 398.330113 653.827455
1 434.226700 642.889651
2 555.663158 518.359458
1 377.761397 627.755072
1 422.500839 658.053130
1 384.845109 627.103179
2 452.046378 660.801172
1 404.433180 631.150002
1 350.043203 633.791557
2 374.552771 612.940219
1 461.547882 635.603085
1 397.258142 633.606573
1 405.457468 604.758737
1 354.922660 627.738391
1 424.863574 605.245848
1 378.168266 636.687528
1 357.619555 629.297543
1 431.424404 635.735000
2 346.114939 357.584820
2 421.661779 544.456341
2 361.424139 630.436727
1 361.982404 627.604218
1 444.218763 615.802560
1 414.354855 650.147321
1 408.610357 567.607011
2 410.553335 597.114422
1 400.427068 666.422302
1 386.195629 628.407068
1 404.239326 612.838186
2 358.335519 482.874160
1 374.882326 605.687991
1 440.427777 536.517954
1 432.591439 624.200111
1 470.419308 633.215798
2 422.938619 617.148705
1 367.609730 657.317858
1 411.284901 646.930130
1 413.584485 632.453916
1 400.200318 616.066765
1 433.339106 645.232739
2 447.556209 465.168513
2 589.815370 581.384737
1 401.964578 642.277942
2 399.794925 610.706213
1 435.789410 652.369378
2 444.872356 504.196429
2 382.056143 506.020868
1 425.604933 600.228699
1 385.235545 574.188145
1 433.615972 652.167027
2 428.200836 611.744731
2 443.758349 609.550235
2 383.613531 622.208472
1 438.968202 598.814170
1 365.229006 622.344487
2 385.093200 555.787564
1 335.103372 574.861545
1 355.774726 621.379244
1 408.207791 645.786040
1 375.351894 612.818935
1 359.739890 644.095516
2 374.631145 499.373744
2 369.705519 634.026648
2 466.302754 606.748722
1 411.655660 628.697200
2 562.341776 583.457781
2 381.967240 577.272728
1 391.354457 635.077998
1 424.491637 643.867869
1 355.034189 653.124270
2 443.128761 597.856565
1 407.598139 638.323276
1 412.043309 621.868130
1 411.672313 632.558995
1 411.733217 615.127025
2 491.216027 497.314430
2 401.725562 536.698380
1 363.961373 645.778378
1 381.290604 597.209003
1 439.689313 641.478828
1 400.084884 589.142896
1 390.637177 634.855399
1 373.921762 632.605138
1 390.325017 630.697712
2 357.099890 620.395578
2 375.492936 632.049109
2 451.780724 579.304344
1 428.545117 600.076955
1 343.097194 656.715826
1 410.040631 634.733081
1 407.876694 642.133158
1 454.539515 615.521343
1 406.675396 623.011676
2 359.689185 596.201368
1 425.532429 629.131767
2 525.565774 453.506107
1 393.760743 630.694800
1 435.644251 602.601322
2 365.621622 625.820065
2 452.062960 571.781424
1 374.770425 649.865027
1 479.279395 609.993570
1 423.715324 665.682720
1 346.773813 627.327531
2 432.205526 650.836473
1 388.146192 647.866192
2 365.672222 628.805000
1 446.689712 629.712775
1 430.154788 601.661403
2 434.123888 660.766432
1 418.673165 638.950584
1 358.215267 650.661544
2 408.000932 489.282660
1 449.760831 616.908941
1 387.890985 629.000337
2 432.147161 539.467377
1 447.292332 603.942089
2 453.412194 580.588591
1 365.109283 642.030678
1 450.053612 662.208061
1 400.120846 641.354580
1 359.492189 587.015786
1 420.143924 660.871255
2 434.724433 605.981676
1 434.456041 622.319025
1 391.273592 603.733470
1 425.318994 651.746825
1 429.249987 616.640526
2 454.003494 520.219764
1 438.176956 636.716193
1 341.962050 613.022707
1 386.062452 621.685152
2 420.329081 515.892062
2 374.094564 519.022828
1 409.488258 625.578544
1 335.498666 653.745876
1 400.313872 591.145110
1 456.075764 598.228134
1 406.363487 580.387302
1 399.938750 594.604613
1 454.434976 641.623495
1 439.629161 589.547010
1 431.732860 643.060452
2 424.307466 619.830748
1 411.668134 668.368042
1 592.269184 788.914880
1 591.487549 810.596792
1 569.833038 799.846903
1 572.212885 807.626350
1 562.838830 823.133327
1 581.619194 791.499844
1 562.109298 801.404777
1 569.393378 799.362321
1 575.479506 794.895237
1 550.314057 812.352350
1 585.959880 788.115219
1 564.241788 810.020203
1 569.629502 802.786922
1 577.599504 805.651019
1 574.622168 791.722488
1 564.053403 790.297419
1 553.192257 793.616418
1 549.161840 788.600295
1 569.200985 800.474026
1 576.727973 810.336564
1 559.810518 804.961297
1 562.278597 797.613960
1 571.998115 799.433039
1 566.964520 801.578735
1 574.470780 783.193272
1 572.089694 783.789241
1 570.978102 799.174940
1 576.423917 815.735739
1 592.906930 809.881322
1 574.647485 814.706093
1 562.839817 799.521881
1 565.419632 797.485520
1 555.859829 792.941726
1 586.486928 795.935543
1 569.199946 795.767835
1 580.683493 819.967901
1 571.582199 797.383136
1 590.387599 797.733528
1 580.041311 806.092403
1 567.753650 797.303679
1 561.438024 797.509067
1 570.353356 805.491408
2 577.914558 714.854242
2 436.675419 920.930438
2 601.527925 716.441812
2 443.770658 934.503837
2 373.322691 854.021838
2 610.104511 840.210379
2 642.694306 910.732831
2 659.645040 947.878012
2 526.803464 864.987154
2 486.398273 802.952947
2 349.544459 746.803773
2 381.538185 894.107693
2 339.589366 723.918474
2 412.598899 810.795338
2 382.367949 691.752045
2 448.318685 952.522040
2 503.259611 871.763370
2 408.423329 772.895511
2 520.087113 997.883590
2 496.779949 667.697406
2 447.291469 719.800295
2 646.125732 813.346760
2 473.722511 702.352219
2 648.836860 787.895538
2 542.324607 680.102779
2 622.243191 962.189270
2 524.971951 840.720524
2 430.984447 864.594218
2 583.814646 844.751735
2 493.500060 822.547914
2 486.591733 697.785707
1 604.028060 833.714171
2 458.606394 869.681839
1 554.545476 842.315768
2 473.482260 707.766534
2 634.215054 716.625291
2 633.301362 824.937374
1 637.329705 836.424880
1 555.713313 793.098737
1 581.223789 828.326185
1 577.802019 771.048558
1 588.682344 822.418755
1 585.810221 834.540445
1 592.866194 761.402905
2 429.690610 691.436724
1 564.146814 814.888415
1 358.368574 667.201387
1 559.557011 812.224380
1 401.216537 682.917299
1 600.927553 808.389520
2 657.470576 921.779062
1 558.882465 826.117483
1 554.391063 791.211247
2 479.865707 817.463552
1 576.028772 864.156228
1 392.270632 718.541295
1 351.829601 691.187075
1 422.500055 685.964832
2 471.609990 708.814532
1 421.043056 676.944809
1 570.601423 798.474939
2 494.029755 689.002729
1 551.440583 782.495652
2 652.403610 836.334119
1 380.303691 676.880339
1 592.010842 840.121139
1 594.262703 845.375770
2 373.141317 826.886416
2 626.216611 778.800555
2 501.927622 821.650248
1 577.727669 812.957279
1 581.825014 762.308713
1 555.941440 828.415958
1 623.982870 857.487884
1 555.406071 821.626222
2 518.927972 802.576297
2 639.660173 811.502556
2 630.888590 747.124846
1 388.105248 703.403042
1 567.991159 823.559002
2 666.625052 796.058126
2 651.119105 825.429167
2 639.924143 853.453787
1 570.243056 846.947484
1 601.827062 810.690346
2 660.947479 918.478300
1 558.069469 813.157295
1 567.779054 775.198074
1 360.503856 683.454934
2 381.261182 763.589239
2 536.877168 825.726110
1 597.504274 799.581705
2 508.594387 838.821467
1 397.079405 667.164803
2 486.139086 680.415385
1 397.786671 677.201757
1 400.410546 679.954831
2 648.550320 693.350337
1 567.553232 793.141656
1 567.581792 821.460598
1 561.411971 806.062026
1 571.745125 802.945896
2 482.172311 826.129152
1 390.622034 672.211134
1 428.817260 714.409907
1 539.883337 837.368588
1 570.001166 768.161377
2 356.770249 792.231523
2 351.360227 783.996751
1 471.097944 668.406510
2 626.255714 794.535311
1 338.654647 707.540090
2 617.179871 764.744549
1 491.380402 819.755400
1 353.047768 692.618510
1 519.754853 849.062516
1 551.733354 838.692523
2 503.738309 810.108168
1 517.561902 830.417226
2 479.556263 747.656411
1 555.820341 786.575492
1 416.923640 673.022306
1 510.453256 836.382171
2 660.071981 787.230105
1 424.903361 690.765887
1 594.864873 836.831258
1 560.413309 857.369446
1 603.973101 759.415497
1 380.600954 704.965710
1 338.844430 699.695252
2 607.774824 973.392279
1 536.631970 826.227378
1 586.884604 845.847014
1 577.822904 849.410168
1 560.321581 866.761290
1 396.971173 703.924906
1 518.040050 707.097862
1 381.505065 674.489608
1 556.865684 798.116119
1 611.465660 864.227681
2 586.090868 886.879865
1 557.570481 760.286532
1 607.271948 813.727079
2 424.604048 804.649034
2 377.369429 712.482374
1 585.014893 776.858281
1 554.552899 763.057303
2 506.713374 853.536780
1 371.808616 671.203591
2 638.819179 840.973549
1 582.789948 863.714335
2 649.936025 780.498069
2 663.231641 866.013473
2 619.319349 771.839798
1 587.628821 794.093511
1 395.362368 689.799335
2 389.939158 679.868997
2 541.313390 817.097942
2 619.095946 813.440123
2 516.155915 771.868514
1 553.334871 770.169946
2 583.096349 715.843661
2 362.544277 731.325128
2 642.748532 871.620085
2 525.640951 909.097587
1 581.201685 837.383699
1 461.783676 686.093568
1 567.624082 806.735706
2 540.016957 795.862967
1 574.194452 806.041381
1 555.587012 783.681228
2 623.191279 839.534722
2 430.975291 722.454753
2 459.347427 688.677085
1 568.433397 835.783887
1 550.110164 803.794785
1 377.565178 691.020796
1 579.619401 718.907680
1 582.218004 810.360650
1 348.960863 668.530023
2 510.361090 838.624581
2 522.780800 834.004642
2 498.551438 821.849838
1 563.028666 803.611118
1 564.716930 735.656083
2 505.873591 826.361714
2 643.565629 799.916331
2 628.419403 851.349750
1 432.556070 713.497710
1 378.115307 679.963271
1 414.994167 682.603199
2 507.704445 678.887378
1 418.085680 687.488084
2 539.741927 729.966533
2 477.749608 703.510566
1 529.550514 816.008238
1 570.764349 804.037699
2 448.430046 735.193904
2 524.585053 684.642786
2 563.213127 739.947973
1 632.118140 725.353021
2 522.991790 845.506590
1 559.572512 850.709542
1 559.029572 764.483889
2 562.049009 775.242204
1 825.323420 313.131564
1 817.333145 301.770809
1 812.226200 290.236725
1 830.429414 297.607845
1 824.995430 303.209579
1 814.043604 287.613507
1 833.030645 316.684872
1 831.667684 295.476292
1 814.058431 301.075981
1 834.044190 283.999700
1 827.473053 308.571495
1 819.691371 300.488439
1 820.776003 303.481807
1 835.591285 300.783414
1 807.626186 302.934711
1 820.155986 304.158386
1 802.061386 300.942897
1 830.789986 321.305360
1 821.461269 298.275657
1 837.939457 290.559085
1 809.734327 290.916042
1 827.960425 295.295719
1 822.190965 301.146311
1 828.619228 297.276916
1 824.871657 302.618242
1 818.187449 299.010597
1 822.031434 305.360813
1 822.383471 302.747937
1 820.658663 284.509079
1 809.235061 314.367895
1 817.915434 307.558264
1 838.150705 307.822859
1 817.894563 302.926957
1 820.400217 300.308929
1 833.266366 306.872088
1 824.072163 310.451970
1 820.862003 300.408726
1 818.762404 303.936763
1 812.497967 279.106009
1 829.669497 290.198884
1 820.978513 300.690964
1 797.302606 305.825083
1 836.313379 292.914827
2 666.798979 177.648918
2 722.194114 196.170142
2 799.967573 112.965367
2 893.464066 245.978228
2 755.215109 262.818065
2 967.740334 176.295514
2 847.526756 47.555112
2 896.554048 172.220755
2 882.950573 98.002196
2 919.808063 177.226763
2 777.515608 169.121337
2 763.118143 314.693327
2 830.285743 135.188482
2 995.768737 265.352777
2 801.264136 178.192910
2 675.563414 185.947463
2 844.330495 166.834008
2 792.672124 105.940476
2 786.455709 275.805450
2 909.989381 231.012482
2 721.232896 113.150164
2 850.339335 302.945682
2 955.189126 119.127902
2 921.373790 74.377634
2 809.899771 309.508034
2 700.217118 149.705557
2 923.879637 114.424918
2 725.838965 321.164163
2 826.266588 220.737925
2 746.763665 98.818846
2 942.296089 88.085685
2 998.183651 278.084384
2 961.750529 170.609145
2 747.794707 283.159653
2 743.638688 290.934731
1 850.702464 297.738613
2 910.802265 187.674953
2 824.501693 309.764250
1 802.842618 277.395760
2 916.847915 175.837892
1 823.734447 326.554830
1 841.441855 272.801580
1 822.925944 280.347800
1 822.280912 296.035752
2 682.293278 143.564041
2 764.224434 280.459284
2 905.023619 266.457156
1 781.074116 320.971168
2 922.098442 251.694440
1 850.341192 241.789422
2 864.219709 304.733494
2 777.172781 260.486629
2 921.621620 232.400731
1 835.559579 279.267429
1 829.145565 322.037332
1 838.009776 315.803870
2 915.940850 278.770227
2 827.368811 222.031215
2 907.183042 185.435727
2 781.402870 280.649431
2 761.542799 258.517853
1 856.700982 310.685010
2 721.206495 292.121719
2 788.985144 331.134066
1 825.621789 267.538434
2 876.472919 329.294779
2 840.158864 123.452904
2 667.837174 216.229413
2 964.872177 182.495988
2 798.255749 286.181971
2 772.210990 298.684359
2 768.156679 299.816832
2 813.600980 217.409437
2 736.019685 304.508441
2 834.488902 269.257481
1 820.280485 283.827107
2 875.476372 224.402650
2 800.405572 215.083207
2 857.527761 293.055010
1 810.450345 314.561185
1 811.586829 301.932495
1 787.697459 288.894701
1 789.046256 316.616097
1 756.734561 312.961812
1 830.349059 212.638255
2 784.841690 305.566367
1 821.593422 277.600256
2 946.917001 156.700327
1 780.344495 312.766807
1 845.215474 286.671589
1 767.092465 273.698370
2 889.854331 275.821992
1 849.624782 325.979918
1 808.787453 292.942205
2 887.727889 176.160724
1 857.026803 313.778497
1 843.055283 268.143571
1 858.166741 231.853726
1 852.210317 311.453047
1 793.522740 269.114332
1 829.758429 237.627462
2 809.192278 255.897196
2 795.746923 217.166814
2 784.368663 200.824943
2 777.123811 252.920720
2 804.379879 270.506405
1 822.584076 319.348350
2 847.132839 203.815028
1 790.103545 319.277282
2 859.579124 267.218765
2 770.374301 274.375158
2 844.505755 277.874745
2 763.820790 329.048312
1 860.503766 233.330435
1 807.273309 271.360254
1 874.484453 297.085709
1 855.100978 208.919130
2 856.809707 274.700307
2 987.754698 234.731956
2 798.947587 315.709501
2 790.255261 270.091731
1 824.143068 283.019988
2 921.803234 257.928196
2 785.409025 321.568509
1 841.979722 331.665812
2 866.766979 296.826430
2 827.938615 311.540813
1 773.898541 318.966900
1 819.583241 269.239884
1 817.096228 303.215583
2 811.860936 208.168126
1 816.521683 306.263605
1 765.048275 276.431350
2 793.956248 328.913651
2 740.978711 187.036920
2 924.822934 360.146150
2 853.461554 617.476469
2 677.775509 342.930127
2 750.100477 352.702020
2 910.013623 458.782088
2 968.121624 355.378469
2 909.437058 404.824141
2 921.326964 580.380160
2 857.254788 594.139169
2 977.632657 440.842494
2 720.361765 580.513346
2 772.892698 525.418582
2 958.985674 356.512416
2 813.839232 641.817628
2 864.808386 501.433124
2 757.961885 346.761935
2 921.044725 367.612915
2 710.275476 501.749901
2 821.702857 505.467745
2 923.699222 340.109950
2 751.051794 346.474300
1 804.892803 349.339168
1 777.062796 344.777778
1 836.849918 338.079571
2 770.563572 344.599688
1 806.093603 341.069008
2 895.022645 335.839057
2 775.650302 334.825356
2 757.025010 350.458696
1 811.677475 334.236128
2 880.877995 364.956999
2 771.317726 343.806834
1 819.588087 343.303025
2 904.109072 366.690933
1 799.856470 364.138393
1 824.581622 334.949941
1 821.682523 345.758354
2 911.384667 404.308167
1 780.448455 344.018814
2 895.153324 354.206039
2 728.193996 675.485181
2 737.304823 749.460525
2 676.107195 838.903866
2 836.032604 668.933878
2 977.535892 947.458170
2 922.795936 866.236940
2 906.207141 929.633314
2 970.266889 912.324051
2 841.109441 723.509132
2 975.466924 771.741003
2 981.902447 834.698518
2 864.426634 915.553717
2 960.869334 752.871921
2 761.362816 885.111847
2 693.274694 781.004788
2 666.953286 932.102326
2 741.835712 871.078402
2 780.253001 708.401185
2 771.644671 919.276250
