1 202.078525 179.315206
1 186.819888 180.064576
1 206.669392 164.939290
1 196.768541 177.505941
1 204.328503 189.087506
1 210.958168 179.125455
1 211.836927 174.842533
1 189.331589 163.877402
1 180.724814 194.967207
1 203.531713 193.973627
1 198.853969 176.148251
1 192.250519 197.907028
1 194.037276 181.435106
1 199.799649 178.648621
1 183.153069 197.091140
1 188.637822 183.889312
1 199.026631 174.339036
1 190.123317 178.772194
1 211.479674 193.053529
1 201.737982 180.358956
1 199.410362 165.275356
1 200.678000 184.928028
1 199.439138 173.536568
1 210.518514 165.218820
1 201.121318 185.842062
1 185.497611 180.646397
1 182.344040 172.955946
1 203.281993 182.508794
1 215.404842 195.972708
1 205.148379 156.622375
1 203.190361 193.766879
1 201.587909 182.185522
1 210.067252 172.806962
1 156.757673 215.078825
1 200.772364 187.671388
1 229.839224 197.088393
1 200.666488 162.115515
1 219.251823 180.618584
1 179.859977 131.073602
1 211.191259 206.739916
1 189.395195 202.004140
1 191.771439 190.374004
1 164.238499 201.357937
1 153.794548 208.776998
1 188.665500 206.584313
1 183.612978 187.760586
1 162.842300 201.593262
1 250.383423 143.948819
1 160.060644 148.949890
1 195.625324 136.824397
1 218.000984 134.500779
1 205.120628 174.931385
1 183.800385 170.723720
1 209.596595 170.398318
1 193.408792 177.129553
1 172.504812 123.959232
1 181.103842 183.067921
1 188.199885 123.131521
1 163.261896 121.431310
1 197.868418 221.918345
1 184.981823 141.331624
1 214.852500 166.357925
1 192.341306 77.164942
1 240.739051 194.218619
1 141.818065 219.276336
1 208.408345 167.485756
1 178.621607 251.114844
1 166.725777 167.520887
1 134.707343 178.980739
1 176.880028 178.746782
1 159.713997 209.614441
1 211.654710 206.597252
1 191.621319 167.860780
1 209.143917 169.698793
1 221.361438 219.557232
1 253.492356 171.282702
1 222.084793 139.848143
1 171.498035 175.402574
1 170.335986 268.388305
1 146.096177 213.850325
1 244.676295 152.002270
1 191.826378 150.063022
1 227.367128 162.311096
1 238.766424 241.599542
1 215.512867 218.176333
1 174.946501 253.358810
1 210.570666 158.862255
1 162.205580 86.173812
1 233.644705 181.403248
1 235.929052 188.110352
1 238.282829 110.900503
1 218.187446 134.013565
1 166.024512 139.377958
1 214.474252 171.416055
1 237.936227 164.282563
1 149.751092 142.695092
1 232.878167 153.422198
1 151.117280 234.345474
1 258.591298 154.529885
1 176.485447 166.430516
1 189.911101 197.365956
1 111.569922 135.644098
1 133.979876 204.949278
1 168.895213 188.752733
1 201.182028 159.103384
1 204.770736 207.216332
1 225.328609 211.567735
1 228.943043 188.408057
1 219.227312 180.605702
2 50.576305 436.787278
2 51.425367 440.837784
2 43.175214 434.119097
2 58.804816 428.815023
2 60.732494 408.726670
2 72.406240 438.663397
2 68.614963 418.307461
2 64.626408 427.958435
2 74.532559 427.224107
2 45.398665 416.726962
2 56.673980 431.836704
2 64.811656 413.906890
2 39.766784 432.656259
2 54.629899 427.696813
2 39.445893 422.065107
2 64.010856 425.553187
2 59.602518 430.313672
2 80.182577 438.192942
2 70.931752 442.930283
2 60.792721 428.363508
2 61.668450 429.694248
2 53.810192 419.722364
2 56.705041 425.612133
2 56.175670 411.315359
2 83.436392 431.710276
2 62.089104 430.141319
2 65.727367 424.865274
2 71.831915 415.201987
2 61.552714 420.683760
2 54.176240 408.216230
2 54.332525 422.651007
2 45.589576 434.050779
2 63.955935 438.324871
2 83.859896 425.730642
2 87.507209 411.613305
2 63.933922 422.670448
1 333.125404 616.196137
1 137.580917 790.113407
1 154.195366 773.573497
1 148.218661 777.629893
1 139.421185 798.342218
1 146.418749 784.457072
1 157.117436 792.632554
1 158.460107 771.246079
1 146.027089 803.146904
1 157.586055 786.824144
1 151.165851 778.942263
1 154.737368 774.207855
1 153.580006 777.188003
1 164.555545 789.736037
1 150.928066 781.749938
1 161.261873 761.410870
1 149.508251 763.863873
1 144.243613 785.552113
1 163.909595 777.338638
1 146.093343 790.984559
1 136.628337 785.524255
1 135.578839 792.133503
1 135.556030 777.083723
1 153.267474 780.133094
1 150.762099 774.299002
1 129.636304 786.653029
1 147.859911 793.014543
1 150.481933 780.709372
1 130.425149 772.329319
1 147.324617 770.897743
1 165.789670 780.267917
1 143.297630 795.898551
1 154.225798 768.676333
1 146.283493 780.222102
1 156.864742 796.891839
1 128.360333 771.670554
1 157.033526 783.322430
1 154.356766 782.354495
1 171.076966 768.126136
1 149.792901 793.426537
1 155.137713 786.289303
1 144.477388 777.595097
1 165.961065 763.317471
1 160.573092 762.600482
1 154.566764 763.908512
1 90.713578 778.534245
1 187.064491 768.474714
1 177.281588 809.485613
1 144.792588 835.091836
1 107.286236 771.729279
1 111.229723 786.742003
1 186.362865 779.821233
1 129.171941 801.309517
1 155.468553 758.133199
1 142.787704 766.923053
1 185.641503 766.786149
1 327.776136 676.620651
1 161.813493 792.439970
1 130.883418 759.616414
1 161.099549 784.944403
1 149.141987 812.662491
1 174.990319 781.338757
1 153.320945 769.202655
1 170.502652 789.718045
1 195.776787 772.337860
1 122.484123 731.876247
1 136.497131 830.393322
1 171.355834 783.116267
1 171.479106 748.939512
1 200.394027 780.423197
1 103.118028 771.868110
1 197.636606 762.863641
1 143.884103 761.319271
1 134.774195 772.795824
1 141.442190 801.010529
1 142.976726 781.015603
1 68.277804 818.326680
1 170.455659 790.960213
1 140.574351 738.662647
1 151.589641 819.154586
1 118.423699 831.942133
1 144.543555 779.873859
1 197.734359 779.548395
1 142.644026 791.071028
1 174.539607 754.869243
1 197.294939 769.965405
1 220.974058 791.287379
1 141.248791 807.402652
1 138.704988 808.045696
1 197.032733 790.894914
1 134.899783 811.690929
1 173.725870 802.719855
1 140.487584 803.504316
1 181.832229 769.896609
1 198.238145 758.714096
1 184.146955 809.805888
1 122.204976 786.403165
1 128.653153 807.876845
1 178.028531 791.972304
2 317.101442 758.364875
1 180.540894 761.027364
1 139.977387 779.638623
1 118.250157 819.557931
1 130.546428 734.415190
1 300.316754 672.522593
1 184.176006 723.165633
1 143.701086 737.828989
1 154.456218 755.708199
1 131.476570 795.619148
1 116.241522 806.096956
1 161.981472 767.956057
2 294.923290 758.924002
1 68.277804 818.326680
1 225.007121 788.190913
1 107.885256 781.165113
1 122.074892 784.385932
1 123.309466 800.273106
1 130.009797 791.507926
1 132.982824 818.113365
1 127.526363 755.128228
1 205.480908 782.073410
1 210.982834 771.251134
1 136.964666 736.898745
1 218.251395 776.561503
1 113.750072 797.735315
1 93.315574 812.915641
1 161.438137 766.811889
1 167.266966 811.583406
1 179.015541 734.904713
2 332.004088 817.992576
1 164.872649 749.792701
1 106.708233 797.217128
1 212.823814 793.439515
1 169.610002 829.845785
1 148.257970 813.560492
1 129.452721 798.311896
1 155.411540 783.908178
1 316.880026 690.159066
1 182.848704 851.083532
1 194.193507 763.473980
1 123.724598 726.888946
1 196.415460 752.525990
1 211.257224 837.270231
1 174.643452 799.252544
1 142.629215 818.884889
1 192.527146 789.968425
1 161.400967 805.993674
2 325.298488 751.102968
1 201.026655 755.279866
1 144.543798 815.017485
1 162.292125 751.718617
1 132.729123 811.025035
1 171.678869 779.785045
1 153.805832 766.269342
1 150.804284 820.500771
1 199.002094 728.441311
1 111.969379 788.789611
1 97.292379 786.347423
2 499.585782 134.991032
2 484.248733 151.095240
2 483.869978 133.688808
2 506.632547 149.885286
2 492.965995 129.845313
2 518.370217 137.655406
2 500.372290 132.347817
2 487.886167 155.139001
2 493.720714 134.765195
2 500.592111 143.538737
2 509.219396 138.393067
2 509.805614 158.859363
2 494.685072 156.280964
2 516.707945 155.811111
2 493.952420 155.236588
2 512.198795 143.865391
2 498.891104 142.434045
2 503.031665 142.810787
2 503.838197 164.691625
2 482.063822 143.746553
2 491.287710 130.238975
2 493.997559 149.054409
2 505.718363 140.086895
2 492.726283 160.391446
2 497.273132 140.416961
2 487.985610 127.781588
2 480.665799 140.519273
2 491.863470 139.404843
2 484.169628 124.939385
2 500.296424 143.208910
2 502.431803 130.208756
2 507.653555 163.648638
2 490.172815 141.775291
2 507.121802 126.362128
2 504.037112 143.205893
2 495.384363 140.921447
2 520.065446 142.572758
2 485.296409 121.877189
2 495.878229 119.440463
2 499.532163 145.276059
2 486.023560 139.868389
1 396.965906 656.429721
1 409.232629 630.668999
1 407.023245 639.978443
1 399.197276 650.149638
1 405.431374 649.333913
1 400.259023 649.944374
1 399.088965 649.256337
1 395.487644 652.575963
1 399.326209 652.158784
1 411.968041 650.520766
1 391.609420 665.205160
1 408.133576 630.837110
1 399.173399 644.191207
1 409.607785 663.929181
1 400.774781 650.308213
1 399.641320 649.664334
1 400.950645 653.944074
1 396.371375 649.914623
1 381.367666 653.613494
1 410.397212 637.327155
1 398.660293 649.819049
1 401.354440 647.757411
1 390.971265 647.465206
1 405.861198 641.062399
1 398.602001 647.378318
1 394.385557 654.002274
1 393.340697 642.555826
1 411.539163 654.654595
1 401.664526 639.774492
1 408.226809 628.395687
1 395.338749 637.154486
1 403.421915 634.225238
1 399.215922 650.971434
1 423.036678 654.281203
2 556.654560 492.168320
2 566.327921 479.929622
2 559.645556 478.749257
2 542.108217 474.036524
2 563.369408 490.282628
2 573.381410 471.477110
2 559.161220 474.688788
2 557.486451 481.565274
2 556.840378 498.166857
2 558.252617 486.808067
2 558.899972 479.781194
2 548.343974 488.373185
2 559.745212 479.979779
2 569.635254 470.297255
2 565.753896 479.453980
2 547.504747 473.173566
2 568.280122 458.401332
2 552.993692 480.154732
2 536.452940 475.645585
2 545.797056 473.774194
2 543.069621 483.761617
2 561.074381 495.485274
2 566.168079 497.857587
2 557.684401 461.115869
2 552.590856 490.349685
2 563.243376 477.289553
2 542.971177 465.114985
2 544.830961 464.668945
2 553.586758 461.895545
2 564.947799 458.268381
2 567.193653 481.763242
2 564.631733 472.059136
2 559.099342 479.038836
2 580.142647 476.366680
2 565.634408 455.665149
2 557.992754 503.939145
2 564.291244 478.719299
2 548.831643 495.501298
1 409.432283 660.740458
2 536.334939 516.624777
1 366.643164 637.818540
1 403.573872 643.232481
1 378.653491 654.441437
1 379.243467 597.644344
1 364.423698 651.387266
1 403.692792 648.628182
1 410.399997 626.743836
1 406.098602 654.015318
1 391.805203 631.693877
1 384.097603 622.288518
1 471.074095 613.408504
1 380.152982 662.536466
2 590.210279 505.280957
1 359.743969 635.885025
1 356.492013 607.519989
1 407.301889 656.166726
1 372.349370 657.452491
1 386.214396 612.597954
1 375.271830 588.586551
1 409.698688 648.565248
1 401.302501 629.791055
1 451.513718 661.463525
1 406.357324 642.820062
2 565.471578 472.726060
1 376.821330 630.307850
1 359.878936 618.726473
1 406.228210 625.764942
1 474.752827 663.237608
1 401.303440 630.115097
1 349.783625 643.021691
1 404.272898 656.478533
1 376.438481 573.873298
1 419.926257 634.313905
1 402.362063 616.555796
1 374.274059 644.405846
1 373.977929 614.550511
1 425.985588 665.539716
1 392.982484 617.057111
1 406.073195 647.636216
1 342.395000 657.991640
1 427.454405 593.608819
1 380.893181 650.957099
1 361.532821 646.404167
1 429.109806 594.915309
1 405.956428 655.118227
1 343.599317 603.976122
1 389.935718 646.118252
1 354.501660 593.606548
1 469.482224 622.763974
1 334.826676 660.931266
1 384.806252 664.352160
1 372.844398 598.601413
1 384.005012 621.907398
1 351.062204 657.409715
1 445.228167 663.119570
1 405.392395 666.233365
1 410.269346 644.573299
1 408.166922 625.563085
1 371.752332 655.525277
2 532.775262 501.847847
1 435.314718 660.518022
1 417.886167 647.399433
1 409.413586 652.306772
1 415.243823 665.694641
1 430.793348 646.606081
2 529.387996 527.675218
1 382.437849 657.536657
1 381.943989 641.529047
1 416.261145 593.396266
1 445.257752 638.350860
1 404.145803 662.972420
1 430.684249 653.932691
1 368.709358 613.452340
1 351.220823 605.757989
1 386.613117 638.228312
1 373.772840 640.882889
1 390.156020 584.417213
1 348.927598 594.062140
1 371.828100 655.694978
1 442.366095 666.084238
1 378.508392 665.371734
1 386.831292 633.491502
1 373.827776 598.115562
1 419.672402 581.218672
1 476.852442 636.615434
1 390.608841 661.263979
1 389.630558 649.797033
1 387.392974 631.007378
1 452.360373 628.480843
1 355.720392 643.103751
1 333.429973 617.992446
1 383.043618 660.549497
1 399.796843 640.216220
1 373.229913 664.330245
1 380.168004 569.936290
1 426.067245 653.071500
1 392.114856 668.457714
1 410.850476 670.035768
1 395.577588 668.116983
1 394.221399 669.527537
1 575.661683 787.109299
1 554.016372 799.904415
1 581.751516 787.336215
1 566.340280 801.260464
1 570.123937 800.021367
1 591.474880 793.367133
1 567.376086 804.549630
1 560.549366 808.971070
1 587.251436 782.693528
1 587.747347 813.579480
1 583.242380 791.272099
1 552.745377 812.852118
1 566.634687 799.764181
1 569.401358 802.703440
1 581.768991 798.964816
1 577.898006 790.170492
1 574.622078 798.789140
1 573.053080 813.579015
1 584.509425 787.087501
1 572.145453 786.877142
1 555.463841 818.504065
1 589.863390 791.962140
1 560.629967 802.699365
1 568.084256 806.421477
1 556.173005 808.304817
1 572.362892 786.040284
1 565.268759 792.765162
1 570.431892 804.553449
1 553.812317 802.677720
1 566.122417 793.535738
1 556.450136 801.912863
1 558.457108 801.771453
1 588.384833 811.338194
1 564.321143 806.739449
1 563.309108 788.919077
1 546.552111 799.804377
1 578.038975 812.878854
1 569.494965 799.816144
1 577.269699 796.321275
2 389.538227 833.879714
2 402.161750 844.896420
2 378.960659 833.429814
2 411.442228 835.670410
2 409.237313 811.380150
2 399.890100 830.041025
2 387.390942 851.011779
2 400.025746 809.960347
2 405.207302 850.738799
2 397.114311 827.173351
2 397.580039 831.068220
2 401.636197 813.259206
2 401.312932 830.117661
2 387.290173 814.781166
2 399.712033 820.898581
2 397.509522 816.278095
2 411.152661 844.794265
2 395.711069 837.208026
2 390.150597 825.066402
2 399.501159 818.059710
2 398.257724 839.003859
2 376.583223 838.678080
2 382.307555 837.874612
2 416.083383 812.282884
2 385.918454 817.639902
2 399.456228 830.895849
2 413.065501 846.807698
2 415.642324 835.764118
2 408.008256 824.890422
2 390.094158 829.951194
2 398.878255 849.165779
2 401.366324 848.649844
2 401.175089 840.522349
2 399.819838 837.191383
2 405.832256 845.406995
2 402.179150 831.091748
2 405.133892 836.167852
2 418.329704 828.496631
2 400.384027 826.575821
2 391.501291 844.196585
2 402.664223 816.254259
2 404.526549 830.470441
2 397.917414 854.296024
2 388.306593 841.258806
2 382.629465 844.753000
2 397.322818 836.256129
1 560.630654 802.660109
1 549.137501 778.407853
1 512.517878 800.145917
2 428.216462 814.866112
1 553.287708 763.745909
2 395.945074 830.289498
2 360.942276 808.021994
1 547.836981 784.038796
1 568.009896 783.519547
2 430.575680 804.236962
1 396.238832 673.483174
2 395.476298 815.545011
1 612.179177 751.724380
1 570.322016 790.438681
1 521.974479 822.959088
1 496.561805 838.289062
1 564.096109 843.672402
1 422.853140 699.378581
1 516.599556 784.904374
2 426.970057 874.233339
1 588.289161 783.414920
2 401.184788 811.970451
1 404.963307 677.335908
1 616.991566 762.828417
1 556.741241 833.740023
1 638.998452 824.667430
1 386.159618 684.555851
1 575.144120 811.141913
1 586.609201 756.307911
1 403.174364 680.281343
1 573.446324 822.153542
1 602.386687 805.633390
1 436.417971 671.389295
1 608.934960 782.545782
1 568.830774 805.912332
1 427.834496 692.821898
1 590.315783 801.762025
1 633.045971 875.737512
1 534.715258 807.311428
1 552.929305 765.207463
2 415.910472 798.907780
2 384.432277 857.106850
1 573.579717 830.355839
1 587.419285 765.668140
1 553.461147 814.922525
1 429.892523 686.108628
2 374.466288 828.255182
1 554.647139 826.949250
1 554.898203 780.351354
1 395.417923 680.341583
1 398.944335 740.754318
1 587.435905 786.956595
1 529.368050 818.341348
1 561.566269 757.895624
2 387.529653 837.804142
2 407.156920 810.726969
1 563.273753 762.017264
1 544.190307 807.781506
2 412.108287 803.606526
1 578.657173 797.729876
1 560.177478 781.003238
1 577.034957 774.045342
1 524.408692 781.047605
2 464.712348 793.185522
1 574.512156 809.877601
2 469.334384 792.248855
2 439.075099 821.765274
2 420.713201 831.222601
1 516.709978 783.373683
2 374.646812 831.056704
2 350.085872 784.621827
1 665.574240 833.241943
2 383.969742 814.206714
1 590.815711 824.139224
1 562.266421 747.928098
1 589.507387 863.293629
1 410.330244 672.281209
1 538.006736 813.736751
1 539.789359 811.124143
1 536.985557 837.638107
1 511.045203 794.521484
1 399.138350 700.066577
2 486.956041 801.996869
2 339.995803 807.467940
2 391.761375 831.235090
1 564.160951 792.243386
1 578.081820 791.563092
1 392.574185 688.946905
1 548.361983 803.559198
2 377.940967 796.852957
1 616.336006 880.738481
2 435.005259 817.470233
2 397.938279 816.374563
1 507.822104 807.120395
2 386.838975 830.482345
1 399.450060 686.375650
1 516.276563 777.979656
1 541.428892 826.501927
1 565.716673 787.045566
2 428.753165 788.540789
2 405.576323 806.183718
1 550.616339 816.799145
1 367.835208 669.512697
1 434.242198 675.608607
2 450.713465 811.779139
1 556.109040 742.020322
1 514.003905 771.942392
2 375.003998 880.947958
1 532.923526 793.108964
1 545.104095 856.263362
1 602.793210 793.713904
1 563.178773 839.517731
1 584.345102 787.760273
1 602.422770 796.451199
1 393.184124 703.526204
1 514.119837 800.328908
1 586.156025 734.651040
1 561.063378 747.907987
1 540.823673 804.783830
1 554.736504 786.682094
1 428.392358 859.784495
1 548.374352 760.366129
1 532.392675 782.175946
1 627.082901 808.991754
1 586.792506 801.094255
1 641.715999 769.850643
2 415.264717 817.755831
1 587.205629 762.341269
2 392.855759 819.856729
1 349.036023 674.308404
1 541.091025 762.906244
1 614.456789 829.442908
1 403.696484 674.491298
1 574.561650 819.958896
1 505.658776 793.401594
1 573.033360 773.876866
1 418.320723 670.513237
1 610.031615 802.868338
1 359.750546 673.285569
1 386.902865 673.187840
1 553.382013 758.172511
2 380.775493 881.195339
2 375.037349 825.175151
1 538.975328 802.638093
1 528.200496 767.847215
1 579.269557 828.472500
1 603.822116 687.954527
1 394.162728 680.423138
1 532.257230 776.369449
2 449.931807 815.854765
1 531.076038 782.401272
1 544.256421 734.505334
1 607.146780 766.931817
1 590.736739 800.817899
1 521.981520 838.504603
2 420.979960 866.375114
2 424.580298 830.638902
1 530.463089 770.752739
1 577.130976 831.595885
1 546.864038 801.972135
1 553.093122 837.755059
2 463.799174 842.745410
1 563.998704 833.065489
2 403.724728 821.555464
1 441.399293 838.572721
1 556.581049 819.243960
1 409.988655 694.586048
2 413.571487 815.118022
1 438.466818 669.334725
1 611.313757 730.066479
1 496.991011 883.115018
1 461.719368 839.203522
1 563.812906 797.121780
1 543.070508 829.131742
2 394.231003 832.663759
2 387.751333 833.808274
1 601.915711 784.799415
1 372.987790 704.788495
2 409.229877 807.147796
1 361.415592 673.831389
1 393.825606 680.408909
1 411.239412 686.735101
2 376.354928 880.590055
1 419.268992 707.448560
1 415.921515 686.224949
1 550.571176 812.094024
1 579.002323 771.047134
1 647.941366 766.608694
1 554.566540 848.609107
2 395.104535 833.423361
1 595.459684 794.398016
1 569.797937 793.422205
1 453.991790 677.753145
1 403.770204 691.503864
2 414.651211 832.189043
1 542.097096 832.074626
2 419.921863 810.248177
2 370.332081 867.046903
1 506.900300 773.846068
2 384.622164 840.687354
1 612.963696 802.735961
2 394.471079 829.844887
2 393.031559 877.433170
1 579.443327 821.431067
1 535.589310 860.338550
2 344.261411 788.432163
1 522.678724 798.706958
2 364.798527 813.307288
1 397.875450 676.981392
1 517.997014 843.700881
1 556.502575 836.005851
1 571.849258 796.970325
2 450.536938 816.956966
1 580.186448 753.583658
2 371.723770 838.772122
1 614.503349 803.640345
1 412.190040 678.434471
1 398.680725 676.750176
2 418.763639 879.971565
2 407.826350 815.853099
1 407.023326 667.526434
1 532.087983 779.835012
2 431.820445 838.079362
1 609.232717 811.423740
2 391.503572 889.489560
1 561.035062 834.832939
1 614.317958 834.754965
2 342.533409 825.973184
2 443.865200 839.518627
1 554.200903 745.932747
1 352.635160 676.639204
1 461.323522 699.498878
2 402.831010 825.620006
1 578.134899 776.748779
1 507.535881 803.369150
1 433.256854 681.017627
2 381.787057 843.350212
1 586.809126 847.998676
2 417.498555 780.172876
2 371.646732 786.734942
1 642.482301 802.743631
2 468.236420 830.919801
2 411.435700 792.621919
2 378.768052 826.604134
1 535.860700 799.880167
2 374.104697 834.944472
1 604.938044 829.025682
1 517.181282 692.396557
2 451.014177 777.000170
1 565.837495 865.479011
2 368.461051 815.876034
1 583.123930 889.428878
2 388.972348 826.508524
1 447.793054 686.461571
1 497.023502 731.856296
1 553.173414 900.094596
2 406.099236 781.939302
1 399.056108 679.863109
1 491.903367 675.685322
2 376.966738 819.128424
1 396.528348 698.019815
1 610.976156 811.390420
1 527.619283 784.720458
2 364.134330 848.309517
1 531.024332 760.092190
1 431.375502 672.410068
1 360.626678 693.630614
1 390.107368 692.437661
2 398.932109 860.065968
1 570.548881 764.475158
1 520.045391 774.084744
2 402.267488 871.341971
2 420.515916 766.959265
1 467.200373 776.390310
1 542.773322 788.803100
1 579.043688 739.528737
2 420.879020 862.621224
1 420.130710 878.553084
1 822.570945 295.209373
1 796.388864 306.657840
1 821.036917 304.551643
1 829.830806 294.046739
1 827.008361 306.982318
1 819.562622 309.232983
1 802.629404 300.577595
1 839.125300 303.166866
1 819.550908 293.675277
1 823.128751 297.453261
1 823.478148 298.508401
1 818.087407 302.558102
1 825.283169 296.602609
1 820.312877 300.045297
1 819.187439 300.062221
1 804.173060 292.202385
1 820.927539 293.228590
1 822.934482 292.983958
1 828.970412 303.746897
1 815.418058 296.885520
1 831.099042 306.238499
1 818.992631 313.060734
1 819.454788 297.964086
1 839.922837 300.968418
1 803.852044 302.353583
1 799.510615 313.051670
1 831.735188 292.686087
1 822.409595 321.539671
1 803.484546 312.865743
1 821.588987 277.873229
1 814.325253 299.945888
1 790.215271 244.564357
1 801.853394 248.807184
1 829.224968 257.687597
1 845.399659 255.583818
1 805.523061 304.193888
1 863.115973 298.108156
1 822.395549 315.785440
1 793.157711 249.897796
1 790.186835 303.957890
1 813.318801 250.944687
1 846.511518 329.034657
1 828.938577 287.481545
1 832.872236 321.657744
1 789.098710 275.031618
1 826.057216 267.443197
1 753.323548 267.239382
1 841.582276 307.518614
1 787.718600 301.396006
1 794.468001 296.481135
1 814.944673 296.196191
1 797.712912 272.706253
1 841.858296 324.572511
1 859.916214 208.905435
1 784.436240 328.001712
1 840.230323 300.569054
1 796.009339 280.081307
1 812.587022 294.816178
1 798.841167 323.286325
1 811.681190 306.834515
1 791.639092 303.348687
1 788.904186 321.653609
1 781.055733 325.396857
1 838.130610 227.084947
1 816.028664 285.720659
1 901.378858 246.264320
1 819.126734 300.112988
1 765.324918 305.469143
1 771.692017 256.307546
1 872.109742 256.151134
1 797.215095 317.956350
1 821.179095 296.637632
1 836.679888 315.622878
1 825.688041 230.465242
1 777.515329 324.180410
1 801.795246 282.469759
1 841.844140 315.919811
1 811.698724 272.434209
1 831.147296 287.890273
1 784.633425 236.595394
1 841.825663 321.966237
1 796.507631 288.033762
1 751.119753 292.009708
1 838.596087 242.124964
1 792.808680 321.843082
1 843.149712 288.014649
1 784.388170 266.692043
1 852.714470 279.018438
1 775.162645 289.810429
1 793.127125 285.428907
1 835.097917 241.309484
1 915.895413 199.585937
1 814.279397 332.876143
1 888.403971 298.139154
1 798.578764 296.435008
1 789.899041 240.463425
1 825.381618 267.245854
1 825.647179 299.659868
1 731.632728 283.258602
1 820.326227 279.995254
1 775.307619 241.279224
1 830.871238 331.705339
1 786.147879 279.849210
1 768.642892 233.444708
1 841.562402 281.290546
1 829.587121 292.961250
1 832.906816 212.525249
1 781.654191 218.348156
1 800.354312 299.918701
1 787.784669 282.025558
1 846.098144 290.454160
1 830.945351 253.220249
1 837.871668 282.932844
1 830.391794 265.049224
1 829.752458 227.246357
1 820.462370 294.024539
1 861.305250 228.352573
1 848.720024 285.468448
1 789.302620 263.749380
2 840.676232 608.621616
2 854.026035 648.220403
2 839.991632 615.530566
2 853.077069 632.163393
2 838.369887 634.561641
2 866.584727 624.813974
2 852.416090 642.763955
2 837.016986 614.694498
2 840.738615 643.357703
2 843.478089 641.697435
2 863.400528 639.149061
2 859.753973 642.335668
2 837.233535 635.162835
2 853.881323 619.546542
2 850.632442 625.157595
2 853.359522 611.015333
2 858.067359 619.559308
2 857.351504 643.163369
2 850.318600 639.521488
2 835.521914 631.914579
2 831.556330 614.604932
2 850.077215 631.957816
2 856.027421 643.177058
2 852.373098 634.690302
2 851.245743 630.290808
2 836.293860 616.051164
2 837.884820 636.400251
2 853.265255 626.674026
2 848.812040 628.612968
2 850.192135 635.737483
2 854.054095 633.278565
2 849.995893 630.763458
2 846.559716 642.299393
2 834.979246 636.262926
2 846.730506 607.687930
2 856.436795 633.342058
2 842.090755 638.151091
2 850.444308 630.218780
2 850.868218 630.077384
2 841.498960 633.550477
2 831.691895 631.432495
1 847.839851 337.534286
1 825.773193 342.720882
1 841.092871 345.300044
1 776.021907 344.145805
1 797.445038 401.017957
1 849.810238 362.575896
2 854.031111 677.248966
