1 199.269705 173.437265
1 210.114308 186.948301
1 205.196307 190.114481
1 201.889364 166.244283
1 200.028815 178.904122
1 212.278736 161.253949
1 212.483211 172.490510
1 195.050289 171.076614
1 179.145205 192.423152
1 208.432975 176.476157
1 190.286978 163.249754
1 191.860712 185.192797
1 199.578806 182.418145
1 186.174945 200.079040
1 180.475691 186.882647
1 204.553109 188.063940
1 220.977149 175.115079
1 196.939850 198.505773
1 199.999612 180.015226
1 196.346362 175.409721
1 193.785615 175.874331
1 201.650211 166.035300
1 182.203108 183.478241
1 198.891638 173.225857
1 180.544847 186.930235
1 180.106523 173.681083
1 212.387992 187.255458
1 212.946587 178.048028
1 209.544623 167.571960
1 181.902077 174.280506
1 205.334414 178.161422
1 212.620355 185.058393
1 188.913952 189.585743
1 204.101071 172.079548
1 179.717881 187.837870
1 207.066242 193.777773
1 214.856571 170.711981
1 202.955266 172.699582
1 184.258736 186.863044
1 194.252804 187.623283
1 201.516642 175.161366
1 221.555916 184.444234
1 209.057956 178.535843
2 147.719864 139.178096
2 293.914801 136.273860
2 171.706898 110.554810
2 245.197685 60.614106
2 123.511157 300.565481
2 304.332227 62.381701
2 240.868928 171.431778
2 238.095347 173.144910
2 6.988644 146.061295
2 317.447416 179.969107
2 225.903249 289.597707
2 18.138077 109.929903
2 129.998060 280.385958
2 198.110545 10.437739
2 246.814734 268.601933
2 265.037625 240.178044
2 114.672760 10.294318
2 140.521718 239.398896
2 24.569977 251.627972
2 87.105782 18.602916
2 181.067250 83.387411
1 171.164166 151.159088
1 176.074263 147.985430
1 223.370070 222.196906
1 206.966354 115.271513
2 332.219315 41.128002
1 217.226861 219.279229
2 248.849756 282.573446
1 199.719105 103.578846
2 318.179065 125.014434
1 244.411560 174.081264
1 212.625998 210.802961
1 123.341203 159.111067
1 218.886748 170.832408
1 236.041235 177.262877
1 192.681774 172.247825
1 207.872880 156.850459
1 152.208903 157.996674
1 107.225117 177.662906
1 194.646087 245.881521
1 232.090870 160.920856
1 241.246274 179.462353
1 213.844296 241.750792
1 183.026173 170.734247
1 229.069240 176.622080
1 202.661061 190.757003
1 209.952785 177.795320
2 238.103249 151.356398
1 229.319404 220.756707
1 245.586481 170.088683
1 164.350732 174.335194
1 241.480388 223.330523
1 175.684818 215.667994
1 212.619591 193.895441
1 216.750579 201.809816
1 263.294005 202.647973
1 243.194673 230.727608
1 266.888989 202.477395
1 212.435413 126.403960
1 167.035982 161.509531
1 187.019802 174.222523
1 230.561185 230.634434
2 265.614644 318.008148
1 124.892509 167.582234
1 179.667340 159.810195
1 139.178484 164.984436
1 238.209980 208.307927
2 223.619377 57.749838
1 206.239947 207.640296
2 266.216157 256.188868
1 182.474328 173.162051
1 227.274461 126.817019
1 204.856637 125.398557
1 65.842597 161.978012
1 237.802173 221.769850
1 280.317194 222.877015
1 246.796613 225.271344
1 216.665330 145.573534
1 246.283211 187.556361
1 191.464101 195.338250
1 256.902835 219.625302
1 214.035571 151.151987
2 127.128921 207.721415
1 205.258076 225.327601
1 231.551289 213.393407
1 141.013641 162.762443
1 100.523828 133.870640
1 169.468349 183.419627
1 182.702244 148.341417
2 203.450068 75.875143
1 204.666339 236.187360
1 161.779682 185.154559
1 216.326616 127.841241
2 255.845874 239.173741
2 227.499453 285.790129
2 257.095835 153.795237
1 242.942240 213.975555
1 192.761884 178.846418
1 211.018831 196.407212
1 236.083041 195.917809
1 125.824024 156.283661
1 193.044657 195.918168
1 277.208197 215.981542
1 255.989072 218.798820
1 224.856738 216.325538
2 227.452615 31.826991
2 262.243976 292.119266
2 221.778467 325.333782
1 148.060870 215.584400
1 216.416016 198.667833
2 234.932769 85.999305
1 237.082384 140.428876
1 223.891896 149.288582
1 214.938474 171.107058
1 248.243406 179.011497
1 209.328948 243.877062
2 96.693059 9.853004
1 151.831321 149.956741
1 237.154287 219.948225
2 113.957284 239.212409
2 279.650088 138.671775
1 236.381239 253.903714
1 271.910103 196.592606
1 308.844876 174.820053
1 248.470098 195.743549
1 160.015620 240.739750
2 204.185312 229.249767
1 270.059584 220.925977
1 203.027614 164.039789
1 135.754446 261.906012
1 223.125697 198.009675
1 169.980197 155.259041
2 108.487269 332.726362
2 235.133592 150.458762
1 237.411673 195.411877
1 179.847615 173.943981
1 208.446323 232.507280
2 271.063345 248.216536
1 115.226993 194.951937
1 284.037250 176.661557
1 203.226078 182.087716
1 206.856437 181.583267
1 249.606438 167.285424
1 230.229455 215.382962
1 192.801430 130.805318
1 239.370671 233.457567
2 249.159714 149.902914
1 150.081581 179.653355
1 185.155472 201.249113
1 203.979077 134.764884
2 145.720685 302.021737
1 238.926759 241.895993
1 216.482317 199.088036
1 252.657042 137.602282
1 201.299312 174.702430
2 114.507679 239.016497
1 81.714963 164.772894
2 260.035081 175.053874
1 228.658890 187.117421
1 143.485399 166.188818
1 240.429239 267.464843
1 233.692442 180.272691
1 169.238166 187.897186
2 240.452429 83.151486
1 244.823983 233.120749
1 200.953499 103.686653
2 237.117271 144.844919
1 252.114355 184.185076
2 99.757990 209.661115
1 235.577600 217.901552
1 208.566988 186.638988
1 242.975561 189.428363
1 204.282583 166.444184
1 166.715018 185.115109
1 219.065035 137.590007
1 262.696728 241.997051
2 171.244360 543.570455
2 20.994490 632.140718
2 215.846863 380.439899
2 197.668517 576.454287
2 142.015951 484.013842
2 162.585077 510.800457
2 28.754951 434.886062
2 258.849622 571.780342
2 28.433730 395.907137
2 285.577834 399.682199
2 243.642724 359.433039
2 206.003233 444.655875
2 73.254313 598.941207
2 134.954239 645.637362
2 99.191083 646.504344
2 207.408084 475.388057
2 90.819877 342.807035
2 224.665275 662.307691
2 260.059664 604.710010
2 156.151943 594.092560
2 117.376160 600.876547
2 199.665299 664.375729
1 145.030728 772.537774
1 157.487720 793.321122
1 126.746203 786.033927
1 143.108860 781.374177
1 154.390032 786.035741
1 152.529190 780.121808
1 145.163527 789.729331
1 147.016255 764.763246
1 149.145823 789.074265
1 164.059055 789.500816
1 129.883861 767.236260
1 162.035259 791.309183
1 143.341848 761.361544
1 157.305392 776.514772
1 148.994945 781.462857
1 139.319658 769.947154
1 139.669431 765.674780
1 148.445724 798.992661
1 161.454364 774.691989
1 147.551750 782.847987
1 146.637271 794.320656
1 144.572743 765.796607
1 165.210033 792.478869
1 138.434013 794.852440
1 137.038868 779.913534
1 148.886593 775.785309
1 154.683136 787.143884
1 151.684056 759.675614
1 141.519321 797.625571
1 172.323697 786.749599
1 143.634279 768.792677
1 171.706840 790.920699
1 150.302771 764.452877
1 154.831874 780.177508
1 165.169143 762.646692
1 139.070384 777.583477
1 164.121171 782.791520
1 131.403224 778.324781
1 147.781349 780.633312
1 142.264031 791.512781
1 156.685346 781.153872
1 168.558070 768.279076
2 45.445622 846.788738
2 278.842459 682.923933
2 144.085517 872.816056
2 179.601668 815.345060
2 235.255087 804.442660
2 25.964187 815.865713
2 66.431093 926.363874
2 304.534268 779.614386
2 226.630879 780.766078
2 168.179667 893.592700
2 155.089063 886.894080
2 95.990597 827.499648
2 100.781039 780.964956
2 251.927141 815.949635
2 109.632884 844.386862
2 186.317673 845.551338
2 132.847880 719.890740
2 251.392151 680.540094
2 92.891069 894.358573
2 78.445487 880.182434
2 292.569065 875.351900
1 148.682674 781.545124
1 99.979965 795.295156
1 142.793229 810.904412
1 108.564521 764.587295
2 225.699049 814.123764
2 199.740469 818.674417
1 108.819268 817.966501
2 98.610783 784.519805
2 173.050670 797.092446
2 264.007776 880.554083
1 174.560307 796.219059
1 201.469338 815.671360
1 159.849026 800.442394
1 202.249356 791.383955
2 13.119261 838.899280
2 140.563171 913.983676
1 125.004766 761.358071
1 178.138036 787.402255
1 156.896348 792.390468
1 137.828279 776.568248
1 195.698780 771.719735
1 141.872052 794.669700
2 227.612868 805.380695
1 158.121857 827.962351
1 133.888670 766.274783
2 111.672604 711.018526
2 74.302880 703.819981
1 172.356828 802.721393
1 137.223642 824.625739
1 183.866327 797.014572
2 311.405661 810.710259
2 221.663993 785.716800
2 106.081045 741.467191
2 191.816058 850.386500
2 180.771234 816.729605
2 284.649677 902.032981
1 136.469607 797.401048
1 151.560161 758.286508
2 241.067866 810.979961
2 271.714356 806.361501
2 308.411152 769.266564
1 146.707554 766.487745
1 144.449643 768.649841
1 125.994648 750.589176
1 175.036277 770.854613
2 79.100645 913.977880
1 182.443712 747.713755
1 169.548507 779.265342
1 127.778039 804.239871
2 87.498101 760.778293
1 145.651189 813.384290
1 224.280912 715.808897
1 170.244134 746.847059
2 79.971474 709.152112
1 154.211388 748.846925
1 125.198726 778.562156
2 328.299666 751.876050
2 185.740424 829.794941
2 220.157713 819.810894
1 149.736121 746.812351
1 137.687057 792.794598
1 175.425858 807.255772
1 96.226673 745.221293
2 144.284882 668.094618
1 183.123589 816.612974
1 164.014839 723.511562
2 131.297730 834.960772
2 105.806882 778.000996
1 124.834009 708.933069
1 196.700523 756.054373
1 155.360069 767.713500
1 91.616763 732.708238
1 99.553650 728.637683
1 163.701009 773.092714
2 109.123286 716.860675
2 259.161414 791.838980
2 185.494176 811.589402
2 108.804956 921.060008
1 120.256894 771.367914
1 167.185381 855.029789
1 149.258446 886.962363
1 159.109177 786.503100
1 157.343639 803.734242
1 212.384444 803.734453
2 199.348529 860.805282
2 322.109977 819.340733
1 182.618821 746.520097
1 127.751679 810.596028
1 125.004766 761.358071
1 139.134297 772.168426
1 179.272459 832.438619
1 167.934626 787.055143
2 232.825485 856.024900
1 179.586421 794.604095
2 257.762845 773.280130
2 99.513928 746.490756
1 155.204377 857.612856
1 189.789194 778.855018
1 128.480094 738.539178
2 81.735181 994.825639
2 94.548530 848.790924
1 136.119936 808.486728
2 323.785386 819.077718
1 168.248603 791.892788
1 99.510698 733.959269
1 128.070532 850.690360
1 121.701705 771.570585
2 318.687467 782.957860
1 138.358414 794.315519
2 262.784877 822.481249
1 153.065231 783.687775
2 185.390624 787.813425
1 129.341202 781.135217
2 110.047785 732.723683
1 174.805745 770.673768
2 117.606056 717.873817
2 211.276958 818.523645
2 191.343516 842.587378
1 148.786354 803.260068
2 206.894404 754.623767
1 156.234788 780.681962
1 140.150229 795.593623
1 153.950303 759.822273
2 287.900749 784.808292
2 313.973822 780.734541
1 170.114833 757.011984
1 89.238406 752.378089
1 195.053531 784.522789
2 222.000513 740.471341
2 205.552910 765.018784
1 168.416800 754.228843
1 169.095132 804.524276
2 185.284897 759.758434
1 118.456596 785.601708
1 181.010821 748.374190
1 148.126538 780.112059
2 88.237320 842.510069
2 214.729760 819.689682
1 165.219243 752.432189
2 605.066590 47.788371
2 589.443399 329.344407
2 581.120796 112.089809
2 665.653347 275.935088
2 363.834378 164.526498
2 647.042743 256.695106
2 527.996854 292.824059
2 666.366008 82.483431
2 649.420891 250.178670
2 429.921659 60.700783
2 442.269964 137.611678
2 578.546029 74.844074
2 463.885595 159.578450
2 340.834231 314.390766
2 608.180601 176.614387
2 581.659812 104.667085
2 584.759719 8.514276
2 406.604858 243.912258
2 393.617551 91.206526
2 530.761359 200.478255
2 390.672135 228.799509
2 623.500289 78.874461
2 371.782737 51.913341
2 334.950622 271.238755
2 444.498006 305.325461
2 571.288115 214.680961
2 459.060437 293.612571
2 664.335395 137.190452
2 569.310680 47.354946
2 390.631494 106.752364
2 469.544671 140.599729
2 645.753046 213.785219
1 382.260213 656.654334
1 400.060358 664.114563
1 405.111228 654.743552
1 414.979481 651.653271
1 405.143784 645.741016
1 397.298582 643.386521
1 399.545928 650.646476
1 408.363581 655.378863
1 407.056579 652.214464
1 387.102474 631.882672
1 385.087245 644.224714
1 412.893603 637.657770
1 405.531501 633.996536
1 408.893194 651.784645
1 398.156383 646.538719
1 400.441090 649.314884
1 397.339133 647.323642
1 399.327124 649.262928
1 400.506485 650.383943
1 395.364842 649.921690
1 398.053061 653.189044
1 394.188539 646.559336
1 397.250624 649.699913
1 406.456430 640.285232
1 380.873523 652.353149
1 397.868197 650.876934
1 400.504314 653.885126
1 422.983944 640.758248
1 380.384746 651.717041
1 392.518443 649.812297
1 411.925322 644.440037
1 394.418308 649.889421
1 406.652711 633.066539
1 394.377634 647.022654
1 394.835188 662.032331
1 395.472651 631.200161
1 402.283887 655.352194
1 414.147286 642.437744
1 412.439738 656.811921
1 393.106662 639.004447
1 411.733015 641.469493
2 455.653924 403.258451
2 363.487086 575.203866
2 407.654692 539.267475
2 422.263068 585.874800
2 545.309700 599.809725
2 409.899350 583.813836
2 569.053141 516.305782
2 472.503920 468.156992
2 638.136057 382.283967
2 514.384405 514.909617
2 421.769390 657.734760
2 567.767176 623.068481
2 414.301767 487.742486
2 515.624875 369.475080
2 379.458646 395.931238
2 603.739266 638.164720
2 501.170248 578.989438
2 493.003781 406.135317
2 439.302773 543.991638
2 622.657885 589.764738
2 418.523773 349.099599
2 651.343269 665.120359
2 356.809001 521.837604
1 411.430865 637.537285
2 413.695548 608.285459
1 430.065100 651.313053
1 393.237271 632.642304
1 384.982474 632.600596
1 423.097659 652.213416
1 434.498109 589.179157
1 419.212081 630.365050
2 448.345816 584.182314
1 418.337025 663.911134
2 415.096438 641.941322
1 378.153515 596.946751
2 410.913919 484.594645
2 398.274991 578.601738
1 368.733397 628.335889
1 426.630101 613.383004
1 397.013803 641.042968
1 431.398408 664.178675
1 426.977007 608.858614
1 414.016328 615.208244
2 426.036656 590.311068
2 452.210562 635.974971
2 370.379023 474.170969
1 419.791032 629.953321
2 588.215398 611.563267
1 465.087469 628.072007
1 418.664614 617.445418
1 444.273440 664.402410
2 416.798767 564.960789
1 428.265920 647.317625
1 379.621334 640.111036
1 367.443231 620.936611
1 414.777739 646.258653
1 443.992595 647.898829
1 379.860381 643.514386
2 378.845585 611.522303
2 482.830516 535.461258
2 454.079050 663.799526
1 353.448846 637.423788
2 614.957420 664.640376
2 376.472038 574.945792
1 434.272552 619.150114
2 649.270916 614.567994
2 498.293232 625.138586
1 415.636315 604.643639
1 370.206602 655.951533
1 389.976549 637.355462
2 388.608164 616.083521
2 633.745637 648.310614
1 356.400900 663.911616
1 431.591756 590.022604
1 394.903506 626.603540
1 434.941930 639.732019
1 349.662899 613.908276
2 383.748557 592.430757
2 593.883978 649.445748
1 366.941164 618.742252
2 338.450027 594.893361
1 357.798094 630.923830
1 459.243806 620.291293
2 454.689938 580.571001
1 391.006040 577.872014
2 504.327366 660.047638
1 387.680057 661.094980
1 378.080663 629.474058
1 422.671047 611.458215
1 344.198647 653.392124
2 412.316212 662.647999
1 455.055228 655.673995
1 407.156217 638.935371
1 433.896779 624.548408
1 409.006177 654.810216
1 382.356802 647.371494
1 428.767874 660.695921
1 394.307764 648.732122
2 522.305605 517.736649
2 448.671676 643.220275
1 398.513212 608.693163
2 456.778771 540.855087
1 355.732159 611.162539
1 441.241808 649.474043
2 440.487124 489.517289
1 371.314872 620.355178
1 410.641664 648.185275
1 411.957659 574.067133
1 483.473810 654.818427
1 385.955009 613.070215
2 364.878947 624.445543
1 376.180985 548.831020
2 492.225739 610.875472
1 404.575532 660.458059
1 440.711398 568.950749
2 405.330245 463.785881
1 432.308258 659.858970
1 437.006536 641.420431
2 388.977096 590.079680
2 581.298788 652.252661
1 388.585280 653.699480
1 416.473310 615.572941
1 412.179331 649.118904
2 373.922540 592.774758
1 411.668134 668.368042
1 592.269184 788.914880
1 591.487549 810.596792
1 569.833038 799.846903
1 562.838830 823.133327
1 581.619194 791.499844
1 562.109298 801.404777
1 569.393378 799.362321
1 550.314057 812.352350
1 585.959880 788.115219
1 564.241788 810.020203
1 569.629502 802.786922
1 577.599504 805.651019
1 553.192257 793.616418
1 549.161840 788.600295
1 576.378288 808.759825
1 569.200985 800.474026
1 576.727973 810.336564
1 553.858209 800.021254
1 559.810518 804.961297
1 548.627846 793.185977
1 571.998115 799.433039
1 566.964520 801.578735
1 574.470780 783.193272
1 572.089694 783.789241
1 576.423917 815.735739
1 592.906930 809.881322
1 592.085861 806.001343
1 575.887485 815.058752
1 574.647485 814.706093
1 562.839817 799.521881
1 565.419632 797.485520
1 582.643007 781.605743
1 586.486928 795.935543
1 569.199946 795.767835
1 580.683493 819.967901
1 571.582199 797.383136
1 590.387599 797.733528
1 577.335586 808.401524
1 580.041311 806.092403
1 567.753650 797.303679
1 570.353356 805.491408
2 601.527925 716.441812
2 443.770658 934.503837
2 373.322691 854.021838
2 574.700117 858.400583
2 610.104511 840.210379
2 642.694306 910.732831
2 659.645040 947.878012
2 526.803464 864.987154
2 486.398273 802.952947
2 349.544459 746.803773
2 381.538185 894.107693
2 339.589366 723.918474
2 412.598899 810.795338
2 408.423329 772.895511
2 650.792042 795.792364
2 520.087113 997.883590
2 496.779949 667.697406
2 447.291469 719.800295
2 646.125732 813.346760
2 473.722511 702.352219
2 572.124382 759.782192
2 542.324607 680.102779
2 524.971951 840.720524
2 430.984447 864.594218
2 583.814646 844.751735
2 616.138961 886.174952
2 611.617061 989.852262
1 545.020267 748.608496
1 579.908211 794.785025
2 556.958752 709.851762
1 589.808127 804.908875
1 552.072639 806.058930
1 338.043233 667.168557
2 588.287508 795.408364
2 613.779417 784.217626
1 574.626897 796.508712
1 567.334019 832.659364
1 547.067865 817.992521
2 355.213617 736.496329
2 464.358583 686.055021
2 644.024232 752.169201
1 546.375524 780.121793
1 535.927283 808.056971
1 556.246259 789.387929
2 565.933067 688.369130
1 612.518323 799.336991
2 357.049992 753.424067
2 617.880202 814.814942
1 422.273475 692.074740
1 582.439495 826.372131
1 571.789205 802.370435
2 368.362178 749.614865
1 603.911206 792.958117
2 621.374026 764.776656
1 555.813301 754.548489
2 558.403766 684.430775
1 580.261982 796.992003
2 555.359319 887.590001
2 398.618446 758.725392
1 548.955748 875.604317
1 581.184498 789.456238
1 581.504905 846.183558
1 525.893995 807.384485
2 555.757105 740.084555
1 563.847527 825.264914
2 634.914170 798.856398
2 606.312250 768.475610
2 521.118886 815.868328
1 552.095275 807.765733
1 590.391008 820.834246
2 405.172428 773.899387
2 441.112565 809.065803
2 548.894340 719.398749
1 557.568293 782.105178
1 569.106085 833.710899
1 391.178780 672.444613
1 571.630624 815.978925
2 650.785786 879.257120
1 567.353479 852.260983
1 549.780350 830.539787
1 398.518585 671.189867
1 598.403807 772.752981
1 586.392581 825.632500
2 472.764730 718.442251
2 362.607872 757.368190
2 505.678803 907.878924
2 440.763543 712.288319
2 468.086199 700.166885
1 526.125093 760.915182
2 651.640545 757.462366
2 477.278148 743.009595
1 541.369199 795.408614
1 377.479087 699.262211
1 581.939275 754.389819
1 563.503237 810.902412
1 556.312345 895.564288
1 553.576936 882.151401
1 595.772909 773.876650
2 651.572578 872.687951
1 610.768634 766.937782
1 412.406631 669.508183
2 469.615114 698.255663
1 563.633207 789.713183
1 575.000536 798.015743
2 404.144716 720.736398
2 660.701669 828.505484
1 615.730265 770.415031
2 438.405150 692.502532
2 517.532770 690.259530
1 560.754037 775.586979
1 624.379890 783.310522
1 581.040364 817.462955
2 470.760463 879.437715
2 644.718869 734.994296
1 603.491410 821.110280
1 598.240647 856.479312
1 427.915833 679.974465
2 599.503291 727.977843
1 651.920719 794.337589
2 548.543978 851.973147
1 552.693409 810.509649
2 619.651720 768.100352
2 588.509064 698.503778
1 605.807285 791.414076
2 385.285865 770.823416
1 398.977119 685.469684
1 536.547098 843.284461
1 442.018707 713.259197
2 460.547708 736.800615
2 656.664372 936.467833
1 563.493556 793.330160
1 579.691577 735.918510
1 566.000818 818.653044
1 619.984512 792.852697
2 613.008904 883.899666
1 517.109837 806.657021
1 409.930444 668.424123
1 456.889880 711.994298
1 532.556149 809.714642
2 631.532667 703.640302
1 623.800418 790.485869
2 550.306390 828.934995
1 464.501447 668.509527
2 478.286395 779.570916
2 348.423273 754.467596
2 484.026917 748.193664
1 414.419648 676.031157
1 571.901750 745.549077
2 546.268269 728.682804
2 558.797044 840.908416
1 548.232138 819.045757
1 430.031899 671.237371
2 626.241143 723.846316
1 588.976508 801.122276
1 536.862689 760.704332
2 359.865208 707.227048
1 422.605622 670.398179
1 552.815675 813.102450
2 575.571385 741.745469
1 474.496275 667.168299
2 509.370930 850.286678
2 441.722341 694.443553
2 450.365842 704.361421
2 551.322971 698.060124
1 577.098764 762.495596
2 627.263050 765.331189
2 406.601251 885.907865
2 585.338746 882.855750
1 578.920559 827.712380
1 563.422438 772.718083
2 511.206135 841.943124
1 523.244324 792.961918
2 515.604888 723.699696
1 559.287053 821.870397
2 335.269802 695.359479
2 618.174606 753.114360
1 570.784465 799.200919
1 560.197727 823.435640
1 398.518585 671.189867
1 566.461858 770.672952
1 603.040329 789.790625
1 602.280781 791.428227
1 517.975265 797.072672
1 583.661753 834.802307
1 576.213350 824.884061
2 382.810590 761.384963
1 552.449285 837.386100
2 426.187923 774.734018
1 602.127235 805.355843
2 664.066430 863.594410
1 574.681533 772.172755
1 579.802908 719.804399
2 370.618982 901.411604
2 409.047624 808.140152
1 591.003631 842.113133
1 613.321306 791.260233
2 392.975800 827.177340
2 503.192378 735.481383
2 608.603077 751.620944
2 495.299922 819.889865
1 396.233365 707.890025
1 617.140218 791.801940
2 598.416849 855.604461
2 549.350394 694.846667
2 635.271041 796.351452
1 404.856720 672.197809
1 568.123708 851.592484
2 607.323788 731.687531
1 644.770883 769.465936
2 335.173409 761.880160
1 422.899708 698.947746
2 631.621507 808.086683
1 590.410110 797.487776
2 445.683714 898.084282
1 564.221922 821.886241
2 405.276866 804.764279
2 438.630011 702.640196
1 602.349962 736.471058
1 569.218497 841.194531
1 378.427871 668.114948
1 629.689903 813.645658
2 359.848212 738.334335
2 584.553577 926.737932
2 586.908022 695.987484
1 621.492112 806.156967
1 392.306608 672.143078
1 574.054458 779.942580
2 424.230426 814.805312
2 393.036312 754.446400
1 628.874742 750.037834
2 522.361466 788.949063
2 616.863599 816.112537
1 442.399273 678.776294
1 460.426923 721.435187
2 367.336606 781.102076
2 576.365297 769.042986
2 598.461457 747.519554
1 618.549015 807.880380
2 550.675638 894.993001
1 543.051285 783.579271
2 661.865934 835.173167
1 591.155911 798.299530
1 556.443898 854.422589
2 514.966419 855.684464
2 464.267756 700.679636
2 606.627978 784.841495
1 825.323420 313.131564
1 812.226200 290.236725
1 830.429414 297.607845
1 824.995430 303.209579
1 814.043604 287.613507
1 833.030645 316.684872
1 831.667684 295.476292
1 834.044190 283.999700
1 827.473053 308.571495
1 819.691371 300.488439
1 820.776003 303.481807
1 835.591285 300.783414
1 820.155986 304.158386
1 822.841290 275.549347
1 826.779512 299.570688
1 802.061386 300.942897
1 830.789986 321.305360
1 821.461269 298.275657
1 837.939457 290.559085
1 809.734327 290.916042
1 827.960425 295.295719
1 822.190965 301.146311
1 824.871657 302.618242
1 818.187449 299.010597
1 822.031434 305.360813
1 822.383471 302.747937
1 820.658663 284.509079
1 817.915434 307.558264
1 838.150705 307.822859
1 817.894563 302.926957
1 833.266366 306.872088
1 825.397005 287.726416
1 824.072163 310.451970
1 820.862003 300.408726
1 818.762404 303.936763
1 812.497967 279.106009
1 832.419664 315.356267
1 820.978513 300.690964
1 797.302606 305.825083
1 843.686914 295.652230
1 836.313379 292.914827
2 666.798979 177.648918
2 722.194114 196.170142
2 799.967573 112.965367
2 893.464066 245.978228
2 755.215109 262.818065
2 967.740334 176.295514
2 847.526756 47.555112
2 919.808063 177.226763
2 777.515608 169.121337
2 763.118143 314.693327
2 830.285743 135.188482
2 995.768737 265.352777
2 801.264136 178.192910
2 675.563414 185.947463
2 900.574006 251.836751
2 844.330495 166.834008
2 792.672124 105.940476
2 786.455709 275.805450
2 909.989381 231.012482
2 721.232896 113.150164
2 850.339335 302.945682
2 923.431828 272.093459
2 921.373790 74.377634
2 809.899771 309.508034
2 700.217118 149.705557
2 923.879637 114.424918
2 799.230402 268.265659
2 725.838965 321.164163
2 826.266588 220.737925
2 746.763665 98.818846
2 998.183651 278.084384
2 992.212422 18.595498
2 747.794707 283.159653
2 743.638688 290.934731
1 882.311978 285.509678
1 824.840362 291.934872
1 908.428781 311.886946
2 806.589096 95.593353
1 793.052364 272.939893
2 894.373531 102.455431
1 838.015085 294.216822
1 823.261506 316.730372
1 843.148095 276.788928
2 680.960758 182.573247
1 812.458968 290.138228
1 810.556030 290.553157
1 821.547999 237.518517
1 824.591186 288.362043
1 786.109147 276.089269
2 699.750155 170.481808
2 832.774344 265.357331
1 834.632004 297.482105
1 826.606720 330.822894
1 826.096261 206.090104
1 864.120767 264.978512
1 802.628477 245.728898
1 827.173869 300.655901
2 773.070294 291.872658
1 795.583699 290.503991
1 816.446897 298.928740
1 795.691779 280.657222
1 834.933385 308.601488
1 837.814118 277.109431
1 820.136042 299.851568
1 829.508541 325.244851
2 857.141243 158.407518
1 844.606045 317.268296
1 855.971024 301.852230
1 847.818347 277.006502
1 826.479741 319.836135
1 753.392240 299.504633
1 841.049650 265.113454
1 838.356944 281.508219
1 815.457078 246.935718
1 840.455779 269.287195
1 842.482390 290.979291
1 848.608444 292.058406
1 814.848654 293.852226
2 804.160492 244.948181
1 793.128002 301.995559
1 823.780736 275.729639
2 687.481806 233.564608
2 860.887505 263.166124
2 724.218552 85.784998
2 875.400138 260.917344
1 835.047398 263.850790
2 819.635810 306.858384
2 768.945534 328.945471
1 792.485842 297.287216
1 801.437029 283.905448
1 773.831714 253.609368
2 778.450995 245.031738
1 808.845750 294.443708
1 843.882071 279.254550
2 785.240884 312.088860
1 809.196276 288.089565
2 695.017039 125.690201
1 818.647233 257.858470
1 749.708398 269.759687
1 801.932511 267.811724
1 823.818371 288.271850
1 806.037706 253.555310
2 796.221628 201.343579
1 881.975391 254.796250
1 834.788630 313.659817
1 806.506568 315.377223
1 818.785743 251.384162
2 824.696329 307.133797
1 803.524447 286.654157
1 828.701949 295.455217
1 835.952973 273.667367
2 814.980962 213.027804
1 723.565609 223.508827
2 760.960092 289.804200
2 817.840957 298.105214
1 872.207235 297.151720
1 819.676405 308.457350
2 850.885589 264.775970
2 867.851907 259.668292
2 795.571226 284.195547
2 757.783594 230.033985
1 807.344148 244.188754
1 825.961417 300.200554
2 903.651716 251.193564
1 829.640282 331.362249
2 861.708917 289.381781
1 838.658394 281.951471
2 720.477474 245.867442
1 855.170540 286.817174
1 798.378402 324.693551
1 828.815000 316.244044
2 844.785268 272.513043
1 812.099412 303.148601
1 823.816799 298.126641
2 847.561903 141.514338
1 818.676807 304.332117
2 824.368381 285.391877
1 844.251641 281.657802
1 839.248971 332.808989
1 832.020306 199.755786
1 863.025414 275.916669
2 762.574544 274.740038
1 791.516247 298.390172
2 873.329091 292.287598
1 866.586523 260.558689
1 887.450512 215.708826
1 843.686657 225.986188
1 796.584167 270.583565
1 833.370347 304.382482
2 891.546223 231.418079
2 787.933771 281.371919
1 847.724254 269.511344
2 847.549627 262.221939
1 808.523757 275.585501
1 779.027693 262.819781
1 836.355444 227.628369
2 850.692697 325.022010
2 965.552662 332.545438
2 806.402440 236.931708
1 804.369570 269.753628
2 842.200281 283.595755
2 932.418937 324.809875
1 842.954204 215.524999
2 938.349397 274.674730
2 881.549404 239.669805
1 848.189992 219.174957
1 823.235954 260.716017
1 798.423557 278.084877
1 845.134556 286.557904
2 828.200014 188.138561
1 807.319260 258.929881
1 805.895995 216.176133
2 903.491022 262.921001
1 803.477937 288.075938
1 865.724814 193.230459
1 827.454127 291.938955
2 825.190596 312.991085
1 800.280733 306.231410
1 835.930921 300.498974
1 847.110552 240.523523
1 823.740655 305.988063
1 846.906293 251.783996
2 937.273335 326.317040
2 853.461554 617.476469
2 898.600168 540.882315
2 677.775509 342.930127
2 750.100477 352.702020
2 910.013623 458.782088
2 968.121624 355.378469
2 909.437058 404.824141
2 921.326964 580.380160
2 857.254788 594.139169
2 958.985674 356.512416
2 952.169677 569.099599
2 813.839232 641.817628
2 864.808386 501.433124
2 922.861860 409.129112
2 921.044725 367.612915
2 710.275476 501.749901
2 821.702857 505.467745
2 923.699222 340.109950
2 857.317670 417.800218
2 907.581391 403.362327
1 810.109434 340.787063
2 758.235672 369.717573
1 854.819351 348.382816
2 761.680749 342.683895
1 849.375085 359.773946
1 817.862484 341.410114
1 807.845442 346.875708
1 816.403826 368.551059
2 688.459244 342.825658
1 799.505826 373.832609
1 819.533185 339.120183
2 719.149912 340.361995
2 751.206888 336.439847
1 811.131430 339.510986
2 921.112515 393.194689
2 736.475599 552.855801
1 859.430141 364.929890
2 875.957841 416.198668
2 830.248787 407.217907
2 864.837094 356.491188
2 992.260262 382.573083
2 994.419291 343.025415
2 865.678308 393.943173
1 833.201537 370.820347
2 941.376089 349.038763
1 870.810907 418.099992
2 727.214187 400.929401
1 769.706708 349.199788
1 828.591625 351.500523
2 914.332384 423.208878
2 797.387910 367.594924
2 912.025915 382.470908
1 899.254806 427.206501
2 875.054049 371.601451
2 817.317326 740.240759
2 728.193996 675.485181
2 737.304823 749.460525
2 676.107195 838.903866
2 836.032604 668.933878
2 977.535892 947.458170
2 922.795936 866.236940
2 906.207141 929.633314
2 970.266889 912.324051
2 841.109441 723.509132
2 975.466924 771.741003
2 981.902447 834.698518
2 864.426634 915.553717
2 960.869334 752.871921
2 761.362816 885.111847
2 693.274694 781.004788
2 741.835712 871.078402
2 780.253001 708.401185
2 806.801612 766.132397
2 677.334889 817.724354
2 681.259995 750.011553
2 693.588877 831.359329
2 780.221706 697.717815
2 684.086186 783.284950
2 976.694618 750.561491
2 687.459687 746.364195
1 678.046692 794.178919
2 697.687539 714.163943
2 965.009849 761.488228
