1 199.269705 173.437265
1 210.114308 186.948301
1 205.196307 190.114481
1 201.889364 166.244283
1 200.028815 178.904122
1 188.380839 167.329228
1 212.278736 161.253949
1 212.483211 172.490510
1 179.145205 192.423152
1 203.705688 176.662764
1 220.372450 167.082820
1 190.286978 163.249754
1 199.578806 182.418145
1 186.174945 200.079040
1 180.475691 186.882647
1 204.553109 188.063940
1 220.977149 175.115079
1 196.346362 175.409721
1 193.785615 175.874331
1 201.650211 166.035300
1 198.891638 173.225857
1 180.544847 186.930235
1 186.504118 179.103378
1 180.106523 173.681083
1 212.387992 187.255458
1 209.544623 167.571960
1 181.902077 174.280506
1 205.334414 178.161422
1 212.620355 185.058393
1 188.913952 189.585743
1 204.101071 172.079548
1 179.717881 187.837870
1 207.066242 193.777773
1 214.856571 170.711981
1 202.955266 172.699582
1 184.536981 177.049929
1 184.258736 186.863044
1 221.555916 184.444234
1 209.057956 178.535843
1 198.418725 169.288476
2 293.914801 136.273860
2 171.706898 110.554810
2 245.197685 60.614106
2 123.511157 300.565481
2 304.332227 62.381701
2 240.868928 171.431778
2 158.408097 123.982872
2 238.095347 173.144910
2 6.988644 146.061295
2 317.447416 179.969107
2 89.577762 289.336909
2 3.136457 219.714821
2 129.998060 280.385958
2 198.110545 10.437739
2 31.140934 115.490686
2 265.037625 240.178044
2 114.672760 10.294318
2 24.569977 251.627972
2 87.105782 18.602916
2 291.731428 136.951919
1 173.422276 192.136836
2 97.321732 313.977281
1 220.077651 137.566813
1 193.434452 178.195225
2 217.425526 186.443534
1 192.499342 175.750471
1 192.045876 208.293009
2 117.079819 283.245146
1 210.886533 189.742833
1 174.186432 195.242495
1 179.377113 208.534433
1 221.955382 166.654680
1 201.934496 179.833182
1 222.074991 179.521402
1 223.709406 184.245004
1 182.955105 145.535367
1 204.006025 156.006203
1 185.400867 161.680245
2 200.761613 132.631110
1 177.409110 190.539947
2 255.533864 225.812498
1 195.387970 163.396357
1 227.526146 101.076532
1 219.765276 208.902907
1 207.800574 192.718913
1 227.200038 128.937178
1 223.629540 138.871929
1 205.483324 156.785864
1 234.797243 200.535346
2 180.727462 144.852618
1 202.583727 148.358486
1 228.840615 149.789448
2 290.255797 263.081500
1 208.553194 173.785914
1 237.278006 169.037888
1 197.372651 179.328248
2 193.935894 116.324186
1 152.930133 185.493349
2 199.430373 170.040998
1 217.159737 221.540893
2 4.554337 135.842391
1 240.203496 141.889685
1 221.285329 190.018081
1 235.631953 181.499382
2 181.906280 182.919869
1 139.557741 141.802080
1 205.130686 154.825080
1 220.699056 158.252159
1 193.689071 171.366366
2 94.815684 6.197803
1 235.767300 123.615018
2 212.922297 116.329379
1 197.505430 201.448713
1 226.977487 169.671454
1 235.888979 169.173656
2 106.399508 280.578827
1 158.353271 220.510421
1 185.242643 210.606650
1 191.500113 210.310406
1 218.891702 219.570669
1 183.259730 188.205877
2 156.473807 128.997658
1 161.765844 191.180813
1 152.243891 187.844754
2 169.647697 138.777032
2 260.762070 149.069672
1 178.686764 154.465391
1 212.795347 179.671288
1 195.467267 177.197206
1 172.877086 170.203031
1 249.422554 108.797111
1 210.518001 168.479833
2 297.954891 34.264466
2 230.293051 134.309027
2 215.446345 33.548657
1 236.826053 140.414005
1 169.758421 173.578613
1 208.603321 221.092456
1 186.869045 236.934190
1 218.094336 208.825140
2 205.862962 175.503974
2 137.941830 108.121784
1 187.791825 165.352125
2 277.168086 228.367004
1 202.619525 212.050908
2 283.298764 174.188027
1 244.834937 126.733481
1 188.510176 189.522061
1 241.274278 172.372986
1 204.189349 181.697180
2 242.331593 34.998155
2 154.641188 228.428516
2 285.521220 233.011260
1 218.694395 195.793657
1 117.352720 144.434775
1 210.914812 190.834932
1 192.294726 233.863384
1 198.880579 136.837978
1 149.782041 166.412765
1 212.294993 146.148193
1 167.331473 175.566349
1 235.034026 131.899677
1 204.224803 199.172771
1 133.071578 165.296211
2 236.589953 122.433609
1 213.356184 204.528446
1 250.926622 175.385039
1 204.637056 226.132865
1 235.133657 228.982747
2 230.364161 40.012617
2 258.685625 184.340422
1 229.684639 163.887880
1 221.756280 165.634747
1 234.638725 92.685465
1 217.286675 211.976877
2 179.210118 121.131556
2 13.307928 248.132363
1 153.726310 157.261371
1 220.281153 155.773368
2 229.408543 130.940953
1 270.647944 159.753946
1 235.602038 176.445736
1 152.706117 147.525184
1 176.236557 217.890649
1 157.017106 151.145407
2 171.215144 231.446272
1 182.210257 189.183508
1 184.888743 172.503121
2 249.971204 163.916867
1 180.808935 182.167517
1 222.138362 164.092536
1 231.800662 156.273600
1 172.139743 249.711556
2 285.735348 223.044843
1 190.116245 156.736330
1 143.686321 214.126337
2 220.766092 222.769678
2 268.468139 269.535753
1 225.954646 160.363261
2 245.343896 112.253171
1 155.704264 183.469410
2 175.520703 24.965373
1 246.535652 185.068635
2 37.828100 235.654281
2 303.051246 271.723497
2 161.008899 110.382858
1 205.903798 206.531754
1 98.333242 143.985795
1 162.784080 188.532357
1 187.854688 151.654167
1 213.221300 201.480737
1 196.092441 187.961081
1 195.467267 177.197206
2 150.631255 262.744235
1 223.716262 160.642072
1 118.944661 160.296667
1 243.550194 133.778687
1 211.995922 152.395423
1 256.760941 154.689133
2 231.467900 235.787852
1 171.220672 177.047813
2 268.965508 159.315277
1 188.762033 173.267313
2 36.775801 254.530180
2 327.942247 41.463228
2 283.470554 173.411754
1 241.281055 196.837661
2 223.408172 51.803930
1 210.914812 190.834932
2 296.694173 153.496676
1 179.496837 203.007136
1 175.309213 192.119406
2 284.287894 161.425334
1 201.716469 141.454108
1 197.046269 212.160720
2 282.122035 237.175621
2 270.348621 141.998547
1 228.513827 168.284932
1 185.441533 155.838736
2 20.994490 632.140718
2 66.088670 339.827348
2 153.389716 641.988353
2 215.846863 380.439899
2 197.668517 576.454287
2 176.469311 624.306723
2 142.015951 484.013842
2 162.585077 510.800457
2 28.754951 434.886062
2 258.849622 571.780342
2 28.433730 395.907137
2 285.577834 399.682199
2 243.642724 359.433039
2 206.003233 444.655875
2 119.399959 429.388510
2 73.254313 598.941207
2 134.954239 645.637362
2 99.191083 646.504344
2 207.408084 475.388057
2 175.878546 664.310229
1 332.686774 628.486904
2 319.989305 620.710175
2 183.496774 660.084918
2 329.915677 592.359443
1 330.421821 658.630366
2 204.133369 609.976019
1 318.570962 633.995112
2 317.999293 566.096461
1 322.525066 655.150833
1 306.241219 624.777990
1 315.461697 660.917305
1 183.390482 657.249539
1 329.477748 634.229577
1 145.030728 772.537774
1 157.487720 793.321122
1 143.108860 781.374177
1 154.390032 786.035741
1 152.529190 780.121808
1 145.163527 789.729331
1 142.908453 785.024548
1 147.016255 764.763246
1 140.785421 784.378476
1 149.145823 789.074265
1 164.059055 789.500816
1 162.035259 791.309183
1 143.341848 761.361544
1 157.305392 776.514772
1 148.994945 781.462857
1 139.319658 769.947154
1 150.635253 800.337475
1 139.669431 765.674780
1 145.115120 801.068668
1 147.551750 782.847987
1 130.097206 782.724603
1 146.637271 794.320656
1 144.572743 765.796607
1 165.210033 792.478869
1 145.398130 795.977175
1 138.434013 794.852440
1 137.038868 779.913534
1 154.683136 787.143884
1 143.634279 768.792677
1 171.706840 790.920699
1 150.302771 764.452877
1 154.831874 780.177508
1 165.169143 762.646692
1 139.070384 777.583477
1 164.121171 782.791520
1 131.403224 778.324781
1 147.781349 780.633312
1 156.685346 781.153872
1 144.954823 801.106475
1 168.558070 768.279076
2 45.445622 846.788738
2 314.745031 695.223919
2 278.842459 682.923933
2 144.085517 872.816056
2 179.601668 815.345060
2 235.255087 804.442660
2 25.964187 815.865713
2 66.431093 926.363874
2 304.534268 779.614386
2 226.630879 780.766078
2 155.089063 886.894080
2 95.990597 827.499648
2 100.781039 780.964956
2 251.927141 815.949635
2 97.995087 682.932946
2 109.632884 844.386862
2 186.317673 845.551338
2 54.460575 712.218472
2 132.847880 719.890740
2 251.392151 680.540094
2 92.891069 894.358573
2 78.445487 880.182434
2 292.569065 875.351900
1 128.735358 782.165597
2 173.468626 820.528068
1 217.843371 775.470138
2 153.289173 906.609714
1 130.792206 766.629343
1 163.975616 814.869534
2 202.296150 878.486117
1 180.354202 836.750267
1 83.600988 785.872562
1 138.736104 781.618894
1 127.818824 850.837556
1 99.417709 714.036551
2 242.088289 717.783203
1 204.208575 782.765780
1 102.382812 827.720467
2 111.360681 800.744764
1 150.815687 739.106934
1 183.163477 786.072994
2 193.753983 850.304769
2 185.955534 914.371987
1 142.098747 716.523825
1 163.085330 831.949463
2 235.757569 685.992005
2 88.310345 821.964810
1 114.352810 776.290803
1 134.897979 846.637776
2 248.890857 687.008374
2 134.607709 751.095648
2 136.808911 718.576135
2 157.790904 860.432435
1 152.322969 818.602526
1 168.940420 758.197435
2 227.725635 825.518256
2 262.571422 810.240987
2 179.276920 876.761607
1 163.220120 801.973389
1 163.019164 752.176578
1 161.761627 777.833209
1 164.023881 758.293046
1 207.391039 857.960475
2 150.364876 873.374369
2 124.482012 681.601022
2 88.304589 913.119738
1 224.702748 765.103390
2 318.394996 827.247020
1 111.420681 798.433093
2 156.859807 911.428888
1 84.401682 851.431100
1 133.452184 754.198900
1 126.805748 826.105919
1 127.668291 791.820148
1 141.072270 810.161923
1 115.946641 821.848221
1 142.381279 796.072543
1 192.570056 780.623910
1 105.460745 833.757765
1 138.647972 823.917061
1 151.120188 799.548003
1 177.763990 780.845821
2 188.653588 953.121346
1 143.200418 767.567470
2 181.859530 787.839577
1 124.401140 793.000599
1 117.606475 789.280987
2 108.806091 678.348686
2 213.417168 846.424148
1 180.882535 781.018710
2 267.575677 677.287124
1 141.096673 856.525428
1 206.570537 746.062672
2 80.818108 891.042929
1 138.526872 790.454383
1 167.348788 781.472532
1 131.799240 825.028050
2 149.691495 924.834641
1 154.872039 830.093324
1 165.479001 820.234496
1 132.179672 875.806968
2 220.384458 696.530343
1 172.470428 757.747264
2 197.058042 993.627096
2 47.722131 939.231053
1 166.110291 780.362965
1 137.407906 773.911343
1 153.580081 825.942757
1 197.109295 832.016380
1 111.318691 765.169617
1 108.348877 787.026387
2 299.005479 712.724883
2 195.702741 857.335177
1 127.911717 767.740312
1 251.122252 763.875875
1 142.444922 754.671324
1 160.710452 777.892752
2 157.951543 880.067198
2 147.192619 860.096085
1 264.167178 767.983823
1 244.963489 769.069964
2 331.747369 748.550305
2 320.959445 789.992228
1 99.420893 745.395320
2 116.143983 995.201172
1 136.918998 784.938147
1 148.171679 800.927330
1 261.788193 771.185106
2 151.504360 923.845294
1 133.292084 706.931773
1 127.805080 726.499153
2 249.622043 833.238834
1 74.039965 831.084548
1 150.640286 796.237139
1 129.643035 763.377533
1 182.820287 789.267318
1 227.993519 793.546061
2 157.433462 857.301245
1 172.042346 745.766277
1 135.281853 796.447245
2 94.014252 675.145525
1 171.960015 753.133100
2 80.854722 928.797460
1 188.539010 791.116456
2 199.764999 819.804682
1 153.917866 770.164336
1 141.627517 764.161897
2 184.829082 826.979149
1 198.184409 791.547162
2 103.726281 862.598776
1 155.601595 779.271610
1 305.552623 724.793912
1 168.561785 851.362537
1 119.390764 804.817132
1 258.611343 768.284375
1 221.165630 800.449073
1 195.094792 734.207409
1 90.147863 760.261448
1 173.640997 816.834997
1 183.711956 794.167201
1 164.684718 767.384796
2 349.778605 9.205542
2 605.066590 47.788371
2 589.443399 329.344407
2 665.653347 275.935088
2 363.834378 164.526498
2 666.366008 82.483431
2 649.420891 250.178670
2 429.921659 60.700783
2 442.269964 137.611678
2 578.546029 74.844074
2 463.885595 159.578450
2 340.834231 314.390766
2 581.659812 104.667085
2 584.759719 8.514276
2 406.604858 243.912258
2 393.617551 91.206526
2 530.761359 200.478255
2 390.672135 228.799509
2 623.500289 78.874461
2 371.782737 51.913341
2 334.950622 271.238755
2 444.498006 305.325461
2 571.288115 214.680961
2 430.372494 272.521909
2 340.671194 17.314400
2 592.287421 72.669517
2 383.856602 251.861684
2 435.992291 42.446715
2 408.151215 254.467200
2 366.426355 296.103160
2 646.083711 240.795231
2 365.457530 215.192933
2 623.746208 82.832419
1 382.260213 656.654334
1 400.060358 664.114563
1 405.111228 654.743552
1 414.979481 651.653271
1 403.504982 652.571265
1 399.545928 650.646476
1 408.363581 655.378863
1 407.056579 652.214464
1 387.102474 631.882672
1 385.087245 644.224714
1 412.893603 637.657770
1 405.531501 633.996536
1 408.893194 651.784645
1 398.156383 646.538719
1 400.441090 649.314884
1 397.339133 647.323642
1 399.327124 649.262928
1 400.506485 650.383943
1 395.364842 649.921690
1 398.053061 653.189044
1 394.188539 646.559336
1 398.752565 649.912308
1 397.250624 649.699913
1 406.456430 640.285232
1 397.868197 650.876934
1 400.504314 653.885126
1 421.667448 648.733453
1 422.983944 640.758248
1 380.384746 651.717041
1 392.518443 649.812297
1 411.925322 644.440037
1 408.039858 649.382839
1 394.418308 649.889421
1 406.652711 633.066539
1 394.377634 647.022654
1 394.835188 662.032331
1 395.472651 631.200161
1 402.283887 655.352194
1 414.147286 642.437744
1 412.439738 656.811921
1 394.118353 663.469716
1 402.351592 650.678890
1 393.106662 639.004447
2 455.653924 403.258451
2 363.487086 575.203866
2 554.207542 524.403726
2 407.654692 539.267475
2 422.263068 585.874800
2 545.309700 599.809725
2 409.899350 583.813836
2 569.053141 516.305782
2 337.238754 627.361551
2 514.384405 514.909617
2 421.769390 657.734760
2 567.767176 623.068481
2 531.947152 538.399774
2 414.301767 487.742486
2 346.897906 350.992522
2 379.458646 395.931238
2 603.739266 638.164720
2 501.170248 578.989438
2 439.302773 543.991638
2 622.657885 589.764738
2 624.977644 549.091301
2 418.523773 349.099599
2 651.343269 665.120359
2 400.695022 591.662895
2 370.180458 547.439378
1 414.257027 662.572297
2 428.792297 648.048028
2 401.577270 578.384547
1 385.216642 657.352450
1 410.308490 618.944245
1 390.325440 623.668383
1 353.951907 662.370435
2 438.990296 511.255274
1 420.079970 636.215330
1 366.506153 638.480250
2 416.949928 586.170329
1 408.113711 648.328879
1 418.554395 620.516617
2 589.291092 544.042444
2 348.226794 527.755440
1 403.312045 596.486140
2 372.977679 639.164552
1 376.735687 612.619718
1 377.751559 622.754468
1 403.580367 664.810375
1 402.011967 634.579603
1 424.785372 640.014885
1 385.318186 648.528137
2 378.172950 650.109065
2 398.425486 554.715291
2 402.892126 616.899186
1 436.711212 646.937212
2 419.793509 574.471251
1 415.795257 665.906972
2 421.576393 664.363612
1 405.211572 625.312684
2 459.758078 586.271588
2 530.912165 657.125280
1 365.018273 627.203783
2 408.162134 636.898179
1 360.787061 596.531143
2 450.669532 662.365140
1 412.307895 610.050072
1 369.602907 661.341897
2 390.953918 628.636402
2 479.864630 651.259696
1 418.050704 653.689704
1 443.308703 649.255643
2 426.746216 514.586342
1 400.586186 666.249157
2 572.889860 649.883514
1 371.400990 626.814599
1 345.171866 654.757404
1 355.804467 613.868154
1 416.547439 636.359039
2 483.027119 564.276907
2 439.793370 606.758984
1 394.301031 653.558269
2 438.399817 605.657155
1 404.511914 608.913035
2 484.866426 617.176800
2 401.501041 651.234498
2 418.228232 657.576101
1 419.055349 651.917420
2 425.309843 665.732956
1 395.762156 661.488930
2 405.328932 563.542241
1 383.866314 619.588231
1 367.690696 661.733936
2 375.584920 582.571187
2 381.972481 638.131210
1 369.822255 653.391833
1 381.188341 642.123858
2 430.885582 657.532969
2 357.797905 390.642078
1 390.252146 621.346402
1 429.224667 630.746070
2 545.147008 623.351533
1 356.660666 647.810508
1 374.411283 611.502601
1 394.398202 619.441845
1 416.218294 650.968434
2 457.517195 647.339488
2 397.846696 590.415831
2 366.179580 504.222197
2 391.234991 653.260514
2 526.643566 643.782800
1 402.633833 664.778106
2 432.647881 636.088912
2 383.981283 606.597046
2 378.188524 625.900146
2 420.417046 656.988645
2 484.471916 533.155437
2 596.988582 640.135300
2 629.414903 551.119909
1 400.619207 624.640195
1 475.061778 650.177861
2 462.615205 638.628458
1 345.261907 625.187979
1 408.102088 591.637839
2 459.911899 614.432381
2 419.126197 631.877620
1 355.075516 627.501646
1 404.597242 665.319646
1 402.912491 649.565511
2 496.002164 519.728224
2 552.128409 643.441946
1 377.136791 660.495899
1 369.602907 661.341897
1 347.661182 613.752707
1 427.123283 659.142027
2 427.894763 654.514366
1 481.444495 649.788677
1 362.847000 662.290657
1 409.019914 654.279317
1 360.702289 637.519251
1 387.932952 618.565285
1 404.059028 662.386212
2 464.645947 600.091723
1 381.367077 660.392417
2 409.535843 574.935287
1 476.311243 646.292220
2 401.662905 644.016642
1 373.852892 619.088739
2 380.958830 583.727835
2 406.143523 655.971730
2 546.230301 652.109748
2 438.247636 548.436405
2 424.392194 623.502116
1 402.315657 636.327223
2 437.280600 601.545937
1 340.663271 624.120857
1 376.248262 629.965401
1 359.605928 620.149838
1 410.892597 607.613254
1 436.620646 636.620961
2 580.814105 644.899532
1 385.990465 596.828520
2 456.476615 580.063002
2 449.192411 525.272248
2 389.650504 655.216776
1 384.838915 621.644604
2 492.425469 587.606954
1 376.512492 632.415450
1 393.247862 653.199714
2 510.717551 627.656095
1 411.668134 668.368042
1 591.487549 810.596792
1 569.833038 799.846903
1 572.212885 807.626350
1 562.838830 823.133327
1 575.479506 794.895237
1 550.314057 812.352350
1 585.959880 788.115219
1 564.241788 810.020203
1 569.629502 802.786922
1 577.599504 805.651019
1 574.622168 791.722488
1 564.053403 790.297419
1 553.192257 793.616418
1 549.161840 788.600295
1 576.378288 808.759825
1 569.200985 800.474026
1 576.727973 810.336564
1 553.858209 800.021254
1 559.810518 804.961297
1 548.627846 793.185977
1 562.278597 797.613960
1 571.998115 799.433039
1 566.964520 801.578735
1 574.470780 783.193272
1 576.423917 815.735739
1 592.906930 809.881322
1 592.085861 806.001343
1 574.647485 814.706093
1 562.839817 799.521881
1 565.419632 797.485520
1 555.859829 792.941726
1 582.643007 781.605743
1 569.199946 795.767835
1 571.582199 797.383136
1 590.387599 797.733528
1 577.335586 808.401524
1 580.041311 806.092403
1 567.753650 797.303679
1 561.438024 797.509067
1 570.353356 805.491408
2 577.914558 714.854242
2 436.675419 920.930438
2 601.527925 716.441812
2 373.322691 854.021838
2 574.700117 858.400583
2 610.104511 840.210379
2 642.694306 910.732831
2 659.645040 947.878012
2 526.803464 864.987154
2 486.398273 802.952947
2 349.544459 746.803773
2 381.538185 894.107693
2 339.589366 723.918474
2 412.598899 810.795338
2 382.367949 691.752045
2 448.318685 952.522040
2 503.259611 871.763370
2 408.423329 772.895511
2 650.792042 795.792364
2 520.087113 997.883590
2 447.291469 719.800295
2 473.722511 702.352219
2 648.836860 787.895538
2 572.124382 759.782192
2 542.324607 680.102779
2 622.243191 962.189270
2 524.971951 840.720524
2 430.984447 864.594218
1 589.485913 813.861200
1 573.201720 838.128525
1 576.033921 798.282281
2 461.809259 854.027383
1 573.243489 798.769080
2 396.279661 703.424838
2 406.201423 790.190836
2 573.527107 685.869073
1 515.710846 770.297667
1 494.363202 769.313385
1 337.037702 684.257038
1 530.433026 842.065644
1 597.064314 776.253994
1 610.458054 807.009676
1 392.993982 679.215162
1 579.232336 773.123963
1 623.950720 848.056937
1 649.921488 842.651173
2 532.351936 776.536422
1 628.328272 809.370151
1 619.765019 820.067305
1 526.854223 755.041707
1 393.613004 681.378309
1 483.462867 763.363594
1 566.466602 807.114710
1 426.162339 675.856839
1 579.119378 769.132432
2 490.511881 695.861032
1 406.166008 680.692356
1 608.153623 769.836557
1 597.932255 737.459499
1 421.548429 682.922389
1 575.683088 739.326842
1 632.747769 793.354655
1 574.344356 807.145682
1 526.498429 756.412598
2 348.603506 823.438660
1 499.238884 820.715595
2 602.238034 878.635127
2 602.552274 814.712026
1 621.353767 847.638524
1 538.198542 761.371164
1 385.183859 680.885446
1 400.658135 682.045919
1 566.614373 859.441840
1 571.104731 823.340091
2 603.448710 818.061688
2 441.457152 833.455204
1 368.750588 689.024801
1 584.383692 823.819179
2 456.815585 938.611784
1 370.809181 682.372671
2 615.539017 820.253390
1 360.360445 692.061951
2 569.847179 672.546312
1 613.029863 813.095531
1 599.855424 808.919755
2 400.750569 770.789613
2 646.175842 847.084873
1 544.426083 816.389869
1 575.342016 787.513678
2 647.933808 931.653346
1 635.336831 840.245593
1 539.173821 846.384015
1 587.398244 821.647835
1 594.625347 767.170960
1 417.782762 668.117033
1 555.202993 827.969773
1 593.781077 851.605155
2 423.862675 667.219701
1 371.349772 667.515035
1 416.764925 669.927798
2 600.530417 727.258804
1 399.754306 684.629073
2 550.715591 666.857075
1 537.141740 777.651366
1 640.613477 781.056853
1 407.109640 704.578914
1 366.048788 671.801371
1 492.330814 874.153364
2 359.023870 720.453035
1 547.586301 854.262294
2 556.271282 789.842203
1 545.055742 800.451128
2 510.511695 666.878528
1 501.143849 840.974184
1 620.517467 817.971172
2 334.084480 775.591250
1 587.654868 740.298648
1 553.377218 747.073431
1 586.115747 853.091681
1 393.379963 676.801130
1 568.740716 777.598004
2 513.295470 690.667881
2 494.325810 693.012603
2 437.397809 973.508370
2 593.108882 688.705451
2 548.620632 778.418694
1 593.020809 812.594624
1 482.793846 747.409357
1 459.619026 784.377859
2 506.344154 861.574534
1 590.582505 784.726587
1 362.273587 671.969855
2 484.996510 860.590252
2 663.146326 796.217940
2 628.079721 908.320275
1 545.850536 824.904481
1 613.771392 802.765515
1 423.401720 672.207393
2 654.050490 902.914511
2 335.886262 806.412304
2 533.107351 820.823254
1 448.061868 674.323138
1 418.253017 689.322954
2 502.395135 684.718090
1 592.589548 754.854835
1 415.467346 685.818183
2 422.032582 671.231481
2 466.761130 743.590292
1 561.624179 833.359637
1 523.563548 790.652207
1 600.268131 804.740856
1 520.885262 877.860592
1 586.794945 808.601953
2 596.838669 822.891541
1 395.162905 675.827614
2 567.488869 863.529439
1 397.119283 683.812241
1 601.184942 851.392764
1 570.784510 843.509096
1 378.429438 684.447448
2 396.069002 863.621354
2 536.279768 681.132665
2 350.850841 674.854703
1 558.340742 811.440706
2 575.822288 708.365807
2 608.264579 683.957000
1 581.404533 838.429225
1 625.859490 726.898856
2 349.656292 795.769538
1 553.231068 824.140726
2 355.318257 825.118594
1 368.370215 673.289637
1 368.219515 679.026868
1 537.820583 837.711218
1 632.741140 804.402755
1 371.258485 696.380302
1 346.537052 667.495667
1 531.990150 788.309248
2 366.544334 786.811546
1 371.833078 681.390964
1 575.752792 806.223085
1 570.068813 837.778775
2 486.051765 672.357436
1 344.964545 700.667281
2 572.394580 679.878150
2 399.725212 788.119326
1 388.906120 698.963982
2 608.073631 879.172593
1 550.483994 802.685109
2 654.502750 921.911711
1 555.459414 799.698327
2 600.239509 695.673965
1 354.449474 693.279125
1 394.983614 675.370221
1 622.422432 838.229760
1 554.591531 776.795694
2 395.835858 697.206873
2 410.220935 798.975970
1 432.091426 696.632919
2 428.148112 821.390364
1 541.982661 824.714616
1 531.708530 837.274839
1 558.264474 872.249345
2 563.762646 678.776380
1 403.149381 695.667491
1 825.323420 313.131564
1 812.226200 290.236725
1 830.429414 297.607845
1 824.995430 303.209579
1 814.043604 287.613507
1 833.030645 316.684872
1 831.667684 295.476292
1 814.058431 301.075981
1 834.044190 283.999700
1 827.473053 308.571495
1 819.691371 300.488439
1 835.591285 300.783414
1 807.626186 302.934711
1 820.155986 304.158386
1 822.841290 275.549347
1 826.779512 299.570688
1 802.061386 300.942897
1 818.328382 301.953430
1 830.789986 321.305360
1 821.461269 298.275657
1 837.939457 290.559085
1 809.734327 290.916042
1 799.208382 306.913418
1 827.960425 295.295719
1 822.190965 301.146311
1 828.619228 297.276916
1 824.871657 302.618242
1 818.187449 299.010597
1 822.383471 302.747937
1 820.658663 284.509079
1 809.235061 314.367895
1 817.915434 307.558264
1 838.150705 307.822859
1 817.894563 302.926957
1 820.400217 300.308929
1 833.266366 306.872088
1 825.397005 287.726416
1 820.862003 300.408726
1 818.762404 303.936763
1 812.497967 279.106009
1 829.669497 290.198884
1 832.419664 315.356267
1 820.978513 300.690964
1 797.302606 305.825083
1 843.686914 295.652230
1 836.313379 292.914827
2 666.798979 177.648918
2 722.194114 196.170142
2 799.967573 112.965367
2 893.464066 245.978228
2 755.215109 262.818065
2 967.740334 176.295514
2 847.526756 47.555112
2 896.554048 172.220755
2 882.950573 98.002196
2 919.808063 177.226763
2 777.515608 169.121337
2 763.118143 314.693327
2 830.285743 135.188482
2 995.768737 265.352777
2 801.264136 178.192910
2 675.563414 185.947463
2 900.574006 251.836751
2 844.330495 166.834008
2 792.672124 105.940476
2 786.455709 275.805450
2 909.989381 231.012482
2 721.232896 113.150164
2 850.339335 302.945682
2 955.189126 119.127902
2 923.431828 272.093459
2 921.373790 74.377634
2 809.899771 309.508034
2 700.217118 149.705557
2 923.879637 114.424918
2 725.838965 321.164163
2 826.266588 220.737925
2 746.763665 98.818846
2 942.296089 88.085685
2 998.183651 278.084384
2 992.212422 18.595498
2 961.750529 170.609145
2 747.794707 283.159653
2 743.638688 290.934731
1 792.917131 311.863757
1 816.660995 318.784196
1 861.071225 302.736292
2 817.611092 282.762070
1 786.038951 277.726290
1 804.989977 313.314217
1 785.198061 284.947153
1 755.963921 312.894344
1 832.187381 270.942736
1 807.431631 298.374883
1 843.914320 282.609085
1 854.972319 319.795210
1 792.329145 274.674176
1 850.642831 330.432851
1 834.434486 306.222416
1 769.109538 321.856801
1 869.969444 311.237010
1 792.343390 299.265890
2 865.686613 164.983264
1 841.943388 285.751081
1 804.344109 297.220655
1 782.449342 300.242081
1 835.786094 251.793984
2 887.291731 256.519000
1 801.801805 276.979199
1 786.838472 298.999007
1 787.843552 265.498206
1 802.332314 290.282076
1 825.357655 280.135198
1 823.052680 310.069539
1 845.701527 304.075412
1 825.453082 318.248880
2 834.448836 296.400119
1 838.902174 315.704484
1 827.453216 284.727156
2 769.892028 213.672045
2 977.527071 190.571758
1 776.171807 253.441859
2 934.857262 200.038642
1 856.486713 279.372753
1 812.613595 271.536226
2 866.340844 280.881783
1 841.129097 321.093443
1 826.703776 253.504045
1 799.502189 317.077254
1 784.500136 311.477401
2 994.732503 216.742017
1 802.081403 317.265347
2 819.370288 300.745055
2 752.617299 277.312608
2 799.720820 290.000364
2 893.518577 207.107903
2 825.100765 284.535111
1 833.545421 243.406900
2 912.987321 302.020682
2 801.308381 217.175121
1 858.518048 280.176792
1 794.309049 266.417176
1 861.680918 286.593834
2 715.558141 316.843156
2 781.081837 296.187885
1 848.479734 322.198347
1 802.355755 298.518012
1 850.352090 303.988833
1 817.102446 319.121354
1 828.867763 286.791934
2 870.996438 258.608318
2 769.354330 276.724839
2 957.036542 303.990191
1 838.721165 276.200581
1 819.400829 299.632852
1 825.022577 272.847817
1 825.364435 238.551640
1 785.167401 273.508890
2 747.654818 271.311010
1 806.256273 285.497288
1 843.979895 288.430663
1 801.443249 227.466559
1 826.662938 274.252469
1 911.197842 293.890355
1 871.473007 292.169378
1 819.483154 313.509443
1 807.993799 310.856527
1 839.477129 320.630650
1 799.882086 292.069886
2 934.484982 128.080743
1 834.908278 248.054082
1 832.308151 276.374316
1 800.168310 296.788795
1 812.786142 281.248658
1 786.395223 280.970257
2 942.248328 205.227616
2 715.951752 311.481461
2 823.211356 277.894356
1 804.942344 309.815870
1 796.243588 297.800470
1 809.504199 286.020767
1 799.557697 326.529411
2 801.846600 332.629250
1 873.675491 263.033847
1 816.732099 300.516405
2 756.264096 277.821362
2 920.038157 120.876423
2 729.744666 261.458418
2 924.822934 360.146150
2 853.461554 617.476469
2 898.600168 540.882315
2 677.775509 342.930127
2 750.100477 352.702020
2 867.559483 627.575568
2 968.121624 355.378469
2 909.437058 404.824141
2 977.632657 440.842494
2 958.985674 356.512416
2 952.169677 569.099599
2 813.839232 641.817628
2 864.808386 501.433124
2 922.861860 409.129112
2 757.961885 346.761935
2 921.044725 367.612915
2 710.275476 501.749901
2 821.702857 505.467745
2 857.317670 417.800218
2 903.332098 377.480906
2 979.692689 376.349090
2 943.745197 381.493054
2 963.085795 467.447637
1 813.122131 342.900314
2 906.092122 403.050109
2 876.112052 425.646963
1 821.789333 335.570364
2 898.447473 392.688446
2 958.694843 379.747299
2 794.076698 345.507420
2 988.964498 387.439885
2 878.541864 435.892861
1 768.316092 349.049047
1 810.671627 362.249520
2 847.039589 395.867774
2 924.211693 441.942820
2 942.476794 496.242233
2 949.668383 575.567879
1 847.308547 386.642087
2 738.331310 388.120822
1 834.535492 347.832284
1 797.410929 379.404232
1 737.292687 375.949107
2 937.696997 383.145508
2 926.290199 345.181399
2 717.934982 374.302982
1 806.263249 334.462009
1 776.351307 362.524340
2 730.879782 942.588539
2 817.317326 740.240759
2 728.193996 675.485181
2 737.304823 749.460525
2 836.032604 668.933878
2 922.795936 866.236940
2 906.207141 929.633314
2 970.266889 912.324051
2 841.109441 723.509132
2 864.426634 915.553717
2 960.869334 752.871921
2 693.274694 781.004788
2 666.953286 932.102326
2 741.835712 871.078402
2 780.253001 708.401185
2 806.801612 766.132397
2 999.775846 805.127063
2 683.339679 881.114829
2 925.503558 820.100275
2 673.482773 747.866133
2 933.611720 886.553132
1 680.811004 826.352840
