1 202.078525 179.315206
1 186.819888 180.064576
1 214.176846 164.074055
1 182.952212 174.534474
1 206.669392 164.939290
1 196.768541 177.505941
1 204.328503 189.087506
1 210.958168 179.125455
1 211.836927 174.842533
1 189.331589 163.877402
1 203.527437 163.832954
1 193.067098 161.343859
1 199.534577 179.521387
1 201.970054 177.160632
1 180.724814 194.967207
1 203.531713 193.973627
1 196.032144 186.401373
1 216.060535 192.472274
1 198.853969 176.148251
1 192.250519 197.907028
1 194.037276 181.435106
1 181.725132 173.312320
1 183.153069 197.091140
1 188.637822 183.889312
1 199.026631 174.339036
1 190.123317 178.772194
1 211.479674 193.053529
1 201.737982 180.358956
1 199.410362 165.275356
1 200.678000 184.928028
1 178.902086 190.791062
1 210.518514 165.218820
1 201.121318 185.842062
1 185.497611 180.646397
1 198.505473 182.127880
1 182.344040 172.955946
1 194.792092 166.717099
1 186.702925 186.835629
1 203.281993 182.508794
1 215.404842 195.972708
1 209.131122 169.530986
1 205.148379 156.622375
1 203.190361 193.766879
1 201.587909 182.185522
1 210.067252 172.806962
1 196.274660 166.699706
1 169.171697 170.512592
1 259.950352 207.417527
1 215.237228 158.989247
1 191.371648 184.379202
1 207.471409 200.819731
1 248.634986 192.900447
1 225.395175 152.301248
1 183.443210 209.510433
1 202.957100 146.020071
1 178.576540 131.151400
1 202.123381 141.570355
1 201.251401 144.969985
1 196.208202 151.830120
1 199.036369 174.572421
1 210.836908 186.717805
1 190.395805 236.764182
1 231.175089 103.575777
1 256.893122 179.619418
1 249.211878 87.211775
1 212.454317 209.511334
1 241.951389 148.837797
1 188.588323 175.020859
1 207.199768 181.548880
1 227.912634 169.780957
1 211.455174 171.850976
1 218.650947 189.800060
1 211.065344 178.892712
1 156.613081 177.728604
1 244.718410 177.408788
1 241.105919 184.613999
1 193.792613 141.454617
1 238.629073 133.540855
1 214.686760 158.483652
1 192.365177 195.898363
1 234.197257 159.337801
1 252.513400 193.788988
1 220.588175 191.968805
1 223.340774 181.165284
1 241.116015 185.535875
2 59.664177 453.414726
2 50.576305 436.787278
2 58.482343 434.984402
2 51.425367 440.837784
2 43.175214 434.119097
2 75.720087 415.002922
2 58.804816 428.815023
2 63.347146 425.863559
2 60.732494 408.726670
2 72.406240 438.663397
2 68.614963 418.307461
2 78.024736 442.886722
2 67.604440 409.186050
2 50.591738 412.758446
2 64.626408 427.958435
2 74.532559 427.224107
2 45.398665 416.726962
2 56.673980 431.836704
2 64.811656 413.906890
2 39.766784 432.656259
2 54.629899 427.696813
2 39.445893 422.065107
2 64.010856 425.553187
2 59.602518 430.313672
2 64.184752 413.590620
2 80.182577 438.192942
2 70.931752 442.930283
2 61.246465 421.775181
2 60.792721 428.363508
2 61.668450 429.694248
2 53.810192 419.722364
2 56.705041 425.612133
2 56.175670 411.315359
2 63.494198 428.757342
2 83.436392 431.710276
2 56.345963 431.619136
2 62.089104 430.141319
2 43.408837 443.731623
2 62.548742 428.029501
2 65.727367 424.865274
2 71.831915 415.201987
2 61.552714 420.683760
2 54.176240 408.216230
2 54.332525 422.651007
2 65.391002 431.691994
2 45.589576 434.050779
2 63.955935 438.324871
2 40.333242 444.457525
2 47.776520 438.419990
2 83.859896 425.730642
2 51.973599 456.167027
2 59.101810 447.827822
2 35.196323 402.414600
1 331.645691 644.653294
2 65.917579 458.103545
1 154.195366 773.573497
1 148.767415 779.060031
1 148.218661 777.629893
1 139.421185 798.342218
1 138.908182 789.084680
1 146.418749 784.457072
1 160.131038 787.909778
1 150.308837 780.140365
1 157.117436 792.632554
1 158.460107 771.246079
1 157.586055 786.824144
1 151.165851 778.942263
1 154.737368 774.207855
1 153.580006 777.188003
1 164.555545 789.736037
1 150.928066 781.749938
1 161.261873 761.410870
1 149.508251 763.863873
1 144.243613 785.552113
1 163.909595 777.338638
1 146.093343 790.984559
1 136.628337 785.524255
1 140.338804 770.199865
1 135.578839 792.133503
1 135.556030 777.083723
1 129.636304 786.653029
1 150.481933 780.709372
1 130.425149 772.329319
1 147.324617 770.897743
1 165.789670 780.267917
1 170.979326 792.811980
1 143.297630 795.898551
1 146.283493 780.222102
1 156.864742 796.891839
1 161.861036 758.807051
1 128.360333 771.670554
1 157.033526 783.322430
1 154.356766 782.354495
1 171.076966 768.126136
1 155.137713 786.289303
1 144.477388 777.595097
1 165.961065 763.317471
1 160.573092 762.600482
1 141.414493 819.791133
1 180.188248 792.016438
1 163.133659 806.882808
1 161.985630 791.487318
1 130.801852 739.558616
1 166.156401 787.668396
1 197.757624 760.757117
1 158.224496 764.541405
1 121.446026 793.093864
1 174.632921 757.974458
1 138.334539 826.237621
1 170.303202 777.826951
1 174.470476 755.835642
1 121.054249 759.873901
1 117.558413 786.634176
1 129.464325 721.425187
1 152.193394 822.023792
1 147.445320 777.501257
1 164.936401 788.554543
1 176.206512 789.239029
1 158.011861 791.186234
1 179.812398 733.444128
1 152.064705 694.135646
1 143.950419 753.737019
1 137.028002 787.047539
1 183.771121 824.866819
1 147.574931 834.793336
1 107.451137 785.046940
1 161.156510 763.229851
1 165.396488 786.930390
1 150.080111 781.446733
1 154.497244 713.461412
1 155.572787 797.425357
1 158.946555 769.027902
1 124.767639 790.548514
1 147.862633 776.577714
1 167.104059 764.059929
1 138.132715 776.628837
1 158.295615 776.510758
1 138.087147 773.830397
1 152.552942 778.415999
1 175.620990 758.087219
1 147.445258 773.274347
1 159.191252 731.635380
1 152.182612 744.446779
1 188.101066 777.390694
1 190.426221 795.392308
1 118.410627 772.800865
1 163.345976 738.851003
1 157.699923 808.572880
1 117.650997 776.232243
1 168.298581 826.516514
1 107.532056 800.085842
1 120.329077 778.215478
1 150.086509 754.754942
1 126.340120 741.735980
1 171.389610 750.109600
1 188.695511 838.198470
1 206.185269 743.826805
1 202.058052 753.452707
1 147.581777 781.755262
1 136.436133 710.605052
1 164.079741 752.690717
1 139.218897 708.135780
1 122.284569 786.681268
1 149.615653 828.017266
1 196.020128 818.830003
1 158.225103 764.398823
1 178.397095 690.131029
1 177.642529 779.889983
1 133.076741 775.622997
1 219.064657 839.856847
1 129.090210 736.543362
1 110.305595 813.830771
1 220.350676 778.336665
1 192.561398 842.502401
1 164.836912 733.019074
1 139.451195 782.310315
1 114.799771 829.487418
1 120.034761 782.107018
1 189.466901 737.482512
1 160.141177 862.818672
1 146.035238 799.268290
1 152.665272 811.963584
1 167.281287 784.258604
1 111.303329 765.549458
1 160.694778 714.538650
1 114.269390 756.579434
1 135.894350 781.667692
1 172.860043 769.899057
1 163.362761 814.963574
1 227.722022 768.384203
1 138.852222 816.099678
1 150.136606 742.894580
1 137.782683 714.623278
1 170.090977 749.909159
1 146.540815 716.965187
1 152.427086 723.855770
2 499.585782 134.991032
2 484.248733 151.095240
2 487.072859 134.072046
2 483.869978 133.688808
2 506.632547 149.885286
2 492.965995 129.845313
2 518.370217 137.655406
2 500.372290 132.347817
2 487.886167 155.139001
2 493.720714 134.765195
2 509.219396 138.393067
2 509.805614 158.859363
2 494.685072 156.280964
2 516.707945 155.811111
2 493.952420 155.236588
2 512.198795 143.865391
2 498.891104 142.434045
2 503.031665 142.810787
2 503.838197 164.691625
2 482.063822 143.746553
2 496.084056 144.129262
2 491.287710 130.238975
2 493.997559 149.054409
2 516.354893 141.664266
2 492.726283 160.391446
2 497.273132 140.416961
2 487.985610 127.781588
2 480.665799 140.519273
2 491.863470 139.404843
2 484.169628 124.939385
2 502.431803 130.208756
2 488.163780 137.309645
2 507.653555 163.648638
2 490.172815 141.775291
2 497.665782 137.406016
2 504.235634 136.967520
2 507.121802 126.362128
2 504.037112 143.205893
2 519.923327 144.451390
2 507.237126 134.154348
2 495.384363 140.921447
2 497.827101 132.321328
2 520.065446 142.572758
2 485.296409 121.877189
2 495.878229 119.440463
2 499.532163 145.276059
2 486.023560 139.868389
2 537.876582 140.904586
1 414.159271 654.484542
1 396.965906 656.429721
1 409.232629 630.668999
1 407.023245 639.978443
1 393.944144 650.141133
1 399.197276 650.149638
1 405.431374 649.333913
1 391.300101 656.779568
1 400.259023 649.944374
1 399.088965 649.256337
1 395.487644 652.575963
1 399.326209 652.158784
1 411.968041 650.520766
1 398.848586 635.686138
1 391.609420 665.205160
1 408.133576 630.837110
1 399.173399 644.191207
1 409.607785 663.929181
1 389.841955 658.005263
1 400.774781 650.308213
1 399.641320 649.664334
1 400.950645 653.944074
1 396.906714 642.965381
1 396.371375 649.914623
1 381.955513 645.056636
1 405.424793 638.575822
1 381.367666 653.613494
1 410.397212 637.327155
1 398.660293 649.819049
1 401.354440 647.757411
1 390.971265 647.465206
1 398.602001 647.378318
1 394.385557 654.002274
1 393.340697 642.555826
1 411.539163 654.654595
1 401.664526 639.774492
1 408.226809 628.395687
1 395.338749 637.154486
1 415.984239 646.909203
1 399.215922 650.971434
1 423.036678 654.281203
2 566.327921 479.929622
2 559.645556 478.749257
2 542.108217 474.036524
2 563.369408 490.282628
2 573.381410 471.477110
2 559.161220 474.688788
2 557.486451 481.565274
2 556.840378 498.166857
2 563.704203 473.647680
2 558.252617 486.808067
2 558.899972 479.781194
2 559.745212 479.979779
2 569.635254 470.297255
2 547.504747 473.173566
2 568.280122 458.401332
2 536.452940 475.645585
2 545.797056 473.774194
2 567.445625 494.042759
2 562.460124 483.713340
2 543.069621 483.761617
2 558.284391 476.821103
2 547.655082 458.294657
2 561.074381 495.485274
2 563.167474 480.654356
2 566.168079 497.857587
2 557.684401 461.115869
2 552.590856 490.349685
2 560.512513 470.929234
2 542.971177 465.114985
2 544.830961 464.668945
2 553.586758 461.895545
2 564.947799 458.268381
2 567.193653 481.763242
2 564.631733 472.059136
2 559.099342 479.038836
2 580.142647 476.366680
2 565.634408 455.665149
2 557.992754 503.939145
2 580.160206 485.271098
2 548.831643 495.501298
2 544.664903 471.243575
2 545.146850 474.591171
2 568.669514 482.475636
1 392.863191 627.277901
1 438.253908 629.227071
1 391.021246 614.955070
1 404.785189 635.799573
1 390.371475 634.767660
1 362.757184 619.305199
1 424.113624 645.934093
2 607.482759 430.631122
1 467.044668 616.448741
1 420.667363 632.444479
2 570.830006 483.740552
1 389.408924 591.317801
1 446.006836 651.540121
1 418.391243 647.214839
1 454.998026 638.767283
1 404.091217 624.616540
2 516.468281 480.416195
1 439.978598 649.828280
1 424.968549 640.893173
1 429.451611 625.943931
1 389.341473 621.182597
1 369.771231 619.492479
1 377.962405 632.574884
1 438.216857 549.586008
1 372.836743 656.825292
1 453.350827 628.292661
1 403.034187 663.700909
1 396.037424 661.890423
1 495.636305 606.983718
2 508.273716 487.058166
1 386.737865 634.141846
1 392.121415 658.205141
1 409.430036 643.789826
1 366.752437 624.776028
2 536.606259 458.948061
1 490.738117 649.884138
1 425.377272 646.322777
1 395.126827 633.767946
1 483.304303 642.705491
1 377.567602 644.925311
1 399.373860 624.377571
2 558.526284 475.713266
1 432.567418 653.667283
1 420.126164 630.929795
1 337.668091 649.143514
1 363.697594 663.317967
1 371.601824 657.234306
1 408.105761 621.146558
1 424.404044 656.246098
1 392.114856 668.457714
1 394.954126 674.308099
1 410.850476 670.035768
1 395.577588 668.116983
1 394.221399 669.527537
1 575.661683 787.109299
1 554.016372 799.904415
1 581.751516 787.336215
1 566.340280 801.260464
1 570.123937 800.021367
1 591.474880 793.367133
1 567.376086 804.549630
1 560.549366 808.971070
1 587.251436 782.693528
1 587.747347 813.579480
1 583.242380 791.272099
1 572.751738 801.405733
1 552.745377 812.852118
1 564.153244 803.367135
1 566.634687 799.764181
1 581.768991 798.964816
1 572.759855 799.243772
1 577.898006 790.170492
1 574.622078 798.789140
1 583.571398 807.125762
1 573.053080 813.579015
1 584.509425 787.087501
1 572.145453 786.877142
1 574.188549 798.183811
1 589.863390 791.962140
1 560.629967 802.699365
1 568.084256 806.421477
1 556.173005 808.304817
1 572.362892 786.040284
1 559.722450 798.231480
1 554.189676 788.492689
1 565.268759 792.765162
1 570.431892 804.553449
1 553.812317 802.677720
1 566.122417 793.535738
1 556.450136 801.912863
1 558.457108 801.771453
1 553.909713 813.565870
1 551.165307 798.782531
1 588.384833 811.338194
1 546.552111 799.804377
1 578.038975 812.878854
1 570.841369 788.925269
1 569.494965 799.816144
1 577.269699 796.321275
2 389.538227 833.879714
2 402.161750 844.896420
2 378.960659 833.429814
2 411.442228 835.670410
2 409.237313 811.380150
2 399.890100 830.041025
2 387.390942 851.011779
2 400.025746 809.960347
2 405.207302 850.738799
2 397.114311 827.173351
2 397.580039 831.068220
2 401.636197 813.259206
2 401.312932 830.117661
2 387.290173 814.781166
2 399.712033 820.898581
2 402.382769 830.642689
2 397.509522 816.278095
2 395.711069 837.208026
2 390.150597 825.066402
2 399.501159 818.059710
2 398.257724 839.003859
2 376.583223 838.678080
2 382.307555 837.874612
2 416.083383 812.282884
2 385.918454 817.639902
2 412.266138 813.407596
2 399.456228 830.895849
2 413.065501 846.807698
2 415.642324 835.764118
2 408.008256 824.890422
2 390.094158 829.951194
2 398.878255 849.165779
2 401.366324 848.649844
2 401.175089 840.522349
2 399.819838 837.191383
2 405.832256 845.406995
2 398.449407 821.013905
2 402.179150 831.091748
2 405.133892 836.167852
2 418.329704 828.496631
2 400.384027 826.575821
2 391.501291 844.196585
2 402.664223 816.254259
2 404.526549 830.470441
2 402.357607 815.581699
2 393.088402 831.176945
2 397.917414 854.296024
2 388.306593 841.258806
2 382.629465 844.753000
1 519.454311 813.298305
1 604.434387 803.127481
2 402.225804 870.663121
1 402.767465 690.779959
2 400.063751 868.681120
1 575.047087 773.550447
2 401.003465 779.748984
1 563.395851 816.836394
1 524.690373 795.744119
1 378.278232 691.711261
1 543.158033 805.436396
2 424.089822 784.665091
2 440.581318 843.649295
1 561.493902 783.524132
2 408.102259 813.248541
1 544.871578 786.131779
1 522.885871 812.552288
1 391.912926 679.274155
1 388.478924 676.012283
1 564.601504 798.263836
1 557.742791 795.396624
2 376.834776 822.214493
2 385.322481 872.431439
2 372.166887 821.053188
1 608.003994 825.247817
2 369.497881 845.570854
2 419.334894 817.191631
1 565.849525 844.220142
2 384.359036 833.586964
1 565.706691 827.619437
2 397.313268 830.256572
2 372.800886 815.708037
1 608.063511 769.547642
2 395.589892 801.198591
1 532.595991 810.374004
2 407.234140 851.365285
1 585.227253 790.745318
1 570.689070 733.092227
1 601.276395 834.255222
2 416.135602 800.023130
1 614.522767 721.630335
1 576.054821 792.449883
1 523.477196 818.194101
1 558.828041 810.686463
1 578.568245 801.037491
1 595.974474 797.999468
1 525.896085 809.318222
1 393.911549 670.110685
2 390.271048 806.463801
2 358.512682 837.299728
2 419.893488 870.800888
1 543.026428 810.570833
1 577.295803 854.899256
2 404.679856 781.129538
2 382.392854 816.398179
2 410.245760 839.848161
2 422.463767 801.064783
1 571.361059 782.618410
2 427.164403 790.265878
2 375.761872 785.204649
2 414.461843 845.754324
2 413.966090 827.566233
1 347.085426 681.670853
2 411.678401 807.812765
2 443.945895 815.847264
1 394.917577 693.715834
2 352.556092 863.326705
2 430.739822 873.356818
1 628.904797 794.049858
2 401.957696 796.613861
2 435.573359 781.941358
1 562.824336 812.972575
1 590.898442 776.626777
1 563.106608 817.159204
1 541.759444 851.199970
1 578.062062 767.455021
2 446.288784 813.716228
2 382.423584 754.128022
2 423.926684 827.031335
1 596.151204 759.712064
2 493.996120 906.028529
1 351.095988 673.530190
1 578.544325 813.605252
1 496.789502 800.702626
2 443.453551 834.352761
2 428.766258 815.325915
2 390.274760 826.189398
2 444.321765 826.686734
2 439.977250 784.131185
2 401.479190 837.100857
1 403.400156 678.466935
2 460.730190 820.119787
1 543.350665 790.859877
2 401.213480 838.077400
1 550.861056 792.383457
1 383.954261 672.935834
2 400.620169 778.480432
2 437.544584 820.896687
1 822.570945 295.209373
1 796.388864 306.657840
1 821.036917 304.551643
1 829.830806 294.046739
1 821.918281 286.535242
1 819.703925 311.468283
1 819.562622 309.232983
1 802.629404 300.577595
1 839.125300 303.166866
1 819.550908 293.675277
1 823.128751 297.453261
1 816.029020 288.743721
1 823.478148 298.508401
1 821.751465 291.149601
1 818.087407 302.558102
1 815.426318 276.391480
1 825.283169 296.602609
1 818.450751 282.660983
1 820.312877 300.045297
1 819.187439 300.062221
1 804.173060 292.202385
1 820.927539 293.228590
1 822.934482 292.983958
1 828.970412 303.746897
1 820.841994 316.170513
1 815.418058 296.885520
1 819.024018 294.624643
1 818.992631 313.060734
1 819.454788 297.964086
1 839.922837 300.968418
1 814.089782 286.227806
1 814.952164 321.010370
1 825.252307 296.898763
1 803.852044 302.353583
1 809.983797 301.390875
1 823.426854 290.314283
1 799.510615 313.051670
1 837.694861 287.564907
1 831.735188 292.686087
1 805.251090 281.217554
1 834.640377 300.015460
1 819.206725 279.764840
1 822.409595 321.539671
1 803.484546 312.865743
1 821.588987 277.873229
1 817.297562 303.155753
1 814.325253 299.945888
1 826.184956 286.264424
1 805.850596 332.686480
1 828.953126 307.679549
1 842.179552 295.083725
1 817.772007 292.843354
1 870.720430 245.344425
1 793.069963 330.413847
1 856.413077 297.846220
1 767.639682 299.627009
1 813.016588 250.311882
1 821.145405 321.003506
1 845.804676 299.174829
1 794.785092 320.345122
1 732.706560 327.155335
1 797.705391 271.991906
1 830.469364 300.914443
1 838.428127 302.088857
1 845.632554 274.353309
1 811.486196 289.806632
1 805.362823 301.428959
1 774.206511 280.491882
1 762.005270 286.633998
1 778.449099 260.114510
1 754.320536 331.265205
1 856.121738 275.535435
1 823.948671 296.957171
1 826.161231 296.261062
1 802.470028 308.989587
1 849.964563 246.520895
1 827.581376 321.540793
1 786.466237 316.674062
1 801.682105 282.339661
1 857.713077 275.844516
1 813.881887 299.822303
1 863.988201 305.081736
1 769.416764 321.467983
1 835.488119 262.662192
1 809.245794 265.077515
1 856.322687 315.930128
1 806.826711 294.497963
1 850.688964 304.370590
1 840.894637 283.821255
1 821.361561 306.283119
1 816.273696 260.049938
1 739.833951 298.654151
1 798.613319 252.963128
1 824.796546 272.018759
1 816.015358 327.438574
1 864.941544 288.412018
1 779.109971 314.786112
1 821.316439 305.858114
1 837.979942 282.253647
1 857.294441 279.829819
1 778.447331 299.084506
1 801.282954 318.467876
2 840.676232 608.621616
2 852.475574 633.410839
2 846.066883 625.840064
2 851.954105 627.968782
2 854.026035 648.220403
2 839.991632 615.530566
2 853.077069 632.163393
2 838.369887 634.561641
2 841.955730 613.519406
2 866.584727 624.813974
2 828.963805 622.449259
2 852.416090 642.763955
2 837.016986 614.694498
2 840.738615 643.357703
2 843.478089 641.697435
2 838.721206 644.038280
2 863.400528 639.149061
2 859.753973 642.335668
2 837.233535 635.162835
2 853.881323 619.546542
2 850.632442 625.157595
2 853.359522 611.015333
2 850.418268 615.658842
2 858.067359 619.559308
2 857.351504 643.163369
2 850.318600 639.521488
2 835.521914 631.914579
2 831.556330 614.604932
2 850.077215 631.957816
2 856.027421 643.177058
2 852.373098 634.690302
2 851.245743 630.290808
2 836.293860 616.051164
2 853.265255 626.674026
2 848.812040 628.612968
2 850.192135 635.737483
2 854.054095 633.278565
2 849.995893 630.763458
2 834.979246 636.262926
2 855.763583 644.513919
2 846.730506 607.687930
2 856.436795 633.342058
2 852.717873 632.804110
2 842.090755 638.151091
2 850.444308 630.218780
2 850.868218 630.077384
2 841.498960 633.550477
2 831.691895 631.432495
1 840.394314 348.148817
1 824.285492 337.848217
1 877.429646 336.434836
1 784.197184 346.008135
1 828.966958 346.429243
1 810.347326 377.877831
1 786.983770 341.506451
1 817.997247 353.140374
1 776.236916 342.525601
1 793.262779 340.316529
