1 186.819888 180.064576
1 214.176846 164.074055
1 182.952212 174.534474
1 206.669392 164.939290
1 196.768541 177.505941
1 210.958168 179.125455
1 211.836927 174.842533
1 189.331589 163.877402
1 203.527437 163.832954
1 193.067098 161.343859
1 199.534577 179.521387
1 201.970054 177.160632
1 209.442568 186.467994
1 180.724814 194.967207
1 203.531713 193.973627
1 193.107182 173.501593
1 196.032144 186.401373
1 198.853969 176.148251
1 192.250519 197.907028
1 194.037276 181.435106
1 199.799649 178.648621
1 183.153069 197.091140
1 188.637822 183.889312
1 211.479674 193.053529
1 199.410362 165.275356
1 200.678000 184.928028
1 178.902086 190.791062
1 210.518514 165.218820
1 201.121318 185.842062
1 185.497611 180.646397
1 182.344040 172.955946
1 194.792092 166.717099
1 215.404842 195.972708
1 209.131122 169.530986
1 205.148379 156.622375
1 203.190361 193.766879
1 225.104431 209.708939
1 220.360531 244.515561
1 176.739184 135.208712
1 172.608174 171.953829
1 213.565195 202.422470
1 190.846226 189.823792
1 219.434065 150.386308
1 179.414611 162.296681
1 156.647009 194.987930
1 191.593486 186.722515
1 180.683272 192.526306
1 186.629657 241.135435
1 198.312782 177.122628
1 200.594765 129.332293
1 168.205869 242.131284
1 207.788997 250.191209
1 223.729506 205.416568
1 265.693001 202.285773
1 166.586742 176.573718
1 186.024436 166.928071
1 173.659880 162.418338
1 209.253156 148.303243
1 166.961323 183.915185
1 201.044359 206.663051
1 211.171275 151.166871
1 200.014391 223.905886
1 206.199556 209.203129
1 221.017498 180.245861
1 169.321116 171.881538
1 170.731793 257.704708
1 218.693465 155.063550
1 180.853033 173.268152
1 176.487228 193.735057
1 258.656119 166.595184
1 152.382084 133.376395
1 163.654352 158.842052
1 190.793278 251.995624
1 178.303900 169.094615
1 172.234102 115.574121
1 230.670751 175.300498
1 119.886280 166.449924
1 223.273529 167.854225
1 218.181568 231.346861
1 217.841721 194.207518
1 171.494467 250.491391
1 161.144341 208.184411
1 211.591966 204.543839
1 105.113238 153.499374
1 206.430110 165.781985
1 201.008456 254.485866
1 247.684464 216.363936
1 183.116893 183.773006
1 221.063295 170.774552
1 212.784663 171.681017
1 175.497596 228.434726
1 133.246486 210.382785
1 238.038838 210.344015
1 154.162333 190.091237
1 201.044916 209.244210
1 199.668940 243.256500
1 200.503468 228.454341
1 227.128954 118.967527
1 162.557813 172.945611
1 190.833757 221.635416
1 164.155297 219.877600
1 241.040301 178.944010
1 164.260581 157.183905
1 234.301580 238.246267
1 225.250738 144.363463
1 167.974156 172.380745
1 236.655461 211.734052
1 208.305566 163.178726
1 145.719016 192.943187
1 201.707876 186.207757
1 218.687964 217.638872
1 181.745872 162.504450
1 135.511651 266.310060
1 190.483557 149.261148
1 215.322790 239.687707
1 173.531874 131.382569
1 181.191945 210.402970
1 171.876468 190.912017
1 203.515944 232.578477
1 207.205490 183.892445
1 200.918268 170.086437
1 184.506179 141.413709
1 115.464180 187.750166
2 59.664177 453.414726
2 50.576305 436.787278
2 58.482343 434.984402
2 51.425367 440.837784
2 43.175214 434.119097
2 75.720087 415.002922
2 63.347146 425.863559
2 72.406240 438.663397
2 68.614963 418.307461
2 67.604440 409.186050
2 50.591738 412.758446
2 74.532559 427.224107
2 56.673980 431.836704
2 39.766784 432.656259
2 54.629899 427.696813
2 39.445893 422.065107
2 64.010856 425.553187
2 64.184752 413.590620
2 60.792721 428.363508
2 61.668450 429.694248
2 56.705041 425.612133
2 63.494198 428.757342
2 62.089104 430.141319
2 43.408837 443.731623
2 62.548742 428.029501
2 65.727367 424.865274
2 71.831915 415.201987
2 61.552714 420.683760
2 54.332525 422.651007
2 65.391002 431.691994
2 45.589576 434.050779
2 63.955935 438.324871
2 40.333242 444.457525
2 47.776520 438.419990
2 83.859896 425.730642
2 51.250547 447.591653
2 86.550648 423.041260
2 14.232661 469.087450
2 51.733501 453.175483
2 58.942546 385.217896
1 316.916920 568.702787
2 74.091810 456.217794
1 309.643469 559.320568
1 331.627531 636.820555
1 296.109296 567.815842
1 327.114116 643.077857
1 137.580917 790.113407
1 148.767415 779.060031
1 148.218661 777.629893
1 138.908182 789.084680
1 146.418749 784.457072
1 160.131038 787.909778
1 150.308837 780.140365
1 157.117436 792.632554
1 158.460107 771.246079
1 146.027089 803.146904
1 157.586055 786.824144
1 154.737368 774.207855
1 153.580006 777.188003
1 150.928066 781.749938
1 161.261873 761.410870
1 149.508251 763.863873
1 144.243613 785.552113
1 163.909595 777.338638
1 146.093343 790.984559
1 136.628337 785.524255
1 140.338804 770.199865
1 135.578839 792.133503
1 150.762099 774.299002
1 129.636304 786.653029
1 150.481933 780.709372
1 165.789670 780.267917
1 170.979326 792.811980
1 143.297630 795.898551
1 154.225798 768.676333
1 146.283493 780.222102
1 156.864742 796.891839
1 161.861036 758.807051
1 128.360333 771.670554
1 157.033526 783.322430
1 154.356766 782.354495
1 171.076966 768.126136
1 149.792901 793.426537
1 144.477388 777.595097
1 165.961065 763.317471
1 160.573092 762.600482
1 161.613313 776.728080
1 147.940722 810.752973
1 163.904792 836.361065
1 145.034822 813.960544
1 171.953775 783.193646
1 127.923664 816.427188
1 136.205096 793.872648
1 191.624992 761.275251
1 130.518338 814.791074
1 112.413781 817.671020
1 208.748825 819.715235
1 163.840790 778.988306
1 179.199417 771.159435
1 169.266068 741.367334
1 111.748467 815.478984
1 164.576656 786.237269
1 148.850960 774.311689
1 207.157207 757.927773
1 109.150452 824.208983
1 98.874609 829.892427
1 124.431836 769.577000
1 153.308080 761.094356
1 332.934824 684.620292
1 165.371521 789.051734
1 240.699360 755.942548
1 148.749028 722.003166
1 178.495969 751.914553
1 156.949399 749.793342
1 184.931787 748.740493
1 153.841999 809.385661
1 159.232198 863.969746
1 142.127152 775.281483
1 186.175515 781.509507
1 182.299990 770.323578
1 151.767161 849.220661
1 156.286561 807.347959
1 134.207775 805.218146
1 170.436876 822.962247
1 154.946991 766.999861
1 144.038906 833.144034
1 164.867014 765.637364
1 222.277147 771.862017
1 140.359915 766.701097
1 109.150452 824.208983
1 127.322526 825.227225
1 257.766988 817.691492
1 202.899940 789.946593
1 193.898622 759.011300
1 154.024714 798.498072
1 145.262584 797.068280
1 172.323965 773.813810
2 330.175501 847.915992
1 134.547536 829.709843
1 173.902069 764.715872
1 148.749028 722.003166
1 177.828589 730.926014
1 155.324111 757.666500
1 140.830741 773.207050
1 161.810891 763.215279
1 99.223213 769.554718
1 213.858910 761.281652
1 185.105276 791.923391
1 187.057516 767.703888
1 194.895169 822.489932
1 110.329701 821.580975
1 194.898736 743.030608
1 151.741207 744.241046
1 166.951600 833.124460
1 188.309553 729.844094
1 174.701189 769.953308
1 145.848175 810.497834
1 143.639023 782.772611
1 103.025948 828.168996
1 139.149214 740.709499
1 212.569240 799.902107
1 157.357014 808.864244
1 164.095270 777.137996
1 122.998198 777.363821
1 327.126087 706.296517
1 124.252295 773.681517
1 155.415879 822.529001
1 158.349412 822.413925
1 130.962910 818.318934
1 139.416322 790.570321
1 134.736907 796.533063
1 117.582573 815.539167
1 173.448088 775.134645
1 181.660741 764.292987
1 169.178082 798.187234
1 112.972172 710.345613
1 129.545818 766.711300
1 165.390283 804.521854
1 205.430526 774.341955
1 143.638158 780.602243
1 144.809246 737.302769
1 167.099615 719.513447
1 190.532438 757.230067
1 128.134739 722.265152
1 165.836856 792.434561
1 126.593151 770.965637
1 161.675877 788.025581
1 105.420865 787.248801
1 195.113245 748.671585
1 166.558744 800.490277
1 123.282809 793.253285
1 110.535799 857.135531
2 499.585782 134.991032
2 487.072859 134.072046
2 483.869978 133.688808
2 506.632547 149.885286
2 492.965995 129.845313
2 518.370217 137.655406
2 500.372290 132.347817
2 487.886167 155.139001
2 493.720714 134.765195
2 500.592111 143.538737
2 494.685072 156.280964
2 516.707945 155.811111
2 493.952420 155.236588
2 512.198795 143.865391
2 498.891104 142.434045
2 503.838197 164.691625
2 496.084056 144.129262
2 493.997559 149.054409
2 516.354893 141.664266
2 497.273132 140.416961
2 480.665799 140.519273
2 491.863470 139.404843
2 484.169628 124.939385
2 500.296424 143.208910
2 502.431803 130.208756
2 488.163780 137.309645
2 497.665782 137.406016
2 504.235634 136.967520
2 507.121802 126.362128
2 504.037112 143.205893
2 519.923327 144.451390
2 507.237126 134.154348
2 495.384363 140.921447
2 520.065446 142.572758
2 485.296409 121.877189
2 495.878229 119.440463
2 496.030645 123.747582
2 493.186382 104.618701
1 409.232629 630.668999
1 407.023245 639.978443
1 393.944144 650.141133
1 399.197276 650.149638
1 405.431374 649.333913
1 391.300101 656.779568
1 399.486811 646.725757
1 395.487644 652.575963
1 399.326209 652.158784
1 411.968041 650.520766
1 398.848586 635.686138
1 391.609420 665.205160
1 409.607785 663.929181
1 389.841955 658.005263
1 400.774781 650.308213
1 399.641320 649.664334
1 400.950645 653.944074
1 396.906714 642.965381
1 381.955513 645.056636
1 405.424793 638.575822
1 381.367666 653.613494
1 398.660293 649.819049
1 401.354440 647.757411
1 390.971265 647.465206
1 405.861198 641.062399
1 398.602001 647.378318
1 411.539163 654.654595
1 401.664526 639.774492
1 408.226809 628.395687
1 415.984239 646.909203
1 399.215922 650.971434
1 423.036678 654.281203
2 556.654560 492.168320
2 566.327921 479.929622
2 559.645556 478.749257
2 542.108217 474.036524
2 563.369408 490.282628
2 573.381410 471.477110
2 559.161220 474.688788
2 557.486451 481.565274
2 556.840378 498.166857
2 563.704203 473.647680
2 558.252617 486.808067
2 558.899972 479.781194
2 548.343974 488.373185
2 569.635254 470.297255
2 565.753896 479.453980
2 552.993692 480.154732
2 545.797056 473.774194
2 567.445625 494.042759
2 543.069621 483.761617
2 547.655082 458.294657
2 561.074381 495.485274
2 563.167474 480.654356
2 566.168079 497.857587
2 557.684401 461.115869
2 552.590856 490.349685
2 560.512513 470.929234
2 544.830961 464.668945
2 564.947799 458.268381
2 567.193653 481.763242
2 564.631733 472.059136
2 559.099342 479.038836
2 580.142647 476.366680
2 565.634408 455.665149
2 557.992754 503.939145
2 564.291244 478.719299
2 544.664903 471.243575
2 545.146850 474.591171
2 568.669514 482.475636
1 356.633172 642.882350
1 441.350791 636.482954
1 400.640199 621.430219
1 409.215834 644.254185
1 401.333544 659.924694
1 372.378257 639.737058
1 386.312194 664.835635
1 379.564926 651.818839
1 389.756283 646.798555
2 536.859708 538.539839
2 558.244554 492.640678
1 387.842509 655.738993
1 412.758124 625.978962
1 397.557369 650.661405
1 385.162814 630.126740
1 373.874582 609.203361
1 391.215034 662.852649
2 525.588150 498.605250
1 396.765951 644.746294
2 551.363243 482.036590
1 408.110929 627.323926
1 416.776773 659.588141
2 490.931610 489.471706
1 367.440119 648.689458
2 526.149103 459.391134
1 390.798553 639.037412
1 351.918252 662.560804
1 501.798375 652.440097
1 401.745184 662.047704
1 373.304195 643.014069
1 419.318022 636.833198
1 430.729957 555.499024
1 433.741556 645.854615
1 435.070222 604.108654
2 519.890247 459.259273
1 393.100590 622.903633
1 386.931796 629.163762
1 362.359985 622.933888
1 399.949322 596.997330
1 393.912674 663.289211
1 451.292044 628.578863
1 401.799803 575.310366
1 426.857557 660.189166
1 421.806827 636.755401
1 393.619168 643.648042
1 420.497535 606.853608
1 415.630685 646.796194
1 378.085496 639.842057
1 349.116245 630.106070
1 407.480147 550.256687
1 397.555378 618.144268
1 373.895072 660.256561
1 391.503042 643.057822
1 393.796430 577.883873
1 548.382490 647.767388
2 629.335773 473.528846
1 350.343979 632.199696
2 581.624756 493.327678
2 557.840988 481.239827
1 387.911924 633.350131
1 424.860689 633.417822
1 340.767259 578.193958
2 631.253891 476.392475
1 430.401003 636.027467
1 382.181214 665.438421
1 369.911293 627.413581
1 412.119789 656.048144
1 463.555270 662.345999
2 485.025191 511.119188
1 436.479988 647.208108
1 418.474104 649.581511
1 356.988301 650.633551
1 395.501991 630.624058
1 398.603337 642.582334
1 407.390179 657.651748
2 537.359067 430.372946
1 417.294721 636.461720
1 363.553203 629.681600
1 411.657923 649.370536
1 385.568127 629.574540
1 407.868198 631.775340
1 407.036865 652.124728
1 405.807160 645.695222
1 406.967843 656.440066
1 393.766652 654.271311
2 546.405951 537.451983
1 406.306911 625.718505
1 388.342386 620.185915
1 401.806045 642.121962
2 568.727183 503.407729
1 432.947735 663.733691
1 374.406592 625.472882
2 541.029750 576.355338
2 605.005418 489.212371
1 341.185005 624.913730
1 393.605501 644.449776
1 378.918253 626.716173
1 445.896617 658.696445
2 611.115377 479.849053
1 368.684337 595.449502
2 610.835071 474.190549
2 532.860476 489.714448
1 395.385302 651.631663
1 430.182586 666.121899
1 403.810085 637.396229
1 365.859363 607.115903
1 418.597364 629.481467
1 420.675501 638.605431
1 502.530038 605.572250
1 356.798614 620.131050
1 356.156224 640.764617
1 366.350785 630.292991
2 576.862638 496.720446
1 398.152032 656.582032
1 392.114856 668.457714
1 394.954126 674.308099
1 395.577588 668.116983
1 394.221399 669.527537
1 554.016372 799.904415
1 581.751516 787.336215
1 566.340280 801.260464
1 570.123937 800.021367
1 591.474880 793.367133
1 567.376086 804.549630
1 560.549366 808.971070
1 583.242380 791.272099
1 572.751738 801.405733
1 552.745377 812.852118
1 564.153244 803.367135
1 566.634687 799.764181
1 572.759855 799.243772
1 574.622078 798.789140
1 583.571398 807.125762
1 584.509425 787.087501
1 572.145453 786.877142
1 574.188549 798.183811
1 555.463841 818.504065
1 568.084256 806.421477
1 556.173005 808.304817
1 559.722450 798.231480
1 554.189676 788.492689
1 570.431892 804.553449
1 566.122417 793.535738
1 556.450136 801.912863
1 553.909713 813.565870
1 588.384833 811.338194
1 564.321143 806.739449
1 546.552111 799.804377
1 578.038975 812.878854
1 570.841369 788.925269
1 577.269699 796.321275
2 402.161750 844.896420
2 378.960659 833.429814
2 411.442228 835.670410
2 399.890100 830.041025
2 387.390942 851.011779
2 405.207302 850.738799
2 397.114311 827.173351
2 401.636197 813.259206
2 401.312932 830.117661
2 387.290173 814.781166
2 402.382769 830.642689
2 397.509522 816.278095
2 411.152661 844.794265
2 395.711069 837.208026
2 390.150597 825.066402
2 399.501159 818.059710
2 376.583223 838.678080
2 416.083383 812.282884
2 385.918454 817.639902
2 413.065501 846.807698
2 415.642324 835.764118
2 408.008256 824.890422
2 390.094158 829.951194
2 398.878255 849.165779
2 401.366324 848.649844
2 399.819838 837.191383
2 405.832256 845.406995
2 398.449407 821.013905
2 418.329704 828.496631
2 400.384027 826.575821
2 391.501291 844.196585
2 402.664223 816.254259
2 402.357607 815.581699
2 393.088402 831.176945
2 397.917414 854.296024
2 388.306593 841.258806
2 382.629465 844.753000
1 386.777629 678.640937
1 596.190055 786.715963
2 335.618715 828.443404
2 423.145856 820.467268
1 567.821331 798.908866
1 554.757051 839.574641
1 359.391705 674.792666
1 583.625696 808.641425
2 406.068998 874.796776
1 612.956076 832.094963
2 391.681564 809.820258
2 403.684775 764.050044
2 388.958877 780.153371
1 409.517262 686.692847
1 596.577810 805.182701
2 377.088230 846.733720
1 592.927204 804.997354
2 420.894519 834.406417
1 580.594854 758.791749
1 596.997025 762.931425
1 561.360008 794.928103
1 557.342497 781.570593
1 586.919710 808.214718
1 400.252230 687.436392
1 575.161938 800.670858
1 554.619532 791.931300
1 559.789261 787.127792
1 526.770961 782.282396
2 438.464827 874.028945
2 391.706430 837.364267
2 388.182801 823.652676
2 380.992221 804.036271
2 431.666089 822.838099
1 532.233088 845.781752
1 564.434013 797.177383
1 539.303749 826.889207
1 576.291966 796.275610
1 398.196242 668.837853
1 599.165644 802.399874
1 576.375411 783.826434
2 385.851358 812.346257
1 407.389959 667.074198
1 571.325792 808.814466
1 490.657633 690.190778
1 569.089441 773.954151
2 344.813596 852.385367
1 565.771234 854.849095
1 578.106349 853.723181
1 566.500835 837.927364
1 584.855782 849.786349
1 530.657032 810.075537
1 525.913441 845.046339
1 566.193407 755.001579
1 520.629662 817.867301
1 568.834412 782.206972
2 423.209958 836.479824
1 569.149961 803.586753
1 559.212336 810.424535
1 503.748296 831.556471
1 527.154280 845.478457
1 393.200779 715.886961
1 580.428487 803.656913
2 435.738288 878.319954
1 561.150528 805.900829
2 447.037993 850.540708
1 531.823731 853.457353
2 407.280238 784.917657
1 635.762371 793.438958
1 585.067711 792.528837
1 414.944815 674.562546
1 571.504999 805.084965
1 590.301808 761.351986
2 397.401092 839.460666
1 518.445596 828.459901
1 515.980156 796.152276
1 513.315564 831.236002
2 403.840577 824.388594
1 574.101228 751.271684
1 590.661882 809.037522
1 564.940320 819.654528
1 471.779345 721.812344
2 413.848820 821.010517
1 535.055314 835.581467
1 414.576123 694.594515
1 551.473297 776.607746
2 349.545254 809.327726
1 595.881700 771.875190
2 402.122604 865.328909
2 382.773160 815.403549
2 437.109049 862.399174
1 524.485562 837.988793
1 589.097387 791.354440
1 624.334130 767.342217
1 559.976756 821.009529
2 395.142430 827.809295
1 574.679619 789.553342
1 382.112880 669.605500
1 600.846762 795.549338
2 364.990216 793.714432
2 358.748828 822.850373
1 367.572484 698.464494
2 398.008229 804.574081
2 374.543563 860.528740
1 413.688545 675.952760
1 584.888128 801.207740
2 442.818323 875.053528
1 579.264060 767.458163
1 554.242023 842.312370
1 652.140247 770.571689
1 521.478520 848.684868
1 589.035753 786.597378
1 385.190903 679.881007
1 581.105457 779.943843
1 649.399925 801.333955
1 587.267548 795.896533
1 525.086869 879.697497
1 621.476048 815.585563
1 513.000605 846.691606
1 586.653732 742.964470
1 586.076248 779.977989
1 478.235039 670.250792
1 394.798140 697.876516
1 407.907327 705.789617
1 612.785851 889.263076
2 422.214790 809.583362
2 411.269159 894.633961
1 590.845649 787.454155
1 544.943456 841.742791
2 443.696959 895.621351
1 580.805235 771.743133
1 575.703529 784.889591
1 586.175567 798.013545
1 544.240413 767.767473
1 619.148153 754.157501
1 596.281320 813.828464
1 524.106750 820.141255
1 355.392427 700.589947
1 545.062551 836.103650
2 361.356106 786.057187
1 603.383786 813.812739
1 590.835828 774.850584
1 564.353015 790.293507
1 567.489876 750.689110
1 592.864883 774.388193
1 597.385212 832.179758
2 437.098501 806.966205
1 599.505939 744.791180
2 365.765953 823.356955
2 377.148174 826.422722
1 597.652691 826.357802
2 437.990794 898.034740
1 425.600339 677.843967
2 376.998510 839.749954
1 473.091509 834.957156
1 588.936951 821.542855
1 516.391057 830.222451
2 406.724788 876.328822
1 610.419931 845.077254
1 575.264951 788.945843
1 578.991357 802.888792
1 639.148142 781.310612
2 367.095209 909.471221
1 505.821305 832.629777
1 579.387912 778.962143
2 402.324759 871.312760
1 618.957390 700.386674
2 463.168065 795.696429
1 379.162472 694.896570
1 551.259958 800.123925
1 415.814513 675.890813
1 585.235624 774.218187
1 572.859722 831.285678
2 405.847429 857.663328
1 520.036396 797.024148
1 548.467759 800.997156
1 420.221167 687.147059
1 633.910184 787.085444
1 377.938724 667.882680
1 550.565117 817.880346
2 388.181594 836.900263
1 360.184561 669.126382
1 386.136713 671.043488
1 561.268852 825.946812
2 403.233444 848.486398
2 457.244334 894.281853
1 564.777596 855.736578
1 617.796116 813.866696
1 608.315752 741.657542
1 601.730344 820.704123
1 580.933883 804.657370
1 515.082159 787.889594
1 618.462353 799.176269
1 539.193283 711.051460
1 453.127507 746.107246
2 386.323275 815.254204
2 377.551766 824.096846
1 494.462918 823.298220
1 561.808251 832.725256
1 566.988651 808.213650
1 572.346257 822.738134
2 405.279986 779.594009
1 345.722972 676.064857
2 387.776455 832.553727
1 379.243176 670.495873
1 560.451904 842.759831
1 562.495441 809.926189
1 424.265700 667.932455
1 483.553027 888.576516
1 551.502551 785.402426
1 553.722726 694.126046
1 342.898495 690.650294
1 600.858419 801.721858
1 526.661668 829.296193
1 370.544639 713.008500
1 581.129242 801.750295
1 561.179955 819.965398
1 558.190249 822.590325
2 379.874942 808.362715
2 424.515127 832.443392
2 404.265545 851.285259
1 544.175700 780.237730
2 394.955871 825.722659
2 410.223175 820.120642
1 556.309302 840.908499
1 551.803055 842.985682
1 592.364000 803.084464
1 539.301325 783.998106
1 600.255467 792.300205
1 540.047038 842.799300
2 371.053039 795.574019
1 569.290007 788.555950
2 404.290711 813.623424
2 420.730447 833.152157
1 570.111640 757.842539
1 545.763131 849.079822
1 406.540039 692.083345
2 419.619789 843.634096
1 554.866252 789.262187
1 605.212042 845.898198
2 356.341533 807.826936
1 601.875674 772.876530
1 400.983728 670.339130
1 384.454748 703.942425
1 505.276779 731.004861
1 576.938913 737.961728
2 408.677152 840.553503
1 611.639936 766.182667
1 519.254130 784.318936
2 374.345889 813.505702
1 600.454442 798.370117
1 569.999450 796.730480
2 450.745823 869.333819
1 537.389543 765.390441
1 528.983509 759.804534
1 384.494759 668.573345
2 397.713182 787.153767
1 378.908336 667.342600
1 651.769218 808.040389
1 341.991724 693.540253
2 411.944564 862.009238
1 648.413638 791.127292
1 544.650615 804.625969
1 542.594959 740.690712
2 437.087274 893.531563
1 385.852106 700.289528
1 597.601270 865.197576
1 388.671401 686.363868
1 412.191621 699.826115
1 431.141714 724.787601
1 603.943394 764.660958
2 402.149856 800.572542
1 580.521344 761.047064
1 633.819478 819.290441
2 374.184514 871.149479
1 416.674515 687.599298
2 406.974102 775.359194
1 604.178914 711.963785
1 561.510032 810.078294
1 571.991469 795.870595
2 393.893805 780.468084
2 387.057741 851.523873
2 434.367306 783.881281
1 555.273065 758.861953
1 598.838747 831.104784
1 548.110538 798.237412
1 572.036687 770.735756
1 543.389969 777.693285
1 382.746683 741.537682
2 388.555850 867.770155
1 375.487196 689.805815
1 587.213840 874.360640
1 634.043587 777.043730
1 362.773468 727.302223
2 406.639013 808.017649
2 404.333135 842.153371
2 384.357379 850.146488
1 364.665114 749.624598
1 552.983915 841.281674
1 589.248466 801.360045
1 602.201295 840.699241
2 359.884132 880.805476
2 422.363100 799.203630
2 437.408764 812.147205
1 485.168177 875.620542
2 347.547588 821.540934
1 541.454144 870.291569
1 413.384745 744.903274
1 593.085663 805.171903
1 580.006004 783.528494
2 422.032063 864.242312
1 549.835952 828.152248
1 822.570945 295.209373
1 796.388864 306.657840
1 821.036917 304.551643
1 829.830806 294.046739
1 819.562622 309.232983
1 839.125300 303.166866
1 819.550908 293.675277
1 823.128751 297.453261
1 816.029020 288.743721
1 821.751465 291.149601
1 818.087407 302.558102
1 815.426318 276.391480
1 825.283169 296.602609
1 818.450751 282.660983
1 820.312877 300.045297
1 819.187439 300.062221
1 804.173060 292.202385
1 822.934482 292.983958
1 828.970412 303.746897
1 815.418058 296.885520
1 819.024018 294.624643
1 819.454788 297.964086
1 839.922837 300.968418
1 814.089782 286.227806
1 814.952164 321.010370
1 825.252307 296.898763
1 803.852044 302.353583
1 809.983797 301.390875
1 823.426854 290.314283
1 799.510615 313.051670
1 837.694861 287.564907
1 831.735188 292.686087
1 805.251090 281.217554
1 834.640377 300.015460
1 822.409595 321.539671
1 803.484546 312.865743
1 821.588987 277.873229
1 817.297562 303.155753
1 814.325253 299.945888
1 826.184956 286.264424
1 802.417800 273.717623
1 781.499261 283.483943
1 865.616523 260.914860
1 806.162156 300.044144
1 792.820930 324.555348
1 847.865077 267.130231
1 829.680916 290.027296
1 792.576897 312.281979
1 851.153744 254.381468
1 805.789616 285.354558
1 856.201086 282.102252
1 856.462012 296.083813
1 851.921716 295.374970
1 831.111977 290.765949
1 855.194234 270.835430
1 810.871248 266.767015
1 838.859665 305.643028
1 831.620740 247.470945
1 807.159174 322.361028
1 817.488818 296.751311
1 770.902114 292.864648
1 881.063210 310.636920
1 858.512494 273.051936
1 824.431271 325.733629
1 773.987190 290.610109
1 818.994236 291.681725
1 827.792001 313.493394
1 796.641902 242.850007
1 806.448307 328.802739
1 811.013091 305.940694
1 808.294882 266.410930
1 804.252076 317.592931
1 833.460948 313.455768
1 821.669010 295.742952
1 839.517172 325.891402
1 825.860233 303.081474
1 800.863118 238.639732
1 795.759697 288.545912
1 778.283912 274.448364
1 825.071565 269.742637
1 795.831151 324.451905
1 808.522137 285.604789
1 859.910423 244.086549
1 792.674771 297.138647
1 800.577134 278.335148
1 823.178009 314.567538
1 818.291267 323.818540
1 844.399360 332.088098
1 849.889529 186.541172
1 780.842531 250.331336
1 882.644093 284.635346
1 800.627002 307.484311
1 859.591681 261.466995
1 764.989241 280.493507
1 820.396406 277.847839
1 838.234790 322.217359
1 793.865269 288.766920
1 828.848462 264.220988
1 817.973241 316.640508
1 746.176476 278.839663
1 823.140170 288.624051
1 777.117677 316.413179
1 819.591376 276.634930
1 792.015762 319.949902
1 834.349119 267.593785
1 838.812319 286.314154
1 790.312316 302.947465
1 825.647600 289.070564
1 800.741865 301.688160
1 839.890329 312.171329
1 843.550486 296.995560
1 795.469330 263.348659
1 804.163798 215.451194
1 806.876685 307.412629
1 845.976135 273.048818
1 797.408841 270.548437
1 790.998007 238.922643
1 852.317623 290.640072
1 841.298066 280.013461
1 882.268895 285.180593
1 803.994900 304.664204
1 827.005637 276.683600
1 793.038254 306.415213
1 772.603139 327.716146
1 778.719918 261.475227
1 779.323395 315.450168
1 889.038378 278.536105
1 830.153352 294.593780
1 730.929187 274.009595
1 795.024827 328.319725
1 830.398455 286.848555
1 802.885600 302.866801
1 844.387915 208.383484
1 826.224491 298.619551
1 841.368750 280.399520
1 821.709105 319.144988
1 877.363720 312.252806
1 879.378654 231.225705
1 921.605534 249.456442
1 829.046311 228.503253
1 761.928786 287.785965
1 788.614523 192.617108
1 840.180076 327.726874
1 841.590534 324.255012
1 801.877307 240.745608
1 815.562808 281.919886
1 844.611767 231.429138
1 780.706794 304.987209
1 818.439558 249.877515
1 859.141408 307.512077
1 810.826847 225.707475
1 852.962019 238.995635
1 803.939792 305.855682
1 838.879067 325.172565
1 813.183097 277.641740
1 835.665398 311.781288
1 814.724692 277.323510
1 843.202235 273.196163
1 783.848813 304.270902
1 890.957358 207.492532
1 792.088616 297.795131
1 757.080869 324.152412
1 762.207475 261.843061
1 791.872898 319.267061
1 876.225254 276.656545
1 772.157745 264.644150
1 831.809656 267.505102
1 847.008747 312.450910
1 836.450956 314.845839
1 791.566180 270.924539
1 833.089252 303.982053
1 797.927276 318.040734
1 809.901774 237.251420
1 859.112094 255.471797
1 814.270025 313.318670
1 817.499841 299.502235
1 805.702921 327.132862
1 819.022282 277.369470
1 819.162098 321.185424
1 776.846220 288.397518
1 855.437401 281.590538
1 807.395614 310.553473
1 903.319752 275.989471
1 874.702951 315.377447
1 830.031676 272.912527
1 796.700482 296.847279
1 806.403871 284.595404
1 822.264105 316.861815
1 759.725433 330.135272
1 859.516021 308.301085
1 874.757281 234.891922
1 835.131587 309.979704
1 878.673773 274.771017
1 806.980044 293.464119
1 783.700838 281.041490
1 783.408410 325.638282
2 840.676232 608.621616
2 852.475574 633.410839
2 846.066883 625.840064
2 851.954105 627.968782
2 854.026035 648.220403
2 839.991632 615.530566
2 853.077069 632.163393
2 838.369887 634.561641
2 841.955730 613.519406
2 828.963805 622.449259
2 852.416090 642.763955
2 837.016986 614.694498
2 843.478089 641.697435
2 838.721206 644.038280
2 863.400528 639.149061
2 859.753973 642.335668
2 837.233535 635.162835
2 853.359522 611.015333
2 850.418268 615.658842
2 858.067359 619.559308
2 857.351504 643.163369
2 835.521914 631.914579
2 831.556330 614.604932
2 850.077215 631.957816
2 852.373098 634.690302
2 851.245743 630.290808
2 836.293860 616.051164
2 853.265255 626.674026
2 850.192135 635.737483
2 854.054095 633.278565
2 846.559716 642.299393
2 834.979246 636.262926
2 855.763583 644.513919
2 846.730506 607.687930
2 856.436795 633.342058
2 852.717873 632.804110
2 842.090755 638.151091
2 850.444308 630.218780
2 850.868218 630.077384
2 841.498960 633.550477
2 831.691895 631.432495
1 820.600215 344.920374
1 744.044153 340.514118
2 865.965004 633.203718
1 766.266275 362.679948
1 811.600512 338.318861
1 797.050596 351.009874
1 843.482694 350.039988
1 867.959495 346.454847
1 797.818222 334.463827
1 777.251995 361.922667
1 812.733362 344.062840
1 761.250346 379.876921
1 920.017499 354.185866
1 846.163358 335.612813
1 893.004707 336.345145
1 883.612460 361.657687
1 852.624885 333.682916
1 781.464029 336.851886
