1 197.585379 68.536473
1 227.392955 302.192280
1 230.003390 178.856653
1 314.414491 210.164995
1 67.476189 260.100194
1 140.683214 156.090703
1 327.772860 137.490116
1 24.904997 303.394023
1 173.588134 18.022255
1 104.480227 300.510895
1 48.617216 75.470187
1 61.422672 151.633035
1 239.003649 113.693761
1 69.832090 331.992364
1 263.906661 32.168027
1 85.354037 176.337397
1 188.429640 110.722341
1 85.447888 324.330994
1 241.341109 212.649048
2 311.303603 181.219448
2 296.287722 49.767000
2 304.295869 104.174248
2 218.346695 214.268148
2 22.485585 138.729812
2 6.199062 263.813075
2 274.374649 192.921543
2 111.295531 220.133324
2 262.440707 310.060783
2 23.491015 238.615023
2 208.130459 204.658832
2 160.450556 37.472569
2 327.701120 223.464263
2 84.408012 75.818389
2 49.404244 283.744333
2 259.220601 265.894176
2 27.811361 294.507556
2 70.388703 330.014283
2 75.593692 277.491447
2 68.494765 61.885264
2 138.617246 81.614730
2 129.997594 243.710430
2 82.412880 141.234770
2 159.875039 88.026675
2 69.140203 105.949610
2 28.657664 4.273275
2 298.526617 264.681685
2 56.607664 307.899096
2 26.267607 21.270480
2 321.298975 54.299931
2 264.232769 249.187822
2 255.375288 185.264193
2 112.895202 19.652235
1 297.669903 312.864961
2 303.245753 293.416100
2 170.522067 55.891284
2 229.800230 47.631129
2 238.950625 282.270929
1 73.491688 21.425467
2 321.934538 287.415903
2 307.030707 197.089888
2 63.213730 123.229135
2 230.060406 219.728349
1 179.272594 73.597521
2 106.035628 236.047527
1 135.412780 182.357379
1 98.379017 29.711251
1 293.459139 262.736456
1 7.760339 298.286547
2 305.285382 236.741954
1 77.365910 27.267689
1 132.055960 185.012683
1 78.520707 185.754221
2 46.834262 37.597532
1 212.803044 141.306965
2 299.383122 243.211880
2 52.228083 281.609469
1 131.300355 214.167563
2 27.635160 79.793061
1 163.491249 479.108492
1 58.795044 497.863921
1 219.538441 433.763289
1 221.169798 380.067057
1 194.360526 412.161575
1 259.142315 558.966514
1 189.382456 509.944123
1 299.019580 518.467157
1 230.529024 558.307207
1 218.647039 658.015779
1 206.277293 379.037724
1 193.212425 450.287582
1 235.155047 472.810310
1 105.358924 407.332115
1 204.424429 617.270977
1 152.879955 490.706121
1 30.461587 417.075698
1 47.585308 647.157558
1 196.074973 595.980173
1 184.756866 572.805023
1 276.358118 413.278334
1 284.242584 396.271092
1 102.107081 634.761869
2 173.855350 592.209000
2 115.556649 362.056388
2 252.749137 558.805498
2 273.631074 376.147589
2 255.596079 399.658589
2 134.712736 598.533107
2 330.712272 586.209813
2 197.531141 498.212117
2 233.907174 613.206898
2 281.478477 407.085735
2 60.834130 666.560717
2 314.257561 665.376860
2 231.058875 589.727769
2 205.058867 651.079323
2 242.136558 463.384920
2 254.849018 547.807566
2 206.069341 333.801522
2 64.670478 522.482213
2 91.462422 610.635597
2 284.807814 501.714916
2 90.035731 550.198436
2 92.715450 413.027946
1 12.885194 618.023833
1 13.918655 611.158212
1 96.337925 604.967451
2 153.344903 539.345842
1 213.988065 508.868811
2 165.811432 605.366045
1 203.960465 592.987680
1 10.561835 613.813516
1 94.331435 626.894941
1 149.104272 522.828302
1 226.460952 434.385730
1 296.914298 342.019842
2 32.462438 620.607910
2 121.744340 620.402204
2 271.730770 409.140449
2 82.750410 598.714528
1 246.632948 394.139196
1 167.450093 412.858961
1 144.744245 511.214246
2 203.108037 665.114207
1 250.280728 407.380020
1 225.542793 461.974847
2 200.105649 571.672560
1 90.081344 380.482857
1 141.328626 514.961374
2 238.360875 495.507101
1 141.206045 478.484574
2 291.924514 368.790243
1 48.266927 388.952118
1 107.786443 606.978799
1 118.854795 646.832287
1 232.287132 401.970784
1 227.031903 413.563737
1 154.256596 697.091081
1 321.284877 954.658500
1 175.153870 719.705380
1 74.087412 798.805581
1 114.278012 944.504855
1 273.741613 784.874202
1 19.453530 890.267033
1 263.934164 694.517496
1 136.924088 691.493316
1 36.741120 839.077199
1 265.422237 881.274801
1 127.126240 953.447158
1 167.710973 983.034401
1 131.248527 879.788805
1 318.283908 854.352679
1 64.373245 872.201101
1 182.175276 940.294038
1 44.055137 933.189976
1 250.228455 871.586628
1 203.154321 897.236786
1 290.334198 928.099551
1 274.301190 683.853948
2 278.084093 919.242683
2 131.113662 912.742586
2 180.811485 721.035935
2 296.334759 892.508787
2 240.171921 802.840766
2 107.076504 909.006980
2 204.323078 741.582202
2 213.138510 672.667877
2 155.575248 687.687698
2 116.215981 692.181778
2 274.114663 758.089276
2 236.881243 788.766236
2 240.933586 706.704299
2 13.041661 803.003318
2 316.195059 764.532779
2 205.393524 890.153634
2 118.604955 699.130390
2 61.644076 900.865378
2 168.701846 780.767669
2 165.308361 678.683242
2 245.606666 798.682587
2 219.097761 795.967136
2 21.331296 998.623514
1 253.808205 749.113739
2 257.731258 784.056760
1 157.546641 871.876143
2 218.134239 820.871990
2 65.625415 908.448375
1 37.525899 944.229360
1 174.135338 921.387372
1 128.808907 961.199092
1 204.708270 738.048140
1 235.829673 758.129599
1 40.217352 860.839521
1 305.385147 966.767625
2 281.243451 818.097213
1 289.891672 945.970139
2 159.774763 929.298615
2 117.215178 953.466879
1 70.353251 925.277314
1 275.857597 893.889124
2 150.204096 708.047768
1 232.917389 772.005908
1 284.198564 802.333653
1 99.046577 960.710889
1 22.238820 869.855381
1 277.256356 912.342980
1 217.548452 831.507487
1 67.623048 908.445861
2 119.692213 713.944100
1 159.254140 731.814505
1 165.970307 702.551282
2 80.765589 999.183652
1 204.981310 942.404803
1 159.933496 737.130159
2 173.462174 722.186266
1 113.430582 931.661262
1 161.940577 706.405926
1 554.275334 217.325744
1 659.482798 27.387874
1 494.573009 201.953483
1 366.801041 295.120732
1 624.710932 4.766620
1 399.545331 170.074996
1 554.231944 143.679682
1 538.309617 284.726028
1 555.786333 203.063245
1 617.951880 303.828925
1 600.836980 316.081911
1 400.372799 10.856292
1 415.575331 234.658095
1 378.244299 230.097020
1 506.271850 286.688390
1 387.232029 36.243329
1 469.101412 153.836452
1 639.038861 132.143028
1 400.560107 254.793233
1 343.499290 58.704461
1 376.892342 172.228952
1 414.725986 88.442162
1 489.112664 165.513744
1 409.032608 238.411885
2 545.232714 69.819280
2 497.057436 147.554779
2 396.730953 108.485341
2 617.156866 302.006276
2 346.692532 131.045582
2 547.567860 119.249576
2 568.405990 298.771720
2 403.785010 190.942886
2 485.581418 1.609562
2 629.392762 195.655718
2 535.392808 232.240501
2 487.276280 269.425335
2 617.622418 208.299237
2 452.664790 48.360798
2 616.741788 12.729389
2 551.283602 2.600051
2 345.087822 55.576289
2 553.615903 138.542809
2 508.720626 78.371781
2 583.254824 9.354457
2 341.019188 293.961635
2 629.694619 226.715719
2 375.697774 56.666100
2 467.638588 215.260343
1 394.560762 96.955479
1 614.814011 112.293398
1 336.412721 167.554404
2 333.793422 79.203768
2 519.280717 53.458573
1 470.882513 158.318910
2 510.976750 256.597901
2 444.851637 46.674598
2 351.149806 95.949035
2 560.194036 279.595627
1 557.893059 103.051068
1 465.089597 176.935397
2 356.607602 34.031845
1 424.854339 72.690450
1 587.695353 82.811878
2 345.927120 65.261340
2 550.148140 120.262696
1 512.521284 157.133522
1 398.302481 55.733114
1 572.506620 178.741569
2 538.034021 58.700516
1 384.807758 218.562255
1 491.487283 156.139615
1 416.507087 92.924620
2 550.899827 109.637359
2 407.446125 150.314272
2 559.316348 213.323808
2 451.766597 214.884377
1 453.291354 147.560814
2 459.808084 43.051992
1 555.401665 216.804497
2 634.918193 214.432329
2 498.691122 289.039859
1 499.990926 132.550987
1 337.497819 498.309166
1 400.627405 354.314444
1 531.729551 438.009189
1 465.860585 497.771392
1 530.813643 627.469104
1 439.673418 455.271631
1 605.222508 510.639681
1 538.450583 385.941499
1 634.484924 386.131854
1 636.274505 643.814850
1 536.492319 547.066807
1 476.762103 405.179591
1 582.233200 512.266875
1 428.424631 359.832228
1 649.120156 403.353534
1 575.767190 358.325627
1 616.376797 646.466445
1 508.200340 343.851177
1 414.058782 537.756811
1 532.285224 549.423580
1 471.975369 344.255530
2 533.400303 599.213708
2 641.172031 627.485645
2 576.459885 523.426468
2 448.339665 568.537646
2 453.971741 647.496468
2 379.576731 453.259534
2 650.687050 406.399743
2 338.545480 618.229938
2 644.760365 509.502881
2 616.722677 420.477605
2 488.089405 503.064856
2 411.144280 406.662058
2 623.372161 468.380917
2 552.020073 656.825809
2 467.628122 554.710692
2 548.055822 583.751248
2 557.924016 394.976669
2 487.438303 384.154701
2 528.320052 391.491566
2 562.553138 558.126708
2 616.423212 525.475439
2 475.160978 406.484023
2 403.064486 466.049517
2 398.533265 589.718275
2 540.981224 355.940442
2 662.607590 345.115221
2 453.247525 585.231205
1 588.952895 363.117362
2 486.944822 387.266496
2 359.062575 566.549122
2 515.972468 436.963327
2 475.678527 405.058798
2 527.985559 578.981165
2 636.808018 485.292542
2 335.098251 542.055850
1 620.097352 628.471793
1 654.343730 391.070144
1 450.284249 399.375308
2 612.614548 566.122592
1 610.340593 497.136616
2 532.682222 390.749775
1 536.752561 533.677310
1 604.543736 385.558827
2 535.842920 641.482752
1 608.059117 651.694776
1 433.486114 349.184636
1 519.339281 739.861842
1 662.544581 850.616544
1 595.691517 676.109538
1 450.262727 972.000762
1 514.578574 810.166524
1 573.766390 747.255712
1 372.598587 849.859184
1 489.580713 845.742489
1 555.375538 872.662250
1 386.681430 967.360749
1 534.212399 935.118961
1 632.818256 867.544517
1 575.931702 827.643372
1 445.027406 693.433344
1 514.116324 880.708123
1 560.013102 804.072625
1 526.179331 995.142182
1 583.042329 701.874352
1 397.046499 880.540643
1 416.923185 703.356275
1 412.347251 890.888053
1 635.012244 862.428616
2 458.647282 888.125089
2 358.843302 932.203177
2 486.158226 701.801227
2 387.540374 943.278405
2 502.008098 803.772595
2 658.978667 687.662515
2 376.102059 924.033618
2 410.316333 800.393337
2 501.907144 883.835943
2 465.223297 959.861419
2 372.024948 827.011581
2 510.447942 846.363111
2 605.570660 885.512517
2 557.632724 776.662259
2 479.682360 718.267100
2 586.682614 740.667829
2 424.326101 922.616785
2 573.949316 771.258111
2 444.632350 769.252331
2 427.137828 896.014539
2 432.330753 767.295837
2 634.725527 904.321227
2 490.173772 705.255456
2 345.161844 771.372761
1 548.853201 821.180084
2 645.766768 902.075871
2 470.778655 696.868419
1 602.675372 837.320710
1 653.204409 751.211284
1 346.815963 955.273620
2 498.102994 948.725675
2 625.068930 763.841710
1 569.832346 715.083359
1 645.249551 849.546783
2 571.449883 759.192516
2 413.132630 968.109150
1 624.600311 855.427423
2 401.891336 974.766323
1 659.643326 744.511049
2 604.678621 745.833274
2 663.464308 787.905657
2 634.580109 750.787516
2 549.335509 812.410289
2 560.095817 889.847946
2 490.689193 671.396928
1 597.131645 965.024848
2 532.132421 832.415530
2 628.553575 796.671965
2 468.863196 700.731466
1 576.482405 970.905489
1 355.066935 842.929595
1 584.256177 676.738886
2 595.328382 790.040195
2 430.651293 918.707569
1 946.685645 109.988788
1 827.422182 105.188145
1 767.907736 98.066569
1 917.625834 122.586314
1 788.971267 268.132435
1 974.755801 146.535561
1 691.561735 314.308697
1 980.420592 68.781357
1 962.258994 313.001479
1 672.372467 90.696022
1 841.535291 300.881902
1 886.028776 301.519180
1 848.896776 101.239247
1 983.302944 111.420018
1 893.361030 289.998926
1 857.788573 22.876179
1 778.319062 153.347837
1 699.510087 290.988315
1 727.528044 274.202015
1 799.138123 243.896612
1 839.545475 84.013812
1 866.157609 248.868468
1 928.259221 68.468331
1 925.703512 260.486935
2 722.519278 299.405164
2 822.344151 161.353950
2 712.757922 330.332361
2 879.787301 294.005986
2 785.736209 193.188338
2 670.936081 239.491144
2 875.924621 256.132601
2 803.246346 171.690774
2 980.532567 95.485614
2 827.670306 273.804941
2 893.840095 186.712941
2 963.742458 276.499814
2 832.603590 18.087352
2 804.450220 289.370520
2 837.232900 322.303772
2 931.047050 81.067241
2 985.729523 320.669806
2 848.235397 11.428255
2 893.714932 139.460270
2 752.627736 165.661173
2 835.685507 164.206653
2 672.715336 96.579324
2 941.315398 214.493748
2 994.685188 322.310317
2 955.691257 300.622641
2 723.874090 61.354867
1 935.951842 156.667282
2 756.854885 180.469184
1 687.098699 164.218552
1 845.831277 45.838317
1 972.955151 62.633202
1 760.697226 290.371475
1 961.479603 49.073652
1 993.575466 87.237162
1 923.503607 155.509599
2 836.774010 179.543331
1 972.354334 64.386779
2 988.652179 245.641766
1 801.287071 270.081539
2 857.065192 287.072132
2 854.568039 268.058150
1 706.216566 302.376753
1 927.201036 113.813585
2 680.112739 261.657275
2 716.367255 279.818250
1 983.297650 155.592870
1 964.424789 56.261231
1 740.215997 151.226842
1 927.852460 286.671862
1 930.039695 49.930458
1 942.661205 50.885792
1 735.501662 492.877225
1 788.146643 665.920776
1 874.550603 338.888955
1 933.083970 644.164863
1 701.520157 588.107285
1 818.778591 659.622318
1 785.529985 378.422290
1 793.020601 467.315333
1 996.085707 409.312371
1 894.956407 462.415673
1 849.637310 379.541859
1 713.646393 559.191219
1 969.534941 365.967606
1 820.994823 456.586847
1 689.472887 423.828622
1 880.941533 540.155885
1 832.153658 388.326459
1 739.328962 440.117238
1 973.331642 581.856048
2 960.949527 569.570709
2 935.966839 653.051092
2 888.106214 369.840557
2 927.315655 378.736469
2 761.356937 492.751501
2 691.004191 582.766931
2 828.378831 474.763314
2 848.086646 586.213854
2 778.108954 615.200695
2 732.608011 515.422528
2 879.844751 592.811505
2 735.073520 632.649006
2 896.992502 567.010741
2 751.724726 452.877944
2 697.186770 591.876354
2 773.996828 552.161962
2 933.404402 379.427592
2 816.502501 606.469002
2 902.932218 421.229533
2 853.259452 569.744364
1 964.260213 444.844728
1 784.622925 427.963132
2 685.598055 369.114168
1 766.423469 400.493145
2 970.905054 651.980728
2 795.611685 629.361171
1 803.318354 646.980850
2 712.560841 560.011560
1 842.853166 451.691166
1 915.713364 555.334526
2 732.883493 523.227645
2 875.594733 454.023810
2 815.550172 472.216663
1 971.139053 585.245624
1 900.848089 433.709867
1 777.829111 459.326581
2 702.705865 568.097041
1 915.491586 487.272994
1 816.291564 396.134090
2 830.803828 626.323092
1 783.421292 335.426430
1 778.454041 380.182944
1 807.440091 398.896896
1 910.126496 423.396707
1 947.192666 518.343165
1 818.843501 903.990710
1 777.875427 961.349815
1 784.662348 807.976081
1 713.883973 681.871294
1 698.351632 832.887170
1 861.669362 870.495413
1 884.976513 967.340616
1 776.948956 925.669527
1 985.729791 736.182174
1 705.506024 782.124510
1 889.445493 755.067427
1 991.276271 928.139018
1 774.961623 824.542234
1 761.411600 684.993317
1 948.075843 711.627920
1 790.947674 667.164776
1 787.572453 772.058655
1 729.567595 828.907751
1 973.469796 973.959822
1 984.950837 781.143714
2 806.888779 903.158509
2 719.869456 922.801414
2 711.178231 902.302355
2 910.685141 887.346740
2 955.729005 752.378792
2 824.573524 951.077650
2 688.667302 741.599192
2 751.369956 730.967509
2 961.570173 672.819592
2 828.199575 803.765985
2 730.353121 806.652293
2 851.828095 829.326335
2 957.127626 945.695485
2 900.559246 691.848082
2 731.494760 791.460159
1 746.082051 822.323170
1 765.215731 802.693750
1 715.836606 837.145913
2 832.887778 804.092096
2 698.863310 813.721785
2 885.642152 978.158902
2 926.610107 958.941530
1 727.378208 786.742603
1 757.844938 994.826315
2 677.953038 895.670584
1 983.115659 748.084529
2 977.874825 794.971474
2 720.607229 784.803809
2 672.511821 794.776147
2 685.132321 821.959947
1 680.187766 848.476419
1 986.403018 722.181230
2 743.865440 771.276233
2 696.684690 768.510978
2 702.799848 851.166875
1 986.573032 719.434063
1 988.636584 923.118177
