1 210.114308 186.948301
1 205.196307 190.114481
1 201.889364 166.244283
1 200.028815 178.904122
1 188.380839 167.329228
1 212.278736 161.253949
1 195.050289 171.076614
1 179.145205 192.423152
1 203.705688 176.662764
1 220.372450 167.082820
1 208.432975 176.476157
1 190.286978 163.249754
1 191.860712 185.192797
1 199.578806 182.418145
1 186.174945 200.079040
1 204.553109 188.063940
1 220.977149 175.115079
1 199.999612 180.015226
1 196.346362 175.409721
1 193.785615 175.874331
1 201.650211 166.035300
1 182.203108 183.478241
1 198.891638 173.225857
1 180.544847 186.930235
1 180.106523 173.681083
1 209.544623 167.571960
1 181.902077 174.280506
1 205.334414 178.161422
1 212.620355 185.058393
1 188.913952 189.585743
1 204.101071 172.079548
1 214.856571 170.711981
1 202.955266 172.699582
1 184.536981 177.049929
1 194.252804 187.623283
1 201.516642 175.161366
1 221.555916 184.444234
1 209.057956 178.535843
1 198.418725 169.288476
2 293.914801 136.273860
2 245.197685 60.614106
2 247.747488 300.629079
2 304.332227 62.381701
2 318.756259 57.705115
2 240.868928 171.431778
2 238.095347 173.144910
2 6.988644 146.061295
2 317.447416 179.969107
2 89.577762 289.336909
2 18.138077 109.929903
2 129.998060 280.385958
2 198.110545 10.437739
2 31.140934 115.490686
2 114.672760 10.294318
2 140.521718 239.398896
2 24.569977 251.627972
2 87.105782 18.602916
2 226.249796 311.260974
1 139.049874 177.138771
1 155.515187 211.119694
1 227.384802 152.142668
1 161.499960 173.062390
1 161.500333 188.132647
1 227.803942 169.025386
1 212.702307 201.045817
1 178.382771 207.514516
1 176.502404 197.786752
1 163.211481 219.807780
1 234.124244 227.664022
2 123.386434 161.707225
1 228.008906 195.346802
2 219.637325 4.375273
1 219.980428 152.251520
1 225.401526 177.172605
1 176.439011 180.900217
1 194.096725 181.493726
1 194.681237 201.062148
1 190.690406 149.084977
2 209.417111 320.580797
2 251.536335 250.279641
1 138.570147 172.490765
2 302.613879 242.077865
1 169.794658 150.048514
2 59.859751 22.766638
2 303.720185 155.511566
1 248.973698 231.938474
2 168.377069 14.582922
1 247.900592 153.613017
1 174.140462 189.912691
2 278.876849 145.990315
2 11.042253 262.608637
1 150.508416 176.189688
1 207.567374 135.002133
1 209.992812 170.655156
1 164.944828 188.554092
1 179.303542 222.579768
2 107.330460 145.996203
1 206.466241 184.761449
1 193.606437 202.021606
1 178.504802 234.042037
1 128.080311 149.790426
1 216.156243 207.950480
1 202.230028 162.414989
1 215.968800 162.616729
1 191.387230 151.103065
1 249.492697 150.627725
1 242.271672 132.362473
1 212.793742 172.254715
1 184.685917 210.869216
1 214.086161 155.397673
1 200.285877 138.231180
1 120.759017 174.120535
1 132.381355 211.872304
1 228.970189 191.830048
1 218.664319 185.310266
1 173.672953 187.351161
1 187.407138 117.915529
2 190.880508 45.212197
1 197.512781 171.746500
1 254.235390 185.840784
1 209.650133 182.745816
1 185.007267 186.253748
1 203.464475 169.777853
1 167.854556 206.128976
1 153.321436 189.164561
1 189.949265 188.113271
1 232.338929 202.140236
1 232.126927 125.886251
1 212.657006 164.705032
2 232.169922 162.050029
1 116.452148 194.163364
1 246.911141 155.798944
1 192.244685 181.526370
1 135.320606 209.640787
2 322.072382 189.620419
1 124.093255 142.286964
2 186.200250 306.540190
1 204.524244 130.873541
1 172.754968 172.730436
1 97.786030 194.532472
1 259.494959 123.962688
1 215.460740 177.327324
1 282.560019 200.093533
1 186.748882 196.667409
1 180.328466 107.279100
1 146.615162 163.296809
1 192.020017 176.561903
1 231.440899 201.448384
1 199.775917 187.030167
1 156.771039 215.452389
1 219.132299 142.419484
1 134.940520 232.542058
1 139.583464 209.697380
1 174.820565 224.005096
2 124.534031 268.733034
1 233.036596 116.535055
1 179.562326 179.369413
1 118.140954 189.240884
1 194.191105 235.465548
1 239.555494 170.930051
1 238.686203 140.888286
1 191.793798 167.517355
1 188.460787 209.949641
2 256.581719 296.140652
1 192.429401 208.288626
1 172.806507 201.234794
1 230.398552 140.580492
2 320.249121 162.985229
1 205.964452 236.438178
1 265.429272 186.547672
2 20.994490 632.140718
2 66.088670 339.827348
2 153.389716 641.988353
2 215.846863 380.439899
2 197.668517 576.454287
2 176.469311 624.306723
2 142.015951 484.013842
2 162.585077 510.800457
2 28.754951 434.886062
2 258.849622 571.780342
2 28.433730 395.907137
2 243.642724 359.433039
2 119.399959 429.388510
2 73.254313 598.941207
2 134.954239 645.637362
1 330.860200 647.482886
2 298.723452 642.915785
2 203.386653 560.959975
2 92.807791 629.887203
2 84.559015 648.905890
2 278.291312 639.475831
2 220.171511 581.142987
2 330.282205 632.539476
1 317.344863 648.131257
2 320.328471 598.444548
1 300.894974 626.396999
2 332.540631 651.034758
2 129.683820 635.456859
2 143.349939 662.663551
2 299.627598 583.861744
2 208.105719 622.503679
2 327.120071 656.461666
2 11.914504 449.756499
2 329.890712 581.682086
2 197.094645 584.928459
2 300.267214 662.373783
2 257.467543 610.339351
2 284.384844 599.838209
2 331.615241 638.825354
2 319.728379 590.619878
2 331.388346 601.646508
2 316.862194 644.411648
2 325.397330 617.805009
2 145.145204 642.308784
1 325.718843 617.815449
1 320.529709 656.301367
2 155.527987 505.370100
2 178.313798 484.614963
2 270.756348 604.946732
1 331.608066 626.524282
2 293.475899 614.839705
2 322.955613 644.748324
2 322.030994 629.953576
2 268.261932 652.725452
2 275.643393 627.198501
2 332.770234 614.138413
2 195.096924 576.546192
2 309.440661 634.521546
2 253.020034 633.634932
2 318.700967 617.874663
2 332.762349 616.274136
2 272.237377 611.106460
2 325.413146 659.401708
2 308.254785 661.673842
1 126.746203 786.033927
1 143.108860 781.374177
1 154.390032 786.035741
1 152.529190 780.121808
1 145.163527 789.729331
1 142.908453 785.024548
1 147.016255 764.763246
1 149.145823 789.074265
1 164.059055 789.500816
1 143.341848 761.361544
1 157.305392 776.514772
1 150.635253 800.337475
1 139.669431 765.674780
1 148.445724 798.992661
1 147.551750 782.847987
1 130.097206 782.724603
1 144.572743 765.796607
1 165.210033 792.478869
1 145.398130 795.977175
1 137.038868 779.913534
1 148.886593 775.785309
1 151.684056 759.675614
1 172.323697 786.749599
1 143.634279 768.792677
1 171.706840 790.920699
1 150.302771 764.452877
1 154.831874 780.177508
1 139.070384 777.583477
1 164.121171 782.791520
1 131.403224 778.324781
1 147.781349 780.633312
1 142.264031 791.512781
1 156.685346 781.153872
2 45.445622 846.788738
2 314.745031 695.223919
2 278.842459 682.923933
2 144.085517 872.816056
2 179.601668 815.345060
2 25.964187 815.865713
2 226.630879 780.766078
2 168.179667 893.592700
2 206.757819 820.565459
2 95.990597 827.499648
2 100.781039 780.964956
2 251.927141 815.949635
2 109.632884 844.386862
2 186.317673 845.551338
2 54.460575 712.218472
2 132.847880 719.890740
2 251.392151 680.540094
2 92.891069 894.358573
2 292.569065 875.351900
1 126.604309 783.897682
2 249.446723 742.475827
1 134.191976 782.077408
2 43.450216 879.873989
1 145.955052 814.007031
2 130.833490 862.658949
1 146.082358 742.799851
1 162.272049 800.167590
1 162.039442 782.191792
1 81.837979 796.492756
1 140.390695 741.393811
1 171.204479 801.663549
1 132.617955 797.053614
2 167.794416 695.565026
1 220.593519 806.839835
1 219.152196 772.231130
1 143.373801 772.647726
1 138.394006 804.289389
1 95.027816 767.123426
2 43.783492 680.200342
1 125.612186 808.704374
1 166.271763 749.974290
1 138.784134 782.172553
1 132.134941 732.531199
2 302.344654 718.066942
1 136.446751 783.478429
1 127.979452 788.483505
1 101.770948 814.452436
1 125.334049 747.176891
1 225.484672 826.478905
1 112.999172 751.721880
1 143.478172 787.469727
2 193.044106 802.367278
1 138.715938 760.664976
1 161.411754 821.812320
2 126.251316 862.573427
1 109.283426 759.815223
1 92.170686 716.440276
2 73.891875 728.130963
1 177.104760 798.811835
1 196.339562 771.469268
1 161.408865 734.416005
1 141.612969 777.226750
2 140.899470 850.995059
1 90.499953 737.933584
1 164.476392 807.407193
1 176.256214 807.773202
1 130.880064 755.628533
1 139.095328 740.705565
1 143.555711 771.542469
1 150.350537 748.787553
1 86.272567 765.357251
1 151.525565 758.657464
1 115.983853 762.496222
2 245.196095 811.892540
1 179.425093 780.035568
1 142.238461 731.956841
1 148.943159 789.248065
2 96.908456 873.604229
2 232.389607 824.872872
1 144.651085 781.627992
1 106.385342 791.480622
1 145.397231 734.023456
1 178.127122 758.862285
1 130.536011 815.906176
1 141.372357 747.109396
1 163.163634 780.598502
2 309.925482 672.118933
1 116.330400 784.159489
1 173.178255 791.968819
2 66.646228 865.060825
1 101.197036 756.463754
2 24.444414 853.228581
1 171.044182 801.701356
2 212.056557 823.388252
1 140.847155 801.390344
1 119.989954 777.686488
1 85.962405 747.155090
2 107.478776 884.657249
1 107.387597 738.895729
1 177.119412 822.072270
1 165.268577 788.239382
2 199.393466 774.180768
1 144.089851 777.590516
2 24.482380 822.643932
2 69.668829 714.660779
1 157.676541 741.604473
1 162.814729 779.276262
2 90.580836 885.283474
1 124.014469 810.710167
1 205.050012 832.531909
1 169.628771 782.379338
1 160.234500 767.096457
2 169.230861 788.378373
1 167.954004 788.673242
2 120.441388 878.932763
2 327.257751 713.162414
2 160.574316 819.878955
1 118.699468 795.126251
2 281.350084 816.713228
2 280.286423 719.275251
2 24.290239 806.924211
1 309.783449 686.265865
1 162.133090 761.792971
1 141.619496 826.723434
2 189.643905 715.956534
1 126.141481 761.395972
1 158.601814 730.770670
1 137.781289 747.014752
1 110.481494 774.283092
2 178.120675 901.042580
2 186.948998 835.942282
2 306.200470 691.150862
2 121.938859 862.402640
2 134.374289 866.264567
1 165.515978 800.223642
2 328.998032 727.419426
1 132.295572 774.881156
1 145.949117 794.614046
1 130.356332 756.549762
1 137.492532 766.715207
1 131.126626 773.311470
1 132.935737 750.727763
1 200.933538 727.334427
1 137.634997 806.296492
1 170.038904 800.022798
1 178.528898 776.361042
2 295.768422 745.684967
1 166.618402 729.273427
2 180.816781 788.197336
2 152.947412 830.980618
1 141.481494 731.466567
1 147.957102 792.670284
1 172.024479 788.911378
1 154.225188 822.323931
1 129.284045 803.830317
1 175.880928 761.183412
1 169.144258 771.594546
1 111.435133 769.774945
1 140.628590 784.223398
1 181.545624 829.821720
2 333.082140 754.816988
1 162.036571 728.049404
1 180.847650 783.297659
2 233.782121 748.229640
1 188.778100 767.723123
2 195.466426 734.218490
1 169.764426 712.423675
1 121.374023 789.079350
1 130.426807 823.538292
2 70.862372 679.334650
1 202.466112 757.678325
1 218.883294 809.906760
2 102.023764 849.424794
1 144.872285 785.183148
1 99.073836 853.505803
1 146.939126 743.404364
2 312.690673 706.098540
2 130.339480 821.033037
1 248.623545 825.765751
1 138.488709 763.526051
1 80.812202 720.125742
1 149.222074 779.386024
1 188.812306 771.064860
2 150.561542 903.724314
2 27.119489 852.896854
1 167.191281 762.211154
1 152.559756 796.974060
1 167.270050 776.444384
1 135.281921 779.248570
2 106.559652 821.578976
1 148.912271 789.772562
1 190.075090 805.459097
1 86.713613 786.200130
1 130.008953 774.820449
1 123.316294 724.622942
1 89.046709 750.565923
2 182.795543 822.666920
1 183.829671 768.836342
1 150.300566 768.535951
1 141.821676 800.023509
2 323.892121 704.095853
1 93.154344 743.253273
2 327.391799 669.921738
1 106.238546 787.177105
1 141.196641 758.189282
1 131.919325 737.257315
2 60.038807 723.402418
2 237.231656 767.160661
2 316.722709 688.248919
1 138.012840 801.292588
1 145.937664 826.428974
2 82.690950 749.887784
1 149.820753 802.853243
2 286.778022 725.734101
2 296.451758 731.937890
1 162.237314 722.675046
1 222.713986 749.362117
2 331.724439 699.847384
2 91.272943 903.976483
2 331.928441 714.167523
2 190.564837 706.529044
1 327.408988 675.652726
1 141.195679 793.696264
2 97.833777 919.492089
2 146.689001 890.231603
2 277.525830 684.676589
2 325.106512 717.143904
1 230.079784 733.764883
1 203.069131 790.983579
1 124.469211 789.800300
1 105.872348 836.274352
1 319.758775 713.112499
1 172.822928 794.578119
1 133.765293 708.759011
1 173.426651 781.497127
2 173.146052 832.273405
2 134.539397 894.021836
1 144.524730 762.122878
1 128.087693 811.366090
1 183.972897 743.064483
1 149.231562 774.303780
2 331.114305 734.847041
1 184.339513 766.149937
1 196.669861 772.650353
1 103.028603 791.877823
1 121.373621 773.516407
1 203.060170 740.574305
2 271.631643 788.023249
1 113.056623 769.711132
1 115.284941 804.690680
1 162.082045 725.692091
2 236.937514 689.730746
2 153.445671 725.830577
1 166.462358 770.233086
2 279.559143 704.123106
1 275.530508 692.352648
1 168.478226 732.961828
2 327.084245 737.285707
1 128.739102 729.926620
1 193.766959 783.930856
1 146.657835 758.813090
2 175.161499 856.041210
1 116.719853 773.574899
1 165.036547 746.695663
1 166.586402 766.750679
1 151.060490 774.780682
2 320.023830 677.852444
1 107.897690 839.304329
2 19.598562 841.685792
1 205.749541 788.118477
2 284.209171 719.925392
1 145.730668 779.011744
1 114.077783 738.916984
1 151.313697 810.495617
2 198.376382 855.759672
2 154.590404 754.077092
2 210.353619 766.677847
2 111.394707 804.667590
2 311.059725 675.005846
2 176.426301 912.048397
1 178.655369 761.059901
1 202.792391 870.538844
1 145.050085 748.521348
1 142.198249 789.447785
1 137.540184 741.895180
1 154.200370 788.508258
2 284.299947 787.589300
2 126.830023 831.624925
1 143.584570 825.719947
1 150.505410 779.189229
2 321.087238 667.323857
1 124.697514 781.326653
1 167.144005 796.273534
1 143.011948 765.596232
1 148.405048 762.725539
2 208.775378 779.116514
1 308.973877 669.740159
1 158.573621 789.186018
2 304.176108 750.417918
1 143.316911 829.347331
1 185.386266 746.593739
1 329.198501 691.823816
2 296.682054 751.061479
1 133.027269 758.207240
2 96.085101 884.012947
2 78.655132 733.820483
1 145.146484 726.927249
2 315.375092 730.891235
2 6.877358 878.920759
1 162.010399 730.826632
1 259.958798 818.638314
1 186.166245 812.613643
2 148.065709 803.120115
1 138.550474 792.942851
2 197.628436 833.915148
1 122.889506 757.640250
2 605.066590 47.788371
2 581.120796 112.089809
2 665.653347 275.935088
2 527.996854 292.824059
2 649.420891 250.178670
2 429.921659 60.700783
2 442.269964 137.611678
2 340.834231 314.390766
2 608.180601 176.614387
2 584.759719 8.514276
2 406.604858 243.912258
2 393.617551 91.206526
2 530.761359 200.478255
2 623.500289 78.874461
2 402.867411 243.143525
2 334.950622 271.238755
2 571.288115 214.680961
2 459.060437 293.612571
2 368.338459 206.960521
2 649.339819 182.524032
2 585.797427 194.418808
2 633.237717 273.802844
2 356.414771 239.847758
1 382.260213 656.654334
1 405.111228 654.743552
1 414.979481 651.653271
1 403.504982 652.571265
1 390.688447 647.845610
1 405.143784 645.741016
1 387.102474 631.882672
1 385.087245 644.224714
1 405.531501 633.996536
1 398.156383 646.538719
1 400.441090 649.314884
1 397.339133 647.323642
1 399.327124 649.262928
1 400.506485 650.383943
1 395.364842 649.921690
1 394.188539 646.559336
1 398.752565 649.912308
1 406.456430 640.285232
1 380.873523 652.353149
1 397.868197 650.876934
1 400.504314 653.885126
1 421.667448 648.733453
1 422.983944 640.758248
1 380.384746 651.717041
1 411.925322 644.440037
1 408.039858 649.382839
1 406.652711 633.066539
1 394.835188 662.032331
1 414.147286 642.437744
1 412.439738 656.811921
1 394.118353 663.469716
1 393.106662 639.004447
1 401.110278 649.500800
2 554.207542 524.403726
2 407.654692 539.267475
2 422.263068 585.874800
2 545.309700 599.809725
2 409.899350 583.813836
2 472.503920 468.156992
2 337.238754 627.361551
2 414.301767 487.742486
2 515.624875 369.475080
2 379.458646 395.931238
2 603.739266 638.164720
2 501.170248 578.989438
2 493.003781 406.135317
2 439.302773 543.991638
2 622.657885 589.764738
2 651.343269 665.120359
2 400.695022 591.662895
2 356.809001 521.837604
1 382.003375 663.444346
1 366.920714 659.033614
1 393.505054 657.498442
1 385.985143 644.471026
1 429.371072 664.313768
2 484.134237 503.016199
2 566.943380 608.147189
1 404.934914 622.068707
1 428.371985 634.696649
2 426.439641 647.988101
2 405.163287 646.849865
2 385.697893 622.408720
1 400.647837 641.903483
1 444.881121 665.533892
1 387.351143 650.978121
1 431.544970 649.711186
2 570.079906 583.950919
1 396.667054 634.122699
1 404.212982 657.795694
1 476.645733 633.922994
1 411.713493 623.846914
2 412.590985 622.269182
1 419.722851 648.328137
1 362.068224 640.925407
2 420.190181 524.471766
1 459.674787 643.180212
2 651.328371 625.969421
1 419.908231 657.006804
1 386.424739 652.055010
2 394.599263 662.126311
2 333.353294 609.302038
1 347.501907 633.998454
2 404.150335 575.816252
2 636.079631 389.265452
2 380.217026 646.148324
1 387.731172 662.085793
1 365.889229 632.628485
2 411.978153 590.590002
1 404.786521 639.770960
1 416.389671 641.506324
2 415.263097 533.207332
1 373.863685 607.945152
1 377.806439 634.410341
1 406.578051 632.704834
1 421.478645 663.603918
2 333.715108 600.149328
1 466.332958 630.802073
1 419.257836 664.543193
2 354.563393 573.044170
1 403.383958 631.962678
1 376.875717 627.940029
1 438.660030 604.204466
2 370.167120 578.418304
1 381.847481 630.802442
1 411.695950 660.170077
1 459.671989 608.611084
1 405.279767 614.323778
2 446.866899 652.544469
2 407.245710 620.197667
1 373.887111 658.294694
1 385.208454 615.189949
1 397.803585 654.988288
2 610.486645 587.697045
1 353.030240 643.121374
1 384.752577 659.941140
1 373.744324 645.388167
1 342.690834 641.792448
1 356.061530 661.803983
2 665.586070 633.881078
2 366.685388 567.256258
2 380.490303 629.849812
1 355.840842 645.644563
1 399.785890 615.084859
1 385.610018 646.347220
1 439.601826 591.189660
1 404.390832 611.296456
2 519.350634 578.069935
1 374.367933 649.582239
1 393.708435 640.710959
1 439.646932 637.635772
1 346.420666 619.482192
2 375.058273 598.057373
1 362.059023 662.924056
1 404.220763 657.339076
2 357.865844 596.411952
1 399.545966 646.560640
1 427.818199 657.120995
1 392.623534 649.493975
1 404.317721 600.733307
2 498.163997 614.014259
1 380.835595 653.414956
2 366.679693 580.995474
2 518.884182 663.223365
2 580.573373 632.924617
1 384.185793 657.642506
1 406.578180 623.611854
1 424.260375 576.350999
1 413.229306 587.526043
2 611.716158 609.500168
2 399.759826 621.236104
1 405.315585 643.324252
2 528.082375 664.979016
1 406.101972 631.531442
2 639.243472 553.487437
2 376.021417 594.846969
2 446.344222 626.114773
1 349.497969 618.814198
1 408.816672 647.125757
2 409.058562 533.453558
1 423.625113 663.935498
1 355.678440 650.045883
2 364.745498 594.936452
1 447.606271 633.615920
1 438.336722 646.387025
1 399.955564 632.696716
2 579.442573 623.368873
1 428.493371 620.129620
1 357.832716 646.768090
2 471.570851 646.285384
2 372.408443 568.063593
1 450.444279 616.689552
2 455.913299 567.374879
2 382.853038 655.441456
1 412.915212 631.813338
2 458.384452 649.830150
2 378.652788 550.538953
1 386.317539 659.195045
1 439.152620 648.639847
1 377.899018 572.448995
2 629.359999 662.046927
1 398.633545 614.584767
2 424.752827 582.594218
1 407.144458 666.584349
1 428.250441 641.146213
1 446.742622 660.823648
1 402.935477 647.718192
1 421.523310 644.288701
2 620.005018 600.184364
1 437.840266 641.462930
1 398.720488 655.216984
1 333.521944 626.474794
1 386.742852 628.983982
2 397.745069 625.824784
2 346.562707 662.738264
1 409.214468 612.035004
2 468.099559 638.227497
2 366.888139 618.870318
1 439.320139 653.757195
1 395.890789 664.547519
2 400.155200 665.500935
2 448.593653 660.004843
1 400.457958 645.976182
1 429.472450 635.280566
2 377.270527 608.808464
2 383.927393 641.122600
1 397.833257 632.606188
1 364.848581 660.730626
2 439.486289 625.580578
1 370.367575 666.646181
2 392.197849 594.675719
2 406.388450 516.379369
2 351.910357 643.620054
2 434.772350 641.113716
1 414.530972 664.636240
2 390.324522 644.778750
1 454.806021 645.654779
1 395.017477 636.087624
2 453.295919 616.640839
2 362.619356 643.228934
1 362.954161 621.705060
1 450.022564 652.458811
1 422.182574 626.359941
1 351.941284 650.440278
1 448.302174 658.847579
2 457.808477 593.163943
1 372.306583 644.795254
1 379.204022 661.563585
1 394.464747 643.923772
1 425.805519 581.469753
1 431.500720 662.209199
1 361.747670 639.312021
1 397.494954 582.319555
2 424.380104 662.618167
1 410.024807 631.137924
2 395.906561 500.762798
1 395.462030 664.217542
1 420.496383 656.311528
2 370.778995 644.768708
2 368.956106 570.928022
2 394.996125 496.008697
2 349.584291 635.528134
1 384.842382 663.261326
1 405.991992 634.187329
2 360.696364 615.181510
2 379.772751 605.293054
2 404.328355 609.366217
1 384.908588 563.349834
2 631.894510 577.147054
2 386.211892 603.369895
1 358.793145 640.989360
1 412.995795 616.102854
1 430.043652 660.504037
2 406.144287 532.256973
1 413.948098 625.777447
2 386.398143 588.185121
2 372.073343 525.909350
1 376.844899 626.559892
1 406.056467 647.863730
1 364.091849 644.918551
1 460.981687 633.395194
1 363.749819 599.971068
1 407.299669 614.654845
2 450.273257 601.012174
2 393.748137 659.578995
2 350.599427 637.616286
2 351.780157 663.969925
1 407.849911 659.577596
1 387.550582 625.988520
2 369.417673 666.586710
2 397.321737 610.345166
1 362.807139 613.353878
2 438.825106 609.727130
1 440.372141 620.103074
2 387.298087 613.600072
1 374.126850 634.983151
1 415.764889 647.498901
1 437.137595 647.556013
2 394.094658 592.453319
1 393.672031 641.633465
1 395.705687 645.566946
2 396.612942 613.518151
2 344.477735 622.282598
1 438.755871 639.409705
2 343.754143 631.477160
1 396.926783 596.152502
1 381.621210 664.462032
2 392.818132 568.226467
1 360.589668 665.864468
1 425.736365 639.384317
2 463.613816 592.836316
2 461.267975 609.996403
1 405.016194 576.770894
1 408.572788 645.207073
2 412.428447 628.618522
2 427.010322 636.577846
1 522.511379 662.823672
1 366.347868 625.006340
2 362.787652 635.678751
2 436.201979 627.284268
2 374.675057 585.552812
2 376.228332 604.920773
1 428.162400 643.588793
1 423.880207 636.541592
2 352.500011 574.583613
2 658.877397 582.258089
2 428.138854 608.076253
1 385.877342 639.121595
2 382.816771 621.026871
2 450.791518 664.912359
2 524.898060 638.311979
2 389.081920 613.843100
2 354.533266 554.940481
2 349.203109 636.558711
2 383.182993 555.114663
1 384.203725 583.124600
1 409.523744 649.791111
2 500.955107 546.998475
1 405.098954 635.726266
2 442.994977 628.235602
2 353.749469 517.549129
1 436.094449 635.437410
2 390.152439 613.005021
2 342.324276 637.086747
2 343.558726 662.989467
1 384.579346 634.275327
2 376.395910 649.128146
1 441.125292 648.780568
2 387.537387 620.186876
2 513.421398 629.995913
1 417.768828 645.908969
1 422.177207 637.824729
2 374.044284 608.968971
2 500.599282 657.812845
1 402.378764 617.956840
2 463.210610 583.919476
1 400.905129 638.039828
2 359.244484 658.398176
2 339.244514 616.504108
1 437.084959 607.044176
2 387.074981 614.830166
2 408.258814 586.156968
2 379.811520 638.697242
1 355.714395 616.036632
1 385.286509 632.455451
2 422.960734 625.641801
1 378.993480 661.002816
2 346.740300 615.658731
2 344.023129 593.461762
2 355.164122 620.869236
2 364.682095 621.230991
1 435.683100 641.980585
1 376.441883 647.055876
1 460.291876 663.780649
1 376.076347 631.743295
2 424.098324 649.146996
2 416.873313 585.825348
2 347.198557 612.633580
2 469.128816 647.525367
2 516.995262 569.502013
2 371.273538 554.091140
2 408.436627 660.148050
1 355.264912 627.365303
1 377.910947 590.047565
2 356.819577 614.047962
1 387.163446 558.523379
1 368.181837 642.143976
2 468.987155 608.607510
1 357.157866 647.714832
1 417.704027 616.125213
2 336.417888 593.820046
1 373.862979 601.058710
1 353.133327 662.030898
1 438.702376 659.030571
2 558.611422 624.488793
1 432.645336 624.226262
1 498.665752 632.316073
1 384.639913 639.158980
2 399.044242 638.278181
1 399.559367 611.516379
2 414.961679 626.854343
1 461.113718 634.091109
1 432.613570 649.199755
1 404.059689 634.087287
2 345.986952 611.025047
1 426.829650 611.082644
2 461.898726 632.757806
2 371.726019 639.373969
2 446.387487 630.289403
2 350.964729 657.991993
2 530.624303 648.782868
2 354.089246 579.158582
1 396.793515 654.435221
2 398.888058 649.105452
1 437.548967 654.706964
2 334.934151 663.936720
2 511.482289 642.250415
2 340.994458 592.934059
2 430.061432 645.216383
2 442.061964 518.362454
2 372.364412 663.834471
1 449.677985 641.377491
1 362.789433 661.744989
1 372.069715 580.145997
1 359.664861 655.748710
1 431.017460 603.802715
1 379.976055 642.315128
1 361.371652 660.384826
2 465.775018 627.821782
2 386.732909 586.126323
2 390.538500 650.419034
1 357.375708 604.358304
2 443.597674 627.602635
2 368.330718 598.682333
1 468.541740 657.218755
1 381.828442 656.558984
1 444.124938 613.742208
1 375.033627 617.838277
2 383.357867 609.813688
2 355.501482 517.239984
2 341.971778 657.767072
2 405.388617 583.568651
2 585.943197 646.334476
2 364.601888 587.330411
1 366.867434 635.827065
1 435.918871 647.503660
1 411.668134 668.368042
1 592.269184 788.914880
1 591.487549 810.596792
1 569.833038 799.846903
1 581.619194 791.499844
1 562.109298 801.404777
1 550.314057 812.352350
1 585.959880 788.115219
1 564.241788 810.020203
1 577.599504 805.651019
1 574.622168 791.722488
1 564.053403 790.297419
1 553.192257 793.616418
1 549.161840 788.600295
1 576.378288 808.759825
1 569.200985 800.474026
1 576.727973 810.336564
1 559.810518 804.961297
1 548.627846 793.185977
1 562.278597 797.613960
1 571.998115 799.433039
1 566.964520 801.578735
1 574.470780 783.193272
1 572.089694 783.789241
1 576.423917 815.735739
1 592.906930 809.881322
1 592.085861 806.001343
1 575.887485 815.058752
1 574.647485 814.706093
1 562.839817 799.521881
1 565.419632 797.485520
1 586.486928 795.935543
1 571.754810 812.072489
1 569.199946 795.767835
1 580.683493 819.967901
1 571.582199 797.383136
1 577.335586 808.401524
1 580.041311 806.092403
1 567.753650 797.303679
1 561.438024 797.509067
1 570.353356 805.491408
2 577.914558 714.854242
2 436.675419 920.930438
2 601.527925 716.441812
2 610.104511 840.210379
2 642.694306 910.732831
2 526.803464 864.987154
2 486.398273 802.952947
2 349.544459 746.803773
2 381.538185 894.107693
2 412.598899 810.795338
2 382.367949 691.752045
2 448.318685 952.522040
2 503.259611 871.763370
2 408.423329 772.895511
2 650.792042 795.792364
2 520.087113 997.883590
2 496.779949 667.697406
2 447.291469 719.800295
2 646.125732 813.346760
2 473.722511 702.352219
2 648.836860 787.895538
2 572.124382 759.782192
2 542.324607 680.102779
2 622.243191 962.189270
2 524.971951 840.720524
2 430.984447 864.594218
2 583.814646 844.751735
2 616.138961 886.174952
1 409.496685 671.735844
1 544.077495 811.837703
1 420.652003 667.256817
1 593.407049 789.077958
2 386.821403 780.672840
1 545.299349 820.858476
2 488.544925 715.785723
2 438.582937 670.121829
1 365.060009 668.222435
1 551.064379 774.722296
2 576.706102 857.252708
2 568.476764 828.782268
2 621.693098 917.172674
1 544.090416 794.531715
2 452.965477 708.167348
1 524.719155 812.373526
1 529.359929 793.441257
1 590.888035 823.721468
2 502.861036 676.676138
1 634.565965 779.739909
2 488.346673 700.862015
1 547.127496 803.143720
1 367.498415 672.340563
2 610.847194 669.972612
1 549.572992 827.714426
1 549.333126 811.489238
1 408.593155 676.350539
1 599.110244 828.796259
1 563.080006 804.029206
1 574.492989 776.090983
1 439.498268 676.581557
1 580.816976 748.452741
2 630.708425 792.632108
2 645.345268 673.547166
1 581.368322 811.356361
1 556.006050 796.465840
1 421.298304 676.323954
2 482.664565 778.923282
1 605.659944 767.011497
1 583.296461 808.508697
2 630.161995 785.141659
2 640.482927 806.858118
1 576.880994 847.814840
1 605.251801 847.002343
1 573.335456 795.524890
2 448.737703 788.179471
2 625.399700 814.389951
1 531.837798 744.942743
1 432.246824 674.370498
1 409.058022 690.706754
1 509.539728 807.031281
1 462.089086 672.307044
1 390.474869 677.647347
2 604.002156 845.336242
1 400.095075 692.092614
1 385.061017 672.260475
2 552.620003 800.730366
1 359.284856 677.076728
1 601.409730 795.696642
2 638.572733 705.808052
2 552.195991 751.245004
2 612.079785 911.611288
2 600.486696 872.581741
1 383.952753 673.079383
1 399.374339 671.010619
1 591.405848 781.391256
1 564.677356 795.293313
2 647.131822 807.587834
2 418.552344 855.697785
1 559.737031 836.730475
1 561.942983 804.927798
2 654.640680 672.168599
1 448.507267 686.137292
2 647.150524 846.480945
2 448.974337 802.562456
1 529.510013 822.710392
2 461.661826 720.782159
2 491.136238 765.339296
2 430.617142 717.021988
2 432.681788 742.290875
2 511.765539 730.654148
1 543.035680 779.909453
1 354.064139 695.989486
1 369.720414 678.670406
1 389.645598 684.865404
1 544.433067 771.409319
2 473.181144 780.156253
2 457.241773 793.731561
1 385.406024 705.621604
1 582.112145 800.584952
1 584.597567 775.408648
2 463.025069 830.046742
1 402.392669 671.789306
2 510.546628 720.648720
1 365.421100 693.549091
1 466.817429 795.667470
1 575.597241 792.239842
1 527.887572 780.024901
2 564.554948 861.658171
1 488.849297 769.681088
1 593.421931 784.627620
1 543.898023 795.643420
1 567.887967 793.399911
2 461.721825 692.332615
1 555.847607 803.837524
1 530.625246 816.777521
1 621.944409 813.926702
1 357.195515 682.893420
1 423.039475 670.894379
1 390.198296 704.739262
2 336.250330 725.730758
1 520.337984 810.005863
1 605.098581 800.942062
2 405.998687 725.653067
1 494.892231 806.521410
1 562.260533 793.590268
1 436.280395 685.424844
2 535.139771 792.415321
1 594.258998 729.584458
2 388.059942 675.865535
2 652.307724 803.197138
1 502.138020 809.748260
2 393.470408 761.247333
1 606.250814 812.705856
1 572.564626 836.021435
2 650.073532 837.956185
2 458.124522 862.812751
2 458.596899 771.872489
2 460.333936 711.174727
1 484.220760 829.237127
2 407.307437 702.734803
2 415.086510 786.128191
1 387.273887 682.250092
2 423.841868 811.006502
1 535.088389 771.769878
1 487.309211 800.846451
1 413.129295 672.922576
2 365.958214 715.464031
2 445.763333 681.905947
2 416.734090 798.241475
2 379.581065 711.643891
1 368.773326 667.737138
1 592.740004 833.329280
2 333.487011 729.044337
2 428.440519 743.531780
1 559.587948 758.246080
1 379.078228 689.012523
1 395.968742 700.720781
1 371.769012 680.930552
2 464.833966 681.865409
1 351.529389 674.551286
2 434.946525 721.324924
1 386.783755 677.675269
2 421.855650 766.222646
2 454.868526 739.454495
1 478.957236 782.501686
2 472.211821 689.777359
1 543.008437 821.764326
2 460.203247 735.705068
2 419.776742 704.681771
2 478.862744 790.619910
1 431.691371 669.925282
1 580.556211 817.732167
2 434.922717 681.917299
1 562.615231 817.994543
2 411.930917 738.547194
1 577.508038 757.327116
2 535.609896 842.864501
2 474.632974 905.425522
2 439.088367 701.218891
1 397.823057 685.189312
2 457.453064 778.993568
2 649.741837 896.034518
2 498.414806 776.283197
1 549.393164 789.136037
1 421.358780 669.936127
2 611.379028 855.062494
1 540.652172 733.184368
1 564.511041 800.355643
1 539.305224 788.430130
1 380.704427 676.280010
2 405.809848 788.459995
2 663.967877 878.475239
1 550.637170 769.417447
2 473.090342 734.862474
2 433.043506 898.033761
1 534.963341 785.602817
1 653.474674 833.198145
1 583.024281 773.209939
1 354.000268 667.529471
2 347.391451 730.939580
2 349.757732 760.271217
2 618.518645 817.410995
1 591.752608 828.854851
2 463.142060 681.934637
2 615.404463 877.854177
2 425.783468 767.454280
2 488.080250 710.712598
1 541.085240 796.997507
1 630.870130 820.764196
1 596.864933 847.363479
2 463.997295 808.198516
2 485.218264 733.527979
1 488.628545 820.970951
2 370.878642 675.059242
1 557.341137 805.740931
1 528.191185 810.283570
2 452.012740 716.917713
1 388.463610 698.642545
1 601.294707 766.898689
1 400.381387 698.131483
1 596.010228 783.647140
2 370.734464 674.473870
2 337.364021 723.911027
2 499.937124 746.869941
1 568.415852 780.516819
2 395.396951 798.342783
1 519.197547 856.578211
1 585.514070 755.478410
2 500.497959 712.058098
2 416.832622 787.649496
1 527.441611 843.229388
2 662.420964 924.567017
1 536.221411 809.770243
2 457.120397 676.629403
1 405.743943 669.493168
1 393.875759 678.726464
2 439.921710 708.043127
1 400.843066 697.361681
2 517.952612 807.638657
1 569.310013 821.337681
2 545.749032 797.478031
1 575.114278 789.299585
1 529.621306 790.899991
1 540.715792 773.010465
2 368.899651 718.404707
1 513.418116 841.526123
1 368.478041 669.913394
2 641.779575 701.011003
2 565.861155 791.557643
1 532.274344 819.928589
1 530.893796 802.515555
2 664.373246 780.988856
2 438.231996 717.920357
1 501.764817 754.700923
1 532.293729 780.489408
2 481.835956 854.439620
1 559.997280 818.429551
2 489.940265 743.738190
2 492.656638 766.149570
1 360.000860 703.759720
1 408.716037 667.585610
2 422.917058 836.669400
2 511.134863 696.701023
2 403.991023 753.343721
1 605.921306 811.464645
2 426.616223 695.678324
2 389.818516 754.306758
1 596.207326 808.260100
2 621.276914 894.959948
2 397.156607 675.795657
1 473.672505 680.696306
2 426.508743 706.534456
1 375.696013 700.799857
1 470.766273 787.131429
2 392.651198 735.546313
2 433.341612 763.362631
2 451.924001 741.287791
2 399.459895 758.581882
1 571.093602 825.744744
1 350.969313 685.146096
1 530.245392 839.528626
2 514.215798 735.576958
2 474.605412 686.223371
1 564.813217 806.649007
2 603.149302 734.535658
2 338.428169 678.490498
2 471.403190 719.632095
2 402.027290 749.614809
1 635.889691 793.940693
2 516.854730 775.440594
2 433.667808 741.406461
2 406.755041 787.020932
1 367.623503 690.858711
2 435.658777 722.572072
1 361.730391 677.817491
2 454.732856 811.447464
2 426.765388 818.593522
1 601.722257 750.211015
1 476.579162 818.927298
2 392.725856 680.608384
2 398.825966 857.996263
2 347.051281 682.095112
1 476.917848 813.707208
2 488.184809 771.942946
1 614.764640 804.839403
1 401.921331 672.959456
2 447.795791 738.888809
2 396.217685 668.614406
1 603.470714 753.319237
1 494.888576 754.489787
1 562.381569 819.573311
2 533.179623 778.333119
2 475.004185 792.313539
1 581.805274 817.467653
2 375.870446 691.126865
1 539.871364 848.063763
2 474.248463 742.578575
2 368.284493 788.278304
1 553.971700 772.070932
1 579.822758 851.074297
2 563.799207 814.151011
2 454.984757 739.308088
1 426.922437 666.925934
2 641.536314 910.650964
1 523.246261 788.858053
2 500.748551 740.162473
1 418.843762 687.633545
2 579.439319 798.980638
1 564.915387 771.325451
2 481.898671 791.197263
1 550.335998 807.940406
1 583.388638 811.855831
2 445.255688 828.295616
2 336.530478 734.313405
1 614.904887 800.045361
2 486.986523 784.021752
2 507.198716 762.219052
2 428.139686 760.562738
2 484.782586 720.758100
2 509.440805 796.901549
1 585.992291 784.857377
1 541.843440 775.219647
2 617.101957 811.013531
1 399.313953 681.473439
2 448.656653 774.376978
2 539.465178 708.470714
2 485.926352 688.059488
2 443.396772 780.846691
1 451.548499 669.461665
1 444.486579 684.838955
2 458.675911 692.430809
2 430.188656 813.126280
1 465.416590 676.595027
1 383.125666 707.172354
2 614.901272 765.953546
1 521.966292 766.769123
2 502.916008 676.967064
2 355.554853 689.581379
2 506.511818 683.232449
2 429.854694 718.693507
2 463.577281 726.688627
2 402.746138 925.206942
2 421.826641 676.009812
1 427.964092 677.738329
1 375.073028 676.148280
1 367.083697 724.203806
1 353.030040 675.242416
1 369.292330 668.051827
2 616.636112 757.398937
1 595.455182 758.268450
2 450.386665 671.680875
2 475.435766 673.274463
2 400.942288 748.831391
2 383.254586 743.416013
2 446.219974 794.870988
2 380.157995 673.534207
1 372.366247 697.872412
1 422.221902 677.256744
2 434.670978 667.363835
2 351.245007 732.492949
1 368.299247 688.217477
2 366.521829 734.173373
1 574.959321 781.590922
2 431.259033 704.862779
1 360.062149 687.653440
1 501.794536 794.089788
1 620.415965 744.768411
1 592.053545 734.134015
1 400.991407 709.800700
1 527.013592 679.803867
2 612.789834 856.880349
1 390.795983 719.099386
2 448.494414 756.636542
1 416.061703 676.158444
1 495.429389 769.339146
2 360.195461 719.673643
2 427.349284 870.241911
2 598.659596 922.396644
2 447.374391 725.072529
2 484.337946 706.131229
2 345.051427 734.485605
1 541.398669 816.283114
1 536.024433 796.212647
1 397.144380 707.438025
1 566.043406 817.769423
2 400.882630 673.368471
2 407.834982 680.399508
1 540.990124 789.597701
2 425.962867 830.218161
2 484.731607 782.427991
1 377.833191 680.662396
1 351.177734 669.173899
2 492.568891 818.108253
1 366.350956 671.506527
1 506.619236 857.848662
2 352.021441 762.747953
1 550.321113 812.361716
1 568.032901 825.576854
1 532.765049 816.218484
1 570.285363 806.300825
2 396.512385 685.036329
2 630.392181 849.210848
1 360.197849 668.955552
1 585.183700 771.586497
2 546.281162 872.376936
1 448.452762 677.054965
2 347.845755 738.371607
2 426.050191 816.437985
1 576.368047 825.600493
1 537.419476 766.696848
1 630.875111 831.713502
2 455.279051 752.687488
1 622.399025 808.803014
1 581.058813 801.386136
1 520.600349 796.000855
2 379.135170 748.503538
2 526.296696 801.780403
2 429.487091 712.647018
1 371.236160 707.507478
2 424.004726 764.622250
2 424.768255 739.226353
1 546.810583 778.402317
1 606.576519 771.661325
1 529.567969 743.074751
1 616.504825 762.165208
2 381.966774 900.394592
2 566.229500 847.829029
2 384.665728 785.380472
1 475.765040 799.352723
2 482.926934 751.336236
2 448.217341 674.147937
2 448.135610 702.091192
2 341.532886 675.155224
2 528.327550 837.236490
2 375.635324 677.749537
2 372.740399 676.459120
1 358.791343 675.413375
2 400.939183 682.438013
2 463.300798 675.308286
2 424.735482 702.962875
1 546.496828 761.189393
2 525.066377 832.292167
2 371.066721 739.457742
2 397.384975 699.234236
1 599.170440 743.595325
2 426.473267 803.335037
1 374.932599 677.366353
2 445.719778 714.038656
1 367.692108 686.054775
1 548.226734 831.652604
2 415.331885 763.547445
2 510.096974 692.314926
1 594.720312 760.575522
2 519.732095 679.147062
1 565.948990 793.883606
1 564.867931 862.547452
2 451.156577 714.949020
2 355.259151 667.373694
1 646.397359 801.550274
2 587.984282 820.696635
1 537.310019 855.761327
1 435.679168 673.983597
2 457.348764 800.092153
2 504.198971 798.036364
1 627.077231 780.853864
2 427.131745 760.761710
1 605.022958 788.638238
1 421.678943 679.249438
2 525.289592 683.502316
2 467.359550 801.298956
1 543.981990 794.885103
1 575.231851 786.894121
2 425.085918 775.649432
2 524.268462 676.856185
1 580.646328 803.806841
2 607.697868 777.074058
1 527.639995 810.308169
2 433.418557 773.109651
2 446.827326 719.319120
1 566.371502 829.537078
2 557.919241 862.743416
1 568.934511 817.846041
2 440.168141 806.861849
2 467.500431 755.111573
2 397.169334 720.998960
2 385.056748 674.220275
1 596.632423 854.503866
2 447.553010 784.454952
2 426.071748 752.698708
1 386.128366 704.567187
1 493.068101 844.122785
1 576.698606 852.460320
2 592.308961 716.987037
2 608.873645 771.392372
1 569.603659 784.284639
2 382.769515 673.920604
1 411.260039 678.132479
2 455.304915 699.726778
2 364.580993 728.504139
2 401.020768 730.434641
2 338.301269 678.251576
2 467.439540 668.554125
2 362.655687 713.461895
1 536.944698 765.290165
2 478.343535 680.706054
1 384.507346 704.474584
2 365.050568 691.412112
2 429.006111 731.361403
2 509.564863 744.800604
1 539.833780 769.632811
1 539.115333 770.548157
2 343.388825 769.311561
2 394.458652 725.716361
2 473.137155 740.232532
2 405.765098 668.921575
2 477.669669 792.989107
1 603.659519 830.568655
2 463.765573 745.564750
2 439.955874 889.623432
2 370.480690 719.823488
1 389.193087 679.171425
2 455.892118 703.262649
1 390.571440 691.316638
2 577.383034 833.339666
2 444.233551 730.766160
1 364.335748 705.741590
1 426.168676 681.329545
1 555.319278 863.462211
2 448.196549 762.993357
2 388.335013 735.508598
2 491.597602 709.759694
1 472.477952 685.346210
1 493.651848 734.804090
2 401.841776 737.375830
2 363.204425 682.527272
2 433.443215 737.613144
2 337.672973 719.605461
2 519.867232 782.390875
2 521.483764 784.973277
1 349.374209 671.492696
1 338.410934 718.515962
1 365.954792 691.494130
1 594.551401 749.736892
2 371.788187 699.465219
2 408.281171 752.791553
2 593.782365 741.653811
2 399.428306 719.980833
2 396.049225 683.156050
2 366.186230 748.054937
1 525.617198 779.737363
2 338.715835 707.432684
2 420.858741 730.949556
2 463.472756 685.736804
2 440.622139 699.070341
2 506.838315 816.992573
1 526.440992 774.617974
1 438.435615 694.709678
2 464.650758 820.179092
2 413.996840 764.287402
1 385.686900 667.164024
1 546.932299 782.721282
2 531.593184 808.255266
2 430.295125 763.495313
2 470.272491 688.500464
2 476.231872 742.029587
2 428.484870 770.515784
1 350.766707 718.458395
1 531.310085 895.724030
2 508.276985 802.083589
2 365.656828 719.270918
2 385.630025 678.391177
2 368.907407 713.141622
1 381.249190 714.926332
1 539.274947 768.810029
2 442.574627 668.365238
1 538.943195 809.026599
2 585.324800 852.967276
1 594.189856 809.974150
1 472.533971 703.456012
1 550.868257 835.278939
1 450.131543 685.331320
1 596.249306 806.320271
2 393.414102 783.914571
1 481.073771 793.124252
1 543.400973 814.468798
2 475.286821 692.771541
2 430.951499 735.482589
1 533.750136 798.783035
2 652.572018 823.374756
2 347.405481 756.886081
2 464.979073 736.917496
1 430.788052 687.916796
1 535.579721 776.743064
1 430.532280 675.471182
2 508.333804 748.419626
2 437.206867 688.807252
2 497.405226 794.588923
1 569.931285 805.131143
1 361.716432 745.546819
1 531.099087 848.421257
1 353.129435 671.631742
2 536.832470 820.956959
2 524.557789 702.104124
2 481.632195 736.358433
1 464.297709 694.838404
1 534.589380 817.043959
2 419.476448 746.365913
2 517.123821 772.824324
2 411.869458 794.386018
2 450.203989 680.415244
2 372.529402 738.270232
1 587.486734 778.480261
2 498.413710 718.507037
2 353.093039 789.320485
2 421.551371 699.458529
1 496.041892 780.276478
1 825.323420 313.131564
1 812.226200 290.236725
1 830.429414 297.607845
1 814.043604 287.613507
1 833.030645 316.684872
1 831.667684 295.476292
1 814.058431 301.075981
1 834.044190 283.999700
1 827.473053 308.571495
1 820.776003 303.481807
1 835.591285 300.783414
1 820.155986 304.158386
1 822.841290 275.549347
1 826.779512 299.570688
1 802.061386 300.942897
1 818.328382 301.953430
1 821.461269 298.275657
1 837.939457 290.559085
1 809.734327 290.916042
1 799.208382 306.913418
1 827.960425 295.295719
1 822.190965 301.146311
1 828.619228 297.276916
1 824.871657 302.618242
1 822.383471 302.747937
1 820.658663 284.509079
1 809.235061 314.367895
1 838.150705 307.822859
1 833.266366 306.872088
1 824.072163 310.451970
1 820.862003 300.408726
1 818.762404 303.936763
1 812.497967 279.106009
1 829.669497 290.198884
1 832.419664 315.356267
1 820.978513 300.690964
1 797.302606 305.825083
1 843.686914 295.652230
1 836.313379 292.914827
2 722.194114 196.170142
2 799.967573 112.965367
2 893.464066 245.978228
2 755.215109 262.818065
2 847.526756 47.555112
2 896.554048 172.220755
2 882.950573 98.002196
2 919.808063 177.226763
2 763.118143 314.693327
2 830.285743 135.188482
2 995.768737 265.352777
2 675.563414 185.947463
2 900.574006 251.836751
2 844.330495 166.834008
2 786.455709 275.805450
2 909.989381 231.012482
2 721.232896 113.150164
2 850.339335 302.945682
2 923.431828 272.093459
2 921.373790 74.377634
2 700.217118 149.705557
2 799.230402 268.265659
2 826.266588 220.737925
2 746.763665 98.818846
2 942.296089 88.085685
2 998.183651 278.084384
2 992.212422 18.595498
2 961.750529 170.609145
2 747.794707 283.159653
1 829.049360 269.867141
2 754.711815 281.764289
1 832.035933 288.187993
1 783.794238 320.789921
1 830.643004 301.710477
2 904.673360 320.543506
1 850.539085 314.568298
1 805.572699 298.346652
1 853.148314 299.628851
1 853.139038 322.231191
1 832.279363 285.597081
1 801.054917 269.987885
1 809.562945 294.518236
1 835.596517 317.660464
1 831.698550 285.507832
1 813.208627 328.875024
2 784.550744 192.749190
2 679.003521 272.195185
1 799.228772 306.846729
1 814.699279 316.719614
2 802.956883 206.450740
2 863.227617 246.223793
1 800.233269 272.165076
1 831.610008 314.423343
1 784.825878 315.374322
2 894.356882 253.343025
1 866.020801 257.065322
1 807.686823 316.680075
2 805.525791 300.761196
1 819.446063 301.514373
1 804.503006 283.376383
2 868.937817 287.394643
1 828.120113 286.762014
1 785.623387 290.475209
1 860.503628 267.634965
2 766.625316 274.436449
1 852.630197 306.259724
1 796.194372 271.928706
1 776.158367 297.761534
1 860.205021 326.638696
2 846.950935 142.709661
1 815.290023 301.519415
2 986.759766 204.849187
1 834.800523 292.076966
1 784.490537 295.446725
2 838.163016 239.806481
1 809.992019 323.415577
2 974.275504 263.671164
2 981.717774 254.486237
2 887.014087 261.913660
1 857.313381 312.185067
1 826.323722 298.653432
1 784.000518 275.994836
1 821.408853 325.625038
1 802.882098 324.414461
1 825.858187 316.186219
2 905.088191 152.883405
1 819.211788 311.066410
1 806.417994 281.752853
1 825.918698 273.526437
2 908.578438 258.344776
1 778.928939 322.651982
1 724.848055 290.039965
2 796.272044 194.424085
1 843.957422 313.564986
1 825.175208 283.790267
1 812.202692 327.683263
1 801.155471 276.637356
1 792.463941 300.212393
1 855.731104 297.182527
1 815.324886 301.518146
1 817.173884 288.632970
1 803.101026 295.986028
1 874.143419 277.321924
2 751.973563 283.354569
1 825.648076 304.957743
1 791.491001 293.437222
1 756.481238 329.759473
2 952.071875 203.602445
1 852.887954 322.225587
1 816.496650 292.417486
2 909.804386 322.421588
1 799.588704 310.456463
1 828.181916 330.739735
2 931.704491 196.295319
1 779.293258 282.690799
1 808.424816 306.823449
1 830.768389 295.342937
1 822.317879 274.136720
1 845.496811 267.596982
1 819.894643 267.811701
1 822.283564 324.047942
2 794.005159 270.196303
2 909.261031 176.425920
2 751.877175 315.078712
2 758.998435 318.157969
1 872.981578 248.060340
1 829.763209 301.684965
2 937.624539 186.902274
1 830.123737 314.521400
1 885.639807 304.726251
1 791.958025 290.736601
1 859.222198 290.758619
1 826.300885 319.234196
2 848.018747 321.153913
2 977.068678 290.911523
2 865.107210 303.007624
2 903.721280 217.632790
2 853.483616 321.637678
2 766.428068 283.044223
1 810.736345 269.712397
1 812.799857 318.897673
1 838.562645 313.691366
1 846.713227 296.259357
1 824.746300 248.845161
1 796.970544 272.128140
2 888.102600 318.599589
1 862.740450 294.893367
1 826.073145 230.876061
1 779.104275 304.192690
2 847.642476 221.446795
2 877.870832 317.893183
2 754.366351 260.021565
1 829.138879 303.741525
1 792.850886 275.383610
1 809.695014 291.534536
2 899.898411 213.939422
1 774.387714 316.869381
2 848.532241 308.279305
1 731.864497 309.901942
1 833.469559 308.121600
1 838.157661 283.775094
2 828.018487 328.236492
1 836.748287 322.723568
1 832.912793 305.564050
1 826.067451 321.044587
1 816.519737 304.771127
2 797.965438 193.527825
1 827.790096 314.097775
1 840.631338 257.845578
2 896.834809 275.801173
1 812.339331 326.344133
1 847.042299 253.369266
1 840.888000 268.316860
1 879.061903 301.467853
1 802.150730 323.301221
2 851.120433 198.253785
1 838.512434 313.134646
1 835.976886 290.213807
1 791.842639 310.171117
1 866.181953 280.234987
2 929.014108 293.935397
2 979.987468 226.756146
1 869.990191 284.996624
1 847.543806 266.549781
1 822.276539 270.332450
1 835.144482 290.779520
2 864.693601 259.564065
1 823.831483 268.253760
2 856.104294 272.774206
1 716.978247 289.163157
2 924.822934 360.146150
2 898.600168 540.882315
2 677.775509 342.930127
2 750.100477 352.702020
2 867.559483 627.575568
2 968.121624 355.378469
2 909.437058 404.824141
2 921.326964 580.380160
2 977.632657 440.842494
2 772.892698 525.418582
2 958.985674 356.512416
2 952.169677 569.099599
2 813.839232 641.817628
2 864.808386 501.433124
2 922.861860 409.129112
2 757.961885 346.761935
2 921.044725 367.612915
2 710.275476 501.749901
2 821.702857 505.467745
2 923.699222 340.109950
2 857.317670 417.800218
1 841.569521 336.175826
2 726.739960 407.214719
2 768.925132 369.924609
1 869.018999 348.885906
1 846.033573 342.747032
1 825.805410 342.216327
1 815.319601 339.974791
2 914.576503 438.398586
1 794.892853 341.606842
2 720.072290 333.755156
1 818.635477 333.909144
1 865.172416 368.424524
2 795.050983 357.085789
1 861.558043 384.230145
1 802.985193 340.190513
1 773.213215 365.135975
2 877.593214 371.823954
2 671.047483 653.933636
1 822.834163 357.933901
1 819.723875 342.243152
1 740.195790 357.892524
2 820.821884 368.322151
1 800.418147 355.042229
2 879.195405 382.623094
1 786.649024 374.723398
2 875.638588 354.280888
2 775.802016 377.684486
2 921.611208 341.876933
1 846.960558 338.857853
1 880.720777 334.352047
1 767.167301 344.189116
2 749.030281 336.253660
1 762.441028 339.033127
1 807.720977 344.517973
2 862.383076 413.050140
1 852.964579 353.492543
1 771.118459 333.672691
2 892.625882 348.498331
1 845.898395 336.153451
2 730.879782 942.588539
2 817.317326 740.240759
2 728.193996 675.485181
2 737.304823 749.460525
2 676.107195 838.903866
2 836.032604 668.933878
2 922.795936 866.236940
2 841.109441 723.509132
2 975.466924 771.741003
2 981.902447 834.698518
2 864.426634 915.553717
2 693.274694 781.004788
2 666.953286 932.102326
2 741.835712 871.078402
2 780.253001 708.401185
2 714.558758 833.168375
2 717.064079 886.550998
2 674.437971 774.742747
2 995.719976 805.327633
2 973.393707 816.736553
2 680.964276 687.162985
2 711.610238 893.125869
2 994.848051 833.410693
2 705.554308 745.092334
2 993.247557 844.550436
2 687.369492 866.359984
2 693.497400 851.642592
2 960.259342 812.064343
2 679.686611 812.925980
2 982.789538 698.803551
2 987.328043 829.250775
2 685.644457 911.760578
2 705.132824 858.811289
2 686.403090 923.209297
2 711.373226 802.372063
