1 202.078525 179.315206
1 186.819888 180.064576
1 214.176846 164.074055
1 182.952212 174.534474
1 206.669392 164.939290
1 196.768541 177.505941
1 204.328503 189.087506
1 210.958168 179.125455
1 211.836927 174.842533
1 189.331589 163.877402
1 203.527437 163.832954
1 193.067098 161.343859
1 199.534577 179.521387
1 201.970054 177.160632
1 209.442568 186.467994
1 180.724814 194.967207
1 203.531713 193.973627
1 193.107182 173.501593
1 196.032144 186.401373
1 216.060535 192.472274
1 198.853969 176.148251
1 192.250519 197.907028
1 194.037276 181.435106
1 199.799649 178.648621
1 181.725132 173.312320
1 183.153069 197.091140
1 188.637822 183.889312
1 189.229870 181.374885
1 199.026631 174.339036
1 190.123317 178.772194
1 211.479674 193.053529
1 201.737982 180.358956
1 199.410362 165.275356
1 200.678000 184.928028
1 178.902086 190.791062
1 199.439138 173.536568
1 210.518514 165.218820
1 201.121318 185.842062
1 185.497611 180.646397
1 198.505473 182.127880
1 182.344040 172.955946
1 194.792092 166.717099
1 186.702925 186.835629
1 203.281993 182.508794
1 215.404842 195.972708
1 209.131122 169.530986
1 205.148379 156.622375
1 203.190361 193.766879
1 201.587909 182.185522
1 210.067252 172.806962
1 180.519413 181.551925
1 164.404600 190.416620
1 158.600325 174.574036
1 198.772728 218.812938
1 216.146550 276.324458
1 191.976297 189.915078
1 253.556646 183.187492
1 213.900873 166.308729
1 233.581301 187.800612
1 195.488721 144.077805
1 190.065144 172.122170
1 170.803892 152.677737
1 209.894984 176.007143
1 180.189117 164.326322
1 219.270987 163.508236
1 161.645122 203.296095
1 203.705548 200.509252
1 211.659867 144.882342
1 232.839324 142.761674
1 151.304260 154.462236
1 191.673080 145.303108
1 124.178279 150.551759
1 213.812112 223.295316
1 196.868759 142.703904
1 247.060071 114.058337
1 199.498738 185.563911
1 233.816699 213.469027
1 168.149070 234.768452
1 137.660637 163.557018
1 206.599587 166.758804
1 207.568219 132.663015
1 205.478242 189.902972
1 206.522477 196.087137
1 219.510023 224.547730
1 192.845474 202.695356
1 177.690556 132.056907
1 213.531590 161.044246
1 200.403521 152.763505
1 227.744794 184.977576
1 159.441370 180.732473
1 229.691820 187.907329
1 180.321709 201.012958
1 223.726424 181.693550
1 170.022207 181.843068
1 237.435049 160.277534
2 59.664177 453.414726
2 50.576305 436.787278
2 58.482343 434.984402
2 51.425367 440.837784
2 43.175214 434.119097
2 75.720087 415.002922
2 58.804816 428.815023
2 63.347146 425.863559
2 60.732494 408.726670
2 72.406240 438.663397
2 68.614963 418.307461
2 78.024736 442.886722
2 67.604440 409.186050
2 50.591738 412.758446
2 64.626408 427.958435
2 74.532559 427.224107
2 45.398665 416.726962
2 56.673980 431.836704
2 64.811656 413.906890
2 39.766784 432.656259
2 54.629899 427.696813
2 39.445893 422.065107
2 64.010856 425.553187
2 59.602518 430.313672
2 64.184752 413.590620
2 80.182577 438.192942
2 70.931752 442.930283
2 61.246465 421.775181
2 60.792721 428.363508
2 61.668450 429.694248
2 53.810192 419.722364
2 56.705041 425.612133
2 56.175670 411.315359
2 63.494198 428.757342
2 83.436392 431.710276
2 56.345963 431.619136
2 62.089104 430.141319
2 43.408837 443.731623
2 62.548742 428.029501
2 65.727367 424.865274
2 71.831915 415.201987
2 61.552714 420.683760
2 54.176240 408.216230
2 54.332525 422.651007
2 65.391002 431.691994
2 45.589576 434.050779
2 63.955935 438.324871
2 40.333242 444.457525
2 47.776520 438.419990
2 83.859896 425.730642
2 82.425205 460.343284
2 69.990311 449.283873
2 84.452793 460.679801
2 82.827931 445.619104
1 137.580917 790.113407
1 154.195366 773.573497
1 148.767415 779.060031
1 148.218661 777.629893
1 139.421185 798.342218
1 138.908182 789.084680
1 146.418749 784.457072
1 160.131038 787.909778
1 150.308837 780.140365
1 157.117436 792.632554
1 158.460107 771.246079
1 146.027089 803.146904
1 157.586055 786.824144
1 151.165851 778.942263
1 154.737368 774.207855
1 153.580006 777.188003
1 164.555545 789.736037
1 150.928066 781.749938
1 161.261873 761.410870
1 149.508251 763.863873
1 144.243613 785.552113
1 163.909595 777.338638
1 146.093343 790.984559
1 136.628337 785.524255
1 140.338804 770.199865
1 135.578839 792.133503
1 135.556030 777.083723
1 153.267474 780.133094
1 150.762099 774.299002
1 129.636304 786.653029
1 147.859911 793.014543
1 150.481933 780.709372
1 130.425149 772.329319
1 147.324617 770.897743
1 165.789670 780.267917
1 170.979326 792.811980
1 143.297630 795.898551
1 154.225798 768.676333
1 146.283493 780.222102
1 156.864742 796.891839
1 161.861036 758.807051
1 128.360333 771.670554
1 157.033526 783.322430
1 154.356766 782.354495
1 171.076966 768.126136
1 149.792901 793.426537
1 155.137713 786.289303
1 144.477388 777.595097
1 165.961065 763.317471
1 160.573092 762.600482
1 109.891266 790.452420
1 203.396826 777.270920
1 154.053425 792.990405
1 178.071767 770.931614
1 136.370413 773.432082
1 155.034642 757.313573
1 132.802035 811.869680
1 123.820618 757.750311
1 167.976558 763.744205
1 206.962390 767.456227
1 160.760851 746.154202
1 90.889932 767.300786
1 179.942325 742.946791
1 166.444253 796.597767
1 114.858179 741.392332
1 136.264281 846.251893
1 175.294206 739.427022
1 62.631153 708.079648
1 154.447221 772.615723
1 143.957368 778.808137
1 191.339441 785.268155
1 122.248124 773.784420
1 129.203125 735.450584
1 144.127936 788.371314
1 150.185511 768.006065
1 157.222669 736.783350
1 148.057803 755.607033
1 149.332120 764.684645
1 206.300619 792.401700
1 149.810971 788.151163
1 159.125348 704.796154
1 165.603750 835.742966
1 218.551009 790.440712
1 172.327263 734.458097
1 186.228503 758.007409
1 94.395411 825.133712
1 114.461280 754.947774
1 202.666185 720.091144
1 95.784634 833.232155
1 117.642913 773.810317
1 171.848879 799.953256
2 499.585782 134.991032
2 484.248733 151.095240
2 487.072859 134.072046
2 483.869978 133.688808
2 506.632547 149.885286
2 492.965995 129.845313
2 518.370217 137.655406
2 500.372290 132.347817
2 487.886167 155.139001
2 493.720714 134.765195
2 500.592111 143.538737
2 509.219396 138.393067
2 509.805614 158.859363
2 494.685072 156.280964
2 516.707945 155.811111
2 493.952420 155.236588
2 512.198795 143.865391
2 498.891104 142.434045
2 503.031665 142.810787
2 503.838197 164.691625
2 482.063822 143.746553
2 496.084056 144.129262
2 491.287710 130.238975
2 493.997559 149.054409
2 505.718363 140.086895
2 516.354893 141.664266
2 492.726283 160.391446
2 497.273132 140.416961
2 487.985610 127.781588
2 480.665799 140.519273
2 491.863470 139.404843
2 484.169628 124.939385
2 500.296424 143.208910
2 502.431803 130.208756
2 488.163780 137.309645
2 507.653555 163.648638
2 490.172815 141.775291
2 497.665782 137.406016
2 504.235634 136.967520
2 507.121802 126.362128
2 504.037112 143.205893
2 519.923327 144.451390
2 507.237126 134.154348
2 495.384363 140.921447
2 497.827101 132.321328
2 520.065446 142.572758
2 485.296409 121.877189
2 495.878229 119.440463
2 499.532163 145.276059
2 486.023560 139.868389
2 524.213606 128.303998
1 414.159271 654.484542
1 396.965906 656.429721
1 409.232629 630.668999
1 407.023245 639.978443
1 393.944144 650.141133
1 399.197276 650.149638
1 405.431374 649.333913
1 391.300101 656.779568
1 399.486811 646.725757
1 400.259023 649.944374
1 399.088965 649.256337
1 395.487644 652.575963
1 399.326209 652.158784
1 411.968041 650.520766
1 398.848586 635.686138
1 391.609420 665.205160
1 408.133576 630.837110
1 399.173399 644.191207
1 409.607785 663.929181
1 389.841955 658.005263
1 400.774781 650.308213
1 399.641320 649.664334
1 400.950645 653.944074
1 396.906714 642.965381
1 396.371375 649.914623
1 381.955513 645.056636
1 398.298446 654.480653
1 405.424793 638.575822
1 381.367666 653.613494
1 410.397212 637.327155
1 398.660293 649.819049
1 401.354440 647.757411
1 390.971265 647.465206
1 405.861198 641.062399
1 398.602001 647.378318
1 394.385557 654.002274
1 393.340697 642.555826
1 411.539163 654.654595
1 401.664526 639.774492
1 408.226809 628.395687
1 395.338749 637.154486
1 403.421915 634.225238
1 415.984239 646.909203
1 399.215922 650.971434
1 423.036678 654.281203
2 556.654560 492.168320
2 566.327921 479.929622
2 559.645556 478.749257
2 542.108217 474.036524
2 559.685605 487.433473
2 563.369408 490.282628
2 573.381410 471.477110
2 559.161220 474.688788
2 557.486451 481.565274
2 556.840378 498.166857
2 563.704203 473.647680
2 558.252617 486.808067
2 558.899972 479.781194
2 548.343974 488.373185
2 559.745212 479.979779
2 569.635254 470.297255
2 565.753896 479.453980
2 547.504747 473.173566
2 568.280122 458.401332
2 552.993692 480.154732
2 536.452940 475.645585
2 545.797056 473.774194
2 567.445625 494.042759
2 562.460124 483.713340
2 543.069621 483.761617
2 558.284391 476.821103
2 547.655082 458.294657
2 561.074381 495.485274
2 563.167474 480.654356
2 566.168079 497.857587
2 557.684401 461.115869
2 552.590856 490.349685
2 560.512513 470.929234
2 563.243376 477.289553
2 542.971177 465.114985
2 544.830961 464.668945
2 553.586758 461.895545
2 564.947799 458.268381
2 567.193653 481.763242
2 564.631733 472.059136
2 559.099342 479.038836
2 580.142647 476.366680
2 565.634408 455.665149
2 557.992754 503.939145
2 580.160206 485.271098
2 564.291244 478.719299
2 548.831643 495.501298
2 544.664903 471.243575
2 545.146850 474.591171
2 568.669514 482.475636
1 389.630891 606.894335
1 407.662128 644.366933
1 366.922663 664.237411
1 412.889298 649.921427
1 382.197376 651.631841
1 448.186626 651.354771
1 407.397798 631.353105
1 423.995452 618.481231
1 412.697172 628.797955
1 372.325837 633.319294
2 556.501862 443.291297
2 553.674919 506.462907
1 406.701299 659.523369
1 363.999879 633.806351
1 402.358994 617.514075
1 354.084015 645.188133
1 429.072442 655.550783
1 391.916094 653.138030
1 422.214837 664.300322
1 414.685160 615.673413
1 414.928770 637.259295
2 534.780824 486.314328
1 377.542391 609.640703
1 376.465466 651.087184
1 364.802264 608.168852
1 396.537717 628.828292
1 441.643724 607.382028
1 371.902460 649.083979
1 394.888127 603.815644
1 389.345014 630.643726
1 429.858422 661.541336
1 384.891560 621.041238
2 553.781957 455.334905
1 416.237445 642.295071
1 369.420866 659.663860
1 415.856835 660.695346
1 360.052743 627.875667
1 385.862319 600.208780
1 369.503956 629.570344
1 380.374590 653.017350
1 377.064910 646.910119
1 372.490975 664.336894
1 396.077941 630.101971
1 425.311876 654.320612
1 423.125282 642.424426
1 392.114856 668.457714
1 394.954126 674.308099
1 410.850476 670.035768
1 395.577588 668.116983
1 394.221399 669.527537
1 575.661683 787.109299
1 554.016372 799.904415
1 581.751516 787.336215
1 566.340280 801.260464
1 570.123937 800.021367
1 591.474880 793.367133
1 567.376086 804.549630
1 560.549366 808.971070
1 587.251436 782.693528
1 587.747347 813.579480
1 583.242380 791.272099
1 572.751738 801.405733
1 552.745377 812.852118
1 564.153244 803.367135
1 566.634687 799.764181
1 569.401358 802.703440
1 581.768991 798.964816
1 572.759855 799.243772
1 577.898006 790.170492
1 574.622078 798.789140
1 583.571398 807.125762
1 573.053080 813.579015
1 584.509425 787.087501
1 572.145453 786.877142
1 574.188549 798.183811
1 555.463841 818.504065
1 589.863390 791.962140
1 560.629967 802.699365
1 568.084256 806.421477
1 556.173005 808.304817
1 572.362892 786.040284
1 569.348468 803.664456
1 559.722450 798.231480
1 554.189676 788.492689
1 565.268759 792.765162
1 570.431892 804.553449
1 553.812317 802.677720
1 566.122417 793.535738
1 556.450136 801.912863
1 558.457108 801.771453
1 553.909713 813.565870
1 551.165307 798.782531
1 588.384833 811.338194
1 564.321143 806.739449
1 563.309108 788.919077
1 546.552111 799.804377
1 578.038975 812.878854
1 570.841369 788.925269
1 569.494965 799.816144
1 577.269699 796.321275
2 389.538227 833.879714
2 402.161750 844.896420
2 378.960659 833.429814
2 411.442228 835.670410
2 409.237313 811.380150
2 399.890100 830.041025
2 387.390942 851.011779
2 400.025746 809.960347
2 405.207302 850.738799
2 397.114311 827.173351
2 397.580039 831.068220
2 401.636197 813.259206
2 401.312932 830.117661
2 387.290173 814.781166
2 399.712033 820.898581
2 402.382769 830.642689
2 397.509522 816.278095
2 411.152661 844.794265
2 395.711069 837.208026
2 390.150597 825.066402
2 399.501159 818.059710
2 398.257724 839.003859
2 376.583223 838.678080
2 382.307555 837.874612
2 416.083383 812.282884
2 385.918454 817.639902
2 412.266138 813.407596
2 399.456228 830.895849
2 413.065501 846.807698
2 415.642324 835.764118
2 408.008256 824.890422
2 390.094158 829.951194
2 398.878255 849.165779
2 401.366324 848.649844
2 401.175089 840.522349
2 399.819838 837.191383
2 405.832256 845.406995
2 398.449407 821.013905
2 402.179150 831.091748
2 405.133892 836.167852
2 418.329704 828.496631
2 400.384027 826.575821
2 391.501291 844.196585
2 402.664223 816.254259
2 404.526549 830.470441
2 402.357607 815.581699
2 393.088402 831.176945
2 397.917414 854.296024
2 388.306593 841.258806
2 382.629465 844.753000
1 558.986988 764.365839
1 537.551870 821.163205
1 563.748641 794.785263
1 602.181104 814.842035
1 605.305922 810.128756
2 433.772570 804.310534
1 592.882816 785.144403
1 550.390605 778.396913
1 530.861548 742.765511
1 601.018357 791.781400
1 551.089115 784.447353
1 444.487515 666.844950
1 574.470006 856.495304
1 550.699696 776.740927
1 563.579655 819.382057
2 429.851001 833.236447
1 595.893783 764.763222
1 564.741563 768.442909
2 432.560323 806.981779
1 556.849015 825.164922
1 555.207814 827.384664
2 335.237863 821.071132
1 570.755361 778.566846
2 418.315928 861.332652
1 582.446887 772.772920
1 582.339388 794.859415
1 573.001751 806.403846
1 560.500522 774.621662
1 447.570492 671.059090
1 341.101007 669.076203
1 426.866607 674.381705
1 560.853650 802.817270
1 575.075880 757.138735
1 586.435459 840.250907
2 419.774070 812.523516
2 441.711826 838.530688
1 396.151503 675.271211
1 590.439546 751.760072
2 387.013576 800.114355
1 335.293230 692.150582
1 571.393236 806.956530
2 406.083412 846.376915
2 384.918682 835.953797
1 583.746756 861.496176
1 535.822341 820.149235
1 583.437902 873.910874
1 546.991184 812.847715
1 607.281754 841.561699
1 540.693176 778.629909
2 403.026013 800.140488
1 509.136903 806.309741
1 551.173769 792.906800
1 569.508867 738.652088
1 493.963909 796.592297
1 572.920187 774.871607
1 571.511245 839.667640
1 822.570945 295.209373
1 796.388864 306.657840
1 821.036917 304.551643
1 829.830806 294.046739
1 821.918281 286.535242
1 827.008361 306.982318
1 819.703925 311.468283
1 819.562622 309.232983
1 802.629404 300.577595
1 839.125300 303.166866
1 819.550908 293.675277
1 823.128751 297.453261
1 816.029020 288.743721
1 823.478148 298.508401
1 821.751465 291.149601
1 818.087407 302.558102
1 815.426318 276.391480
1 825.283169 296.602609
1 818.450751 282.660983
1 820.312877 300.045297
1 819.187439 300.062221
1 804.173060 292.202385
1 820.927539 293.228590
1 822.934482 292.983958
1 828.970412 303.746897
1 820.841994 316.170513
1 815.418058 296.885520
1 819.024018 294.624643
1 831.099042 306.238499
1 818.992631 313.060734
1 819.454788 297.964086
1 839.922837 300.968418
1 814.089782 286.227806
1 814.952164 321.010370
1 825.252307 296.898763
1 803.852044 302.353583
1 809.983797 301.390875
1 823.426854 290.314283
1 799.510615 313.051670
1 837.694861 287.564907
1 831.735188 292.686087
1 805.251090 281.217554
1 834.640377 300.015460
1 819.206725 279.764840
1 822.409595 321.539671
1 803.484546 312.865743
1 821.588987 277.873229
1 817.297562 303.155753
1 814.325253 299.945888
1 826.184956 286.264424
1 878.882123 284.485578
1 843.512784 277.912273
1 782.036343 331.436901
1 832.818592 325.782623
1 840.988971 245.985194
1 784.082760 271.242156
1 878.136460 251.652797
1 826.071765 309.788099
1 809.187109 311.062188
1 804.908028 278.477391
1 801.394634 271.195566
1 819.941028 332.494481
1 804.359133 317.964295
1 782.469440 288.670548
1 811.698081 290.061516
1 796.629256 295.326512
1 781.388631 269.142877
1 798.959558 333.188271
1 794.956866 313.715139
1 812.189739 321.797986
1 841.655921 294.755761
1 852.890213 270.707423
1 868.954865 232.858085
1 842.260853 257.020871
1 842.902517 328.247317
1 794.550602 294.380545
1 852.380823 320.195486
1 816.550900 234.741418
1 804.518133 273.943769
1 874.563519 273.130665
1 861.557506 264.616276
1 848.430257 286.241310
1 829.125359 261.984582
1 774.381940 321.191532
1 834.067501 316.457811
1 772.537708 300.392171
1 827.356899 265.864341
2 840.676232 608.621616
2 852.475574 633.410839
2 846.066883 625.840064
2 851.954105 627.968782
2 854.026035 648.220403
2 839.991632 615.530566
2 853.077069 632.163393
2 838.369887 634.561641
2 841.955730 613.519406
2 866.584727 624.813974
2 828.963805 622.449259
2 852.416090 642.763955
2 837.016986 614.694498
2 840.738615 643.357703
2 843.478089 641.697435
2 838.721206 644.038280
2 863.400528 639.149061
2 859.753973 642.335668
2 837.233535 635.162835
2 853.881323 619.546542
2 850.632442 625.157595
2 853.359522 611.015333
2 850.418268 615.658842
2 858.067359 619.559308
2 857.351504 643.163369
2 850.318600 639.521488
2 835.521914 631.914579
2 831.556330 614.604932
2 850.077215 631.957816
2 856.027421 643.177058
2 852.373098 634.690302
2 851.245743 630.290808
2 836.293860 616.051164
2 837.884820 636.400251
2 853.265255 626.674026
2 848.812040 628.612968
2 850.192135 635.737483
2 854.054095 633.278565
2 849.995893 630.763458
2 846.559716 642.299393
2 834.979246 636.262926
2 855.763583 644.513919
2 846.730506 607.687930
2 856.436795 633.342058
2 852.717873 632.804110
2 842.090755 638.151091
2 850.444308 630.218780
2 850.868218 630.077384
2 841.498960 633.550477
2 831.691895 631.432495
1 849.996235 339.088838
1 835.178094 340.248735
1 851.088527 342.385724
1 779.283631 351.028869
1 821.559266 354.760284
1 778.097610 347.209723
1 796.526596 342.481815
