1 199.269705 173.437265
1 210.114308 186.948301
1 205.196307 190.114481
1 201.889364 166.244283
1 200.028815 178.904122
1 212.483211 172.490510
1 195.050289 171.076614
1 179.145205 192.423152
1 203.705688 176.662764
1 220.372450 167.082820
1 190.286978 163.249754
1 191.860712 185.192797
1 199.578806 182.418145
1 186.174945 200.079040
1 180.475691 186.882647
1 220.977149 175.115079
1 199.999612 180.015226
1 193.785615 175.874331
1 182.203108 183.478241
1 198.891638 173.225857
1 186.504118 179.103378
1 180.106523 173.681083
1 212.946587 178.048028
1 209.544623 167.571960
1 181.902077 174.280506
1 205.334414 178.161422
1 188.913952 189.585743
1 204.101071 172.079548
1 179.717881 187.837870
1 207.066242 193.777773
1 184.536981 177.049929
1 194.252804 187.623283
1 221.555916 184.444234
1 204.039642 182.773306
1 209.057956 178.535843
1 198.418725 169.288476
2 147.719864 139.178096
2 293.914801 136.273860
2 171.706898 110.554810
2 245.197685 60.614106
2 294.372177 189.389279
2 247.747488 300.629079
2 123.511157 300.565481
2 304.332227 62.381701
2 318.756259 57.705115
2 158.408097 123.982872
2 238.095347 173.144910
2 6.988644 146.061295
2 317.447416 179.969107
2 89.577762 289.336909
2 225.903249 289.597707
2 18.138077 109.929903
2 3.136457 219.714821
2 129.998060 280.385958
2 246.814734 268.601933
2 31.140934 115.490686
2 265.037625 240.178044
2 24.569977 251.627972
2 87.105782 18.602916
2 203.383335 10.801702
1 191.301106 198.470071
1 180.235744 166.307580
1 189.809131 159.754827
1 161.168462 219.538856
1 176.593158 165.362275
1 211.945240 130.187192
2 178.450509 13.285941
1 173.524266 182.572896
2 121.243711 215.285960
2 180.836260 37.736828
2 272.713665 131.678437
2 223.634713 26.391132
2 164.276660 34.149863
2 240.998553 193.455054
1 188.938178 169.803418
2 185.429420 327.567908
1 209.790534 177.243593
1 213.070171 123.964178
2 224.995632 191.702587
1 224.821435 100.888576
1 127.501301 200.067557
1 180.041473 154.735469
2 256.825350 167.271517
2 63.859970 102.716325
1 185.802509 176.488831
1 210.013614 170.794801
1 194.395244 207.643677
2 261.928761 241.002751
1 212.113730 178.547554
1 227.555412 145.410763
1 189.701958 210.928588
1 187.050207 173.493322
1 240.244626 143.929489
1 123.251032 137.053265
1 202.968784 207.873995
1 151.687688 245.697967
2 138.686527 15.895157
1 193.479852 192.157138
2 206.801864 178.239663
1 130.625511 162.192627
1 160.384279 189.106475
1 208.004487 149.517459
1 180.795505 196.656064
2 248.712081 162.545945
2 85.694027 72.828508
1 218.891873 100.133217
1 204.164281 233.678581
1 172.534753 163.836899
1 178.104048 179.230288
2 230.276993 260.025578
2 171.417728 306.531439
1 215.347484 181.701879
2 330.643435 197.345544
1 181.643502 196.755515
1 157.861519 195.668658
2 165.957967 10.702733
2 291.164448 199.860631
1 174.737277 183.528341
2 288.237176 205.513680
1 190.157596 110.231089
1 225.349798 166.676197
1 198.990603 237.360820
1 188.528739 190.137885
1 253.968772 164.222415
2 243.166803 166.442467
2 277.466491 230.623061
2 321.359572 325.882041
1 226.014916 181.878808
1 222.345792 215.688170
2 230.909375 157.463118
1 159.304717 203.446435
2 231.446736 187.831476
2 171.244360 543.570455
2 20.994490 632.140718
2 153.389716 641.988353
2 215.846863 380.439899
2 197.668517 576.454287
2 176.469311 624.306723
2 142.015951 484.013842
2 162.585077 510.800457
2 28.754951 434.886062
2 258.849622 571.780342
2 28.433730 395.907137
2 285.577834 399.682199
2 243.642724 359.433039
2 206.003233 444.655875
2 119.399959 429.388510
2 73.254313 598.941207
2 99.191083 646.504344
2 175.878546 664.310229
2 161.585926 663.360060
2 46.369169 623.668828
2 85.527399 625.621527
2 39.526902 612.076087
2 100.415326 655.173263
1 145.030728 772.537774
1 157.487720 793.321122
1 143.108860 781.374177
1 154.390032 786.035741
1 152.529190 780.121808
1 145.163527 789.729331
1 142.908453 785.024548
1 149.145823 789.074265
1 164.059055 789.500816
1 129.883861 767.236260
1 162.035259 791.309183
1 143.341848 761.361544
1 157.305392 776.514772
1 148.994945 781.462857
1 139.319658 769.947154
1 139.604911 775.162807
1 139.669431 765.674780
1 161.454364 774.691989
1 145.115120 801.068668
1 147.551750 782.847987
1 130.097206 782.724603
1 146.637271 794.320656
1 165.210033 792.478869
1 145.398130 795.977175
1 137.038868 779.913534
1 148.886593 775.785309
1 151.684056 759.675614
1 141.519321 797.625571
1 143.634279 768.792677
1 171.706840 790.920699
1 150.302771 764.452877
1 154.831874 780.177508
1 165.169143 762.646692
1 164.121171 782.791520
1 147.781349 780.633312
1 142.264031 791.512781
1 156.685346 781.153872
1 144.954823 801.106475
1 168.558070 768.279076
2 45.445622 846.788738
2 314.745031 695.223919
2 278.842459 682.923933
2 144.085517 872.816056
2 179.601668 815.345060
2 25.964187 815.865713
2 66.431093 926.363874
2 304.534268 779.614386
2 226.630879 780.766078
2 168.179667 893.592700
2 155.089063 886.894080
2 100.781039 780.964956
2 251.927141 815.949635
2 97.995087 682.932946
2 186.317673 845.551338
2 54.460575 712.218472
2 132.847880 719.890740
2 251.392151 680.540094
2 78.445487 880.182434
1 140.018996 766.772976
1 125.143524 767.039479
1 152.786019 760.155977
2 291.487177 674.479603
2 73.478722 814.001863
2 74.912453 822.614165
2 171.059167 811.046085
1 161.549918 816.609890
1 146.084703 777.367903
1 121.908035 777.870755
1 189.182268 816.883682
1 180.706757 766.407631
1 115.452162 727.107200
1 152.815405 789.050186
1 184.985611 733.197115
1 176.012731 758.827989
1 182.837905 818.510565
1 196.919136 764.236205
1 156.102779 818.955839
1 140.302789 808.902949
1 163.831264 765.320602
1 137.693308 776.137848
1 154.146994 813.010276
1 146.726806 732.185494
2 82.488128 760.762033
1 156.309333 816.679853
1 114.511832 764.457648
1 146.028375 809.568958
1 200.866868 741.877732
1 171.072928 763.893531
1 132.209397 771.166889
1 120.502913 772.478566
1 141.863110 790.226381
2 47.155444 816.949361
1 164.712756 761.003599
1 136.285739 750.582283
2 137.184365 798.973246
2 27.568085 743.244023
1 151.482905 777.839575
2 36.416585 714.685492
1 175.510862 794.059556
1 143.910963 798.647630
1 96.686666 768.715148
2 31.805099 715.247639
1 170.641103 835.701022
1 103.987592 767.994540
1 139.080478 760.415964
1 170.803375 794.014370
1 152.562744 805.716935
2 250.840363 814.515257
2 166.459948 881.193381
1 119.621940 789.411929
1 152.634023 749.877057
1 131.241608 817.665813
1 176.937180 778.076601
2 140.194357 751.628868
2 102.079071 801.724546
1 218.052672 818.441246
1 178.423938 767.079235
1 109.604320 805.485158
1 108.684604 824.395650
1 178.643072 813.933495
2 268.408024 835.834718
1 181.746570 866.583384
1 160.016650 793.211346
1 119.075107 776.928156
1 124.789294 763.634905
2 225.195605 871.408811
1 154.338849 799.545940
1 105.264578 811.247036
1 141.241264 764.737826
2 169.865755 907.292641
2 104.229025 755.955539
1 145.145825 752.004161
1 95.068436 790.895794
1 159.265550 823.907255
1 130.412684 775.423135
1 188.519612 776.417567
2 84.784198 826.572978
1 154.125825 794.615973
1 156.170067 739.282143
1 97.989196 756.635310
1 127.770479 817.872341
1 162.598602 789.698478
1 165.243011 780.939325
1 154.831969 781.219667
1 145.290873 792.738695
1 192.989906 809.641272
1 122.251824 770.471565
2 78.247137 772.146146
2 252.456241 786.722326
1 146.688939 790.087796
1 138.367178 783.530499
1 164.169170 729.656490
1 159.591349 762.882338
2 111.797087 708.792636
1 128.838518 772.438093
1 135.660039 771.329449
1 188.004335 744.263818
1 113.695739 749.999507
1 93.506476 800.258369
1 139.997031 753.371824
2 116.974750 827.235105
1 145.181868 837.425961
2 107.185601 709.354784
1 122.385527 742.243194
1 147.246746 817.562770
1 120.612474 769.663201
1 153.322790 755.024637
1 165.198583 723.203020
1 189.934589 746.338969
2 122.296070 788.835582
1 127.823347 786.163273
1 109.356959 814.108976
1 168.015216 793.262423
1 125.050092 782.171417
1 87.600203 774.791139
1 172.395662 827.595891
2 349.778605 9.205542
2 605.066590 47.788371
2 589.443399 329.344407
2 581.120796 112.089809
2 665.653347 275.935088
2 363.834378 164.526498
2 647.042743 256.695106
2 527.996854 292.824059
2 666.366008 82.483431
2 429.921659 60.700783
2 442.269964 137.611678
2 578.546029 74.844074
2 463.885595 159.578450
2 340.834231 314.390766
2 608.180601 176.614387
2 581.659812 104.667085
2 584.759719 8.514276
2 406.604858 243.912258
2 393.617551 91.206526
2 530.761359 200.478255
2 390.672135 228.799509
2 623.500289 78.874461
2 371.782737 51.913341
2 402.867411 243.143525
2 334.950622 271.238755
2 444.498006 305.325461
2 571.288115 214.680961
2 459.060437 293.612571
2 366.959021 222.359499
2 563.076519 166.601578
2 383.643374 121.425282
1 400.060358 664.114563
1 405.111228 654.743552
1 414.979481 651.653271
1 390.688447 647.845610
1 405.143784 645.741016
1 397.298582 643.386521
1 399.545928 650.646476
1 408.363581 655.378863
1 407.056579 652.214464
1 387.102474 631.882672
1 385.087245 644.224714
1 412.893603 637.657770
1 405.531501 633.996536
1 408.893194 651.784645
1 398.156383 646.538719
1 400.441090 649.314884
1 397.339133 647.323642
1 399.327124 649.262928
1 400.506485 650.383943
1 398.053061 653.189044
1 394.188539 646.559336
1 397.250624 649.699913
1 406.456430 640.285232
1 380.873523 652.353149
1 397.868197 650.876934
1 400.504314 653.885126
1 421.667448 648.733453
1 422.983944 640.758248
1 380.384746 651.717041
1 411.925322 644.440037
1 408.039858 649.382839
1 394.418308 649.889421
1 406.652711 633.066539
1 394.377634 647.022654
1 395.472651 631.200161
1 402.283887 655.352194
1 414.147286 642.437744
1 412.439738 656.811921
1 394.118353 663.469716
1 402.351592 650.678890
1 411.733015 641.469493
1 401.110278 649.500800
2 455.653924 403.258451
2 363.487086 575.203866
2 554.207542 524.403726
2 407.654692 539.267475
2 422.263068 585.874800
2 545.309700 599.809725
2 409.899350 583.813836
2 569.053141 516.305782
2 472.503920 468.156992
2 638.136057 382.283967
2 337.238754 627.361551
2 514.384405 514.909617
2 421.769390 657.734760
2 567.767176 623.068481
2 414.301767 487.742486
2 346.897906 350.992522
2 379.458646 395.931238
2 603.739266 638.164720
2 501.170248 578.989438
2 493.003781 406.135317
2 439.302773 543.991638
2 622.657885 589.764738
2 418.523773 349.099599
2 651.343269 665.120359
2 400.695022 591.662895
2 535.337968 528.697367
1 428.673612 632.026312
2 444.421861 599.443960
1 397.180129 623.499820
1 434.636291 620.318833
2 593.203646 622.600921
1 414.198046 628.589916
2 542.564106 645.294783
1 415.210155 663.810744
1 408.526225 626.518567
1 414.962922 595.767780
2 423.671910 658.140473
1 426.419036 659.058610
2 414.319676 665.428823
1 391.520544 659.653479
1 377.249249 637.923760
1 420.472894 637.019471
2 618.900964 402.061544
1 415.453507 652.587043
1 420.006937 583.040711
1 400.429454 612.619592
2 540.819271 631.495613
1 453.275889 616.492456
2 579.722004 607.302255
1 466.729645 648.484499
2 502.276052 608.461288
2 334.342156 564.943764
1 394.607660 617.370494
2 535.273152 627.539876
1 388.685957 608.860035
2 390.198594 626.580950
1 445.357806 644.148875
1 405.294193 649.810214
1 399.629616 662.373195
2 454.683998 542.441934
1 393.450542 630.532179
1 436.152761 622.550131
2 467.520682 623.492981
1 415.228297 640.275400
1 436.234233 650.989137
2 586.851483 630.743187
1 424.855354 619.641572
1 405.216464 662.112655
1 418.985565 631.910940
2 662.187260 359.750598
2 344.731780 643.948236
2 478.561274 647.888943
2 338.890852 632.966255
2 354.373323 653.157249
2 411.689706 601.560296
1 388.421186 639.092127
1 383.722277 607.987292
1 381.454235 656.569811
2 379.689287 654.817072
1 412.066939 592.116910
1 417.467232 608.353172
1 383.256321 554.008531
2 413.634444 591.621735
2 343.098297 652.927977
1 377.900483 612.738193
2 389.807950 586.388449
1 591.487549 810.596792
1 569.833038 799.846903
1 572.212885 807.626350
1 581.619194 791.499844
1 562.109298 801.404777
1 569.393378 799.362321
1 575.479506 794.895237
1 550.314057 812.352350
1 564.241788 810.020203
1 574.622168 791.722488
1 564.053403 790.297419
1 549.161840 788.600295
1 576.378288 808.759825
1 569.200985 800.474026
1 576.727973 810.336564
1 553.858209 800.021254
1 559.810518 804.961297
1 548.627846 793.185977
1 562.278597 797.613960
1 571.998115 799.433039
1 574.470780 783.193272
1 572.089694 783.789241
1 576.423917 815.735739
1 592.906930 809.881322
1 592.085861 806.001343
1 575.887485 815.058752
1 574.647485 814.706093
1 562.839817 799.521881
1 565.419632 797.485520
1 555.859829 792.941726
1 582.643007 781.605743
1 586.486928 795.935543
1 571.754810 812.072489
1 569.199946 795.767835
1 571.582199 797.383136
1 590.387599 797.733528
1 577.335586 808.401524
1 580.041311 806.092403
1 570.353356 805.491408
2 577.914558 714.854242
2 436.675419 920.930438
2 601.527925 716.441812
2 443.770658 934.503837
2 373.322691 854.021838
2 574.700117 858.400583
2 610.104511 840.210379
2 642.694306 910.732831
2 659.645040 947.878012
2 526.803464 864.987154
2 349.544459 746.803773
2 339.589366 723.918474
2 412.598899 810.795338
2 382.367949 691.752045
2 448.318685 952.522040
2 503.259611 871.763370
2 650.792042 795.792364
2 520.087113 997.883590
2 496.779949 667.697406
2 447.291469 719.800295
2 646.125732 813.346760
2 648.836860 787.895538
2 572.124382 759.782192
2 542.324607 680.102779
2 622.243191 962.189270
2 524.971951 840.720524
2 430.984447 864.594218
2 583.814646 844.751735
2 616.138961 886.174952
2 441.351354 740.504685
1 579.856605 796.232096
2 407.498330 692.886277
2 377.739798 752.861583
1 587.692716 795.766166
1 571.412685 806.934705
1 543.362926 801.477396
2 520.911090 838.403057
2 450.701094 879.430691
2 651.682376 812.318335
2 614.932510 823.781453
1 406.861575 680.469079
1 415.606366 690.086699
2 444.762477 729.211926
1 571.480062 777.365881
1 596.752434 819.845514
1 402.306989 680.991464
2 612.591259 783.107620
2 570.215839 723.883442
2 581.707786 744.322852
1 435.748645 700.723864
1 493.067909 802.681038
2 524.334781 807.192719
2 344.096855 670.564240
2 429.778553 728.133019
2 518.938118 670.162933
1 569.095548 874.747600
2 497.081370 682.139732
1 526.107062 803.161837
2 659.538901 876.987488
2 633.276682 846.331759
2 583.382576 750.796239
2 561.832427 879.318674
1 606.076261 812.898544
2 623.723569 816.603566
2 598.865276 832.856049
1 555.427259 812.235867
1 420.183010 675.781661
2 565.924425 797.578507
2 528.082551 812.922686
1 633.523975 800.635429
1 554.057658 801.596718
1 555.281934 834.224687
1 583.369635 781.020766
2 387.767049 900.176184
2 441.153552 705.146009
1 603.243697 831.675078
1 522.719022 815.936068
1 565.004547 797.261788
1 589.295763 806.897673
1 601.394370 786.828288
1 558.110789 812.033856
1 555.376525 781.622999
2 424.610750 729.412269
1 447.515220 667.197079
1 575.805218 839.181681
2 385.330864 820.607427
2 615.249861 739.365289
1 598.919246 807.928214
1 557.245556 836.917570
2 589.813784 672.866847
1 583.701688 757.560495
1 545.893522 783.487646
2 658.479335 837.378336
2 475.835308 692.095775
2 649.993179 755.151502
1 583.198841 798.587646
1 550.883130 802.859541
1 476.281919 678.321109
1 558.975587 866.860772
1 448.724947 668.381835
1 566.393672 811.258427
2 496.464644 821.022675
2 654.623755 881.566968
1 508.454008 812.918237
1 383.839986 681.020698
1 554.690533 771.252573
2 630.972208 936.876852
1 461.378287 693.899707
2 493.658893 869.937460
2 430.775293 784.805722
1 396.100589 671.806720
2 469.576637 669.309226
1 452.038386 692.574395
2 364.268347 810.506228
2 575.214703 725.078142
2 651.882783 850.408684
1 512.218906 792.347154
2 386.872929 747.419036
2 400.326685 779.411080
1 522.315861 866.737502
1 550.135189 859.149938
2 654.514101 854.377473
2 605.944595 867.344352
2 652.375525 772.769727
1 406.569419 704.712438
2 401.159765 791.158798
1 482.785692 705.423750
2 558.937598 786.640518
2 392.401327 850.124788
1 825.323420 313.131564
1 817.333145 301.770809
1 812.226200 290.236725
1 830.429414 297.607845
1 824.995430 303.209579
1 814.043604 287.613507
1 833.030645 316.684872
1 831.667684 295.476292
1 814.058431 301.075981
1 834.044190 283.999700
1 827.473053 308.571495
1 819.691371 300.488439
1 820.776003 303.481807
1 835.591285 300.783414
1 807.626186 302.934711
1 820.155986 304.158386
1 826.779512 299.570688
1 830.789986 321.305360
1 809.734327 290.916042
1 799.208382 306.913418
1 827.960425 295.295719
1 822.190965 301.146311
1 828.619228 297.276916
1 818.187449 299.010597
1 822.031434 305.360813
1 820.658663 284.509079
1 809.235061 314.367895
1 838.150705 307.822859
1 817.894563 302.926957
1 820.400217 300.308929
1 833.266366 306.872088
1 825.397005 287.726416
1 824.072163 310.451970
1 820.862003 300.408726
1 818.762404 303.936763
1 812.497967 279.106009
1 829.669497 290.198884
1 797.302606 305.825083
1 843.686914 295.652230
1 836.313379 292.914827
2 666.798979 177.648918
2 722.194114 196.170142
2 799.967573 112.965367
2 893.464066 245.978228
2 755.215109 262.818065
2 967.740334 176.295514
2 847.526756 47.555112
2 896.554048 172.220755
2 882.950573 98.002196
2 919.808063 177.226763
2 763.118143 314.693327
2 830.285743 135.188482
2 995.768737 265.352777
2 801.264136 178.192910
2 900.574006 251.836751
2 844.330495 166.834008
2 792.672124 105.940476
2 786.455709 275.805450
2 909.989381 231.012482
2 721.232896 113.150164
2 850.339335 302.945682
2 955.189126 119.127902
2 923.431828 272.093459
2 921.373790 74.377634
2 809.899771 309.508034
2 725.838965 321.164163
2 746.763665 98.818846
2 942.296089 88.085685
2 998.183651 278.084384
2 992.212422 18.595498
2 747.794707 283.159653
2 743.638688 290.934731
1 824.857692 297.394211
2 675.828508 320.356098
2 919.797785 269.560088
1 825.131351 301.693052
1 754.775708 313.193834
1 865.708962 284.236448
1 846.412707 301.826897
2 785.256083 265.856519
2 782.726950 267.337516
2 990.126318 305.976479
2 778.160934 289.179955
2 832.268867 226.273042
1 833.200910 270.421492
1 842.129999 329.005277
1 818.317633 308.335591
1 758.485935 303.434845
2 886.682829 103.547722
2 726.320461 230.031223
1 827.220718 318.928726
1 792.124225 327.666113
1 794.438515 278.897552
1 798.492351 313.160411
1 839.642224 303.593868
1 756.501663 293.361054
1 794.537206 288.137998
1 828.041765 314.974761
1 809.819778 295.504518
2 844.224209 254.612452
2 766.687077 277.656240
1 865.862343 270.388208
2 692.194328 308.968443
1 790.722514 265.709873
2 763.337079 233.926687
2 676.830693 196.478942
2 861.562451 114.889102
2 760.083140 300.438415
1 840.730145 304.021822
1 819.962781 296.599383
1 835.325082 312.408066
1 788.324883 303.874470
1 843.934881 259.534576
2 815.226492 224.069167
1 791.593705 315.182303
1 786.855933 211.348863
1 829.028194 313.347638
2 803.479548 243.365518
2 788.451992 214.773874
1 770.613926 276.357913
1 754.314500 271.903251
1 834.638447 303.813672
2 905.981174 332.228015
1 840.771418 312.148298
2 893.835834 292.451977
1 826.430622 265.212302
2 817.356940 250.698436
1 842.396559 302.502474
2 787.373284 245.736932
2 714.867093 232.675379
1 837.626922 310.367065
2 918.966215 293.586209
1 810.270049 310.452366
2 789.549971 276.263842
1 840.021411 289.041289
1 817.359119 301.089877
2 719.285424 249.947370
1 853.104028 314.840381
1 815.225922 259.983784
1 836.205895 290.387914
1 842.767544 309.560498
2 807.387884 240.556066
1 825.366460 261.529835
1 834.208240 309.195602
1 799.929202 291.557793
1 819.091221 289.786135
2 744.459735 286.980766
1 829.717539 304.900536
2 734.564856 299.995629
2 914.699589 261.715171
1 785.827603 264.915045
1 850.518529 273.611096
2 768.697051 254.751681
1 807.382112 280.807182
2 924.822934 360.146150
2 853.461554 617.476469
2 898.600168 540.882315
2 677.775509 342.930127
2 750.100477 352.702020
2 867.559483 627.575568
2 910.013623 458.782088
2 968.121624 355.378469
2 921.326964 580.380160
2 857.254788 594.139169
2 720.361765 580.513346
2 772.892698 525.418582
2 958.985674 356.512416
2 952.169677 569.099599
2 813.839232 641.817628
2 922.861860 409.129112
2 757.961885 346.761935
2 921.044725 367.612915
2 710.275476 501.749901
2 821.702857 505.467745
2 923.699222 340.109950
2 675.131578 335.301532
1 821.132187 346.937024
2 765.280265 358.129726
2 918.078412 371.784020
2 953.540816 583.212467
2 876.582240 408.242640
2 929.595256 434.461248
2 746.550272 343.423434
1 824.680314 351.524000
2 910.919023 443.475996
1 837.125990 385.862689
1 786.021598 333.771744
1 853.524855 341.934488
2 845.791491 375.698854
2 858.414491 401.561659
1 816.614301 343.566959
2 822.570208 432.571476
2 791.460561 341.828549
2 791.309469 340.532847
1 811.969025 333.724070
2 781.541330 336.042828
2 730.879782 942.588539
2 817.317326 740.240759
2 728.193996 675.485181
2 737.304823 749.460525
2 676.107195 838.903866
2 836.032604 668.933878
2 922.795936 866.236940
2 906.207141 929.633314
2 841.109441 723.509132
2 975.466924 771.741003
2 981.902447 834.698518
2 864.426634 915.553717
2 960.869334 752.871921
2 761.362816 885.111847
2 693.274694 781.004788
2 666.953286 932.102326
2 741.835712 871.078402
2 780.253001 708.401185
2 998.896261 813.404150
2 720.773195 860.977203
2 713.236024 853.122398
2 687.164732 873.773794
2 991.978969 716.355284
2 681.368222 823.699399
2 995.104935 697.587418
2 704.202187 799.865322
2 690.901584 779.241778
2 673.456239 856.641709
2 988.368284 747.271667
