1 214.176846 164.074055
1 206.669392 164.939290
1 196.768541 177.505941
1 204.328503 189.087506
1 211.836927 174.842533
1 203.527437 163.832954
1 193.067098 161.343859
1 199.534577 179.521387
1 201.970054 177.160632
1 209.442568 186.467994
1 180.724814 194.967207
1 203.531713 193.973627
1 193.107182 173.501593
1 196.032144 186.401373
1 198.853969 176.148251
1 194.037276 181.435106
1 199.799649 178.648621
1 181.725132 173.312320
1 188.637822 183.889312
1 199.026631 174.339036
1 190.123317 178.772194
1 201.737982 180.358956
1 199.410362 165.275356
1 178.902086 190.791062
1 199.439138 173.536568
1 210.518514 165.218820
1 201.121318 185.842062
1 198.505473 182.127880
1 182.344040 172.955946
1 203.281993 182.508794
1 209.131122 169.530986
1 205.148379 156.622375
1 201.587909 182.185522
1 210.067252 172.806962
1 212.701903 137.193217
1 192.617720 206.202542
1 134.202698 163.872152
1 198.339973 214.168712
1 190.169741 186.613639
1 222.338873 184.679036
1 197.017534 222.456814
1 207.578059 213.165380
1 195.511980 169.182187
1 255.088326 116.384134
1 187.826813 156.263189
1 174.648434 204.016814
1 192.396661 229.552723
1 224.185448 184.663790
1 181.813028 172.243910
1 233.049422 182.573961
1 215.167375 208.565905
1 220.067989 203.817944
1 137.977992 184.678577
1 197.921398 209.560691
1 234.240256 222.114672
1 226.880097 189.188124
1 191.816654 180.947990
1 135.524367 171.065593
1 265.949802 124.688678
1 198.136330 174.684050
1 221.645537 165.444006
1 191.802237 120.827764
1 234.258493 167.032878
1 190.723752 211.523448
1 220.795580 195.112892
1 224.196610 128.812626
1 222.097133 140.457700
1 215.948716 181.043081
1 211.739361 270.065544
1 257.271715 88.358531
1 225.827905 240.390998
1 209.924353 194.362476
1 243.898575 174.095157
1 208.915435 200.510756
1 239.560904 157.135247
1 190.443995 168.724646
1 187.220886 162.754207
1 127.619636 177.467110
1 260.138195 237.999341
1 218.429540 181.519445
2 59.664177 453.414726
2 50.576305 436.787278
2 58.482343 434.984402
2 51.425367 440.837784
2 75.720087 415.002922
2 58.804816 428.815023
2 63.347146 425.863559
2 60.732494 408.726670
2 68.614963 418.307461
2 78.024736 442.886722
2 67.604440 409.186050
2 50.591738 412.758446
2 64.626408 427.958435
2 74.532559 427.224107
2 45.398665 416.726962
2 64.811656 413.906890
2 39.766784 432.656259
2 39.445893 422.065107
2 64.010856 425.553187
2 59.602518 430.313672
2 64.184752 413.590620
2 70.931752 442.930283
2 61.246465 421.775181
2 60.792721 428.363508
2 61.668450 429.694248
2 53.810192 419.722364
2 56.705041 425.612133
2 56.175670 411.315359
2 63.494198 428.757342
2 83.436392 431.710276
2 56.345963 431.619136
2 62.089104 430.141319
2 43.408837 443.731623
2 65.727367 424.865274
2 61.552714 420.683760
2 54.176240 408.216230
2 54.332525 422.651007
2 65.391002 431.691994
2 45.589576 434.050779
2 63.955935 438.324871
2 40.333242 444.457525
2 47.776520 438.419990
2 83.859896 425.730642
2 83.170453 398.843525
2 100.581774 368.230472
2 79.865406 406.736604
1 154.195366 773.573497
1 138.908182 789.084680
1 146.418749 784.457072
1 150.308837 780.140365
1 157.117436 792.632554
1 146.027089 803.146904
1 157.586055 786.824144
1 151.165851 778.942263
1 150.928066 781.749938
1 161.261873 761.410870
1 149.508251 763.863873
1 144.243613 785.552113
1 163.909595 777.338638
1 136.628337 785.524255
1 140.338804 770.199865
1 135.578839 792.133503
1 129.636304 786.653029
1 147.859911 793.014543
1 150.481933 780.709372
1 147.324617 770.897743
1 170.979326 792.811980
1 156.864742 796.891839
1 128.360333 771.670554
1 157.033526 783.322430
1 171.076966 768.126136
1 144.477388 777.595097
1 165.961065 763.317471
1 96.846336 756.111762
1 148.549739 777.649165
1 147.943516 787.571196
1 102.733648 785.738546
1 169.537464 790.222863
1 131.923036 754.988033
1 147.029450 749.117606
1 131.198616 768.342250
1 119.773601 813.527863
1 120.733770 769.695691
1 164.039597 797.166144
1 151.665701 754.527389
1 188.477394 764.055104
1 123.252275 785.479693
1 129.964500 793.699908
1 133.487343 735.095153
1 158.810614 779.653967
1 148.556879 765.408015
1 150.927326 759.756956
1 156.991522 749.494025
1 120.256271 770.763695
1 138.353298 772.899483
1 138.680457 805.018004
1 153.571529 741.657357
1 170.668544 781.815916
1 182.369939 769.819772
1 118.584017 772.170191
1 181.957204 767.999750
1 128.051471 796.929901
1 151.294042 780.488197
1 165.008453 798.841257
1 181.197612 789.590854
1 116.394220 797.179147
1 174.881979 798.523983
1 120.348219 759.432943
1 123.209188 810.455106
1 149.473800 782.132255
1 139.683086 728.652043
1 74.224121 821.356291
1 129.434860 733.100141
1 132.552055 806.987121
1 139.929321 784.055463
1 180.128348 785.335929
1 161.885252 782.794604
1 78.491648 799.896774
1 119.257173 727.239945
1 137.071312 804.374937
1 162.905059 796.837115
1 106.541903 823.676547
1 194.898381 738.132510
1 111.693309 801.802453
1 118.405534 810.022668
1 164.324466 862.233910
1 161.427737 831.868802
1 159.801420 757.588806
1 147.345756 746.650499
1 128.494065 782.924132
1 129.382001 751.807174
1 208.919513 776.566545
1 160.907311 757.901663
1 113.214024 828.070487
1 166.809321 737.011640
1 228.955707 722.864092
1 115.288942 770.077881
1 197.407972 734.436287
1 111.843469 810.431035
1 189.969127 791.283733
1 98.397448 691.751019
1 200.017541 805.303483
1 144.501854 829.549357
2 499.585782 134.991032
2 484.248733 151.095240
2 487.072859 134.072046
2 483.869978 133.688808
2 506.632547 149.885286
2 492.965995 129.845313
2 500.372290 132.347817
2 487.886167 155.139001
2 493.720714 134.765195
2 500.592111 143.538737
2 509.219396 138.393067
2 509.805614 158.859363
2 494.685072 156.280964
2 516.707945 155.811111
2 493.952420 155.236588
2 512.198795 143.865391
2 498.891104 142.434045
2 503.031665 142.810787
2 482.063822 143.746553
2 496.084056 144.129262
2 491.287710 130.238975
2 493.997559 149.054409
2 516.354893 141.664266
2 492.726283 160.391446
2 497.273132 140.416961
2 480.665799 140.519273
2 491.863470 139.404843
2 484.169628 124.939385
2 500.296424 143.208910
2 502.431803 130.208756
2 488.163780 137.309645
2 507.653555 163.648638
2 490.172815 141.775291
2 497.665782 137.406016
2 504.235634 136.967520
2 507.121802 126.362128
2 504.037112 143.205893
2 519.923327 144.451390
2 507.237126 134.154348
2 495.384363 140.921447
2 497.827101 132.321328
2 520.065446 142.572758
2 485.296409 121.877189
2 495.878229 119.440463
2 499.532163 145.276059
2 486.023560 139.868389
2 486.792573 137.169919
2 463.138270 172.503744
1 414.159271 654.484542
1 409.232629 630.668999
1 407.023245 639.978443
1 393.944144 650.141133
1 405.431374 649.333913
1 391.300101 656.779568
1 399.486811 646.725757
1 399.088965 649.256337
1 395.487644 652.575963
1 411.968041 650.520766
1 398.848586 635.686138
1 399.173399 644.191207
1 409.607785 663.929181
1 389.841955 658.005263
1 400.950645 653.944074
1 396.371375 649.914623
1 405.424793 638.575822
1 381.367666 653.613494
1 410.397212 637.327155
1 390.971265 647.465206
1 405.861198 641.062399
1 398.602001 647.378318
1 401.664526 639.774492
1 408.226809 628.395687
1 403.421915 634.225238
1 399.215922 650.971434
2 556.654560 492.168320
2 566.327921 479.929622
2 559.645556 478.749257
2 563.369408 490.282628
2 573.381410 471.477110
2 559.161220 474.688788
2 557.486451 481.565274
2 556.840378 498.166857
2 563.704203 473.647680
2 558.252617 486.808067
2 558.899972 479.781194
2 548.343974 488.373185
2 559.745212 479.979779
2 569.635254 470.297255
2 565.753896 479.453980
2 547.504747 473.173566
2 552.993692 480.154732
2 536.452940 475.645585
2 545.797056 473.774194
2 567.445625 494.042759
2 562.460124 483.713340
2 543.069621 483.761617
2 558.284391 476.821103
2 547.655082 458.294657
2 561.074381 495.485274
2 563.167474 480.654356
2 566.168079 497.857587
2 557.684401 461.115869
2 560.512513 470.929234
2 563.243376 477.289553
2 542.971177 465.114985
2 544.830961 464.668945
2 553.586758 461.895545
2 564.947799 458.268381
2 567.193653 481.763242
2 564.631733 472.059136
2 559.099342 479.038836
2 580.142647 476.366680
2 565.634408 455.665149
2 557.992754 503.939145
2 580.160206 485.271098
2 564.291244 478.719299
2 544.664903 471.243575
2 545.146850 474.591171
2 568.669514 482.475636
1 336.353574 633.982056
1 406.110742 622.191130
1 340.465475 644.090914
1 451.247691 616.857854
1 419.540244 645.058531
1 379.283717 622.215622
1 416.274228 611.852611
1 406.664227 644.135358
1 390.867626 641.564738
1 404.233190 630.398059
1 375.210437 655.358823
1 407.484565 659.073198
1 398.788889 630.604700
1 402.652405 661.969183
1 409.116165 661.452974
2 539.650565 463.154312
1 359.327199 614.135913
1 449.892245 649.163374
1 373.788619 599.186090
2 585.242921 501.289106
1 353.099358 638.695348
1 396.518828 641.066512
2 525.556321 448.783452
1 375.746400 618.276777
1 382.639247 665.041339
1 389.436296 637.847554
2 535.067304 473.504422
1 360.660014 596.506265
1 426.631469 664.735616
2 563.269762 449.576327
1 381.877626 647.088405
1 459.986128 637.725228
1 396.292869 666.474569
2 571.128662 461.264871
1 418.575087 666.238703
1 352.720202 591.212818
1 401.385159 593.830441
1 457.968292 661.110719
1 357.470920 613.131877
1 432.592887 600.720388
1 405.803995 637.298737
1 363.874831 633.325860
1 399.312649 658.609967
1 362.440016 641.635611
1 465.388126 660.660194
1 399.336539 648.329094
1 384.404584 665.862218
1 388.324842 595.687546
1 334.501553 601.711397
1 465.350072 627.976059
1 380.677039 664.410684
1 396.417677 621.072986
1 431.477570 658.584877
1 448.178305 587.154181
1 392.114856 668.457714
1 394.954126 674.308099
1 410.850476 670.035768
1 394.221399 669.527537
1 554.016372 799.904415
1 581.751516 787.336215
1 566.340280 801.260464
1 570.123937 800.021367
1 591.474880 793.367133
1 567.376086 804.549630
1 560.549366 808.971070
1 572.751738 801.405733
1 552.745377 812.852118
1 564.153244 803.367135
1 569.401358 802.703440
1 581.768991 798.964816
1 572.759855 799.243772
1 577.898006 790.170492
1 573.053080 813.579015
1 584.509425 787.087501
1 574.188549 798.183811
1 589.863390 791.962140
1 572.362892 786.040284
1 559.722450 798.231480
1 554.189676 788.492689
1 565.268759 792.765162
1 553.812317 802.677720
1 566.122417 793.535738
1 556.450136 801.912863
1 553.909713 813.565870
1 588.384833 811.338194
1 564.321143 806.739449
1 563.309108 788.919077
1 546.552111 799.804377
1 569.494965 799.816144
1 577.269699 796.321275
2 389.538227 833.879714
2 402.161750 844.896420
2 378.960659 833.429814
2 411.442228 835.670410
2 409.237313 811.380150
2 399.890100 830.041025
2 387.390942 851.011779
2 400.025746 809.960347
2 405.207302 850.738799
2 397.114311 827.173351
2 397.580039 831.068220
2 401.636197 813.259206
2 401.312932 830.117661
2 387.290173 814.781166
2 399.712033 820.898581
2 402.382769 830.642689
2 397.509522 816.278095
2 411.152661 844.794265
2 395.711069 837.208026
2 399.501159 818.059710
2 382.307555 837.874612
2 416.083383 812.282884
2 385.918454 817.639902
2 412.266138 813.407596
2 399.456228 830.895849
2 413.065501 846.807698
2 415.642324 835.764118
2 408.008256 824.890422
2 390.094158 829.951194
2 398.878255 849.165779
2 401.366324 848.649844
2 401.175089 840.522349
2 399.819838 837.191383
2 398.449407 821.013905
2 402.179150 831.091748
2 405.133892 836.167852
2 418.329704 828.496631
2 400.384027 826.575821
2 391.501291 844.196585
2 402.664223 816.254259
2 404.526549 830.470441
2 402.357607 815.581699
2 393.088402 831.176945
2 397.917414 854.296024
2 388.306593 841.258806
2 382.629465 844.753000
1 562.392635 792.140095
2 374.257904 841.600680
2 452.617894 837.811408
1 569.819085 784.324993
2 372.284393 853.089688
2 369.517344 820.687537
2 365.848088 847.049840
1 585.994117 820.545935
2 432.525834 825.841520
2 434.374043 885.999256
2 360.365056 837.960956
2 390.065598 820.130748
1 578.106372 797.436240
1 614.661310 802.190762
2 384.033082 839.659967
1 439.511106 667.172431
1 619.902600 818.798457
2 412.573291 819.208318
1 569.191097 784.160211
2 413.548838 833.994772
1 504.115308 819.970723
2 415.184322 832.298654
1 370.529564 696.347351
1 612.157796 767.513247
1 566.352498 799.268937
1 578.723730 812.743224
2 410.661721 845.388199
1 576.103642 779.508806
2 407.963636 864.909412
1 641.095480 780.046428
1 605.241930 811.395871
1 393.844267 684.301365
2 462.534190 848.723812
1 635.425810 796.506642
1 409.472424 671.100854
1 441.638048 671.145080
1 397.561310 668.524420
2 426.287696 833.540496
2 391.936803 791.729053
1 579.776483 804.698123
1 615.650365 812.109412
2 372.948231 850.308747
1 659.659337 760.606772
1 500.510787 796.646274
1 611.341131 799.914700
2 424.642380 862.747264
1 573.113705 881.016077
1 574.679180 741.841893
2 408.483475 828.454608
1 557.415478 790.669504
1 553.022005 814.585026
1 459.395757 672.593512
1 592.116914 794.590520
1 612.315966 797.135173
1 442.728033 678.904241
1 392.842486 680.265254
2 386.122537 887.474547
1 452.540178 714.223683
1 393.288898 689.545903
2 421.621890 822.044233
1 539.903151 806.443399
1 556.786170 840.951153
1 594.423077 820.983330
1 592.517804 822.665180
2 402.919531 818.442327
1 543.141924 809.526941
1 552.289869 765.641067
1 581.129903 777.710032
2 466.758838 816.710957
1 570.934600 773.723020
2 410.947766 805.375660
1 410.286997 668.515795
1 557.277895 789.953850
1 550.247094 812.037294
2 449.827561 864.290297
2 412.897395 839.553737
1 584.972281 762.133529
2 456.037126 856.811544
2 430.951091 805.153193
1 596.050933 772.900926
2 391.071609 858.429688
2 421.201323 812.090532
1 576.114801 788.413871
1 569.605727 781.324576
1 491.937691 829.952565
1 605.687346 793.304600
1 599.437210 783.975911
1 489.317603 796.718147
1 564.273985 781.295993
1 650.030594 795.819282
2 389.772160 826.586657
1 425.500792 668.472257
2 392.423941 832.423894
1 377.163200 673.048373
2 406.895795 836.522854
2 442.663862 846.441643
2 389.621697 831.680108
2 388.483170 902.045251
1 595.155263 786.180614
1 591.564676 824.616640
1 528.244668 776.335655
1 662.195401 808.318680
2 336.588141 841.594897
1 615.520915 820.060431
1 601.491790 776.505712
2 452.451728 817.594577
1 590.053676 783.069945
1 419.484880 701.291692
1 426.916690 683.028414
1 387.313504 708.989827
2 428.440678 857.046481
1 586.138558 779.975856
1 580.570030 890.653345
1 373.404876 674.812461
2 393.036698 847.116939
1 387.614000 689.249236
1 569.944279 839.165024
1 391.475482 687.499973
1 576.442926 781.809315
2 404.924432 827.445224
1 440.702154 685.682453
2 411.353799 836.625836
2 404.371550 881.534648
1 575.605129 775.339558
2 399.465547 804.229083
1 829.830806 294.046739
1 821.918281 286.535242
1 827.008361 306.982318
1 802.629404 300.577595
1 839.125300 303.166866
1 823.128751 297.453261
1 816.029020 288.743721
1 823.478148 298.508401
1 821.751465 291.149601
1 818.087407 302.558102
1 815.426318 276.391480
1 818.450751 282.660983
1 820.312877 300.045297
1 819.187439 300.062221
1 804.173060 292.202385
1 820.927539 293.228590
1 815.418058 296.885520
1 819.024018 294.624643
1 831.099042 306.238499
1 818.992631 313.060734
1 819.454788 297.964086
1 839.922837 300.968418
1 814.952164 321.010370
1 825.252307 296.898763
1 803.852044 302.353583
1 809.983797 301.390875
1 823.426854 290.314283
1 799.510615 313.051670
1 837.694861 287.564907
1 834.640377 300.015460
1 822.409595 321.539671
1 803.484546 312.865743
1 821.588987 277.873229
1 817.297562 303.155753
1 814.325253 299.945888
1 826.184956 286.264424
1 819.911329 252.205793
1 843.560980 256.576392
1 848.983519 306.484690
1 807.499996 275.574479
1 821.037593 304.387272
1 780.551209 311.684242
1 811.098273 307.056652
1 815.493053 331.629454
1 804.180982 305.945417
1 819.489824 291.873047
1 811.771824 311.752097
1 829.212087 297.202453
1 813.887152 284.110298
1 841.874210 275.244565
1 822.553532 309.444032
1 847.500565 289.106472
1 799.539910 281.422553
1 835.357182 299.477132
1 791.832630 327.964958
1 821.085103 277.468823
1 809.909618 263.354319
1 881.181621 291.635553
1 809.811731 312.107379
1 860.343003 312.828612
1 829.933203 318.885567
1 827.723539 304.324173
1 845.835060 287.953560
1 798.960834 330.891895
1 769.929953 292.475209
1 791.793810 233.900824
1 852.062940 285.572123
1 840.651780 307.746613
1 847.348250 270.079017
1 805.345601 287.917853
1 801.846024 306.486573
1 825.800338 282.032114
1 832.052219 287.872941
1 852.537680 322.243347
1 821.264673 304.023378
1 869.678618 276.214387
1 825.322061 306.822385
1 872.444124 329.760260
1 808.033057 302.581453
1 810.644326 332.927920
1 775.814434 307.521684
1 846.441226 329.318040
1 851.509877 313.830949
1 845.676890 285.017663
1 806.621443 328.798782
1 854.669944 305.732973
2 840.676232 608.621616
2 852.475574 633.410839
2 846.066883 625.840064
2 851.954105 627.968782
2 854.026035 648.220403
2 839.991632 615.530566
2 838.369887 634.561641
2 841.955730 613.519406
2 866.584727 624.813974
2 828.963805 622.449259
2 852.416090 642.763955
2 837.016986 614.694498
2 840.738615 643.357703
2 843.478089 641.697435
2 837.233535 635.162835
2 853.881323 619.546542
2 850.632442 625.157595
2 853.359522 611.015333
2 850.418268 615.658842
2 858.067359 619.559308
2 857.351504 643.163369
2 850.318600 639.521488
2 835.521914 631.914579
2 831.556330 614.604932
2 850.077215 631.957816
2 856.027421 643.177058
2 852.373098 634.690302
2 851.245743 630.290808
2 836.293860 616.051164
2 837.884820 636.400251
2 853.265255 626.674026
2 848.812040 628.612968
2 850.192135 635.737483
2 854.054095 633.278565
2 849.995893 630.763458
2 846.559716 642.299393
2 855.763583 644.513919
2 846.730506 607.687930
2 856.436795 633.342058
2 852.717873 632.804110
2 842.090755 638.151091
2 850.444308 630.218780
2 850.868218 630.077384
2 841.498960 633.550477
2 831.691895 631.432495
1 855.294318 348.060316
1 838.509165 351.963329
1 804.507466 354.933190
1 829.941768 366.395947
1 771.923633 344.444715
1 814.899635 341.856870
1 781.688359 333.964487
1 795.880947 348.927068
1 669.592244 747.169067
1 671.636673 799.039269
