1 202.078525 179.315206
1 186.819888 180.064576
1 214.176846 164.074055
1 206.669392 164.939290
1 196.768541 177.505941
1 210.958168 179.125455
1 211.836927 174.842533
1 189.331589 163.877402
1 203.527437 163.832954
1 201.970054 177.160632
1 209.442568 186.467994
1 180.724814 194.967207
1 193.107182 173.501593
1 216.060535 192.472274
1 198.853969 176.148251
1 192.250519 197.907028
1 194.037276 181.435106
1 199.799649 178.648621
1 183.153069 197.091140
1 188.637822 183.889312
1 189.229870 181.374885
1 211.479674 193.053529
1 201.737982 180.358956
1 178.902086 190.791062
1 199.439138 173.536568
1 210.518514 165.218820
1 198.505473 182.127880
1 182.344040 172.955946
1 186.702925 186.835629
1 203.281993 182.508794
1 215.404842 195.972708
1 205.148379 156.622375
1 203.190361 193.766879
1 201.587909 182.185522
1 210.067252 172.806962
1 163.913563 177.632860
1 146.348987 144.604782
1 179.470672 149.905893
1 162.967828 204.839839
1 147.884370 183.728536
1 195.209033 216.586771
1 162.119301 198.385598
1 152.393393 204.166724
1 193.421252 141.731490
1 194.237749 170.744127
1 211.966503 209.364823
1 251.083949 182.113627
1 161.966939 180.152819
1 221.399592 152.703747
1 176.404877 119.572527
1 180.507286 191.283415
1 217.699831 138.993154
1 170.527334 186.787557
1 228.665330 218.532564
1 193.389412 169.513901
1 192.437244 174.298057
1 215.002928 171.947984
1 175.579998 169.899410
1 205.221806 165.927042
1 214.633711 168.789199
1 211.162113 121.462145
1 189.378103 141.611751
1 155.212590 202.484672
1 172.714409 195.283556
1 165.655237 169.779521
1 166.924642 198.600703
1 185.777145 180.388677
1 194.012623 175.247767
1 155.837241 201.687402
1 205.613441 138.130407
1 213.208956 154.011619
1 240.323927 114.153592
1 195.003573 172.013318
1 202.231334 198.362874
1 226.911282 168.454319
1 176.570203 116.967125
1 227.338694 206.770259
1 212.620324 168.614730
1 144.956441 190.538185
1 178.471504 188.893626
1 191.319643 245.599101
1 250.560930 182.853459
1 240.607570 111.269209
1 187.437874 157.390180
1 185.595720 184.124149
1 144.615748 225.270989
1 161.024763 164.935164
1 196.039223 178.459514
1 218.604907 176.109441
1 192.019959 140.735880
1 175.524547 161.207559
1 217.754904 194.566362
1 195.060826 130.018857
1 187.104201 188.612603
1 203.932647 162.610773
1 213.825564 106.750674
1 222.845959 176.809942
1 185.096537 177.015541
1 138.448633 178.625971
1 242.712719 202.629473
1 243.525347 170.560780
1 190.267470 192.910236
1 168.515608 128.270271
1 179.899809 185.221781
1 135.594962 193.696459
1 211.531957 195.591112
1 203.865506 163.150362
1 167.782954 163.761727
1 171.790530 130.273492
1 187.091502 94.425780
1 173.928864 208.907707
1 183.592149 137.847676
1 185.043962 171.494381
1 191.581649 219.481235
1 214.559869 146.467493
1 235.162256 208.097221
1 180.231235 175.388566
1 182.952653 167.741353
1 196.774740 126.698751
1 223.834548 157.606274
1 198.360849 183.040624
1 205.807211 163.706456
1 190.608509 174.645799
1 180.812791 182.057339
1 99.493335 194.420048
1 199.102316 171.360026
1 243.696054 197.967013
1 181.995706 167.432272
1 163.774601 229.637596
1 196.941963 123.665406
1 159.206553 123.792859
1 192.852771 234.736978
1 236.547897 121.355997
1 197.990209 139.734607
1 172.717207 167.761755
1 235.399532 143.295219
1 195.932636 180.884788
1 171.873109 120.404453
1 216.377026 170.405660
1 152.779531 195.607277
1 281.762281 207.535910
1 218.718357 184.108263
1 152.280332 133.839348
1 151.879933 204.950174
2 59.664177 453.414726
2 50.576305 436.787278
2 58.482343 434.984402
2 51.425367 440.837784
2 43.175214 434.119097
2 58.804816 428.815023
2 63.347146 425.863559
2 72.406240 438.663397
2 78.024736 442.886722
2 67.604440 409.186050
2 50.591738 412.758446
2 64.626408 427.958435
2 74.532559 427.224107
2 45.398665 416.726962
2 56.673980 431.836704
2 64.811656 413.906890
2 39.766784 432.656259
2 54.629899 427.696813
2 39.445893 422.065107
2 59.602518 430.313672
2 64.184752 413.590620
2 70.931752 442.930283
2 61.246465 421.775181
2 53.810192 419.722364
2 56.705041 425.612133
2 56.175670 411.315359
2 63.494198 428.757342
2 56.345963 431.619136
2 43.408837 443.731623
2 62.548742 428.029501
2 65.727367 424.865274
2 71.831915 415.201987
2 54.176240 408.216230
2 54.332525 422.651007
2 45.589576 434.050779
2 63.955935 438.324871
2 47.776520 438.419990
2 83.859896 425.730642
2 55.778070 384.008760
2 72.570593 437.124127
1 322.555273 652.659765
1 304.389994 624.227187
1 137.580917 790.113407
1 154.195366 773.573497
1 148.767415 779.060031
1 148.218661 777.629893
1 146.418749 784.457072
1 160.131038 787.909778
1 150.308837 780.140365
1 157.117436 792.632554
1 158.460107 771.246079
1 157.586055 786.824144
1 164.555545 789.736037
1 150.928066 781.749938
1 161.261873 761.410870
1 149.508251 763.863873
1 144.243613 785.552113
1 163.909595 777.338638
1 146.093343 790.984559
1 135.578839 792.133503
1 135.556030 777.083723
1 153.267474 780.133094
1 150.762099 774.299002
1 147.859911 793.014543
1 150.481933 780.709372
1 130.425149 772.329319
1 165.789670 780.267917
1 154.225798 768.676333
1 146.283493 780.222102
1 161.861036 758.807051
1 157.033526 783.322430
1 154.356766 782.354495
1 171.076966 768.126136
1 149.792901 793.426537
1 155.137713 786.289303
1 144.477388 777.595097
1 160.573092 762.600482
1 138.239412 779.505955
1 140.190931 780.489973
1 170.833071 802.588187
1 174.375273 737.970817
1 136.629216 764.035056
1 202.945806 777.696859
1 133.686903 751.438630
1 132.353286 796.826521
1 166.852847 723.383555
1 139.362160 801.481541
1 165.327417 845.852316
1 120.309935 770.652457
1 186.044462 772.233910
1 170.365368 763.546767
1 180.388432 823.077934
1 155.104638 760.855998
1 198.196803 776.883970
1 147.901047 780.423307
1 134.897606 801.773284
1 186.441300 782.265444
1 125.262701 819.831337
1 186.740842 736.984018
1 136.792129 788.422104
1 162.961091 766.681060
1 158.834278 795.905603
1 209.287200 801.177880
1 158.767872 781.677574
1 148.062391 755.675851
1 170.756469 780.606053
1 168.018496 784.318341
1 134.798687 769.428687
1 156.307544 836.415774
1 118.199783 781.160594
1 117.953004 756.633159
1 158.129078 828.918487
1 141.634252 752.285539
1 175.559356 805.125917
1 124.213405 752.592742
1 135.044751 805.071926
1 174.620819 799.719861
1 159.135638 761.838316
1 90.907463 828.110685
1 166.373962 788.619029
1 180.473954 777.543735
1 134.469178 784.228288
1 140.377477 811.810722
1 178.994865 768.288304
1 166.766347 849.868216
1 190.435364 837.034121
1 214.919675 736.001587
1 142.430086 790.053603
1 132.448519 801.202262
1 185.116122 776.741481
1 175.827563 849.787330
1 167.159926 819.087000
1 202.270702 746.160139
1 138.447578 793.678511
1 194.797350 707.072722
1 201.529595 803.124876
1 209.391246 873.177539
1 157.641334 784.020677
1 113.447290 802.406817
1 191.570947 755.239426
1 162.648559 769.626151
1 156.809771 800.487108
1 57.081795 841.775650
1 170.532871 792.604584
1 171.484877 871.363606
1 148.047162 761.131426
1 93.910719 790.917265
1 121.547671 764.688652
1 184.435146 796.445788
1 116.853327 727.456101
1 151.092935 702.987758
1 197.797614 833.999800
1 198.785921 782.641551
2 324.834848 805.869079
1 175.643243 829.940691
1 266.687108 753.578718
1 133.463302 809.347333
1 190.146999 733.427615
1 117.407901 755.177048
1 168.206055 768.043578
1 157.780556 815.961718
1 116.439593 755.195987
1 179.800810 725.427785
1 152.700002 820.575756
1 189.075770 767.703459
1 162.148460 807.218810
1 148.444814 775.705286
1 151.582674 810.522871
1 144.836061 742.037589
1 146.632688 785.283427
1 146.458416 764.810080
1 144.741315 772.501164
1 171.419946 799.403117
1 197.806867 779.800732
1 145.715472 801.761764
1 275.165231 749.760574
1 146.126042 743.875839
1 124.706216 803.952585
1 121.942934 764.096552
1 185.449714 784.465664
1 111.984468 836.058886
1 137.687446 816.650236
1 181.598603 750.371550
1 146.380789 741.779983
1 154.163224 783.199310
1 107.504663 792.281983
1 108.523702 710.769789
1 177.976807 772.783517
1 96.587960 796.862446
1 220.597913 804.683858
1 128.994339 774.742774
1 139.866898 764.455944
1 228.122143 802.749332
1 150.811589 789.388814
1 168.881232 749.857326
1 165.159704 780.692864
1 137.573550 772.029764
1 130.719737 813.929807
1 216.335131 727.628383
2 499.585782 134.991032
2 484.248733 151.095240
2 487.072859 134.072046
2 483.869978 133.688808
2 506.632547 149.885286
2 487.886167 155.139001
2 493.720714 134.765195
2 509.219396 138.393067
2 509.805614 158.859363
2 494.685072 156.280964
2 516.707945 155.811111
2 493.952420 155.236588
2 512.198795 143.865391
2 503.031665 142.810787
2 482.063822 143.746553
2 491.287710 130.238975
2 493.997559 149.054409
2 516.354893 141.664266
2 492.726283 160.391446
2 497.273132 140.416961
2 480.665799 140.519273
2 491.863470 139.404843
2 484.169628 124.939385
2 500.296424 143.208910
2 502.431803 130.208756
2 507.653555 163.648638
2 490.172815 141.775291
2 497.665782 137.406016
2 507.121802 126.362128
2 504.037112 143.205893
2 519.923327 144.451390
2 495.384363 140.921447
2 497.827101 132.321328
2 485.296409 121.877189
1 414.159271 654.484542
1 396.965906 656.429721
1 409.232629 630.668999
1 407.023245 639.978443
1 393.944144 650.141133
1 399.197276 650.149638
1 391.300101 656.779568
1 399.486811 646.725757
1 400.259023 649.944374
1 399.088965 649.256337
1 395.487644 652.575963
1 399.326209 652.158784
1 411.968041 650.520766
1 391.609420 665.205160
1 400.950645 653.944074
1 396.906714 642.965381
1 381.955513 645.056636
1 405.424793 638.575822
1 381.367666 653.613494
1 410.397212 637.327155
1 398.660293 649.819049
1 401.354440 647.757411
1 390.971265 647.465206
1 405.861198 641.062399
1 394.385557 654.002274
1 393.340697 642.555826
1 401.664526 639.774492
1 408.226809 628.395687
1 395.338749 637.154486
1 403.421915 634.225238
1 415.984239 646.909203
1 399.215922 650.971434
1 423.036678 654.281203
2 556.654560 492.168320
2 566.327921 479.929622
2 559.645556 478.749257
2 542.108217 474.036524
2 559.685605 487.433473
2 563.369408 490.282628
2 573.381410 471.477110
2 559.161220 474.688788
2 557.486451 481.565274
2 556.840378 498.166857
2 563.704203 473.647680
2 548.343974 488.373185
2 559.745212 479.979779
2 569.635254 470.297255
2 565.753896 479.453980
2 547.504747 473.173566
2 568.280122 458.401332
2 552.993692 480.154732
2 536.452940 475.645585
2 545.797056 473.774194
2 567.445625 494.042759
2 562.460124 483.713340
2 543.069621 483.761617
2 558.284391 476.821103
2 547.655082 458.294657
2 561.074381 495.485274
2 563.167474 480.654356
2 566.168079 497.857587
2 560.512513 470.929234
2 563.243376 477.289553
2 542.971177 465.114985
2 544.830961 464.668945
2 553.586758 461.895545
2 564.947799 458.268381
2 567.193653 481.763242
2 559.099342 479.038836
2 580.142647 476.366680
2 580.160206 485.271098
2 564.291244 478.719299
2 544.664903 471.243575
2 545.146850 474.591171
1 363.779328 631.807321
1 391.851199 628.699579
1 404.020971 620.359672
1 384.492170 613.960207
1 380.494729 637.386699
2 541.852631 452.086207
1 416.011900 663.013270
1 429.933363 623.478065
1 382.876329 633.347584
1 394.531659 640.268135
1 412.336473 636.780512
1 406.036554 613.692445
1 420.143071 651.890167
1 361.722433 656.645072
1 372.700665 656.092759
1 400.534348 631.423769
1 428.478222 615.593314
1 395.806971 642.020372
1 440.583874 620.630557
1 388.751535 634.742026
1 413.518197 628.151497
1 402.250964 619.778690
1 432.320179 665.202952
2 527.231599 504.463876
1 373.128546 614.234846
1 388.904075 652.973079
1 423.833821 640.630102
1 418.603361 616.197968
1 352.545626 631.730884
1 369.818358 614.304666
1 380.832277 649.757956
1 385.114157 602.374601
1 439.079511 654.675764
1 443.008010 638.066101
1 391.279801 631.886690
2 544.663870 505.956684
1 442.184451 631.033146
1 397.813118 622.942990
2 581.488332 463.522474
1 375.840229 612.323987
2 585.882780 471.197377
1 375.637178 658.513062
1 404.049350 650.416018
1 377.631795 617.038964
1 385.374673 662.646361
1 415.733659 638.252108
1 349.696372 650.001365
1 408.836429 604.320233
1 366.071423 652.141710
1 434.939185 622.534784
1 405.238107 653.928678
1 378.801741 646.420053
1 359.917438 647.611593
1 386.668847 666.070176
1 376.332963 658.097241
1 389.331874 656.648872
1 419.183020 613.647166
1 375.259857 642.556097
2 546.409718 507.531949
2 541.665312 494.523931
1 399.716322 611.959529
1 367.986309 644.588829
1 410.862105 627.332170
1 434.282599 601.835833
1 357.594715 651.080956
1 384.335397 653.035877
1 429.461526 612.226051
1 386.741376 650.644731
1 402.277306 658.817952
1 471.134399 655.433792
1 385.762531 578.808287
2 597.041215 496.610936
1 400.188237 654.915120
1 402.953957 616.594788
1 396.459828 659.974893
1 419.042518 638.879564
1 394.698165 641.473995
1 435.565963 650.180891
1 385.385668 624.734580
1 355.869158 578.320398
1 391.830403 649.168444
1 408.568910 642.679643
1 370.310573 647.056600
1 395.182570 660.046690
1 345.376682 643.202501
1 382.197481 611.120595
1 369.241878 621.071977
2 531.283443 500.726312
1 346.800197 645.919402
1 403.490064 637.481142
1 426.891243 612.918861
1 411.432051 610.711247
1 359.560262 634.234152
1 418.975944 621.671176
2 568.604804 487.265109
1 362.075664 660.631619
1 411.500142 636.205673
1 480.412508 638.808840
1 390.933083 644.880363
1 362.319023 584.574140
1 400.450064 623.480013
1 335.046288 644.911483
1 398.157930 659.855431
2 550.099140 449.668197
1 389.367404 614.286278
1 356.328780 579.936261
1 348.241680 599.342996
1 392.114856 668.457714
1 394.954126 674.308099
1 575.661683 787.109299
1 554.016372 799.904415
1 581.751516 787.336215
1 566.340280 801.260464
1 570.123937 800.021367
1 591.474880 793.367133
1 587.251436 782.693528
1 583.242380 791.272099
1 572.751738 801.405733
1 552.745377 812.852118
1 564.153244 803.367135
1 566.634687 799.764181
1 569.401358 802.703440
1 581.768991 798.964816
1 572.759855 799.243772
1 577.898006 790.170492
1 574.622078 798.789140
1 583.571398 807.125762
1 573.053080 813.579015
1 584.509425 787.087501
1 574.188549 798.183811
1 555.463841 818.504065
1 589.863390 791.962140
1 560.629967 802.699365
1 556.173005 808.304817
1 572.362892 786.040284
1 569.348468 803.664456
1 565.268759 792.765162
1 570.431892 804.553449
1 553.812317 802.677720
1 566.122417 793.535738
1 556.450136 801.912863
1 558.457108 801.771453
1 553.909713 813.565870
1 588.384833 811.338194
1 564.321143 806.739449
1 563.309108 788.919077
1 546.552111 799.804377
1 578.038975 812.878854
1 570.841369 788.925269
1 577.269699 796.321275
2 389.538227 833.879714
2 402.161750 844.896420
2 378.960659 833.429814
2 409.237313 811.380150
2 399.890100 830.041025
2 405.207302 850.738799
2 401.636197 813.259206
2 401.312932 830.117661
2 399.712033 820.898581
2 411.152661 844.794265
2 395.711069 837.208026
2 390.150597 825.066402
2 399.501159 818.059710
2 398.257724 839.003859
2 382.307555 837.874612
2 412.266138 813.407596
2 399.456228 830.895849
2 413.065501 846.807698
2 415.642324 835.764118
2 408.008256 824.890422
2 398.878255 849.165779
2 399.819838 837.191383
2 405.832256 845.406995
2 402.179150 831.091748
2 405.133892 836.167852
2 418.329704 828.496631
2 391.501291 844.196585
2 402.664223 816.254259
2 404.526549 830.470441
2 393.088402 831.176945
2 397.917414 854.296024
2 388.306593 841.258806
2 382.629465 844.753000
1 543.429445 849.720476
1 548.318513 788.001903
1 559.242281 838.669976
2 407.684502 847.860202
1 347.980171 671.729379
1 533.715949 812.490143
1 524.708624 836.481831
1 419.583083 676.974554
2 361.900490 808.480924
1 598.608260 767.639595
1 622.842732 790.483519
1 587.457679 810.891282
2 394.212295 797.307752
1 387.771968 704.072460
1 451.251563 700.745623
1 571.470812 809.397661
1 378.056673 667.706465
1 600.521612 787.345213
1 546.338509 819.267321
2 374.844534 824.794071
2 391.320874 865.304560
2 397.242714 845.357962
1 579.941793 782.969655
1 547.253720 796.336318
1 564.040577 798.259981
2 362.397185 800.822414
1 536.435031 854.519305
2 343.696414 832.147555
1 560.879703 788.270262
1 376.211617 705.805608
1 575.359714 830.488539
1 599.380294 798.123402
1 530.878456 794.287747
1 561.453307 782.040437
2 410.187940 807.737744
1 621.324901 767.051527
2 435.747206 839.423760
1 540.316886 782.381309
2 382.303066 819.200417
2 474.484558 831.296493
1 537.016567 784.560329
1 421.911599 697.804464
1 575.461345 775.237741
1 580.276782 785.163229
1 607.492740 783.297208
1 392.995219 671.711612
1 540.375126 793.406735
1 543.729654 789.151240
2 417.869248 849.246609
1 544.270588 826.011778
2 396.549244 809.055841
1 504.607097 784.264486
1 554.196394 773.144455
1 556.294094 788.133165
1 567.450515 798.557437
1 593.238645 784.385912
1 624.108609 794.984526
1 629.916207 756.528814
2 348.837400 820.007970
1 552.876218 872.637728
1 550.357754 802.547398
1 543.629438 792.409337
2 466.852957 818.472098
2 356.291109 865.491188
1 648.838798 812.137764
1 541.890663 793.551543
2 454.726677 845.397726
1 556.171371 802.576502
2 433.190282 811.135130
1 529.936070 773.427704
1 390.495241 682.886407
1 530.497551 794.230435
2 436.404910 805.858612
1 404.914578 716.722074
1 587.656637 820.373480
1 553.167569 777.333626
1 546.960291 792.273996
1 570.307446 783.160126
1 569.113530 809.646060
1 565.633742 810.426892
1 635.029342 776.084991
2 419.692268 801.455696
1 390.755066 688.373177
2 398.662662 795.403180
1 613.434010 805.007603
1 520.620525 844.471936
1 571.809483 790.087028
1 470.539371 682.107336
1 428.170131 668.489025
1 523.582045 782.321683
1 576.377638 816.845760
1 419.342865 684.046016
2 376.227035 799.508786
1 567.487927 760.278403
2 425.886420 851.310895
1 594.929668 789.117914
1 553.606667 783.667651
2 426.309268 844.452664
1 501.643308 811.342006
1 540.991407 836.557205
2 425.043566 840.051302
1 373.580865 671.856618
2 512.397703 811.509322
1 543.961685 777.305430
1 627.189873 723.054439
1 533.041308 835.010662
2 412.581390 851.009535
1 495.803760 801.441910
1 541.594963 803.401797
1 523.033354 830.883244
1 588.798295 791.239249
1 544.964082 815.200190
1 536.667868 777.381310
1 502.437403 795.309595
2 425.400856 844.244197
1 605.950749 806.301218
1 549.007178 763.272988
1 548.149674 770.069769
2 424.786996 811.951568
1 584.213869 769.931493
2 402.406686 809.892212
1 546.974309 838.949089
2 492.076644 806.885245
1 573.201669 793.206618
1 389.884261 678.615976
1 540.784642 858.605350
1 371.226402 696.789381
1 457.499001 725.679184
2 512.794542 821.540857
2 378.916063 769.827485
1 597.883823 798.615780
1 551.471337 755.511213
1 583.760529 810.852851
1 567.715385 728.338336
2 365.278060 817.856638
1 554.631109 776.308683
2 352.079411 849.882300
1 552.494297 783.688397
1 581.899398 796.224443
1 402.251766 687.240835
2 356.301548 855.971899
1 544.848754 812.808636
1 507.768313 817.731826
1 526.034492 835.553182
1 551.804400 769.635650
1 645.944537 785.214650
2 397.328812 801.301433
1 520.109806 798.657727
1 533.752617 800.844515
2 440.743475 818.414626
1 528.477070 779.320489
2 459.452672 843.700091
1 555.857674 797.904711
1 534.745901 815.888694
1 556.551011 829.650047
1 545.355778 828.083574
1 555.250377 798.196758
1 496.691367 788.619520
1 576.146048 856.230461
1 353.557381 689.712430
1 541.638983 773.773640
1 447.833777 721.750156
1 544.594887 797.215951
2 442.334495 792.384373
2 433.625462 756.809840
1 588.715346 793.977513
1 597.443823 770.400254
1 526.678813 857.673335
1 569.103968 787.145954
1 365.299636 692.611689
1 554.957069 778.234930
1 527.204677 773.187892
1 566.826450 766.297566
1 505.237777 832.238755
2 392.883573 862.528348
2 445.353709 880.742297
1 564.222219 819.286991
1 610.467271 827.507567
1 607.463317 808.353371
1 513.998123 781.180304
2 517.326164 838.022604
2 353.132454 801.274551
2 390.669431 838.985621
1 569.148739 850.861364
2 386.255579 778.713617
1 466.444968 816.552162
1 584.048794 790.091606
1 590.985568 791.960163
2 444.739146 818.164454
1 544.121837 759.217243
2 425.281703 841.081617
1 572.879986 823.644236
2 442.259638 824.146553
1 582.069533 850.065925
2 410.253635 849.778262
1 412.535769 697.325371
2 397.229561 829.906501
1 649.039432 781.368333
1 572.733404 761.012199
1 585.230631 772.502889
1 576.666380 846.109067
1 561.863564 833.726578
2 346.307474 853.364396
2 467.653797 819.025115
2 382.061122 796.312543
1 484.112980 762.098224
2 435.119157 839.023433
1 619.437846 827.559527
1 439.483559 674.575742
1 571.069426 796.222463
2 388.861163 854.749143
2 399.615274 806.367227
1 530.093222 823.578939
2 405.795092 808.930320
2 427.280650 838.841322
2 416.171746 837.169030
2 387.996136 772.773420
1 536.771490 756.780960
1 558.114413 781.216475
1 544.621514 757.727136
1 576.031618 824.788680
2 505.024303 852.285506
1 657.980538 802.518689
1 598.023851 839.894784
2 408.750397 837.347480
1 572.795010 801.454520
2 422.313593 842.013145
1 628.240413 742.687757
1 531.143673 821.941136
2 351.000799 856.684749
1 548.793377 821.716398
2 455.603107 822.762099
1 553.198697 746.279389
1 425.172726 670.825439
2 400.727135 788.317883
1 478.704452 835.991606
2 414.269878 807.312075
1 532.773638 821.299340
1 528.980023 805.918038
1 551.609609 842.215470
1 584.566106 745.561362
1 548.292753 783.599781
1 536.912284 782.536611
1 418.304042 673.553451
2 421.716901 858.747817
2 419.184752 810.154024
2 397.047765 824.423909
2 372.558338 783.530626
1 434.969735 714.116193
1 586.755620 803.795098
1 544.332952 788.946543
2 340.715785 873.220071
1 601.171151 804.976236
1 644.163423 757.302270
2 383.781935 796.868840
1 573.049366 876.892832
1 546.410816 789.655069
1 557.415174 761.390283
1 585.969610 851.746734
1 548.778299 740.816451
1 568.884751 791.188960
1 546.502767 780.203168
1 489.394351 806.256349
1 568.003444 856.795826
2 392.444717 840.052604
1 567.227712 783.662416
1 568.580459 821.028266
2 397.873111 833.343534
1 569.858084 792.134727
1 580.865920 824.613993
1 587.865198 731.626269
1 362.370648 673.042994
1 661.178606 788.091181
1 561.907622 788.578869
1 595.497154 731.881657
2 381.414085 809.062431
2 360.839187 835.268694
2 418.536205 815.032308
1 541.764227 776.644462
1 352.992312 703.174885
1 503.497108 764.813223
1 571.857498 798.991988
2 416.670424 813.885498
1 537.923210 806.795657
1 584.353517 820.979042
1 552.697434 779.347940
2 444.943142 826.450553
1 591.227201 824.107390
1 618.775571 707.187844
1 580.943756 820.248018
1 579.445129 839.564871
1 538.311783 810.791591
1 599.299581 792.380205
1 555.105328 770.994739
1 585.022396 794.425222
1 377.156296 711.367161
2 416.924286 825.086402
1 538.864396 807.711977
2 413.174567 828.743446
1 532.071883 757.860806
2 460.812990 808.702118
1 443.025566 772.239444
1 598.996298 810.819184
1 578.684545 799.415781
1 585.156860 756.227373
1 558.718209 798.205832
1 579.137288 830.059377
2 426.881250 811.165893
1 535.560080 793.077959
2 488.710337 828.472908
2 388.375703 852.160778
2 415.061894 822.479398
1 614.463159 797.622565
2 431.980168 850.696117
2 422.226339 845.075348
2 421.010678 790.571737
2 365.308103 747.066325
1 629.682608 801.032373
1 547.706515 840.621016
1 411.513918 693.121575
1 521.228545 820.695883
1 440.093520 738.407819
1 449.313142 763.185230
1 545.543467 793.623910
2 404.996503 847.424109
1 616.580420 739.629779
2 430.922010 829.651340
1 575.918255 797.435202
2 385.372611 769.135836
2 424.422558 783.181389
1 512.869589 802.157849
2 387.909222 826.827077
1 534.788559 743.882937
1 599.961812 828.465359
1 600.095404 856.126944
2 360.722184 808.916291
2 381.116254 864.230455
2 422.278902 802.801948
1 604.494940 770.355561
1 550.314707 839.333271
2 390.533507 849.776566
2 527.594814 775.333052
2 461.656313 733.022206
2 386.254840 813.939245
2 371.829924 869.918957
1 595.361152 824.482301
1 572.151519 721.456456
2 431.628758 801.886111
1 514.841146 868.441561
1 511.453352 808.509233
2 487.746196 825.003753
1 574.051336 813.054125
2 365.243228 859.004198
1 549.016060 772.997139
2 494.431565 789.447926
2 341.158519 855.406262
2 506.509156 803.147231
1 606.518150 766.361117
1 560.846563 867.557025
2 480.344543 840.258879
1 549.239724 814.666389
2 367.422756 820.862858
2 460.402243 731.756977
2 492.087863 821.917824
1 602.124798 735.479242
1 523.273423 861.949815
2 397.413625 750.566023
1 516.786679 767.879226
1 584.656981 699.742826
1 570.082159 801.481031
2 415.692451 767.417012
2 476.244152 818.760612
1 580.349035 748.944913
1 618.718515 817.784387
1 510.667735 861.208163
1 612.002965 824.565222
2 399.990206 738.364099
1 541.965450 875.970499
1 377.351439 697.608752
1 600.023707 765.042170
1 585.341940 810.545764
1 495.179811 770.893654
1 529.266655 819.148522
2 382.493753 770.312688
1 528.303557 794.332736
1 571.133091 810.168738
1 514.643881 753.215778
1 552.722339 834.183863
1 541.972532 816.476339
1 486.071759 809.910048
1 574.931205 776.179097
1 443.799491 698.971364
1 438.133327 702.230062
1 499.972191 854.098083
1 822.570945 295.209373
1 796.388864 306.657840
1 821.036917 304.551643
1 829.830806 294.046739
1 821.918281 286.535242
1 827.008361 306.982318
1 819.703925 311.468283
1 819.562622 309.232983
1 802.629404 300.577595
1 839.125300 303.166866
1 819.550908 293.675277
1 823.128751 297.453261
1 816.029020 288.743721
1 823.478148 298.508401
1 818.087407 302.558102
1 815.426318 276.391480
1 825.283169 296.602609
1 818.450751 282.660983
1 820.312877 300.045297
1 819.187439 300.062221
1 804.173060 292.202385
1 820.927539 293.228590
1 822.934482 292.983958
1 828.970412 303.746897
1 815.418058 296.885520
1 819.024018 294.624643
1 831.099042 306.238499
1 818.992631 313.060734
1 819.454788 297.964086
1 839.922837 300.968418
1 814.089782 286.227806
1 814.952164 321.010370
1 803.852044 302.353583
1 809.983797 301.390875
1 799.510615 313.051670
1 831.735188 292.686087
1 805.251090 281.217554
1 834.640377 300.015460
1 819.206725 279.764840
1 803.484546 312.865743
1 817.297562 303.155753
1 814.325253 299.945888
1 826.184956 286.264424
1 827.110051 284.144174
1 813.087005 316.040035
1 831.276737 285.764365
1 835.353339 254.109065
1 829.541700 321.812012
1 852.881761 320.220722
1 831.730666 308.477197
1 850.055377 303.170690
1 815.953206 323.928680
1 791.150664 326.393144
1 797.432841 300.372087
1 807.225683 305.921145
1 837.518182 297.062049
1 828.684807 330.225247
1 815.240882 312.678041
1 803.101000 276.020224
1 798.973581 285.777899
1 776.884530 302.131095
1 828.445314 240.654703
1 818.682298 285.725614
1 823.925497 293.559480
1 793.345020 276.724406
1 815.235889 322.731345
1 834.528067 300.406770
1 763.341162 321.539167
1 799.734466 284.541942
1 802.650736 281.025702
1 823.417690 238.010601
1 826.340031 318.018643
1 818.873142 283.165202
1 852.532025 286.517626
1 841.218551 265.765120
1 824.882999 307.594103
1 793.667327 287.998610
1 805.428878 297.092325
1 812.824048 313.211372
1 849.965536 289.297074
1 796.430064 330.184316
1 821.008553 300.950609
1 823.806593 272.183105
1 801.767350 305.503288
1 815.409540 318.404237
1 816.542851 235.179599
1 819.824633 329.479744
1 806.314379 247.143800
1 843.008190 316.024198
1 811.184009 299.336276
1 773.350928 281.641833
1 814.672386 227.247614
1 790.397815 181.441696
1 837.469591 320.914897
1 823.718530 318.845549
1 771.360027 283.243855
1 821.406249 309.754765
1 811.898829 298.668808
1 809.603411 245.479821
1 767.775257 246.644474
1 826.349944 297.966093
1 848.740369 288.940166
1 832.886810 332.465361
1 811.414460 290.366046
1 747.045987 312.785018
1 794.196444 304.123826
1 775.517932 319.472852
1 807.263118 254.530862
1 797.005684 312.467997
1 809.302160 308.279816
1 780.333160 301.665279
1 841.304740 288.457255
1 806.465298 302.878831
1 821.211584 241.139830
1 796.038239 330.781143
1 808.616908 296.070443
1 827.228245 276.299524
1 783.977333 315.608695
1 731.858258 250.068864
1 767.878407 322.187759
1 854.588837 317.878647
1 806.579546 309.876618
1 847.732800 281.348385
1 797.317377 315.599517
1 766.502852 246.731818
1 805.533237 320.815021
1 812.224924 324.097819
1 882.828592 246.059002
1 818.247910 317.149772
1 826.005415 289.370393
1 785.449512 282.623264
1 828.863867 308.316120
1 748.038052 290.786386
1 798.470735 326.377603
1 829.074152 279.344520
1 836.883507 282.020408
1 805.755102 242.481751
1 831.904926 302.190303
1 807.630705 310.760031
1 831.085980 301.358319
1 845.262498 282.870325
1 842.591026 276.023088
1 780.709669 283.361854
1 835.761897 289.075209
1 896.895519 306.927294
1 826.518275 317.400192
1 825.083484 256.845140
1 816.834576 294.819644
1 768.826840 270.083546
1 750.453103 312.578554
1 801.038669 326.662684
1 748.883061 292.691230
1 814.499281 282.341613
1 800.848252 286.456594
1 822.842750 273.085373
1 827.396571 225.461795
1 842.762708 322.198925
1 867.267875 320.571700
1 821.341552 303.813258
1 808.188893 259.533393
1 849.430392 284.222025
1 745.657772 263.946733
1 808.372839 266.052502
1 800.717772 300.826272
1 808.492425 325.992643
1 802.026805 305.467956
1 867.156648 284.957017
1 834.893299 246.601586
1 857.036092 275.323453
1 849.801805 304.230690
1 849.441389 286.597609
1 837.126287 296.603888
1 859.373808 307.552363
1 850.846358 298.740201
2 852.475574 633.410839
2 851.954105 627.968782
2 854.026035 648.220403
2 839.991632 615.530566
2 838.369887 634.561641
2 866.584727 624.813974
2 852.416090 642.763955
2 840.738615 643.357703
2 843.478089 641.697435
2 863.400528 639.149061
2 859.753973 642.335668
2 837.233535 635.162835
2 853.881323 619.546542
2 853.359522 611.015333
2 858.067359 619.559308
2 857.351504 643.163369
2 850.318600 639.521488
2 835.521914 631.914579
2 831.556330 614.604932
2 856.027421 643.177058
2 852.373098 634.690302
2 851.245743 630.290808
2 837.884820 636.400251
2 848.812040 628.612968
2 850.192135 635.737483
2 854.054095 633.278565
2 849.995893 630.763458
2 846.559716 642.299393
2 834.979246 636.262926
2 855.763583 644.513919
2 846.730506 607.687930
2 856.436795 633.342058
2 852.717873 632.804110
2 842.090755 638.151091
2 850.444308 630.218780
2 850.868218 630.077384
2 831.691895 631.432495
1 803.612232 360.748269
1 819.210033 374.933481
1 812.260784 356.561319
1 810.838689 362.016476
1 873.183488 349.877862
1 825.392793 336.321067
1 840.857676 396.870099
1 862.577377 342.890646
1 796.967179 355.154584
1 834.769903 352.665652
1 826.814220 356.872528
1 858.115826 356.105999
1 808.089117 334.704831
1 863.124908 339.253474
1 672.058414 782.652351
