1 202.078525 179.315206
1 186.819888 180.064576
1 214.176846 164.074055
1 182.952212 174.534474
1 206.669392 164.939290
1 196.768541 177.505941
1 210.958168 179.125455
1 211.836927 174.842533
1 189.331589 163.877402
1 203.527437 163.832954
1 201.970054 177.160632
1 209.442568 186.467994
1 180.724814 194.967207
1 203.531713 193.973627
1 193.107182 173.501593
1 216.060535 192.472274
1 198.853969 176.148251
1 192.250519 197.907028
1 194.037276 181.435106
1 199.799649 178.648621
1 181.725132 173.312320
1 183.153069 197.091140
1 188.637822 183.889312
1 189.229870 181.374885
1 211.479674 193.053529
1 201.737982 180.358956
1 200.678000 184.928028
1 178.902086 190.791062
1 199.439138 173.536568
1 210.518514 165.218820
1 198.505473 182.127880
1 182.344040 172.955946
1 194.792092 166.717099
1 186.702925 186.835629
1 203.281993 182.508794
1 215.404842 195.972708
1 205.148379 156.622375
1 203.190361 193.766879
1 201.587909 182.185522
1 210.067252 172.806962
1 163.913563 177.632860
1 146.348987 144.604782
1 179.470672 149.905893
1 162.967828 204.839839
1 147.884370 183.728536
1 239.886823 194.948977
1 195.209033 216.586771
1 162.119301 198.385598
1 152.393393 204.166724
1 193.421252 141.731490
1 194.237749 170.744127
1 211.966503 209.364823
1 251.083949 182.113627
1 161.966939 180.152819
1 221.399592 152.703747
1 176.404877 119.572527
1 180.507286 191.283415
1 217.699831 138.993154
1 177.583325 142.064571
1 170.527334 186.787557
1 228.665330 218.532564
1 193.389412 169.513901
1 192.437244 174.298057
1 215.002928 171.947984
1 175.579998 169.899410
1 205.221806 165.927042
1 214.633711 168.789199
1 211.162113 121.462145
1 189.378103 141.611751
1 155.212590 202.484672
1 172.714409 195.283556
1 214.352902 152.942134
1 165.655237 169.779521
1 166.924642 198.600703
1 185.777145 180.388677
1 194.012623 175.247767
1 155.837241 201.687402
1 205.613441 138.130407
1 213.208956 154.011619
1 240.323927 114.153592
1 166.293634 196.774555
1 195.003573 172.013318
1 145.951486 233.967640
1 202.231334 198.362874
1 226.911282 168.454319
1 176.570203 116.967125
1 227.338694 206.770259
1 212.620324 168.614730
1 144.956441 190.538185
1 178.471504 188.893626
1 191.319643 245.599101
1 173.623717 176.185480
1 253.114940 134.044786
1 250.560930 182.853459
1 240.607570 111.269209
1 187.437874 157.390180
1 185.595720 184.124149
1 144.615748 225.270989
1 161.024763 164.935164
1 196.039223 178.459514
1 218.604907 176.109441
1 192.019959 140.735880
1 175.524547 161.207559
1 217.754904 194.566362
1 195.060826 130.018857
1 187.104201 188.612603
1 203.932647 162.610773
1 213.825564 106.750674
1 222.845959 176.809942
1 185.096537 177.015541
1 138.448633 178.625971
1 242.712719 202.629473
1 243.525347 170.560780
1 190.267470 192.910236
1 168.515608 128.270271
1 179.899809 185.221781
2 59.664177 453.414726
2 50.576305 436.787278
2 58.482343 434.984402
2 51.425367 440.837784
2 43.175214 434.119097
2 58.804816 428.815023
2 63.347146 425.863559
2 60.732494 408.726670
2 72.406240 438.663397
2 78.024736 442.886722
2 67.604440 409.186050
2 50.591738 412.758446
2 64.626408 427.958435
2 74.532559 427.224107
2 45.398665 416.726962
2 56.673980 431.836704
2 64.811656 413.906890
2 39.766784 432.656259
2 54.629899 427.696813
2 39.445893 422.065107
2 59.602518 430.313672
2 64.184752 413.590620
2 80.182577 438.192942
2 70.931752 442.930283
2 61.246465 421.775181
2 61.668450 429.694248
2 53.810192 419.722364
2 56.705041 425.612133
2 56.175670 411.315359
2 63.494198 428.757342
2 56.345963 431.619136
2 62.089104 430.141319
2 43.408837 443.731623
2 62.548742 428.029501
2 65.727367 424.865274
2 71.831915 415.201987
2 54.176240 408.216230
2 54.332525 422.651007
2 65.391002 431.691994
2 45.589576 434.050779
2 63.955935 438.324871
2 47.776520 438.419990
2 83.859896 425.730642
1 137.580917 790.113407
1 154.195366 773.573497
1 148.767415 779.060031
1 148.218661 777.629893
1 146.418749 784.457072
1 160.131038 787.909778
1 150.308837 780.140365
1 157.117436 792.632554
1 158.460107 771.246079
1 157.586055 786.824144
1 151.165851 778.942263
1 164.555545 789.736037
1 150.928066 781.749938
1 161.261873 761.410870
1 149.508251 763.863873
1 144.243613 785.552113
1 163.909595 777.338638
1 146.093343 790.984559
1 135.578839 792.133503
1 135.556030 777.083723
1 153.267474 780.133094
1 150.762099 774.299002
1 147.859911 793.014543
1 150.481933 780.709372
1 130.425149 772.329319
1 165.789670 780.267917
1 143.297630 795.898551
1 154.225798 768.676333
1 146.283493 780.222102
1 156.864742 796.891839
1 161.861036 758.807051
1 128.360333 771.670554
1 157.033526 783.322430
1 154.356766 782.354495
1 171.076966 768.126136
1 149.792901 793.426537
1 155.137713 786.289303
1 144.477388 777.595097
1 165.961065 763.317471
1 160.573092 762.600482
1 138.239412 779.505955
1 140.190931 780.489973
1 170.833071 802.588187
1 174.375273 737.970817
1 136.629216 764.035056
1 202.945806 777.696859
1 133.686903 751.438630
1 132.353286 796.826521
1 166.852847 723.383555
1 139.362160 801.481541
1 165.327417 845.852316
1 130.628825 760.052788
1 177.838719 802.634184
1 120.309935 770.652457
1 186.044462 772.233910
1 170.365368 763.546767
1 180.388432 823.077934
1 155.104638 760.855998
1 198.196803 776.883970
1 147.901047 780.423307
1 134.897606 801.773284
1 186.441300 782.265444
1 125.262701 819.831337
1 186.740842 736.984018
1 136.792129 788.422104
1 162.961091 766.681060
1 158.834278 795.905603
1 209.287200 801.177880
1 158.767872 781.677574
1 152.907265 797.800115
1 148.062391 755.675851
1 170.756469 780.606053
1 168.018496 784.318341
1 134.798687 769.428687
1 156.307544 836.415774
1 118.199783 781.160594
1 117.953004 756.633159
1 158.129078 828.918487
1 141.634252 752.285539
1 175.559356 805.125917
1 124.213405 752.592742
1 135.044751 805.071926
1 174.620819 799.719861
1 159.135638 761.838316
1 90.907463 828.110685
1 166.373962 788.619029
1 180.473954 777.543735
1 241.081674 770.442953
1 134.469178 784.228288
1 140.377477 811.810722
1 178.994865 768.288304
1 166.766347 849.868216
1 218.625344 821.922524
1 190.435364 837.034121
1 214.919675 736.001587
1 142.430086 790.053603
1 193.861671 789.857778
1 132.448519 801.202262
1 185.116122 776.741481
1 152.024791 802.027711
1 175.827563 849.787330
1 167.159926 819.087000
1 202.270702 746.160139
1 219.772388 793.418666
1 138.447578 793.678511
1 194.797350 707.072722
1 201.529595 803.124876
1 209.391246 873.177539
1 157.641334 784.020677
1 113.447290 802.406817
1 191.570947 755.239426
1 162.648559 769.626151
1 156.809771 800.487108
1 96.438855 800.276831
1 57.081795 841.775650
1 170.532871 792.604584
1 171.484877 871.363606
1 148.047162 761.131426
1 93.910719 790.917265
1 86.423432 796.868751
1 121.547671 764.688652
1 184.435146 796.445788
1 116.853327 727.456101
1 185.348282 802.858240
1 151.092935 702.987758
1 160.024280 764.022385
1 197.797614 833.999800
1 198.785921 782.641551
2 324.834848 805.869079
1 175.643243 829.940691
1 266.687108 753.578718
1 133.463302 809.347333
1 146.254951 754.982279
1 190.146999 733.427615
1 117.407901 755.177048
1 168.206055 768.043578
1 157.780556 815.961718
1 116.439593 755.195987
1 179.800810 725.427785
1 152.700002 820.575756
2 499.585782 134.991032
2 484.248733 151.095240
2 487.072859 134.072046
2 483.869978 133.688808
2 506.632547 149.885286
2 518.370217 137.655406
2 487.886167 155.139001
2 493.720714 134.765195
2 500.592111 143.538737
2 509.219396 138.393067
2 509.805614 158.859363
2 494.685072 156.280964
2 516.707945 155.811111
2 493.952420 155.236588
2 512.198795 143.865391
2 503.031665 142.810787
2 482.063822 143.746553
2 491.287710 130.238975
2 493.997559 149.054409
2 505.718363 140.086895
2 516.354893 141.664266
2 492.726283 160.391446
2 497.273132 140.416961
2 480.665799 140.519273
2 491.863470 139.404843
2 484.169628 124.939385
2 500.296424 143.208910
2 502.431803 130.208756
2 507.653555 163.648638
2 490.172815 141.775291
2 497.665782 137.406016
2 507.121802 126.362128
2 504.037112 143.205893
2 519.923327 144.451390
2 495.384363 140.921447
2 497.827101 132.321328
2 485.296409 121.877189
2 495.878229 119.440463
2 486.023560 139.868389
2 498.981660 147.801570
1 414.159271 654.484542
1 396.965906 656.429721
1 409.232629 630.668999
1 407.023245 639.978443
1 393.944144 650.141133
1 399.197276 650.149638
1 391.300101 656.779568
1 399.486811 646.725757
1 400.259023 649.944374
1 399.088965 649.256337
1 395.487644 652.575963
1 399.326209 652.158784
1 411.968041 650.520766
1 398.848586 635.686138
1 391.609420 665.205160
1 408.133576 630.837110
1 400.950645 653.944074
1 396.906714 642.965381
1 381.955513 645.056636
1 398.298446 654.480653
1 405.424793 638.575822
1 381.367666 653.613494
1 410.397212 637.327155
1 398.660293 649.819049
1 401.354440 647.757411
1 390.971265 647.465206
1 405.861198 641.062399
1 394.385557 654.002274
1 393.340697 642.555826
1 401.664526 639.774492
1 408.226809 628.395687
1 395.338749 637.154486
1 403.421915 634.225238
1 415.984239 646.909203
1 399.215922 650.971434
1 423.036678 654.281203
2 556.654560 492.168320
2 566.327921 479.929622
2 559.645556 478.749257
2 542.108217 474.036524
2 559.685605 487.433473
2 563.369408 490.282628
2 573.381410 471.477110
2 559.161220 474.688788
2 557.486451 481.565274
2 556.840378 498.166857
2 563.704203 473.647680
2 558.252617 486.808067
2 548.343974 488.373185
2 559.745212 479.979779
2 569.635254 470.297255
2 565.753896 479.453980
2 547.504747 473.173566
2 568.280122 458.401332
2 552.993692 480.154732
2 536.452940 475.645585
2 545.797056 473.774194
2 567.445625 494.042759
2 562.460124 483.713340
2 543.069621 483.761617
2 558.284391 476.821103
2 547.655082 458.294657
2 561.074381 495.485274
2 563.167474 480.654356
2 566.168079 497.857587
2 557.684401 461.115869
2 552.590856 490.349685
2 560.512513 470.929234
2 563.243376 477.289553
2 542.971177 465.114985
2 544.830961 464.668945
2 553.586758 461.895545
2 564.947799 458.268381
2 567.193653 481.763242
2 559.099342 479.038836
2 580.142647 476.366680
2 580.160206 485.271098
2 564.291244 478.719299
2 548.831643 495.501298
2 544.664903 471.243575
2 545.146850 474.591171
1 363.779328 631.807321
1 391.851199 628.699579
1 404.020971 620.359672
1 384.492170 613.960207
1 380.494729 637.386699
2 541.852631 452.086207
1 416.011900 663.013270
1 429.933363 623.478065
1 382.876329 633.347584
1 394.531659 640.268135
1 412.336473 636.780512
1 406.036554 613.692445
1 435.083758 632.465777
1 420.143071 651.890167
1 361.722433 656.645072
1 406.711624 612.459209
1 372.700665 656.092759
1 400.534348 631.423769
1 428.478222 615.593314
1 395.806971 642.020372
1 440.583874 620.630557
1 388.751535 634.742026
1 413.518197 628.151497
1 402.250964 619.778690
1 432.320179 665.202952
2 527.231599 504.463876
1 373.128546 614.234846
1 388.904075 652.973079
1 423.833821 640.630102
1 418.603361 616.197968
1 352.545626 631.730884
1 369.818358 614.304666
1 380.832277 649.757956
1 385.114157 602.374601
1 448.062269 623.308575
1 439.079511 654.675764
1 443.008010 638.066101
1 391.279801 631.886690
2 544.663870 505.956684
1 442.184451 631.033146
1 397.813118 622.942990
2 581.488332 463.522474
1 375.840229 612.323987
2 585.882780 471.197377
1 375.637178 658.513062
1 404.049350 650.416018
1 352.886194 633.499634
1 396.761829 624.137236
1 377.631795 617.038964
1 385.374673 662.646361
1 415.733659 638.252108
1 349.696372 650.001365
1 408.836429 604.320233
1 366.071423 652.141710
1 397.621332 588.133749
1 434.939185 622.534784
1 390.277668 654.716196
1 405.238107 653.928678
1 407.105912 587.727034
1 378.801741 646.420053
1 359.917438 647.611593
1 386.668847 666.070176
1 376.332963 658.097241
1 389.331874 656.648872
1 419.183020 613.647166
1 375.259857 642.556097
2 546.409718 507.531949
2 541.665312 494.523931
1 399.716322 611.959529
1 367.986309 644.588829
1 410.862105 627.332170
1 434.282599 601.835833
1 357.594715 651.080956
1 384.335397 653.035877
1 351.224981 620.525279
1 429.461526 612.226051
1 386.741376 650.644731
1 402.277306 658.817952
1 471.134399 655.433792
1 392.114856 668.457714
1 394.954126 674.308099
1 394.221399 669.527537
1 575.661683 787.109299
1 554.016372 799.904415
1 581.751516 787.336215
1 566.340280 801.260464
1 570.123937 800.021367
1 591.474880 793.367133
1 560.549366 808.971070
1 587.251436 782.693528
1 583.242380 791.272099
1 572.751738 801.405733
1 552.745377 812.852118
1 564.153244 803.367135
1 566.634687 799.764181
1 569.401358 802.703440
1 581.768991 798.964816
1 572.759855 799.243772
1 577.898006 790.170492
1 574.622078 798.789140
1 583.571398 807.125762
1 573.053080 813.579015
1 584.509425 787.087501
1 574.188549 798.183811
1 555.463841 818.504065
1 589.863390 791.962140
1 560.629967 802.699365
1 556.173005 808.304817
1 572.362892 786.040284
1 569.348468 803.664456
1 559.722450 798.231480
1 565.268759 792.765162
1 570.431892 804.553449
1 553.812317 802.677720
1 566.122417 793.535738
1 556.450136 801.912863
1 558.457108 801.771453
1 553.909713 813.565870
1 588.384833 811.338194
1 564.321143 806.739449
1 563.309108 788.919077
1 546.552111 799.804377
1 578.038975 812.878854
1 570.841369 788.925269
1 577.269699 796.321275
2 389.538227 833.879714
2 402.161750 844.896420
2 378.960659 833.429814
2 409.237313 811.380150
2 399.890100 830.041025
2 405.207302 850.738799
2 397.114311 827.173351
2 401.636197 813.259206
2 401.312932 830.117661
2 387.290173 814.781166
2 399.712033 820.898581
2 411.152661 844.794265
2 395.711069 837.208026
2 390.150597 825.066402
2 399.501159 818.059710
2 398.257724 839.003859
2 382.307555 837.874612
2 385.918454 817.639902
2 412.266138 813.407596
2 399.456228 830.895849
2 413.065501 846.807698
2 415.642324 835.764118
2 408.008256 824.890422
2 390.094158 829.951194
2 398.878255 849.165779
2 399.819838 837.191383
2 405.832256 845.406995
2 398.449407 821.013905
2 402.179150 831.091748
2 405.133892 836.167852
2 418.329704 828.496631
2 391.501291 844.196585
2 402.664223 816.254259
2 404.526549 830.470441
2 393.088402 831.176945
2 397.917414 854.296024
2 388.306593 841.258806
2 382.629465 844.753000
1 543.429445 849.720476
1 548.318513 788.001903
1 559.242281 838.669976
2 407.684502 847.860202
1 347.980171 671.729379
1 564.087101 798.221469
1 533.715949 812.490143
1 524.708624 836.481831
1 419.583083 676.974554
2 361.900490 808.480924
1 598.608260 767.639595
1 622.842732 790.483519
1 587.457679 810.891282
2 394.212295 797.307752
2 446.606063 822.327713
1 548.447177 800.244674
1 387.771968 704.072460
1 451.251563 700.745623
1 571.470812 809.397661
1 378.056673 667.706465
1 600.521612 787.345213
1 546.338509 819.267321
2 374.844534 824.794071
2 391.320874 865.304560
2 397.242714 845.357962
1 579.941793 782.969655
1 547.253720 796.336318
1 564.040577 798.259981
2 362.397185 800.822414
1 536.435031 854.519305
2 343.696414 832.147555
1 560.879703 788.270262
1 599.319852 765.747879
1 376.211617 705.805608
2 398.710474 876.491889
1 575.359714 830.488539
1 599.380294 798.123402
1 530.878456 794.287747
1 561.453307 782.040437
2 410.187940 807.737744
1 621.324901 767.051527
2 435.747206 839.423760
1 540.316886 782.381309
1 614.123322 743.877782
2 382.303066 819.200417
2 474.484558 831.296493
1 537.016567 784.560329
1 421.911599 697.804464
1 531.362149 780.526380
1 575.461345 775.237741
1 580.276782 785.163229
1 607.492740 783.297208
1 392.995219 671.711612
1 540.375126 793.406735
1 543.729654 789.151240
2 417.869248 849.246609
1 544.270588 826.011778
2 396.549244 809.055841
1 518.149902 845.705935
1 504.607097 784.264486
1 554.196394 773.144455
1 556.294094 788.133165
1 567.450515 798.557437
1 593.238645 784.385912
1 624.108609 794.984526
1 629.916207 756.528814
2 348.837400 820.007970
1 585.265970 812.355982
1 552.876218 872.637728
1 512.566895 853.671152
1 550.357754 802.547398
1 543.629438 792.409337
2 466.852957 818.472098
2 356.291109 865.491188
1 648.838798 812.137764
1 541.890663 793.551543
2 454.726677 845.397726
1 556.171371 802.576502
2 433.190282 811.135130
1 529.936070 773.427704
1 390.495241 682.886407
1 530.497551 794.230435
2 436.404910 805.858612
1 404.914578 716.722074
1 587.656637 820.373480
1 576.064460 787.158070
1 553.167569 777.333626
1 546.960291 792.273996
1 570.307446 783.160126
1 569.113530 809.646060
2 427.318379 806.600951
1 565.633742 810.426892
1 635.029342 776.084991
2 419.692268 801.455696
1 390.755066 688.373177
1 419.930090 687.704211
2 398.662662 795.403180
1 613.434010 805.007603
1 520.620525 844.471936
1 571.809483 790.087028
1 470.539371 682.107336
1 428.170131 668.489025
1 523.582045 782.321683
1 576.377638 816.845760
1 419.342865 684.046016
2 376.227035 799.508786
1 567.487927 760.278403
2 425.886420 851.310895
1 594.929668 789.117914
1 553.606667 783.667651
2 426.309268 844.452664
1 501.643308 811.342006
1 540.991407 836.557205
1 565.921910 802.941424
2 425.043566 840.051302
1 373.580865 671.856618
2 512.397703 811.509322
1 543.961685 777.305430
1 560.431192 803.059943
1 627.189873 723.054439
1 519.258722 762.537765
1 533.041308 835.010662
2 412.581390 851.009535
1 495.803760 801.441910
1 541.594963 803.401797
1 523.033354 830.883244
1 588.798295 791.239249
1 544.964082 815.200190
1 536.667868 777.381310
1 502.437403 795.309595
2 425.400856 844.244197
1 605.950749 806.301218
1 549.007178 763.272988
1 548.149674 770.069769
2 424.786996 811.951568
1 584.213869 769.931493
2 402.406686 809.892212
1 546.974309 838.949089
2 492.076644 806.885245
1 526.264505 746.664343
1 573.201669 793.206618
1 389.884261 678.615976
1 540.784642 858.605350
1 606.702530 799.729794
1 371.226402 696.789381
1 457.499001 725.679184
2 512.794542 821.540857
2 378.916063 769.827485
1 597.883823 798.615780
1 551.471337 755.511213
1 583.760529 810.852851
1 567.715385 728.338336
2 365.278060 817.856638
1 554.631109 776.308683
2 352.079411 849.882300
1 552.494297 783.688397
1 581.899398 796.224443
1 402.251766 687.240835
2 356.301548 855.971899
1 544.848754 812.808636
1 507.768313 817.731826
1 526.034492 835.553182
1 551.804400 769.635650
1 645.944537 785.214650
2 397.328812 801.301433
1 566.876966 831.995068
1 520.109806 798.657727
1 533.752617 800.844515
2 385.626856 803.972707
2 440.743475 818.414626
1 528.477070 779.320489
2 459.452672 843.700091
2 483.649577 856.066016
1 555.857674 797.904711
1 534.745901 815.888694
1 556.551011 829.650047
1 545.355778 828.083574
1 555.250377 798.196758
1 496.691367 788.619520
1 576.146048 856.230461
1 353.557381 689.712430
1 541.638983 773.773640
2 410.286912 809.234614
1 447.833777 721.750156
1 544.594887 797.215951
2 442.334495 792.384373
2 433.625462 756.809840
1 588.715346 793.977513
1 597.443823 770.400254
1 526.678813 857.673335
1 569.103968 787.145954
1 607.174617 750.234408
1 365.299636 692.611689
1 554.957069 778.234930
1 527.204677 773.187892
1 566.826450 766.297566
1 505.237777 832.238755
2 392.883573 862.528348
2 445.353709 880.742297
1 564.222219 819.286991
1 610.467271 827.507567
1 607.463317 808.353371
1 513.998123 781.180304
2 517.326164 838.022604
2 353.132454 801.274551
2 390.669431 838.985621
1 569.148739 850.861364
2 386.255579 778.713617
1 466.444968 816.552162
1 584.048794 790.091606
1 345.239749 670.900948
1 590.985568 791.960163
2 444.739146 818.164454
1 544.121837 759.217243
2 425.281703 841.081617
1 572.879986 823.644236
2 442.259638 824.146553
1 582.069533 850.065925
2 410.253635 849.778262
1 412.535769 697.325371
2 397.229561 829.906501
1 638.535314 698.866259
1 649.039432 781.368333
1 572.733404 761.012199
1 585.230631 772.502889
1 576.666380 846.109067
1 561.863564 833.726578
1 597.805302 779.767668
2 346.307474 853.364396
2 467.653797 819.025115
1 546.567006 785.371248
2 382.061122 796.312543
1 484.112980 762.098224
2 435.119157 839.023433
1 619.437846 827.559527
1 439.483559 674.575742
1 571.069426 796.222463
1 822.570945 295.209373
1 796.388864 306.657840
1 821.036917 304.551643
1 829.830806 294.046739
1 821.918281 286.535242
1 827.008361 306.982318
1 819.703925 311.468283
1 819.562622 309.232983
1 802.629404 300.577595
1 839.125300 303.166866
1 819.550908 293.675277
1 823.128751 297.453261
1 816.029020 288.743721
1 823.478148 298.508401
1 818.087407 302.558102
1 815.426318 276.391480
1 825.283169 296.602609
1 818.450751 282.660983
1 820.312877 300.045297
1 819.187439 300.062221
1 804.173060 292.202385
1 820.927539 293.228590
1 822.934482 292.983958
1 828.970412 303.746897
1 820.841994 316.170513
1 815.418058 296.885520
1 819.024018 294.624643
1 831.099042 306.238499
1 818.992631 313.060734
1 819.454788 297.964086
1 839.922837 300.968418
1 814.089782 286.227806
1 814.952164 321.010370
1 825.252307 296.898763
1 803.852044 302.353583
1 809.983797 301.390875
1 823.426854 290.314283
1 799.510615 313.051670
1 831.735188 292.686087
1 805.251090 281.217554
1 834.640377 300.015460
1 819.206725 279.764840
1 803.484546 312.865743
1 821.588987 277.873229
1 817.297562 303.155753
1 814.325253 299.945888
1 826.184956 286.264424
1 827.110051 284.144174
1 813.087005 316.040035
1 831.276737 285.764365
1 835.353339 254.109065
1 829.541700 321.812012
1 852.881761 320.220722
1 809.383467 303.574163
1 831.730666 308.477197
1 850.055377 303.170690
1 815.953206 323.928680
1 791.150664 326.393144
1 797.415917 298.128430
1 797.432841 300.372087
1 807.225683 305.921145
1 837.518182 297.062049
1 828.684807 330.225247
1 815.240882 312.678041
1 825.780203 299.269957
1 803.101000 276.020224
1 798.973581 285.777899
1 776.884530 302.131095
1 828.445314 240.654703
1 818.682298 285.725614
1 823.925497 293.559480
1 793.345020 276.724406
1 815.235889 322.731345
1 834.900898 321.107799
1 864.345322 333.154092
1 834.528067 300.406770
1 788.513295 298.457749
1 763.341162 321.539167
1 799.734466 284.541942
1 805.359581 298.337384
1 802.650736 281.025702
1 823.417690 238.010601
1 826.340031 318.018643
1 818.873142 283.165202
1 847.208933 274.493781
1 852.532025 286.517626
1 841.218551 265.765120
1 824.882999 307.594103
1 793.667327 287.998610
1 805.428878 297.092325
1 815.563304 302.218215
1 812.824048 313.211372
1 849.965536 289.297074
1 796.430064 330.184316
1 821.008553 300.950609
1 823.806593 272.183105
1 801.767350 305.503288
1 815.409540 318.404237
1 816.542851 235.179599
1 819.824633 329.479744
1 806.314379 247.143800
1 843.008190 316.024198
1 811.184009 299.336276
1 773.350928 281.641833
1 814.672386 227.247614
1 790.397815 181.441696
1 837.469591 320.914897
1 823.718530 318.845549
1 805.873896 306.421423
1 771.360027 283.243855
1 821.406249 309.754765
1 811.898829 298.668808
1 809.603411 245.479821
1 767.775257 246.644474
1 826.349944 297.966093
1 848.740369 288.940166
1 832.886810 332.465361
1 811.414460 290.366046
1 747.045987 312.785018
1 794.196444 304.123826
1 775.517932 319.472852
1 807.263118 254.530862
1 797.005684 312.467997
1 809.302160 308.279816
1 780.333160 301.665279
1 841.304740 288.457255
1 806.465298 302.878831
1 821.211584 241.139830
1 796.038239 330.781143
1 808.616908 296.070443
1 827.228245 276.299524
1 783.977333 315.608695
1 731.858258 250.068864
1 767.878407 322.187759
1 854.588837 317.878647
1 835.535821 306.286124
2 840.676232 608.621616
2 852.475574 633.410839
2 851.954105 627.968782
2 854.026035 648.220403
2 839.991632 615.530566
2 853.077069 632.163393
2 838.369887 634.561641
2 841.955730 613.519406
2 866.584727 624.813974
2 852.416090 642.763955
2 840.738615 643.357703
2 843.478089 641.697435
2 863.400528 639.149061
2 859.753973 642.335668
2 837.233535 635.162835
2 853.881323 619.546542
2 853.359522 611.015333
2 858.067359 619.559308
2 857.351504 643.163369
2 850.318600 639.521488
2 835.521914 631.914579
2 831.556330 614.604932
2 856.027421 643.177058
2 852.373098 634.690302
2 851.245743 630.290808
2 836.293860 616.051164
2 837.884820 636.400251
2 848.812040 628.612968
2 850.192135 635.737483
2 854.054095 633.278565
2 849.995893 630.763458
2 846.559716 642.299393
2 834.979246 636.262926
2 855.763583 644.513919
2 846.730506 607.687930
2 856.436795 633.342058
2 852.717873 632.804110
2 842.090755 638.151091
2 850.444308 630.218780
2 850.868218 630.077384
2 831.691895 631.432495
1 812.299734 354.058822
1 803.612232 360.748269
1 819.210033 374.933481
1 812.260784 356.561319
1 810.838689 362.016476
1 873.183488 349.877862
