1 199.269705 173.437265
1 210.114308 186.948301
1 205.196307 190.114481
1 201.889364 166.244283
1 200.028815 178.904122
1 212.483211 172.490510
1 195.050289 171.076614
1 220.372450 167.082820
1 199.578806 182.418145
1 186.174945 200.079040
1 180.475691 186.882647
1 204.553109 188.063940
1 220.977149 175.115079
1 196.939850 198.505773
1 199.999612 180.015226
1 196.346362 175.409721
1 193.785615 175.874331
1 201.650211 166.035300
1 182.203108 183.478241
1 198.891638 173.225857
1 180.544847 186.930235
1 186.504118 179.103378
1 180.106523 173.681083
1 212.946587 178.048028
1 209.544623 167.571960
1 181.902077 174.280506
1 212.620355 185.058393
1 188.913952 189.585743
1 179.717881 187.837870
1 207.066242 193.777773
1 214.856571 170.711981
1 184.258736 186.863044
1 194.252804 187.623283
1 198.418725 169.288476
2 293.914801 136.273860
2 171.706898 110.554810
2 245.197685 60.614106
2 247.747488 300.629079
2 123.511157 300.565481
2 304.332227 62.381701
2 240.868928 171.431778
2 158.408097 123.982872
2 238.095347 173.144910
2 317.447416 179.969107
2 225.903249 289.597707
2 129.998060 280.385958
2 198.110545 10.437739
2 246.814734 268.601933
2 31.140934 115.490686
2 265.037625 240.178044
2 24.569977 251.627972
2 87.105782 18.602916
2 203.383335 10.801702
1 200.759466 170.692448
1 214.198036 189.704068
1 188.745094 178.214855
2 297.085479 155.864645
1 173.692153 188.497891
1 185.541092 206.432915
1 201.785500 143.805452
2 122.663544 257.707945
1 225.216474 187.790587
1 153.884198 177.751502
1 205.734553 212.627370
1 182.791995 208.204207
1 166.921149 147.985158
1 220.834966 193.110707
1 200.132540 208.821407
1 200.992548 203.404021
1 213.313814 218.707157
1 201.825372 223.059873
1 215.860772 174.628188
2 187.323693 20.794101
1 167.670215 151.152543
1 198.518494 120.123700
1 222.050139 157.744416
1 198.538195 146.607960
1 181.634011 206.899984
1 218.582160 167.842650
1 199.960801 95.748643
1 188.795408 132.943505
1 201.490824 218.449990
1 185.366695 172.206126
1 234.578280 141.732672
1 213.079758 128.167400
1 212.227098 213.037391
2 242.107470 234.396523
1 163.133277 168.426032
1 184.835220 205.246849
2 224.628822 186.305911
1 207.729766 191.955994
2 112.609974 257.394031
1 184.670281 172.243955
1 189.144258 147.333059
1 190.928614 220.291899
2 188.666484 174.570405
1 220.897799 164.062278
1 181.779001 190.512473
2 148.769348 232.596128
1 174.143823 201.944278
2 138.795113 127.592500
1 200.296883 150.933388
1 208.841442 183.614649
1 236.702236 160.778637
1 165.970986 180.663388
1 221.340619 238.460275
1 218.602730 173.004221
1 155.263239 148.228524
1 127.468521 200.648175
2 316.967539 165.493810
1 226.660853 156.990201
1 215.778997 204.526507
1 184.768552 221.268717
1 154.084736 206.408721
1 188.383770 182.994833
1 193.684235 176.266445
1 222.180826 119.426550
1 189.080334 152.632826
1 187.134007 152.189801
1 230.913761 169.287062
1 205.207645 150.355346
1 179.337546 138.968371
1 185.218136 197.130704
1 153.348086 129.145823
1 179.825611 157.217533
1 193.533315 222.612646
1 234.989059 134.078550
1 179.778530 191.491931
1 174.695964 104.395346
1 176.905519 174.959705
1 186.713506 169.286596
1 172.818848 175.802804
1 184.025655 145.634986
2 153.863213 81.735721
1 179.759736 192.181384
1 201.637515 164.048176
1 199.622735 178.480383
1 208.687440 213.855856
1 200.273448 201.232590
1 190.999976 155.520314
1 171.653404 149.462504
1 199.426632 234.362321
2 180.354796 158.395845
2 172.343209 60.939469
1 221.314581 135.136916
1 228.268928 141.932707
2 202.512628 153.612705
1 117.384569 155.128493
1 182.534710 183.696775
1 185.979936 208.401871
1 164.844415 118.154787
1 180.683063 187.400821
2 247.395161 265.278106
1 232.910795 165.880702
2 238.114379 296.087840
1 182.443180 156.042008
2 331.653783 172.950420
1 153.843566 206.722569
1 206.591386 89.170242
1 157.905170 144.796248
1 188.223028 183.502012
1 166.987621 211.809888
1 77.929126 175.888631
1 188.664974 87.046424
1 225.972539 146.630052
1 202.139045 125.466172
1 243.902032 182.654369
1 245.283916 163.232449
2 140.787993 245.106944
1 208.528902 160.153736
1 169.183368 171.340332
1 223.178835 109.242828
2 277.854153 227.344249
2 235.757689 179.552807
1 238.908093 137.200820
1 184.469228 175.172334
1 166.074532 151.553511
2 288.504256 214.808751
1 182.132809 168.778646
2 279.601901 170.149352
1 148.916280 222.955820
2 332.349618 188.065174
1 168.262463 207.073071
2 259.382536 159.197231
2 294.079199 108.648373
1 153.765293 135.099641
1 222.749881 143.475781
1 267.420139 104.690697
1 202.001461 190.073938
2 275.000854 122.856038
2 165.982062 240.114423
1 175.355969 161.617521
1 162.843764 216.209854
2 22.900925 264.448695
2 262.087208 74.348503
1 171.690154 157.524491
2 208.261810 183.885632
1 199.810654 83.739148
1 141.299541 214.996610
2 171.244360 543.570455
2 20.994490 632.140718
2 153.389716 641.988353
2 142.015951 484.013842
2 28.754951 434.886062
2 258.849622 571.780342
2 28.433730 395.907137
2 206.003233 444.655875
2 119.399959 429.388510
2 99.191083 646.504344
2 207.408084 475.388057
2 175.878546 664.310229
1 325.842776 657.909274
2 244.954738 555.900671
2 172.446370 597.496994
2 103.573934 647.055486
1 102.902630 622.870115
2 282.426424 636.263839
2 212.915814 642.379495
1 323.696312 611.505539
1 313.047995 663.882118
2 268.994384 665.364734
2 195.210016 565.534932
1 320.378781 592.883282
2 247.815097 605.374663
2 120.546258 650.248478
2 90.317766 644.608036
2 317.266656 664.992205
2 95.548039 639.580077
2 329.974407 657.405234
2 322.235874 640.240192
2 113.301402 621.352371
1 328.445848 650.758578
1 298.038250 657.859420
2 314.140971 664.589844
2 101.126840 658.764637
1 324.412133 635.547392
1 126.746203 786.033927
1 145.163527 789.729331
1 142.908453 785.024548
1 147.016255 764.763246
1 140.785421 784.378476
1 143.341848 761.361544
1 157.305392 776.514772
1 139.319658 769.947154
1 150.635253 800.337475
1 139.604911 775.162807
1 139.669431 765.674780
1 161.454364 774.691989
1 145.115120 801.068668
1 147.551750 782.847987
1 130.097206 782.724603
1 146.637271 794.320656
1 165.210033 792.478869
1 145.398130 795.977175
1 138.434013 794.852440
1 137.038868 779.913534
1 154.683136 787.143884
1 151.684056 759.675614
1 141.519321 797.625571
1 172.323697 786.749599
1 143.634279 768.792677
1 171.706840 790.920699
1 150.302771 764.452877
1 165.169143 762.646692
1 139.070384 777.583477
1 164.121171 782.791520
1 131.403224 778.324781
1 147.781349 780.633312
1 142.264031 791.512781
1 144.954823 801.106475
1 168.558070 768.279076
2 45.445622 846.788738
2 314.745031 695.223919
2 278.842459 682.923933
2 179.601668 815.345060
2 25.964187 815.865713
2 66.431093 926.363874
2 304.534268 779.614386
2 155.089063 886.894080
2 100.781039 780.964956
2 251.927141 815.949635
2 97.995087 682.932946
2 109.632884 844.386862
2 54.460575 712.218472
2 132.847880 719.890740
2 251.392151 680.540094
2 78.445487 880.182434
1 137.143490 835.933846
1 197.004508 755.354300
1 174.265583 760.609242
1 168.902046 780.249563
1 126.994665 811.275244
2 42.906013 862.353363
1 164.948459 798.812813
1 93.255341 800.253797
1 105.934596 735.303785
1 197.026270 772.915982
1 187.437336 786.560937
1 127.951886 764.174249
1 144.502277 789.643702
1 140.109208 707.781632
2 18.227955 787.578568
2 156.976821 865.130630
1 175.923708 817.499813
2 284.093397 672.245008
1 163.614078 813.252800
1 106.616612 750.518501
1 137.282084 833.792254
1 118.685713 797.736738
1 145.187762 791.199530
2 52.264342 860.985741
1 91.968226 750.157946
1 129.915507 783.198928
2 93.141290 872.948518
1 153.780276 792.752624
1 236.152574 771.456295
1 141.342334 801.817746
2 298.044030 678.576696
2 36.416928 872.661726
1 136.141652 674.614131
2 225.149437 673.224366
1 141.470230 819.733397
1 129.244776 781.111918
1 165.482372 727.460174
1 159.740326 831.116052
2 73.027130 825.699464
1 203.600473 798.470414
1 115.090631 827.239747
1 146.621973 794.081555
1 188.774663 748.417178
2 26.690631 805.074050
2 34.769799 824.044436
1 153.917139 766.905746
2 278.057245 776.364146
2 210.332942 849.223720
1 128.812032 795.744765
1 186.257189 789.265751
2 271.156548 839.878417
1 163.069597 801.763514
1 187.894815 844.665525
2 57.413771 796.760019
2 126.559442 834.716697
1 149.418957 787.225383
2 235.838827 686.940572
2 41.887583 851.262266
1 131.543023 774.790060
1 100.244557 837.226071
1 156.600436 735.752287
1 131.529894 795.142464
1 155.647436 792.107375
1 135.868009 813.458225
1 141.680819 742.870109
1 137.422176 800.993772
2 182.715716 807.354652
1 139.889877 802.084332
1 103.483085 726.411751
1 154.604583 745.088727
2 309.611991 801.356781
1 206.652765 781.582787
1 114.628766 742.704374
1 114.807540 798.722210
2 262.741294 824.538479
2 125.157575 744.055787
1 184.832645 771.752110
2 255.343747 688.247666
1 151.284466 832.605119
2 178.940418 815.259431
2 39.839600 917.232729
1 162.643685 788.318142
1 161.009387 798.443973
1 90.468086 745.995295
1 117.403826 738.799863
1 217.570084 737.570965
1 153.522410 778.339813
2 283.972257 666.937106
1 177.411245 808.615284
2 194.020229 778.577131
1 189.099822 787.755685
2 129.976300 755.033729
1 162.147433 778.092610
1 143.179910 822.336127
2 311.374096 728.169311
1 169.392776 766.473369
1 125.470799 787.776358
1 160.137662 770.019169
1 186.901180 728.050399
2 43.014888 844.866797
1 173.205512 802.153775
1 124.492172 789.672018
2 162.704617 877.543728
2 190.077195 752.427892
1 178.549323 734.103049
1 201.388547 783.615556
2 54.338073 755.941117
1 176.545429 788.681628
1 162.302539 780.389213
1 144.833673 850.290332
1 148.485880 764.073525
2 203.528399 846.190102
1 120.800410 805.837558
1 145.299150 740.514718
2 84.499017 862.229172
1 139.116918 742.106984
1 124.533397 862.469425
1 165.866658 706.293412
1 214.675975 761.140639
1 130.647992 683.018396
1 194.355361 822.866061
1 142.852500 817.009668
2 165.809142 856.283488
1 172.730333 751.189587
1 88.787734 724.542512
1 144.914852 697.881670
2 131.032124 846.599568
1 147.413094 716.992023
2 56.775675 840.208616
1 136.250089 848.768093
1 162.325225 762.472428
2 328.063409 672.424968
1 113.483668 737.975889
2 50.273591 775.748984
1 161.052046 730.151817
1 140.743480 770.421966
1 149.116869 720.573167
2 113.952438 914.711280
1 128.069204 746.867886
1 164.116078 889.671414
1 141.368548 748.394640
2 60.275964 862.279870
2 316.921908 699.185370
2 47.156193 829.686079
1 167.674063 717.012273
1 192.258030 833.928253
1 139.443466 808.299898
1 316.139118 748.625825
2 245.960275 681.070888
2 130.605296 840.954292
1 149.192195 739.357150
2 273.342335 677.882552
1 138.815511 745.815089
1 119.013428 705.640679
2 166.349915 704.212503
1 104.641412 741.866359
1 149.097611 784.193561
1 150.605093 774.427040
1 172.532597 753.429860
1 206.086129 768.404312
2 192.997641 791.544884
2 158.364978 833.685121
2 43.445585 874.204078
1 187.905492 739.654092
1 179.007643 777.464314
1 179.544366 685.047635
2 170.721063 848.844106
1 91.345758 792.203985
1 82.470552 751.652519
2 221.389317 803.901197
1 116.300033 819.122360
2 294.918607 707.964491
1 116.259969 771.770895
2 323.893650 744.225274
1 152.956699 747.130425
1 140.141197 741.984672
1 156.453203 731.081979
2 171.621659 816.704302
1 177.211773 715.217651
1 190.935821 778.996010
2 112.906524 788.193826
1 150.719020 785.288051
1 134.814498 751.750777
1 199.310721 809.582951
2 47.086786 674.006914
1 304.618810 761.990356
2 125.738073 825.263344
2 147.895028 850.529185
1 203.223939 739.185624
2 139.056330 866.722110
2 184.964480 868.411951
2 166.284212 785.038271
2 93.355342 865.263427
1 194.313498 804.697505
1 131.705407 724.932765
2 172.672759 742.816500
2 328.269695 707.847788
1 214.340909 758.099178
2 68.805515 863.941047
2 67.860580 838.356682
1 167.656445 811.920925
2 179.947896 866.740470
1 181.446310 717.683105
1 157.733716 803.316206
2 330.731352 772.014511
2 237.816624 848.534412
2 101.968284 870.483879
1 108.714879 793.249747
1 79.431235 708.540626
1 151.172993 772.995219
2 207.320240 859.889683
1 147.084074 692.031044
2 129.934860 855.638004
1 153.112624 822.827622
1 218.667873 781.594031
1 159.866465 806.013365
2 112.027451 684.591282
1 149.380699 735.890453
1 168.847332 806.085877
1 141.371876 744.906179
1 318.877246 680.671534
1 99.570753 736.901793
1 311.661097 733.701412
2 127.514735 731.224543
2 264.578193 667.118399
2 270.474935 821.619824
1 179.350085 823.718133
1 111.636896 784.329281
2 34.956845 832.596298
2 289.404745 699.786379
1 164.533837 743.644667
1 166.770145 837.113834
1 116.761382 813.012358
1 145.351199 835.767965
1 163.607679 774.528082
1 118.853758 758.407973
2 181.576744 818.984683
1 151.269452 786.760657
1 150.938845 810.956245
1 143.024437 805.940472
1 108.017647 717.656060
1 162.506091 825.614858
1 137.053334 810.461543
1 142.529509 824.388783
1 159.599818 749.302295
1 118.911394 777.013882
2 323.373591 787.880772
2 120.622529 868.469768
1 155.135691 816.697873
1 97.194216 743.417669
2 134.358081 810.938522
1 105.281257 786.244170
1 199.029662 758.549756
1 321.651561 683.403280
2 317.909102 780.149952
1 118.136866 766.267253
1 114.864753 759.382456
2 316.685784 758.487586
1 144.181455 725.471800
1 144.671081 685.792428
2 142.330153 813.251359
1 132.783678 752.812854
2 97.854599 823.654781
1 157.360302 790.713526
2 117.176214 742.317904
2 313.037203 710.906668
2 127.116006 843.779424
1 179.983183 744.046451
1 131.410765 734.875959
2 171.593275 888.862747
1 146.331385 684.944605
1 164.430498 857.750831
2 188.039951 877.264705
2 98.502893 678.987140
2 168.879608 848.290129
1 165.968997 830.527751
2 145.113893 859.627450
2 605.066590 47.788371
2 589.443399 329.344407
2 581.120796 112.089809
2 665.653347 275.935088
2 363.834378 164.526498
2 647.042743 256.695106
2 527.996854 292.824059
2 666.366008 82.483431
2 649.420891 250.178670
2 429.921659 60.700783
2 442.269964 137.611678
2 578.546029 74.844074
2 463.885595 159.578450
2 608.180601 176.614387
2 584.759719 8.514276
2 406.604858 243.912258
2 530.761359 200.478255
2 390.672135 228.799509
2 371.782737 51.913341
2 402.867411 243.143525
2 334.950622 271.238755
2 444.498006 305.325461
2 459.060437 293.612571
2 401.171180 277.026152
2 340.651525 104.167126
1 382.260213 656.654334
1 400.060358 664.114563
1 414.979481 651.653271
1 403.504982 652.571265
1 390.688447 647.845610
1 405.143784 645.741016
1 397.298582 643.386521
1 399.545928 650.646476
1 407.056579 652.214464
1 387.102474 631.882672
1 412.893603 637.657770
1 398.156383 646.538719
1 397.339133 647.323642
1 395.364842 649.921690
1 398.053061 653.189044
1 394.188539 646.559336
1 398.752565 649.912308
1 397.250624 649.699913
1 406.456430 640.285232
1 397.868197 650.876934
1 400.504314 653.885126
1 421.667448 648.733453
1 422.983944 640.758248
1 380.384746 651.717041
1 392.518443 649.812297
1 411.925322 644.440037
1 408.039858 649.382839
1 394.418308 649.889421
1 406.652711 633.066539
1 394.835188 662.032331
1 395.472651 631.200161
1 402.283887 655.352194
1 414.147286 642.437744
1 412.439738 656.811921
1 394.118353 663.469716
1 402.351592 650.678890
1 393.106662 639.004447
1 411.733015 641.469493
2 455.653924 403.258451
2 363.487086 575.203866
2 407.654692 539.267475
2 422.263068 585.874800
2 545.309700 599.809725
2 409.899350 583.813836
2 569.053141 516.305782
2 472.503920 468.156992
2 638.136057 382.283967
2 514.384405 514.909617
2 567.767176 623.068481
2 414.301767 487.742486
2 346.897906 350.992522
2 515.624875 369.475080
2 603.739266 638.164720
2 501.170248 578.989438
2 493.003781 406.135317
2 439.302773 543.991638
2 622.657885 589.764738
2 624.977644 549.091301
2 400.695022 591.662895
2 356.809001 521.837604
1 419.597041 629.924104
1 370.685891 656.761433
1 414.404364 625.839949
1 411.717706 619.224535
1 459.773586 657.271433
1 413.760859 635.006703
2 519.521268 607.613022
1 399.544350 647.973002
1 389.695541 629.355370
1 466.793223 623.049548
1 426.442536 615.973826
1 471.776655 613.703832
1 426.800635 634.983879
2 526.045351 666.460511
2 487.279726 572.186490
1 405.555337 637.331483
1 376.147331 629.267849
1 399.548259 664.702342
1 391.915217 644.468353
1 412.203009 611.422368
1 409.049424 628.316033
2 578.933203 535.545455
1 396.376886 643.695661
1 403.774417 629.115449
1 366.337531 628.258102
2 376.542617 643.790462
2 439.183333 599.900331
1 450.867877 638.382020
1 402.851877 602.419892
2 557.988465 506.803564
1 391.399199 658.194034
1 409.398294 634.026295
1 375.513242 619.269440
1 369.288921 607.703797
1 427.691634 647.782825
1 364.785620 649.265179
1 403.677028 640.828431
2 495.815656 572.954584
2 373.985348 586.588044
1 450.178473 656.287589
2 503.151630 620.646672
1 402.732827 622.804614
1 412.005652 662.775059
1 383.537618 601.957398
1 394.033978 617.544497
2 564.741926 614.189498
1 431.778245 607.405221
1 452.693808 642.536181
1 458.825562 645.821110
1 396.723465 617.573199
2 338.516775 583.753534
1 397.938104 645.800715
1 479.654078 648.592427
2 515.256918 641.481783
1 423.657113 663.529846
2 505.880715 613.337739
1 374.300264 635.514610
1 339.354766 649.814911
1 366.328539 625.678030
1 434.715929 594.399386
1 362.155569 588.457418
1 410.358609 630.221769
2 500.984126 619.405671
1 445.707848 647.602901
1 382.158180 649.382406
2 516.984902 583.938874
1 484.237528 663.793550
2 374.777358 571.969921
1 416.650692 614.909249
1 419.993011 635.184635
1 400.357149 602.381010
1 377.466399 583.941973
1 363.553259 630.959174
2 355.417881 560.172987
2 501.413376 629.557406
2 485.818812 600.815891
2 400.764546 572.309528
1 389.499881 656.919441
1 400.064552 665.519433
1 409.079638 633.546997
2 549.107327 467.753963
2 369.468655 649.612561
1 423.822200 646.155259
2 498.048218 604.594843
1 441.039309 634.794119
1 414.706507 618.964163
1 459.596920 613.072147
2 576.268287 595.222301
1 411.032874 616.551127
1 420.863133 665.575925
1 395.762268 619.337654
1 467.720539 601.589598
1 375.610733 632.066346
1 394.498553 649.858102
1 407.365818 650.683307
1 473.711676 625.892673
1 440.900221 618.603125
1 400.320166 562.518803
2 434.945831 593.295268
1 385.248138 600.033717
1 418.485842 623.016453
1 396.896357 619.900744
1 379.211899 625.829807
2 414.936207 624.574473
1 449.100764 581.260403
1 371.737859 641.745931
1 401.887505 617.678586
1 356.805180 612.374670
2 371.043014 571.920958
2 410.572991 591.824122
1 401.355819 645.051071
1 422.061048 594.936000
1 412.083084 645.481342
1 390.411633 537.152241
1 434.653251 665.060341
1 355.181172 632.772971
1 446.783611 643.883392
2 400.584339 600.397310
1 397.149963 663.370908
1 465.072895 604.607581
1 380.841631 645.494159
1 360.094272 645.090148
1 399.751097 653.773114
1 393.781395 662.171843
1 453.259259 602.477419
1 355.112879 550.473125
1 403.386524 609.571431
2 450.643844 617.501284
1 426.922477 642.018741
2 463.084876 605.011723
1 412.756178 640.755070
2 368.492445 569.377185
1 475.226881 629.744698
1 376.979860 553.932093
1 447.156764 639.099961
1 435.837009 594.380172
2 435.939445 635.043954
1 351.920900 623.603363
2 422.058120 606.178356
2 386.045264 606.820586
2 513.854191 664.405734
1 386.977746 618.519744
1 391.407218 609.352555
1 339.730710 653.580741
1 427.765467 639.719177
2 356.964776 618.494619
1 499.808841 639.077469
1 426.419989 612.135351
2 336.195891 609.934549
1 418.010453 612.780510
1 418.640705 648.732852
1 379.366467 624.756610
2 395.338397 603.018755
1 405.898228 634.479268
1 411.546688 629.559644
1 424.540959 654.132037
1 476.037149 626.957455
1 403.929441 654.607055
2 417.059098 656.362752
1 354.659394 642.388069
1 441.171045 645.141183
1 382.054181 651.498080
1 362.424341 611.969298
1 350.607980 596.534676
1 440.049223 628.261460
1 457.373964 637.945310
1 349.340142 637.360345
1 453.834916 620.746409
1 354.478427 622.453323
1 451.042699 620.912570
1 421.037581 652.922759
1 397.048969 661.522205
1 379.600747 634.071157
1 399.060367 627.534403
2 517.777593 642.050641
1 422.116144 643.745903
1 454.590574 621.688393
1 411.714135 582.356559
1 408.000233 656.898725
2 424.571345 584.466033
1 382.635053 607.988011
2 371.185799 621.480709
1 362.610990 644.219947
1 349.536207 604.326102
1 400.496100 588.155566
2 494.412178 588.100049
1 380.611942 650.555792
1 350.548357 562.854695
1 350.540053 617.689420
1 451.354384 649.805183
1 362.859451 623.068555
1 461.559844 598.932850
2 406.506060 544.012268
2 447.678483 599.288659
1 498.697077 631.878001
1 402.036417 653.826940
2 555.700739 604.913839
1 362.029981 666.371483
2 529.473035 656.911967
1 401.077478 656.788520
1 436.033228 647.651598
1 381.774234 621.320551
1 391.750781 619.201733
1 402.236473 662.064711
1 420.163758 590.714603
1 419.381150 652.852260
1 486.012788 578.158906
1 378.181070 625.471689
1 400.446573 660.554906
1 397.105853 658.537774
1 490.237493 644.304379
1 378.341490 630.074716
1 422.412919 620.470720
1 414.185427 654.754346
2 387.622770 511.702119
1 466.961015 557.998309
1 463.956110 617.502947
1 472.753651 623.336348
2 490.384556 627.061583
1 394.503824 614.399994
1 450.101031 660.618140
2 374.809471 577.091345
1 449.162720 613.221334
1 416.719661 575.393266
1 393.155507 619.931600
1 416.323950 651.942165
1 440.261947 606.443646
1 380.643651 624.257546
2 398.684102 644.200596
1 464.834209 665.286149
2 484.581808 542.589400
1 412.036743 653.880896
1 446.465183 545.125628
2 482.391901 644.681946
1 351.048578 603.745300
2 554.009048 624.896124
1 426.687520 618.436536
1 430.925976 657.617214
1 404.300777 659.930809
2 498.028025 610.493845
2 406.523804 573.732004
2 551.188028 638.743432
1 355.286819 624.683757
2 376.062534 467.436747
1 418.067459 652.221354
1 363.983767 630.623316
1 454.804522 649.322451
1 425.444041 628.231686
1 592.269184 788.914880
1 591.487549 810.596792
1 569.833038 799.846903
1 572.212885 807.626350
1 562.838830 823.133327
1 562.109298 801.404777
1 575.479506 794.895237
1 564.241788 810.020203
1 569.629502 802.786922
1 577.599504 805.651019
1 564.053403 790.297419
1 553.192257 793.616418
1 549.161840 788.600295
1 559.810518 804.961297
1 562.278597 797.613960
1 566.964520 801.578735
1 574.470780 783.193272
1 570.978102 799.174940
1 576.423917 815.735739
1 592.906930 809.881322
1 592.085861 806.001343
1 575.887485 815.058752
1 574.647485 814.706093
1 562.839817 799.521881
1 565.419632 797.485520
1 555.859829 792.941726
1 571.754810 812.072489
1 580.683493 819.967901
1 571.582199 797.383136
1 590.387599 797.733528
1 577.335586 808.401524
1 567.753650 797.303679
1 570.353356 805.491408
2 577.914558 714.854242
2 443.770658 934.503837
2 373.322691 854.021838
2 574.700117 858.400583
2 610.104511 840.210379
2 349.544459 746.803773
2 381.538185 894.107693
2 412.598899 810.795338
2 382.367949 691.752045
2 448.318685 952.522040
2 650.792042 795.792364
2 520.087113 997.883590
2 496.779949 667.697406
2 447.291469 719.800295
2 646.125732 813.346760
2 648.836860 787.895538
2 572.124382 759.782192
2 542.324607 680.102779
2 622.243191 962.189270
2 524.971951 840.720524
2 430.984447 864.594218
2 583.814646 844.751735
2 616.138961 886.174952
1 368.071154 688.643711
1 538.735943 801.048558
2 571.852269 844.807301
1 593.237008 802.042186
1 550.018855 821.070997
2 527.644494 679.220683
1 375.090047 672.664231
1 536.261522 820.022162
2 612.605221 723.477461
1 562.395696 806.824104
1 591.710445 810.850197
1 604.993445 831.977500
2 551.245644 799.498583
1 628.027144 780.419478
1 359.384494 684.507532
2 577.898578 789.180350
1 426.940099 673.034742
1 433.606855 693.038764
1 387.655088 708.789053
2 621.194862 810.574120
1 637.542344 884.662896
1 620.030371 742.104355
1 558.403146 748.856302
1 600.061420 847.878843
1 614.145158 832.534376
2 427.279037 765.383291
1 553.513790 787.534824
2 570.025121 800.008199
2 521.246019 681.223232
2 660.853684 920.991530
1 529.959970 807.506586
1 608.719272 766.845415
2 498.654688 873.956863
1 571.964339 845.367750
1 577.186349 807.430571
1 408.082034 694.241835
1 574.537976 835.509196
1 360.429336 670.335236
1 585.679271 819.348456
2 513.056753 876.070192
1 425.027636 714.511098
1 562.473283 782.470665
1 547.240551 769.063819
1 376.515265 672.230794
2 615.461807 844.184789
1 600.923639 804.035950
1 410.621998 670.315269
2 513.837111 878.569595
2 611.589071 795.562127
1 560.535368 808.055431
2 622.210850 921.417805
1 402.116205 668.401798
1 413.772710 681.635847
1 370.669540 696.014484
1 376.126597 670.572207
1 609.281904 764.341988
1 585.048089 811.336055
1 434.586436 668.041262
1 394.618521 673.934252
1 374.187280 695.768986
2 543.779672 870.785473
1 604.414961 836.212551
1 406.500445 717.219743
1 516.448954 753.122820
2 483.108077 884.492062
1 557.522650 799.141562
2 558.163402 814.213231
1 387.691007 698.922814
1 602.273106 890.984035
2 406.531505 667.827438
2 647.916383 856.911494
2 587.027918 781.043723
1 484.941826 823.824116
2 502.025825 870.734985
2 633.401693 833.518122
2 498.016087 813.495289
2 390.690229 782.529052
2 337.454016 766.469993
1 538.898122 816.151327
2 534.760596 820.942858
1 380.659492 683.095801
1 602.243960 823.217917
2 613.836305 807.235349
2 530.786471 856.974221
2 642.444399 796.428186
1 378.989767 681.092581
1 444.554551 715.460455
1 569.777398 761.941485
1 560.879570 784.394498
1 591.859874 810.957544
1 621.662735 895.366365
2 519.139843 799.587240
2 440.152181 738.108931
1 523.015172 827.741108
1 538.917799 792.674335
2 645.800886 844.348659
1 552.689675 842.397308
1 577.605146 785.015001
2 554.148422 836.097519
2 420.309010 668.354673
1 586.153834 804.054807
1 586.931495 774.508776
1 568.305055 823.354762
1 551.087038 788.801181
1 614.369485 852.051739
1 417.208964 710.119593
2 588.150663 818.910330
2 437.123972 678.517361
2 388.968016 781.519729
2 524.395983 859.635886
1 607.432335 811.354475
2 607.209159 732.673593
2 337.316379 722.855698
1 600.161587 794.978652
1 570.045441 734.345439
2 521.787202 685.315677
1 394.244225 696.037371
2 642.394770 681.650803
1 603.775917 782.649662
2 641.741448 804.895547
1 583.009150 790.580740
2 532.555703 834.975906
1 522.221028 787.452016
1 408.290023 718.896906
1 499.510788 741.393247
1 426.175255 668.980236
1 613.396569 835.713178
2 505.904766 674.320685
1 605.455649 800.445762
2 504.838690 683.996322
1 603.657559 856.114312
2 462.175156 797.310557
1 637.791042 845.242051
2 597.199000 745.647865
1 362.005112 673.074557
1 396.334781 669.292427
1 600.413667 786.342560
1 360.806388 706.972479
2 632.106022 795.069758
2 561.569974 765.699570
2 625.301421 890.795527
1 458.373383 687.017467
1 349.213964 681.895205
2 418.772962 815.337630
2 520.356501 893.984643
1 360.338756 672.817624
2 490.659782 765.597762
2 589.286747 750.741753
1 578.274385 835.867011
2 414.999423 682.021512
1 395.676569 666.829282
1 395.990113 694.331014
2 509.444043 768.926406
2 621.806828 773.675768
2 515.744935 867.413990
2 436.953736 937.490638
1 574.211593 823.215059
1 588.927593 792.450909
1 428.923181 728.049386
1 383.323704 675.431636
2 378.195373 692.297069
2 413.487239 711.406500
1 385.458554 710.863181
1 616.587218 838.452259
1 526.755577 722.453464
1 365.458904 678.637249
1 393.101510 668.051158
1 431.283138 716.338570
2 614.265901 838.394640
2 588.536878 772.470502
2 508.726137 852.831352
1 334.814637 691.124305
2 659.985976 863.480828
1 372.297761 667.821736
1 574.864303 836.277971
1 414.182252 691.978562
1 398.825867 681.690657
1 573.058637 774.275839
2 386.489987 720.440584
1 344.147111 672.298227
1 509.698943 787.805327
2 625.294709 859.266838
2 601.459530 787.025320
1 585.439685 900.190078
2 519.888245 825.019911
2 535.920453 903.458229
1 460.478045 699.077053
2 487.559545 937.133979
1 531.603570 840.394141
1 580.614884 809.569088
1 557.919694 801.929935
1 386.144419 738.218396
2 555.633746 721.743941
2 509.130539 828.466051
2 464.843441 878.962376
1 527.841815 825.498154
2 625.455642 742.291047
1 547.035047 817.234367
1 529.532833 809.629521
2 498.510912 860.309039
2 626.128074 742.140623
1 599.995008 861.121245
2 416.491606 830.288059
1 591.372771 807.134871
1 568.113481 848.875655
2 634.983973 756.918314
1 378.086981 675.581044
2 420.656117 792.903647
1 618.804467 898.580545
1 602.489130 771.687232
2 603.307219 819.283934
1 366.126909 683.491727
2 612.836176 920.506371
2 418.376887 727.204445
1 353.638883 717.472341
1 369.219783 672.340470
1 541.241642 834.775946
1 594.663896 808.423095
2 407.305835 782.660450
1 544.874349 796.665716
1 362.784698 725.404466
1 431.267827 720.541971
2 551.609995 764.870682
1 604.286812 783.242108
1 581.195439 820.439843
2 373.347176 772.767828
2 446.806822 761.552430
2 383.371904 710.869303
1 578.505078 828.104370
1 481.994803 820.879771
1 588.750759 863.453094
2 583.915696 730.862615
1 620.095069 859.816566
1 626.903665 797.418336
1 386.035795 699.280758
1 581.293763 800.311686
1 647.503256 837.245106
1 597.976931 840.114060
2 575.161208 753.862073
2 405.360572 739.674040
2 333.389138 733.539004
2 592.312434 912.823546
1 393.589295 720.749898
1 560.486470 817.335657
1 571.476753 827.082208
1 355.320198 713.133972
2 483.607676 719.561285
2 336.011875 715.337885
2 604.344855 868.897463
1 391.252925 725.826072
1 480.295485 830.592989
1 562.464519 849.113871
1 539.727930 858.163498
1 584.953406 770.860934
2 548.390192 890.465769
1 627.295436 908.174539
2 602.648715 918.982603
1 386.016138 672.289313
2 479.837621 866.775683
1 389.480678 679.321757
1 375.129558 687.959373
1 403.604157 694.708293
2 416.864759 867.748233
2 434.477400 944.968913
1 525.502454 810.560651
1 372.586392 667.099325
2 436.853557 799.178419
1 471.613476 689.900743
2 527.687511 887.757590
1 397.686211 715.413435
2 537.299822 779.134822
1 408.993990 671.984662
1 622.374055 805.876501
1 611.410854 868.333442
1 403.340793 701.983897
2 435.718083 759.554594
2 507.443153 733.555219
1 549.044659 822.295221
1 597.518500 843.617830
1 604.488406 790.223453
2 534.609089 808.212923
2 468.852790 709.477711
1 559.335523 814.277724
1 567.668285 783.789410
1 553.533642 761.357383
1 387.272004 719.097983
1 571.205328 737.737352
1 431.602961 677.218635
2 614.815888 803.243195
1 370.143967 711.519733
1 367.121485 674.777779
1 441.559297 676.008297
1 575.059172 783.994053
2 561.781375 779.998579
2 400.729501 747.376981
2 521.004257 870.567294
2 534.338593 678.178912
2 550.978099 699.945528
2 527.560488 845.378269
2 369.208802 737.945806
2 457.465958 737.151564
1 512.166925 781.707722
1 546.774573 808.396393
2 533.217232 872.210836
2 556.182632 823.265270
2 530.820723 671.795207
1 450.791322 712.008801
1 568.357758 770.728587
1 451.708086 804.744240
1 812.226200 290.236725
1 814.043604 287.613507
1 833.030645 316.684872
1 831.667684 295.476292
1 814.058431 301.075981
1 834.044190 283.999700
1 827.473053 308.571495
1 819.691371 300.488439
1 820.776003 303.481807
1 835.591285 300.783414
1 807.626186 302.934711
1 820.155986 304.158386
1 822.841290 275.549347
1 802.061386 300.942897
1 830.789986 321.305360
1 821.461269 298.275657
1 837.939457 290.559085
1 809.734327 290.916042
1 827.960425 295.295719
1 822.190965 301.146311
1 828.619228 297.276916
1 824.871657 302.618242
1 818.187449 299.010597
1 822.031434 305.360813
1 822.383471 302.747937
1 820.658663 284.509079
1 838.150705 307.822859
1 817.894563 302.926957
1 820.400217 300.308929
1 824.072163 310.451970
1 820.862003 300.408726
1 818.762404 303.936763
1 812.497967 279.106009
1 829.669497 290.198884
1 820.978513 300.690964
1 797.302606 305.825083
1 843.686914 295.652230
1 836.313379 292.914827
2 666.798979 177.648918
2 799.967573 112.965367
2 847.526756 47.555112
2 882.950573 98.002196
2 763.118143 314.693327
2 830.285743 135.188482
2 995.768737 265.352777
2 801.264136 178.192910
2 900.574006 251.836751
2 844.330495 166.834008
2 792.672124 105.940476
2 786.455709 275.805450
2 909.989381 231.012482
2 721.232896 113.150164
2 850.339335 302.945682
2 921.373790 74.377634
2 809.899771 309.508034
2 700.217118 149.705557
2 923.879637 114.424918
2 799.230402 268.265659
2 826.266588 220.737925
2 746.763665 98.818846
2 942.296089 88.085685
2 998.183651 278.084384
2 992.212422 18.595498
2 961.750529 170.609145
2 747.794707 283.159653
2 743.638688 290.934731
1 799.724367 276.962893
1 792.095231 317.620058
1 820.350007 235.048275
1 846.259484 331.472950
1 865.272852 271.182791
2 898.111129 326.401752
1 804.114391 305.446572
2 869.390039 128.704842
2 900.181854 237.363446
1 794.690761 293.900547
1 781.542586 314.118031
1 818.577308 254.198277
1 828.354185 262.528130
1 820.975785 298.889194
1 774.796919 223.909485
2 783.207279 310.715315
2 721.501701 307.301100
1 812.719157 308.181347
1 864.624827 316.608063
1 818.956694 257.769318
2 826.930073 214.770451
1 813.617680 326.688789
1 845.636062 311.474519
2 930.246450 117.780079
2 733.663947 296.576339
2 924.638424 226.767394
1 865.134098 314.918341
2 997.267989 203.299654
1 823.006793 316.361829
1 804.844365 319.614140
2 901.073820 219.029667
1 866.052163 219.638938
1 814.652897 278.924219
2 858.269847 289.369150
1 877.381397 306.272786
2 850.419157 159.305642
1 817.483124 329.396677
2 764.460865 276.475757
2 834.592096 262.614991
1 813.878433 274.460652
2 778.837294 322.964880
1 818.789885 276.598670
2 886.521471 259.506563
2 914.112790 316.545961
2 850.455089 223.777918
2 806.070061 317.157394
1 793.932003 253.983286
2 998.215161 192.899102
1 809.033444 284.479465
1 847.416285 264.950980
1 795.783172 264.586908
2 885.730751 280.298922
1 871.726141 312.981750
1 838.846346 308.127924
1 825.790765 254.958827
1 769.099809 267.785429
1 744.157120 257.522663
1 865.199782 321.534229
1 824.262635 269.345687
2 768.477708 301.988483
1 879.752069 330.050218
1 823.995790 279.958333
2 877.592437 314.010772
2 949.707691 240.878356
1 808.471644 297.297958
1 838.286333 325.887263
2 771.138658 291.543724
1 869.051292 297.469046
1 794.974987 295.006751
2 894.162770 226.123520
2 900.837756 306.815069
1 823.570753 230.726907
1 823.012764 298.612755
2 894.839907 321.038246
2 787.917566 89.240463
1 792.147286 290.572682
1 803.808386 329.772787
2 994.347155 250.593782
1 832.738204 325.793244
2 809.099447 317.916860
1 821.337212 276.204375
2 857.408573 222.117620
2 750.342943 267.154588
1 825.697771 280.588103
1 794.641322 309.475852
2 905.829004 230.654500
2 890.742257 291.034410
1 813.493523 314.692627
1 792.371574 318.759750
1 804.907109 213.932369
2 896.191685 307.068146
1 823.002836 294.377182
1 826.396479 247.605944
2 777.840930 277.680301
1 836.961659 327.434869
1 785.244648 287.504521
1 800.895070 331.107750
2 919.048193 248.798760
1 787.414838 231.203250
2 787.613400 266.452610
1 796.534974 322.384941
1 880.275826 318.116071
1 843.709941 269.601639
2 846.308360 274.000633
1 749.015847 271.731771
2 906.404082 245.948615
2 863.590127 330.588962
2 769.504774 281.187581
1 806.322117 272.220916
2 938.863231 214.466935
2 873.900571 169.588529
2 920.262608 98.584899
1 846.822928 314.628646
1 820.604656 269.842565
2 924.645042 328.128956
2 837.294371 228.912164
2 894.426300 292.341046
2 853.461554 617.476469
2 898.600168 540.882315
2 677.775509 342.930127
2 867.559483 627.575568
2 910.013623 458.782088
2 909.437058 404.824141
2 921.326964 580.380160
2 857.254788 594.139169
2 720.361765 580.513346
2 772.892698 525.418582
2 958.985674 356.512416
2 952.169677 569.099599
2 813.839232 641.817628
2 864.808386 501.433124
2 922.861860 409.129112
2 757.961885 346.761935
2 710.275476 501.749901
2 821.702857 505.467745
2 923.699222 340.109950
2 937.918171 395.932300
2 962.987868 434.069175
2 783.638329 343.192348
1 876.357904 346.003898
2 791.320900 348.116791
1 878.738524 362.735390
2 946.805547 341.748094
1 836.637557 362.259592
2 715.066475 366.956392
2 894.741707 402.954901
2 737.577879 355.642511
2 728.818845 390.339423
1 816.227535 358.112733
1 838.600876 339.221664
2 895.659947 336.371265
1 840.020557 398.448904
1 787.376422 341.856654
1 830.676579 352.835824
1 844.672772 375.734885
1 846.191300 342.222922
2 741.189575 344.274429
2 725.118695 359.843579
1 841.911408 338.246331
2 786.665225 362.447109
2 780.225431 346.222477
2 815.610656 358.192914
2 886.092883 360.852267
1 858.202100 345.444699
2 951.678355 352.761940
2 798.477758 361.307429
1 873.148617 350.685736
1 870.445957 343.782957
1 911.902525 340.089960
2 869.623807 339.873665
1 826.156538 374.474145
1 847.576018 368.990486
2 747.449921 359.531320
1 833.923174 360.881401
1 814.267277 359.929785
2 810.089332 363.163662
2 730.879782 942.588539
2 728.193996 675.485181
2 737.304823 749.460525
2 836.032604 668.933878
2 977.535892 947.458170
2 922.795936 866.236940
2 906.207141 929.633314
2 970.266889 912.324051
2 841.109441 723.509132
2 975.466924 771.741003
2 981.902447 834.698518
2 864.426634 915.553717
2 960.869334 752.871921
2 761.362816 885.111847
2 666.953286 932.102326
2 741.835712 871.078402
2 780.253001 708.401185
2 806.801612 766.132397
2 996.219761 805.578737
1 694.042738 870.951887
2 747.328524 751.175035
2 689.336034 853.691944
2 999.288697 880.495825
2 711.316194 749.220724
2 671.105608 926.908158
2 993.747802 844.847241
2 677.807026 818.899518
