1 205.196307 190.114481
1 201.889364 166.244283
1 188.380839 167.329228
1 212.278736 161.253949
1 212.483211 172.490510
1 195.050289 171.076614
1 179.145205 192.423152
1 203.705688 176.662764
1 220.372450 167.082820
1 208.432975 176.476157
1 190.286978 163.249754
1 191.860712 185.192797
1 186.174945 200.079040
1 180.475691 186.882647
1 204.553109 188.063940
1 220.977149 175.115079
1 196.939850 198.505773
1 199.999612 180.015226
1 196.346362 175.409721
1 193.785615 175.874331
1 201.650211 166.035300
1 182.203108 183.478241
1 198.891638 173.225857
1 180.544847 186.930235
1 212.387992 187.255458
1 212.946587 178.048028
1 209.544623 167.571960
1 181.902077 174.280506
1 205.334414 178.161422
1 188.913952 189.585743
1 204.101071 172.079548
1 179.717881 187.837870
1 207.066242 193.777773
1 202.955266 172.699582
1 184.258736 186.863044
1 194.252804 187.623283
1 201.516642 175.161366
1 204.039642 182.773306
2 147.719864 139.178096
2 293.914801 136.273860
2 171.706898 110.554810
2 245.197685 60.614106
2 294.372177 189.389279
2 247.747488 300.629079
2 304.332227 62.381701
2 318.756259 57.705115
2 240.868928 171.431778
2 158.408097 123.982872
2 238.095347 173.144910
2 317.447416 179.969107
2 225.903249 289.597707
2 18.138077 109.929903
2 3.136457 219.714821
2 129.998060 280.385958
2 246.814734 268.601933
2 265.037625 240.178044
2 140.521718 239.398896
2 24.569977 251.627972
1 201.988853 232.150534
2 238.828110 290.707156
1 194.951165 143.496614
1 167.926080 217.656164
1 203.388956 172.025435
1 190.952575 174.894035
1 195.689937 170.467816
2 182.870905 160.930000
2 217.849780 289.037693
2 116.106290 252.959883
1 232.020104 199.431682
1 164.685627 201.105267
2 233.136999 247.826889
1 250.458028 167.913804
1 194.332543 158.603162
1 211.163106 185.428561
1 208.960518 165.208333
1 189.313150 182.246625
1 212.680527 169.509081
1 229.494200 161.679497
1 150.490161 198.146633
1 208.927187 159.407233
1 151.979198 177.273090
1 199.334827 134.622578
1 173.613506 202.815535
1 226.215195 156.936766
1 180.136419 174.128458
1 251.553435 127.814116
2 86.620731 299.411645
1 253.139912 208.171828
1 180.893927 147.999124
1 193.807556 158.788991
2 210.139829 159.249544
2 22.491367 142.019230
1 169.401202 216.000361
1 218.614033 193.039990
2 96.587842 328.141951
2 235.583926 233.517458
1 266.230894 165.220868
2 187.913887 102.992243
2 179.525344 214.919112
1 214.540566 149.317736
2 81.531919 332.932969
2 135.726298 142.530250
2 172.452790 148.815012
1 196.879177 191.571251
1 247.468246 188.181367
2 332.551469 196.049134
2 106.838944 307.466000
2 125.970169 204.718388
1 200.270970 241.576296
1 167.820618 188.983442
1 225.651872 218.350689
2 220.581481 285.479017
1 223.683372 203.588700
1 184.846780 141.657985
1 218.324729 137.603958
1 196.348699 211.980032
1 220.454635 143.362723
1 201.947116 146.418200
1 231.854784 132.953512
2 189.874793 187.542283
1 249.357512 187.609777
1 195.690027 143.489094
1 128.912331 244.256692
1 200.233236 232.250224
2 312.504968 234.854258
1 201.772774 167.651782
1 158.474022 198.991639
2 211.608796 107.996692
2 259.408285 198.237959
2 242.956733 161.075335
2 245.844962 328.809644
1 232.383918 212.403243
2 198.982411 169.246695
1 194.245074 179.936369
1 224.804953 179.060341
1 163.514169 205.447047
1 218.166769 203.414057
1 212.217379 142.773242
2 258.550151 201.055976
1 213.791937 116.904168
1 206.847707 210.034906
1 251.368618 205.485503
1 269.708948 177.361549
1 263.496753 201.279096
2 188.699876 185.657777
2 285.438008 213.739501
2 131.907877 317.547178
1 254.381557 188.075281
2 263.253821 178.258189
2 43.157702 237.021002
1 211.222778 171.012150
1 211.223911 216.839729
2 270.838934 172.226039
1 183.495074 213.020116
1 198.743115 165.163926
1 195.599778 214.636241
1 263.838683 194.377877
1 178.278113 192.942801
1 195.526599 222.691556
1 209.574786 202.554727
2 147.383197 139.428008
2 262.897245 240.238683
2 112.032793 242.619500
2 297.770319 154.525058
1 204.404065 198.586982
1 202.734320 144.778921
2 153.389716 641.988353
2 215.846863 380.439899
2 197.668517 576.454287
2 176.469311 624.306723
2 162.585077 510.800457
2 258.849622 571.780342
2 28.433730 395.907137
2 243.642724 359.433039
2 206.003233 444.655875
2 119.399959 429.388510
2 134.954239 645.637362
2 99.191083 646.504344
2 207.408084 475.388057
1 321.994574 653.486266
2 188.672918 613.223293
2 280.827014 653.031126
2 305.255122 655.605426
2 314.715273 642.181142
1 296.762931 620.961383
2 97.002209 662.925359
2 299.901421 634.897634
2 255.178816 630.502621
1 316.248570 618.778782
1 284.918643 610.417391
2 92.556707 599.176971
2 292.384944 548.866271
2 283.849087 619.337465
2 310.567464 548.386203
2 73.683736 588.456881
1 266.872856 660.391022
2 178.113270 665.615558
1 277.166850 639.784268
2 121.479632 641.327906
2 179.226450 647.400756
1 332.879360 638.022115
2 116.647556 644.716917
2 330.306637 663.214205
1 330.998369 656.089633
1 331.125353 631.169297
1 318.329489 665.420984
1 315.024149 636.915091
2 273.475092 650.089554
1 309.934888 666.412561
2 324.656735 588.632111
2 275.266805 659.919487
2 299.028761 600.503939
1 145.030728 772.537774
1 157.487720 793.321122
1 126.746203 786.033927
1 154.390032 786.035741
1 152.529190 780.121808
1 142.908453 785.024548
1 147.016255 764.763246
1 140.785421 784.378476
1 149.145823 789.074265
1 164.059055 789.500816
1 129.883861 767.236260
1 162.035259 791.309183
1 143.341848 761.361544
1 157.305392 776.514772
1 150.635253 800.337475
1 139.604911 775.162807
1 139.669431 765.674780
1 148.445724 798.992661
1 161.454364 774.691989
1 147.551750 782.847987
1 146.637271 794.320656
1 165.210033 792.478869
1 145.398130 795.977175
1 138.434013 794.852440
1 137.038868 779.913534
1 154.683136 787.143884
1 151.684056 759.675614
1 141.519321 797.625571
1 172.323697 786.749599
1 150.302771 764.452877
1 154.831874 780.177508
1 165.169143 762.646692
1 139.070384 777.583477
1 147.781349 780.633312
1 142.264031 791.512781
1 156.685346 781.153872
1 144.954823 801.106475
2 314.745031 695.223919
2 278.842459 682.923933
2 144.085517 872.816056
2 179.601668 815.345060
2 235.255087 804.442660
2 66.431093 926.363874
2 304.534268 779.614386
2 226.630879 780.766078
2 168.179667 893.592700
2 155.089063 886.894080
2 206.757819 820.565459
2 100.781039 780.964956
2 97.995087 682.932946
2 109.632884 844.386862
2 186.317673 845.551338
2 132.847880 719.890740
2 251.392151 680.540094
2 92.891069 894.358573
2 78.445487 880.182434
1 202.775713 778.552027
1 147.416795 771.890650
2 252.598143 801.302147
1 166.890364 795.248270
2 96.953220 769.416798
2 96.946982 809.910057
2 130.606660 880.232167
2 199.378645 889.382559
1 167.625986 783.765328
1 233.245507 789.051223
1 108.555991 814.162044
1 96.547544 763.579301
2 76.585317 815.887313
2 304.730653 685.224773
1 174.688872 765.863610
1 172.323260 761.837570
2 139.609120 877.473245
1 140.280905 836.300271
1 160.125066 731.256727
2 34.297204 815.821517
1 145.945393 749.106019
2 115.074030 803.200686
1 189.471909 830.386659
1 171.919779 750.976765
2 83.282763 810.600348
2 132.755920 813.105598
2 232.146270 826.908250
2 221.575958 798.469684
2 229.993044 791.026023
1 194.188912 784.228688
2 171.509491 851.984812
2 172.389752 847.835929
2 202.158450 809.673428
1 119.055121 781.940020
1 161.993490 741.956007
2 242.303904 913.846645
1 119.065243 801.892934
1 167.132400 767.036792
2 83.565146 807.552236
2 98.074419 897.359898
1 86.131013 782.085553
2 318.636276 785.061692
2 198.194156 896.282347
1 144.139225 824.890791
1 147.397346 804.063164
1 153.437995 806.808225
1 178.202706 727.653448
2 121.946955 765.912031
2 253.548235 784.741513
1 119.613161 732.191203
2 261.412575 899.368155
2 193.831066 676.865849
2 77.902047 691.694703
1 172.783246 807.877086
2 117.125395 796.946847
1 121.592145 831.170166
2 104.993968 796.994950
1 242.457856 759.408601
1 152.420654 767.599890
2 96.606015 711.038707
1 152.593169 763.927007
2 296.862472 682.577349
2 93.515696 779.529479
1 165.431765 738.344746
2 90.145820 807.234962
1 187.703856 738.834830
1 178.068307 742.406771
2 321.757974 699.175990
2 188.870264 671.921286
1 332.030684 674.098119
2 165.139327 823.244094
1 144.837260 805.012841
2 298.817626 861.232907
1 322.839943 694.369475
1 102.922121 798.637073
1 159.051884 737.399571
1 153.671251 691.045205
2 166.982904 792.881805
1 84.415667 790.553534
1 139.821601 806.123482
1 178.794788 722.499307
1 77.673192 772.845988
2 282.465985 789.755723
2 207.387946 780.749899
2 116.155758 829.292472
1 135.858463 764.700530
1 123.578391 776.013940
1 85.056138 826.755808
1 145.883211 764.799967
2 301.988351 671.583807
2 305.840828 736.554833
1 170.003904 735.805479
1 124.318328 797.742387
2 267.399743 679.919983
2 319.725486 834.544734
1 174.215005 807.260903
1 307.490748 670.854522
1 152.203252 771.364671
1 87.501896 830.244365
2 257.480555 961.223899
2 287.338141 676.188809
2 261.278452 781.544247
1 111.927145 806.606537
1 250.023180 787.383375
2 197.525324 802.684187
1 122.269208 781.684969
2 206.951858 904.780776
2 152.934333 800.142388
1 150.297622 766.953818
1 120.055520 819.411839
2 74.939137 766.263339
2 47.965434 826.651825
1 143.655768 710.377418
2 320.759509 733.452232
2 174.000433 888.813141
1 181.759554 744.310757
1 166.389624 790.356660
2 244.811401 670.887165
2 186.523109 790.429996
2 318.159183 720.940608
2 259.282364 687.982019
1 160.844986 769.762915
1 198.204129 711.253039
2 161.446197 809.032354
1 202.278429 762.557859
1 307.327787 673.769282
2 99.090083 802.083438
1 124.545238 778.738904
2 156.407249 806.428338
1 199.111421 742.845653
2 211.553672 816.415794
2 234.229542 681.433009
1 173.159594 698.389252
1 125.408244 787.015654
1 236.833938 811.661267
2 183.883771 821.197183
2 330.523486 720.295478
2 188.293460 673.651460
1 135.482394 783.360280
2 81.099547 793.382249
1 174.676543 789.740849
2 253.238619 750.924825
1 159.529793 760.987307
1 153.463968 733.185751
2 253.997838 697.852090
1 144.535568 747.466993
2 325.639592 823.918990
2 210.064853 969.220195
2 76.665238 680.598471
2 267.640004 736.370848
2 321.191612 710.786354
2 256.388150 823.771435
1 301.646464 730.505983
1 171.327560 734.785795
1 129.251844 781.841307
2 245.938549 761.899479
1 113.419330 790.093782
1 219.238783 745.407821
1 168.612393 776.081421
2 151.888536 768.794064
1 161.446776 764.519395
1 230.589064 724.542799
1 330.426489 670.085180
1 154.204179 738.336138
2 158.693282 809.941533
2 317.526988 734.404719
2 328.354263 764.146911
1 232.216371 758.987665
1 212.394224 717.980879
1 183.642080 790.921632
1 168.092739 827.116853
1 177.972279 805.989415
1 175.351443 778.070729
1 190.300981 738.167357
1 180.312102 725.595409
2 147.532919 817.156515
2 163.552757 864.161923
2 233.517253 805.485672
1 238.884974 730.173297
2 281.743069 755.156057
2 97.402858 707.060882
1 120.043875 811.610011
1 154.369582 743.048016
1 181.386126 739.252002
1 111.059512 814.819035
2 142.595399 792.524078
2 126.447441 823.854148
1 153.832626 823.774050
1 177.424885 804.517180
1 115.392824 768.887756
1 122.628822 802.386121
1 134.767179 792.175419
2 253.390537 770.716988
1 176.091394 755.892924
2 98.397439 747.007813
1 194.900619 687.486533
1 127.390306 773.683004
1 188.656916 740.917071
1 155.825597 792.776852
2 109.581285 668.413355
2 236.231312 805.777782
1 65.055021 762.346433
2 62.426057 781.652783
1 165.115423 745.679375
2 292.245330 774.735607
2 242.597989 698.216484
2 141.541273 725.646905
1 314.475563 718.499092
2 143.377422 847.721487
1 156.619337 735.144218
2 284.222536 671.395008
2 102.642263 817.375962
2 349.778605 9.205542
2 605.066590 47.788371
2 589.443399 329.344407
2 363.834378 164.526498
2 647.042743 256.695106
2 527.996854 292.824059
2 666.366008 82.483431
2 429.921659 60.700783
2 442.269964 137.611678
2 578.546029 74.844074
2 340.834231 314.390766
2 608.180601 176.614387
2 581.659812 104.667085
2 584.759719 8.514276
2 406.604858 243.912258
2 393.617551 91.206526
2 530.761359 200.478255
2 390.672135 228.799509
2 371.782737 51.913341
2 334.950622 271.238755
2 444.498006 305.325461
2 571.288115 214.680961
2 376.627291 172.817855
2 337.428940 166.616516
2 613.091969 305.788717
1 414.979481 651.653271
1 403.504982 652.571265
1 405.143784 645.741016
1 397.298582 643.386521
1 399.545928 650.646476
1 408.363581 655.378863
1 412.893603 637.657770
1 405.531501 633.996536
1 408.893194 651.784645
1 400.441090 649.314884
1 395.364842 649.921690
1 398.053061 653.189044
1 394.188539 646.559336
1 397.250624 649.699913
1 406.456430 640.285232
1 380.873523 652.353149
1 400.504314 653.885126
1 421.667448 648.733453
1 422.983944 640.758248
1 380.384746 651.717041
1 392.518443 649.812297
1 411.925322 644.440037
1 406.652711 633.066539
1 394.377634 647.022654
1 394.835188 662.032331
1 395.472651 631.200161
1 402.283887 655.352194
1 412.439738 656.811921
1 394.118353 663.469716
1 402.351592 650.678890
1 393.106662 639.004447
1 411.733015 641.469493
1 401.110278 649.500800
2 455.653924 403.258451
2 554.207542 524.403726
2 422.263068 585.874800
2 545.309700 599.809725
2 638.136057 382.283967
2 531.947152 538.399774
2 414.301767 487.742486
2 346.897906 350.992522
2 379.458646 395.931238
2 603.739266 638.164720
2 439.302773 543.991638
2 622.657885 589.764738
2 400.695022 591.662895
2 356.809001 521.837604
1 339.012861 648.048770
1 395.221231 628.583541
1 386.257649 629.865594
1 427.989542 659.908329
2 425.044225 589.119754
2 487.554012 583.307589
1 446.986974 636.743954
2 436.462248 649.934062
1 385.330608 615.219142
1 393.773090 648.986623
1 367.862038 649.823150
2 491.266247 564.696729
1 366.271885 629.609066
1 426.536999 617.418659
1 435.321539 604.284814
2 479.675913 589.554908
1 391.604015 657.470179
1 408.503783 649.426884
1 389.366775 615.545349
1 364.994014 657.561646
1 372.061829 662.581921
1 401.593717 646.361331
1 363.993043 648.744565
2 413.311558 548.270479
1 405.326047 664.288091
1 392.601489 665.644278
2 408.805484 658.113464
1 382.099939 623.296404
1 427.772431 607.686532
1 397.713771 645.070828
1 408.553804 665.738439
2 653.785216 394.683985
1 401.183567 653.694478
1 387.709300 649.625661
2 507.788552 612.544441
2 599.250967 657.203520
1 397.557346 620.717074
2 335.372683 514.859144
1 392.503847 578.444112
1 390.141242 662.357813
2 614.301260 655.596947
1 445.625546 653.081391
1 477.738497 652.571123
1 384.064655 600.792603
2 392.083807 649.276844
1 432.273803 621.173998
1 456.374041 552.885649
1 447.223408 659.721743
1 426.576325 646.130326
1 453.579428 650.946087
1 417.739952 582.989130
1 341.384987 653.847905
2 458.478805 648.575032
1 421.378285 638.771576
1 373.498006 615.088802
1 368.253939 637.966793
1 348.258633 638.641936
1 357.538690 656.583294
2 405.398202 598.870854
1 362.651532 613.764601
2 402.171702 650.443458
1 371.243109 657.294532
1 356.965516 630.374132
1 395.009130 649.414667
1 423.772562 631.053477
2 454.407345 568.450787
1 439.328657 662.671021
2 494.461741 623.616462
2 480.708605 571.579113
2 596.884459 637.487723
2 561.512563 660.886542
2 460.700859 592.158827
2 453.921483 604.375917
2 388.811803 624.878472
2 532.219784 659.762637
1 393.078621 654.287559
1 427.086715 628.860679
1 354.174720 636.302656
2 441.715907 535.527385
1 421.348097 655.354783
2 601.177359 636.751731
2 632.348972 642.369250
2 444.209768 587.875837
2 417.767013 578.470211
2 494.656020 622.657385
2 417.292993 662.391949
1 438.167447 666.407632
1 425.456388 628.614367
1 376.099406 633.590511
1 397.143649 623.915157
2 388.328375 570.526796
1 359.405039 625.550731
1 438.156268 662.313238
1 422.466496 595.984301
1 459.209901 649.410101
1 384.494079 656.980498
2 426.064525 660.709570
2 370.387411 579.987136
1 399.760967 650.048343
2 414.516813 517.839986
1 404.860400 590.591385
2 460.822584 569.059126
1 478.206384 650.283456
1 397.812187 661.832870
2 414.888508 598.179055
1 447.799803 635.847968
1 428.280285 650.119422
2 554.386449 486.245104
1 402.659633 608.572929
1 349.645300 634.641726
2 521.327745 627.391140
1 413.767352 649.626398
1 429.605372 644.195382
1 483.378624 636.903765
2 418.726343 622.615125
1 431.802616 654.544068
1 399.733059 637.625637
2 514.589932 606.294033
2 430.158014 563.243845
2 595.778051 655.894624
2 389.592233 642.305628
1 399.917614 639.267939
1 449.864453 603.889986
2 526.094785 664.681101
1 439.924000 633.141620
1 386.521866 628.977724
1 344.265474 609.900880
1 399.997732 636.752611
2 502.421836 646.674219
1 396.602260 653.300694
1 401.995359 636.116443
1 404.465548 605.539311
1 511.900247 620.373094
1 363.311381 640.181353
2 631.868912 580.329294
1 427.256307 645.268649
1 447.413170 640.714793
1 373.779204 660.325327
1 468.292960 654.473501
2 466.105274 592.507265
2 441.313244 639.998928
2 402.263142 552.830433
1 342.029033 633.040870
1 424.256001 627.914008
1 392.401352 647.550345
2 408.339563 550.935018
1 389.860838 607.410802
1 504.631023 627.198886
1 409.942485 651.786193
1 397.340740 662.667145
2 441.120296 608.831722
1 375.303866 660.616919
1 417.873112 657.286538
2 335.986577 571.421603
1 444.416765 624.373433
1 388.911718 616.637190
1 442.515123 645.843859
1 418.598413 652.165628
1 381.869892 644.910733
2 442.351722 556.229929
2 456.463439 523.476089
2 480.186349 569.896681
1 360.244144 664.113194
2 430.197631 541.107724
1 413.912574 655.386937
1 466.026102 605.937884
2 413.994141 646.910910
2 403.256068 539.994237
1 423.251612 657.383618
1 426.082404 625.439786
1 438.709896 632.807834
1 418.815598 611.956075
1 379.379929 657.440643
2 471.077238 575.746551
1 416.902198 623.484991
1 364.414423 639.656331
2 488.992620 662.873053
1 430.101592 659.631063
1 441.225812 615.489798
1 412.766456 610.075606
1 409.930352 634.160697
1 405.023771 621.883189
2 448.294703 615.288589
1 342.369843 610.144735
2 457.129915 661.423789
2 638.199951 656.936712
1 456.562994 635.294587
1 465.955409 633.477498
1 368.760666 643.687174
1 401.617970 601.165925
2 430.850914 600.953193
1 384.013708 622.354824
2 391.764378 592.161545
2 415.157086 586.074138
2 529.341327 583.663857
2 449.819322 505.357720
1 396.468518 637.532988
1 366.100835 581.631565
1 424.763467 661.955940
1 459.631962 641.738493
2 553.293522 622.580581
2 386.034380 640.481775
1 432.206045 622.244430
1 415.263704 623.255229
2 382.534062 551.802593
2 444.943555 616.434076
1 421.550916 626.262995
2 412.327485 610.399616
2 513.059288 555.605029
2 516.455263 621.414936
1 343.063275 623.879081
2 502.986519 573.388343
2 415.803230 596.665947
2 420.576333 663.632051
2 518.093859 646.131197
1 396.470653 637.358338
2 400.450151 599.210474
1 436.996157 633.621472
1 385.517856 650.781736
1 407.365395 600.795949
1 427.965608 617.634066
2 456.865299 520.604893
1 388.897681 584.522073
2 423.837324 520.329973
2 386.943556 645.683899
2 409.022393 590.041245
2 448.668561 556.031960
1 425.272142 662.424667
1 425.550617 603.384234
1 423.972401 641.700422
2 462.963919 570.895969
1 384.873653 665.652295
1 433.760030 640.049168
1 434.820276 666.474524
1 392.460422 653.952415
2 413.556294 565.950496
2 607.808506 638.827931
1 384.299636 654.131799
1 402.194819 636.842053
2 422.634783 582.621823
2 445.069917 577.391807
2 370.766713 620.765765
1 402.117317 664.359294
2 433.344041 563.376452
2 415.609229 560.429344
1 367.041402 661.523678
1 343.456745 649.835177
1 391.081681 642.356961
1 412.417523 665.987447
1 370.023975 655.064729
2 413.050952 640.553084
2 345.287525 609.588608
2 449.013499 613.528234
2 453.220337 606.309542
1 390.696138 631.950104
2 413.830996 631.887615
1 405.589784 640.765010
2 405.514338 552.580948
1 352.168971 648.482824
2 415.321227 550.634001
2 354.638088 606.204287
2 369.564539 633.922556
1 363.995809 664.929579
2 397.443281 585.314687
2 494.296314 658.116087
1 342.593357 592.787050
1 463.905318 649.663117
1 404.741662 598.927742
2 419.543532 620.837758
2 441.728533 568.907264
1 393.983877 643.250261
2 519.540766 601.965723
1 445.310942 615.805287
1 382.851755 643.508584
1 412.711831 642.771816
1 377.880088 639.291362
1 415.575375 578.702378
2 497.941153 604.982064
1 433.097749 609.463325
1 413.603627 593.718363
2 444.865349 658.163420
2 514.069681 657.241313
2 406.374982 613.763210
2 427.800463 662.427168
1 427.052564 618.259977
1 383.233391 653.416919
2 381.492166 564.339579
2 504.964656 505.685981
2 399.864743 587.629970
2 469.739969 631.153219
1 364.649934 652.445578
2 537.433729 602.278663
2 447.735417 540.619471
2 427.994649 635.540692
1 406.030607 650.929209
1 407.111609 613.337116
2 513.135188 564.813797
2 424.299387 655.234070
2 446.585309 530.628064
1 357.555363 659.756401
1 381.774791 612.486109
2 334.110217 581.103561
2 398.044092 609.678789
1 367.406155 626.254635
2 469.665360 655.658178
2 377.522540 604.588544
1 472.626265 607.526408
2 374.556319 655.029049
1 406.850450 613.060673
2 352.461701 632.729273
1 353.488799 626.858998
2 400.940554 609.269886
1 358.966850 629.916883
2 438.729334 590.750821
2 398.739894 595.579804
2 494.119923 630.853778
2 374.843405 586.313771
2 424.967968 536.930810
2 505.443865 600.862915
1 414.737694 596.914273
2 588.847892 648.197887
1 358.478620 660.725074
1 405.337386 628.824455
2 497.778794 643.436347
1 391.228786 652.653760
1 411.547468 642.249559
2 346.324615 639.742870
1 386.814339 617.228567
2 487.014957 658.346207
1 418.922867 576.293186
1 398.405717 650.222593
1 372.832439 662.067273
1 376.506131 593.222191
2 404.178764 633.564236
1 425.476540 660.438057
1 455.069639 648.915690
1 357.450926 604.237956
2 609.458047 662.950894
2 356.968894 631.201092
2 399.697241 645.864519
1 494.930116 584.442928
1 367.324171 651.474100
2 421.445422 617.488122
2 381.032437 606.145964
1 411.668134 668.368042
1 592.269184 788.914880
1 591.487549 810.596792
1 569.833038 799.846903
1 562.838830 823.133327
1 562.109298 801.404777
1 575.479506 794.895237
1 550.314057 812.352350
1 585.959880 788.115219
1 564.241788 810.020203
1 569.629502 802.786922
1 574.622168 791.722488
1 564.053403 790.297419
1 553.192257 793.616418
1 549.161840 788.600295
1 576.378288 808.759825
1 569.200985 800.474026
1 553.858209 800.021254
1 548.627846 793.185977
1 562.278597 797.613960
1 566.964520 801.578735
1 574.470780 783.193272
1 576.423917 815.735739
1 592.906930 809.881322
1 574.647485 814.706093
1 562.839817 799.521881
1 565.419632 797.485520
1 555.859829 792.941726
1 582.643007 781.605743
1 571.754810 812.072489
1 569.199946 795.767835
1 580.683493 819.967901
1 571.582199 797.383136
1 590.387599 797.733528
1 577.335586 808.401524
1 567.753650 797.303679
1 570.353356 805.491408
2 577.914558 714.854242
2 436.675419 920.930438
2 601.527925 716.441812
2 443.770658 934.503837
2 373.322691 854.021838
2 574.700117 858.400583
2 610.104511 840.210379
2 642.694306 910.732831
2 659.645040 947.878012
2 526.803464 864.987154
2 486.398273 802.952947
2 349.544459 746.803773
2 381.538185 894.107693
2 339.589366 723.918474
2 412.598899 810.795338
2 382.367949 691.752045
2 520.087113 997.883590
2 648.836860 787.895538
2 542.324607 680.102779
2 622.243191 962.189270
2 524.971951 840.720524
2 430.984447 864.594218
2 583.814646 844.751735
1 578.627064 801.889407
1 601.876555 800.365870
1 579.806496 766.780520
2 483.773074 668.158242
2 635.080799 825.884594
1 587.270535 753.885222
1 381.158222 700.395058
1 554.389852 737.031623
1 549.352358 798.826695
1 576.579598 759.604674
1 414.180075 672.641715
1 605.516127 810.548565
1 546.269577 797.289628
2 584.625656 914.126596
1 383.675782 684.058325
1 649.100015 836.689263
1 584.063975 778.491202
1 501.382406 778.314605
1 538.714083 787.695645
2 601.920514 714.557163
1 422.505232 668.689044
1 554.593679 775.686408
2 633.964313 811.303676
1 573.273965 814.066555
1 550.495713 760.841011
1 596.118465 748.359778
1 569.565788 760.004405
1 592.000864 673.504258
1 424.488119 667.583603
2 521.424956 701.787025
1 401.272306 675.398878
1 538.362725 734.551217
2 472.183898 891.378089
1 600.607603 814.126169
2 500.383273 842.931128
1 572.848347 833.475562
1 545.674123 804.078638
1 361.622730 678.729166
1 538.312197 730.407021
2 582.834484 696.519882
1 609.002728 799.904700
2 365.773015 873.145117
2 438.813409 729.502778
1 557.040922 775.411001
1 550.899787 837.650215
1 557.745305 788.877947
1 544.068924 797.447675
1 616.332266 773.738402
1 531.849326 819.838775
1 569.977628 849.081852
1 377.699780 699.015667
1 365.750844 673.361731
1 582.524249 824.283144
1 551.220599 766.141638
2 586.777501 704.481599
1 546.819955 817.766004
1 440.286865 715.715192
1 585.364251 800.808968
1 551.314395 813.808415
1 488.368154 815.816390
1 481.995300 768.602386
2 537.735476 716.771761
1 440.714801 675.226283
1 408.325429 692.108720
1 411.278931 675.862257
1 572.905863 829.445601
1 570.097165 835.301430
1 585.230751 768.324590
1 406.777710 669.981761
1 392.476340 686.915622
2 408.100626 674.771585
2 407.652085 784.930818
1 351.403649 668.004144
1 380.260043 668.034472
1 585.426955 863.016123
2 552.383231 693.040670
1 592.559657 771.756078
2 474.599939 857.911797
1 415.010595 671.539246
1 545.174305 779.746238
2 482.926439 872.128596
1 536.381604 849.497925
1 554.469672 805.361528
1 540.058284 762.675906
1 390.965535 702.690022
1 589.287834 805.814113
1 396.972957 669.625016
1 580.007243 796.869172
1 404.504628 683.912836
2 341.478707 681.034093
1 541.835100 728.160944
1 376.725450 716.277619
1 552.548209 791.018852
2 364.749098 816.474188
1 594.025278 761.909980
1 396.441269 677.329665
2 365.828019 735.151302
1 418.495265 684.036456
1 595.030197 771.238603
2 546.868883 821.969227
1 389.779861 685.441604
1 526.151261 780.182758
2 534.898965 701.946538
1 599.986896 782.446923
1 592.156783 786.937466
2 570.982132 999.916802
1 398.268185 667.845321
2 429.849792 682.603714
1 494.677346 733.980314
1 565.227401 772.750129
1 388.494224 668.549696
1 557.104025 791.462363
2 575.092706 856.515934
1 546.869939 777.244282
1 570.374697 756.898298
1 653.540036 847.652728
1 403.028389 674.388620
2 377.199867 819.437231
1 599.595878 800.756001
1 433.769849 669.008780
2 619.890679 860.991374
1 585.170320 827.925644
1 556.984593 836.154195
1 605.477758 811.543550
1 379.475001 718.822107
1 447.057985 688.625951
1 413.655241 668.370036
1 596.391163 808.487703
1 468.547547 696.537076
2 554.841950 931.808910
1 578.051320 741.184434
1 544.752407 708.867301
1 625.939347 821.781261
1 569.163170 755.100577
2 452.791701 673.298352
1 374.290448 724.934516
1 348.490550 700.709526
1 564.214228 808.109150
1 606.384897 830.534477
1 589.805243 814.564578
1 591.973532 742.319745
2 633.221594 799.041870
1 377.716640 699.781939
1 390.177314 674.339382
2 344.410932 716.858695
1 406.550632 698.587285
1 602.840299 758.378822
1 603.376195 849.395040
1 525.787199 770.034020
1 608.022073 782.839140
1 598.413264 792.126582
1 431.814605 669.550538
1 628.084423 782.550688
1 407.529087 688.455039
1 397.950204 668.048617
1 598.970094 825.853076
2 555.742539 761.240792
1 582.698277 760.391343
2 554.064756 716.624537
1 559.870281 798.670466
1 407.577351 688.723516
1 362.822402 673.864499
2 541.553363 692.138086
2 475.826859 728.840624
1 580.706084 773.318179
1 473.652362 675.029820
1 428.942113 682.879278
1 572.433921 850.088466
1 604.230321 712.287116
2 448.872033 742.440669
2 389.172499 767.247981
2 425.152903 690.259823
1 402.630633 675.139437
1 536.518089 815.103240
2 378.380414 682.897988
1 382.028522 700.058818
1 551.998747 792.182114
1 523.470034 700.532589
1 368.603689 668.575636
1 597.577420 760.291813
1 612.175511 837.041802
1 540.872936 772.473895
2 581.178882 860.015164
1 570.443213 813.822000
2 465.939326 825.231730
2 466.055423 674.646913
2 536.084755 793.233467
1 456.380060 670.618781
1 551.617825 775.447102
1 356.199755 690.894468
2 608.643048 674.078463
2 588.514884 916.298170
1 549.211856 816.017621
2 561.271361 729.977210
1 416.450785 694.470923
2 490.979448 748.077012
1 585.922494 858.592959
2 539.669914 762.030512
1 341.513154 671.636944
1 583.548165 830.136720
2 562.530275 716.921798
1 562.584139 802.460696
1 577.692883 792.421494
2 425.954032 709.821885
1 466.825446 700.553984
1 401.191735 697.534569
1 575.734280 783.986661
1 496.012209 699.505139
2 422.998635 713.721867
2 565.474174 686.369957
2 525.999097 682.623495
2 337.418551 810.524187
2 437.500276 706.187665
2 406.762516 691.000656
2 557.537603 872.241676
1 352.039894 678.278120
2 493.470810 845.256845
1 550.229299 863.583307
1 361.448286 678.954212
1 581.980961 824.275304
1 600.413995 771.437547
1 603.140874 757.882025
2 486.616205 677.052602
2 493.557740 679.845194
2 572.609888 835.825440
1 551.221699 811.766851
2 417.902298 783.918325
2 356.146284 794.835969
2 469.306685 783.788510
2 521.715899 792.261787
2 507.677070 701.804435
1 540.112443 786.025829
1 482.452343 696.002533
1 561.809268 838.875780
1 594.146540 856.744842
2 589.217550 858.964541
1 358.616318 669.848455
1 408.058471 685.523892
2 515.868861 735.169833
2 573.906134 684.378565
1 582.176003 777.715659
1 591.719143 791.188838
1 552.599150 886.600440
2 459.328705 706.761513
2 549.749023 693.608225
1 525.545390 750.573523
2 351.161965 757.752540
1 524.692660 848.293905
2 566.222663 845.123094
1 619.209688 824.493601
2 538.201019 849.930531
1 562.368029 778.827701
2 626.374374 901.547992
2 587.827118 725.772326
1 492.376240 692.797356
1 416.691895 704.596136
1 338.588807 678.194078
2 600.553723 694.215935
2 495.458002 684.527166
1 403.136554 684.154559
2 527.625624 752.643683
1 365.438539 686.600335
1 407.562526 720.246230
1 553.983771 778.014264
2 368.368571 696.617884
1 609.846003 776.003868
1 339.525597 668.407961
1 641.172510 841.547466
1 563.310121 748.639625
1 530.227033 799.867610
1 602.456341 821.086446
2 624.123739 724.318208
1 357.273034 749.675096
2 442.531836 697.622310
1 550.022749 790.075257
1 586.130667 800.337916
1 458.895602 667.785937
1 488.413058 745.020793
1 548.251599 775.440974
1 568.328711 796.599805
1 362.439648 670.079655
1 634.425959 763.121944
1 468.656027 710.277199
2 540.707398 847.726829
1 350.735963 711.383899
2 520.305290 843.621936
2 341.433550 855.797923
2 335.349863 705.169481
1 524.756493 812.654351
2 617.300407 672.196115
2 506.687758 774.503883
1 518.586468 713.479038
1 552.874980 846.836246
1 594.725800 773.184432
2 436.356963 876.064064
1 607.012712 829.401447
1 530.229517 708.364255
2 616.678131 861.811447
2 576.198425 775.365348
1 577.285522 776.478623
1 386.299492 706.376373
2 496.490366 692.696362
1 583.956830 778.661014
1 605.196878 745.407138
1 568.582033 807.345750
1 515.606584 804.547780
1 529.429103 834.802030
1 576.472604 769.736748
1 385.144050 669.580033
2 373.664513 742.272383
2 561.302282 870.043463
1 564.836643 827.410507
1 453.026062 691.442723
2 567.078548 686.552507
2 461.319583 758.247141
1 537.867518 779.765520
1 599.409072 789.975718
1 586.150120 834.306226
2 459.594657 688.667979
2 589.418833 705.366478
2 416.173700 694.941991
2 572.304852 947.561401
2 597.641827 892.193609
1 492.149867 698.772400
1 350.720827 675.354228
2 367.105984 701.735565
1 638.025543 814.047200
2 611.616136 828.926262
2 487.418717 856.189429
2 614.458562 807.652902
1 548.679171 712.789114
1 578.801828 779.435149
2 415.330288 675.078830
2 488.950259 822.841018
1 379.930183 675.779478
1 641.495782 817.627437
1 437.595045 672.554012
1 526.998673 779.411933
2 547.698869 874.858502
1 436.312047 671.487044
1 606.497325 810.154043
1 391.466050 687.340300
1 579.092891 778.162000
2 584.276887 854.285106
1 454.665698 684.731800
2 413.125621 694.133410
1 373.318917 676.080116
1 580.397517 856.840299
2 447.330922 786.119124
1 374.160866 668.144726
2 410.080205 697.057709
2 627.779621 883.997269
2 586.206840 813.340462
2 427.373528 685.997285
1 516.244175 717.438898
2 439.655695 683.439768
2 551.977316 743.631822
1 561.177338 848.188248
1 348.827463 691.184497
1 565.762178 733.204870
2 446.431010 694.780675
1 612.040953 803.185719
1 626.168847 799.451941
2 342.394475 730.524120
1 553.658010 781.988412
2 556.894881 739.663013
1 413.773910 722.614021
1 532.138190 831.948736
1 519.290752 710.339427
2 557.646160 855.503432
2 658.302679 680.780228
1 571.577816 787.639529
2 518.069124 890.717335
1 380.180683 676.272638
2 383.233112 696.901977
2 451.412231 794.695780
2 548.892615 887.349235
1 492.071692 720.137827
2 583.933987 675.158320
1 381.654975 670.562127
1 574.713247 840.541329
2 547.990677 851.859752
2 522.082961 879.815403
1 557.045330 747.001071
1 530.212819 800.503141
1 389.558776 701.141956
1 582.168362 760.307689
2 534.497275 834.128806
1 466.342648 691.516755
1 534.057829 732.748136
2 655.390598 724.441345
2 395.678136 704.545519
1 504.925253 688.310037
1 609.954350 755.840446
1 489.653039 716.088187
2 521.785770 788.255404
2 354.305923 782.172331
2 384.728814 728.904659
1 600.213582 763.184271
1 420.092763 700.029556
1 605.913892 733.487521
2 470.859075 711.714311
1 579.773850 813.958842
2 530.919740 740.456106
2 414.642330 674.453822
1 524.154803 726.262319
1 355.647868 690.491848
1 612.985028 791.035453
2 525.017809 865.804341
1 401.183370 726.961096
1 603.637268 815.430750
2 656.629074 696.498805
2 552.871868 794.089917
2 448.486958 668.584301
2 421.734895 824.841509
1 413.368823 670.884460
1 558.088390 804.215980
2 365.321524 692.232373
1 640.549437 879.067398
2 467.538952 674.750320
1 379.937636 689.888711
2 470.256753 688.833122
2 342.007677 668.465846
1 592.698070 822.433065
1 335.594846 687.738968
1 446.824744 678.659529
2 333.535251 695.035888
2 610.784564 830.787913
2 411.957424 726.210166
1 549.533949 745.816981
1 595.708914 771.917072
1 594.935705 813.316157
1 619.054079 777.964199
1 605.977783 808.046049
2 619.785714 677.147861
1 354.435558 707.656835
1 350.178252 732.799602
1 519.031151 799.448903
1 600.474574 731.097620
1 504.291424 758.720874
2 441.510031 694.507130
1 566.638375 791.813235
2 544.238064 727.104427
2 395.357851 760.930095
2 584.945030 701.388427
1 473.279776 702.261485
2 548.433335 910.536272
2 556.066283 716.700913
1 368.264628 707.361494
2 438.314455 676.127244
1 438.551051 671.017074
1 346.602330 672.952122
2 519.593826 844.838819
1 386.032647 674.460273
2 437.564006 719.442203
1 374.169726 695.494454
2 596.123355 827.245697
1 562.867433 797.213132
1 569.423399 834.990296
2 634.009915 787.373608
1 388.351151 730.348034
2 444.679527 729.421485
2 462.793059 761.295542
1 462.006449 743.905464
1 548.787692 770.987972
2 518.146956 850.808254
2 438.864554 673.993048
2 505.380472 795.462644
2 491.399248 881.450509
2 413.400895 773.734894
1 550.418128 813.314012
2 443.466281 706.240891
1 528.632122 783.304472
1 418.856237 681.525776
2 577.349555 809.806379
2 487.352983 696.823183
2 523.753450 880.105082
1 554.989965 781.774944
1 380.656056 673.301777
1 358.314365 700.296964
1 636.245232 786.796331
2 536.903459 852.381660
1 627.943076 861.276757
1 530.998113 706.063220
1 405.895686 699.396120
2 431.842251 682.998702
2 556.926033 728.860617
1 561.746628 830.554020
2 437.329185 697.615626
2 530.583572 923.696924
2 633.840338 883.329826
2 535.051369 811.234472
1 353.769010 706.075653
1 585.953364 767.450183
2 483.713091 735.201498
2 429.760260 837.350358
2 608.081954 715.150185
2 516.871331 708.916900
1 539.385910 807.552475
1 592.188083 835.553522
2 551.464054 683.895214
2 487.689776 732.749569
2 402.300618 724.679830
2 422.457612 798.393726
2 576.534438 718.732310
2 589.606070 861.443277
1 388.122139 704.048328
1 553.775247 782.131002
1 588.210523 731.043969
2 489.947987 895.505230
1 419.957111 675.752969
1 556.592092 808.245590
1 569.258533 716.172638
1 387.009799 715.530855
1 515.868818 824.572474
2 633.631473 797.834291
2 491.609051 728.173949
1 825.323420 313.131564
1 817.333145 301.770809
1 830.429414 297.607845
1 824.995430 303.209579
1 814.043604 287.613507
1 833.030645 316.684872
1 814.058431 301.075981
1 834.044190 283.999700
1 827.473053 308.571495
1 820.155986 304.158386
1 822.841290 275.549347
1 826.779512 299.570688
1 818.328382 301.953430
1 830.789986 321.305360
1 821.461269 298.275657
1 837.939457 290.559085
1 809.734327 290.916042
1 799.208382 306.913418
1 827.960425 295.295719
1 822.190965 301.146311
1 828.619228 297.276916
1 824.871657 302.618242
1 818.187449 299.010597
1 822.031434 305.360813
1 822.383471 302.747937
1 809.235061 314.367895
1 817.915434 307.558264
1 817.894563 302.926957
1 820.400217 300.308929
1 833.266366 306.872088
1 820.862003 300.408726
1 818.762404 303.936763
1 829.669497 290.198884
1 832.419664 315.356267
1 797.302606 305.825083
1 843.686914 295.652230
2 722.194114 196.170142
2 799.967573 112.965367
2 893.464066 245.978228
2 967.740334 176.295514
2 882.950573 98.002196
2 777.515608 169.121337
2 763.118143 314.693327
2 830.285743 135.188482
2 995.768737 265.352777
2 801.264136 178.192910
2 900.574006 251.836751
2 844.330495 166.834008
2 786.455709 275.805450
2 721.232896 113.150164
2 923.431828 272.093459
2 921.373790 74.377634
2 809.899771 309.508034
2 700.217118 149.705557
2 799.230402 268.265659
2 725.838965 321.164163
2 826.266588 220.737925
2 746.763665 98.818846
2 942.296089 88.085685
2 998.183651 278.084384
2 992.212422 18.595498
2 747.794707 283.159653
2 743.638688 290.934731
1 820.325046 273.232377
1 834.549861 276.374128
1 835.101017 264.588027
1 859.560306 283.253351
1 812.648839 302.550641
1 848.087362 285.972706
1 822.471975 269.157971
1 799.301403 269.073161
1 864.670639 271.735875
1 856.877067 329.382487
1 841.584684 299.828682
2 913.848672 156.293740
1 790.796930 295.041490
2 986.894603 229.874190
1 806.552057 298.712887
2 880.768637 258.085355
1 813.228994 326.798188
2 998.640705 315.233720
2 726.580534 189.474601
1 794.047256 293.487768
1 813.932981 305.213122
1 752.592362 296.541357
1 814.132302 214.149768
1 796.734333 324.097692
2 778.956998 282.896216
2 798.881318 207.022213
1 816.568893 239.683671
1 780.432678 297.012588
1 833.263671 309.616532
1 796.721021 256.542958
2 868.910223 232.772764
2 820.125872 308.671831
1 796.162384 276.653224
2 778.752243 273.415187
1 795.601034 288.378846
1 836.273970 321.126396
1 801.617601 286.109327
1 808.352967 286.191603
1 832.347315 296.846704
1 805.868862 318.382934
1 820.127520 269.209198
1 841.486647 260.573890
1 861.567854 301.083631
1 841.032233 281.263914
1 769.556870 243.738538
1 836.566530 289.018179
1 826.454385 315.141614
1 801.285089 257.796543
1 857.447776 301.922277
2 669.716586 108.218875
1 795.631926 267.276631
1 844.702357 299.389358
1 836.918421 261.964809
2 728.189729 300.871126
2 772.873057 251.182926
2 805.106403 80.352529
1 807.820134 299.727264
1 849.925877 295.531032
1 839.399009 313.171444
1 772.545971 295.369438
1 816.058542 330.233444
2 787.587739 292.445605
2 674.432589 314.460482
1 786.037432 311.529330
1 792.736505 330.419448
1 870.906061 275.310933
1 756.188498 320.419316
1 833.122738 306.673699
2 788.433343 267.040395
2 765.326060 319.773697
2 748.139799 312.270875
1 867.648737 313.366107
1 853.503734 314.253444
1 792.368276 268.628097
2 860.303479 174.434778
2 746.267542 218.268240
1 815.916667 293.936504
2 761.510027 294.616866
1 832.598179 289.920889
1 822.356523 311.537916
1 817.778136 315.958550
1 805.879574 269.878836
1 804.869837 283.521950
2 769.135897 279.509165
1 820.418449 299.085295
2 854.995751 171.767928
1 823.601546 278.709867
1 847.263380 301.963017
1 824.587683 213.233130
1 780.940630 267.820224
1 759.021193 271.388704
1 869.432878 288.253340
2 805.331239 292.894819
1 830.472100 310.182522
1 786.992139 287.054293
1 814.214767 322.404738
2 726.119337 283.537065
2 776.339773 257.385352
1 821.425719 312.254425
1 815.070976 327.199257
2 942.005044 266.508747
1 800.155091 253.368335
1 778.801205 287.711782
1 793.651563 315.644983
1 802.002511 266.056535
1 833.879430 277.116716
2 772.329821 299.690379
1 856.125489 301.529209
1 818.240089 264.889388
1 816.429385 310.079066
2 853.817645 305.177975
1 789.082887 328.359198
1 808.254621 255.287150
1 781.151289 253.085506
1 835.691241 300.501451
2 712.110627 283.753750
1 757.738965 293.597525
1 829.662094 291.058748
1 812.808189 300.894906
1 836.893044 234.502283
2 701.839691 290.178798
1 851.092020 315.828095
1 824.517218 307.139167
1 827.436354 312.836794
1 783.029019 327.953323
1 799.839964 232.955802
1 895.120588 284.240204
2 855.553026 154.013082
2 971.950266 332.262519
1 802.904317 300.363204
2 996.565949 278.120079
1 871.538602 273.065437
2 770.827451 250.459745
1 776.663233 329.124562
1 851.654822 245.557398
2 888.034324 324.505799
1 834.694236 289.181101
1 837.124279 311.418713
1 851.142892 277.518626
2 846.829277 221.617739
1 803.042725 324.767116
1 780.096013 237.645204
2 968.056555 257.222471
2 829.564612 248.177011
1 767.427064 245.576156
1 800.821298 318.087049
2 969.032390 190.706231
2 924.822934 360.146150
2 853.461554 617.476469
2 898.600168 540.882315
2 750.100477 352.702020
2 867.559483 627.575568
2 910.013623 458.782088
2 968.121624 355.378469
2 909.437058 404.824141
2 921.326964 580.380160
2 857.254788 594.139169
2 977.632657 440.842494
2 720.361765 580.513346
2 772.892698 525.418582
2 958.985674 356.512416
2 952.169677 569.099599
2 813.839232 641.817628
2 864.808386 501.433124
2 922.861860 409.129112
2 921.044725 367.612915
2 710.275476 501.749901
2 821.702857 505.467745
2 892.706995 397.033920
1 872.622022 335.451520
2 740.344349 414.890158
2 688.120896 651.865906
2 937.592464 392.395033
2 894.240401 363.211778
1 818.088423 361.340979
1 836.794776 378.724985
2 858.989623 337.723249
1 844.950166 395.717400
1 861.727839 394.049552
1 860.889224 334.340149
1 877.826708 364.190096
2 954.740676 436.032093
1 849.780124 354.759668
2 891.725041 401.527499
2 734.174981 631.966581
2 927.285452 386.575192
1 769.521342 337.691046
1 825.246382 360.342238
2 977.458265 419.730187
2 679.178394 659.096896
1 820.823709 335.405798
1 799.932204 352.302120
2 927.760794 339.357166
2 747.308127 437.835937
1 866.908639 333.341698
1 838.939134 386.451854
1 793.298444 358.949667
1 823.311840 337.821532
1 793.771340 348.926215
2 757.698763 551.090188
2 953.985338 380.569864
1 809.674262 333.827449
2 891.842853 426.039923
1 847.987815 352.454503
2 930.699719 400.501419
2 935.983397 363.072097
2 734.245417 441.919975
2 813.087866 342.450398
1 829.963608 355.919429
2 976.654851 471.700865
1 813.727924 355.450470
1 795.190949 346.215712
1 880.704796 338.242831
2 737.304823 749.460525
2 676.107195 838.903866
2 836.032604 668.933878
2 977.535892 947.458170
2 922.795936 866.236940
2 906.207141 929.633314
2 970.266889 912.324051
2 975.466924 771.741003
2 981.902447 834.698518
2 960.869334 752.871921
2 761.362816 885.111847
2 666.953286 932.102326
2 741.835712 871.078402
2 780.253001 708.401185
2 679.415175 918.596039
2 705.866366 913.382242
2 996.350784 855.725496
1 681.071488 854.564668
2 744.974921 714.244464
2 772.736575 735.980054
1 698.036754 820.472683
2 767.568701 751.796431
1 725.252536 842.184522
2 693.474012 929.206656
1 670.444122 837.093485
