1 199.269705 173.437265
1 210.114308 186.948301
1 205.196307 190.114481
1 201.889364 166.244283
1 200.028815 178.904122
1 188.380839 167.329228
1 212.278736 161.253949
1 212.483211 172.490510
1 195.050289 171.076614
1 179.145205 192.423152
1 203.705688 176.662764
1 220.372450 167.082820
1 208.432975 176.476157
1 190.286978 163.249754
1 191.860712 185.192797
1 199.578806 182.418145
1 186.174945 200.079040
1 180.475691 186.882647
1 204.553109 188.063940
1 220.977149 175.115079
1 196.939850 198.505773
1 199.999612 180.015226
1 196.346362 175.409721
1 193.785615 175.874331
1 201.650211 166.035300
1 182.203108 183.478241
1 198.891638 173.225857
1 180.544847 186.930235
1 186.504118 179.103378
1 180.106523 173.681083
1 212.387992 187.255458
1 212.946587 178.048028
1 209.544623 167.571960
1 181.902077 174.280506
1 205.334414 178.161422
1 212.620355 185.058393
1 188.913952 189.585743
1 204.101071 172.079548
1 179.717881 187.837870
1 207.066242 193.777773
1 214.856571 170.711981
1 202.955266 172.699582
1 184.536981 177.049929
1 184.258736 186.863044
1 194.252804 187.623283
1 201.516642 175.161366
1 221.555916 184.444234
1 204.039642 182.773306
1 209.057956 178.535843
1 198.418725 169.288476
2 147.719864 139.178096
2 293.914801 136.273860
2 171.706898 110.554810
2 245.197685 60.614106
2 294.372177 189.389279
2 247.747488 300.629079
2 123.511157 300.565481
2 304.332227 62.381701
2 318.756259 57.705115
2 240.868928 171.431778
2 158.408097 123.982872
2 238.095347 173.144910
2 6.988644 146.061295
2 317.447416 179.969107
2 89.577762 289.336909
2 225.903249 289.597707
2 18.138077 109.929903
2 3.136457 219.714821
2 129.998060 280.385958
2 198.110545 10.437739
2 246.814734 268.601933
2 31.140934 115.490686
2 265.037625 240.178044
2 114.672760 10.294318
2 140.521718 239.398896
2 24.569977 251.627972
2 87.105782 18.602916
2 203.383335 10.801702
1 188.480088 184.162170
2 226.249796 311.260974
1 139.049874 177.138771
1 155.515187 211.119694
1 227.384802 152.142668
1 188.058093 158.565777
1 161.499960 173.062390
1 211.971222 169.560103
1 161.500333 188.132647
1 227.803942 169.025386
1 212.702307 201.045817
1 231.641429 190.894993
1 178.382771 207.514516
1 176.502404 197.786752
1 163.211481 219.807780
1 234.124244 227.664022
2 123.386434 161.707225
1 228.008906 195.346802
2 219.637325 4.375273
1 219.980428 152.251520
1 225.401526 177.172605
1 176.439011 180.900217
2 293.800029 257.494343
1 194.096725 181.493726
1 194.681237 201.062148
1 190.690406 149.084977
2 209.417111 320.580797
1 235.763980 138.795189
2 251.536335 250.279641
1 138.570147 172.490765
2 302.613879 242.077865
1 169.794658 150.048514
1 218.373775 138.437752
2 59.859751 22.766638
2 303.720185 155.511566
1 248.973698 231.938474
1 208.066455 172.441322
2 168.377069 14.582922
2 99.949122 213.495151
1 247.900592 153.613017
1 174.140462 189.912691
2 278.876849 145.990315
2 11.042253 262.608637
1 150.508416 176.189688
1 207.567374 135.002133
1 209.992812 170.655156
1 164.944828 188.554092
2 171.244360 543.570455
2 20.994490 632.140718
2 66.088670 339.827348
2 153.389716 641.988353
2 215.846863 380.439899
2 197.668517 576.454287
2 176.469311 624.306723
2 142.015951 484.013842
2 162.585077 510.800457
2 28.754951 434.886062
2 258.849622 571.780342
2 28.433730 395.907137
2 285.577834 399.682199
2 243.642724 359.433039
2 206.003233 444.655875
2 119.399959 429.388510
2 73.254313 598.941207
2 134.954239 645.637362
2 99.191083 646.504344
2 207.408084 475.388057
2 175.878546 664.310229
2 305.658892 614.056351
1 330.860200 647.482886
2 298.723452 642.915785
2 203.386653 560.959975
2 92.807791 629.887203
2 327.322715 541.304883
1 145.030728 772.537774
1 157.487720 793.321122
1 126.746203 786.033927
1 143.108860 781.374177
1 154.390032 786.035741
1 152.529190 780.121808
1 145.163527 789.729331
1 142.908453 785.024548
1 147.016255 764.763246
1 140.785421 784.378476
1 149.145823 789.074265
1 164.059055 789.500816
1 129.883861 767.236260
1 162.035259 791.309183
1 143.341848 761.361544
1 157.305392 776.514772
1 148.994945 781.462857
1 139.319658 769.947154
1 150.635253 800.337475
1 139.604911 775.162807
1 139.669431 765.674780
1 148.445724 798.992661
1 161.454364 774.691989
1 145.115120 801.068668
1 147.551750 782.847987
1 130.097206 782.724603
1 146.637271 794.320656
1 144.572743 765.796607
1 165.210033 792.478869
1 145.398130 795.977175
1 138.434013 794.852440
1 137.038868 779.913534
1 148.886593 775.785309
1 154.683136 787.143884
1 151.684056 759.675614
1 141.519321 797.625571
1 172.323697 786.749599
1 143.634279 768.792677
1 171.706840 790.920699
1 150.302771 764.452877
1 154.831874 780.177508
1 165.169143 762.646692
1 139.070384 777.583477
1 164.121171 782.791520
1 131.403224 778.324781
1 147.781349 780.633312
1 142.264031 791.512781
1 156.685346 781.153872
1 144.954823 801.106475
1 168.558070 768.279076
2 45.445622 846.788738
2 314.745031 695.223919
2 278.842459 682.923933
2 144.085517 872.816056
2 179.601668 815.345060
2 235.255087 804.442660
2 25.964187 815.865713
2 66.431093 926.363874
2 304.534268 779.614386
2 226.630879 780.766078
2 168.179667 893.592700
2 155.089063 886.894080
2 206.757819 820.565459
2 95.990597 827.499648
2 100.781039 780.964956
2 251.927141 815.949635
2 97.995087 682.932946
2 109.632884 844.386862
2 186.317673 845.551338
2 54.460575 712.218472
2 132.847880 719.890740
2 251.392151 680.540094
2 92.891069 894.358573
2 78.445487 880.182434
2 292.569065 875.351900
1 131.703859 799.349078
1 126.604309 783.897682
2 249.446723 742.475827
1 134.191976 782.077408
2 43.450216 879.873989
1 145.955052 814.007031
2 130.833490 862.658949
1 146.082358 742.799851
1 162.272049 800.167590
1 137.573714 754.305466
1 162.039442 782.191792
1 81.837979 796.492756
1 140.390695 741.393811
1 171.204479 801.663549
1 132.617955 797.053614
2 167.794416 695.565026
1 220.593519 806.839835
1 143.625735 763.286382
1 219.152196 772.231130
1 177.618416 797.772523
1 133.907903 759.430366
1 143.373801 772.647726
1 138.394006 804.289389
1 95.027816 767.123426
2 43.783492 680.200342
1 125.612186 808.704374
1 166.271763 749.974290
1 146.174719 774.510358
1 138.784134 782.172553
1 132.134941 732.531199
1 138.053220 771.162568
2 302.344654 718.066942
1 138.095797 758.613693
1 136.446751 783.478429
1 127.979452 788.483505
1 101.770948 814.452436
1 125.334049 747.176891
1 193.056496 807.420155
1 115.413444 767.996824
1 225.484672 826.478905
1 112.999172 751.721880
2 70.868967 680.026699
1 143.478172 787.469727
2 193.044106 802.367278
1 138.715938 760.664976
1 161.411754 821.812320
2 126.251316 862.573427
1 109.283426 759.815223
1 92.170686 716.440276
1 194.235929 770.552142
2 73.891875 728.130963
1 177.104760 798.811835
1 196.339562 771.469268
1 161.408865 734.416005
1 144.779435 771.296990
1 141.612969 777.226750
2 140.899470 850.995059
1 90.499953 737.933584
1 166.720099 741.191543
1 164.476392 807.407193
1 176.256214 807.773202
1 130.880064 755.628533
1 139.095328 740.705565
1 143.555711 771.542469
1 150.350537 748.787553
2 322.211251 726.684085
1 225.006492 788.659795
1 86.272567 765.357251
1 153.419419 750.123490
1 151.525565 758.657464
1 115.983853 762.496222
1 172.272843 757.161033
2 245.196095 811.892540
1 179.425093 780.035568
1 142.238461 731.956841
1 148.943159 789.248065
2 96.908456 873.604229
2 232.389607 824.872872
1 144.651085 781.627992
1 106.385342 791.480622
2 133.180438 810.437790
1 145.397231 734.023456
1 242.164341 787.297063
1 178.127122 758.862285
1 130.536011 815.906176
1 240.225101 768.965670
2 349.778605 9.205542
2 605.066590 47.788371
2 589.443399 329.344407
2 581.120796 112.089809
2 665.653347 275.935088
2 363.834378 164.526498
2 647.042743 256.695106
2 527.996854 292.824059
2 666.366008 82.483431
2 649.420891 250.178670
2 429.921659 60.700783
2 442.269964 137.611678
2 578.546029 74.844074
2 463.885595 159.578450
2 340.834231 314.390766
2 608.180601 176.614387
2 581.659812 104.667085
2 584.759719 8.514276
2 406.604858 243.912258
2 393.617551 91.206526
2 530.761359 200.478255
2 390.672135 228.799509
2 623.500289 78.874461
2 371.782737 51.913341
2 402.867411 243.143525
2 334.950622 271.238755
2 444.498006 305.325461
2 571.288115 214.680961
2 459.060437 293.612571
2 421.259070 253.279276
2 348.258520 25.968953
2 368.338459 206.960521
1 382.260213 656.654334
1 400.060358 664.114563
1 405.111228 654.743552
1 414.979481 651.653271
1 403.504982 652.571265
1 390.688447 647.845610
1 405.143784 645.741016
1 397.298582 643.386521
1 399.545928 650.646476
1 408.363581 655.378863
1 407.056579 652.214464
1 387.102474 631.882672
1 385.087245 644.224714
1 412.893603 637.657770
1 405.531501 633.996536
1 408.893194 651.784645
1 398.156383 646.538719
1 400.441090 649.314884
1 397.339133 647.323642
1 399.327124 649.262928
1 400.506485 650.383943
1 395.364842 649.921690
1 398.053061 653.189044
1 394.188539 646.559336
1 398.752565 649.912308
1 397.250624 649.699913
1 406.456430 640.285232
1 380.873523 652.353149
1 397.868197 650.876934
1 400.504314 653.885126
1 421.667448 648.733453
1 422.983944 640.758248
1 380.384746 651.717041
1 392.518443 649.812297
1 411.925322 644.440037
1 408.039858 649.382839
1 394.418308 649.889421
1 406.652711 633.066539
1 394.377634 647.022654
1 394.835188 662.032331
1 395.472651 631.200161
1 402.283887 655.352194
1 414.147286 642.437744
1 412.439738 656.811921
1 394.118353 663.469716
1 402.351592 650.678890
1 393.106662 639.004447
1 411.733015 641.469493
1 401.110278 649.500800
2 455.653924 403.258451
2 363.487086 575.203866
2 554.207542 524.403726
2 407.654692 539.267475
2 422.263068 585.874800
2 545.309700 599.809725
2 409.899350 583.813836
2 569.053141 516.305782
2 472.503920 468.156992
2 638.136057 382.283967
2 337.238754 627.361551
2 514.384405 514.909617
2 421.769390 657.734760
2 567.767176 623.068481
2 531.947152 538.399774
2 414.301767 487.742486
2 346.897906 350.992522
2 515.624875 369.475080
2 379.458646 395.931238
2 603.739266 638.164720
2 501.170248 578.989438
2 493.003781 406.135317
2 439.302773 543.991638
2 622.657885 589.764738
2 624.977644 549.091301
2 418.523773 349.099599
2 651.343269 665.120359
2 400.695022 591.662895
2 356.809001 521.837604
1 422.678747 661.511165
1 382.003375 663.444346
1 366.920714 659.033614
1 389.082931 613.658152
1 393.505054 657.498442
1 385.985143 644.471026
1 361.901562 661.851922
1 429.371072 664.313768
2 484.134237 503.016199
2 566.943380 608.147189
1 390.660131 636.730578
1 404.934914 622.068707
1 355.198105 648.841870
1 428.371985 634.696649
1 366.741391 659.632431
2 426.439641 647.988101
2 405.163287 646.849865
2 385.697893 622.408720
1 400.647837 641.903483
1 444.881121 665.533892
1 387.351143 650.978121
1 403.929852 625.780325
1 431.544970 649.711186
2 570.079906 583.950919
1 405.857230 641.875197
1 351.516918 651.493021
1 396.667054 634.122699
1 404.212982 657.795694
1 476.645733 633.922994
1 411.713493 623.846914
2 412.590985 622.269182
1 419.722851 648.328137
1 362.068224 640.925407
2 420.190181 524.471766
1 459.674787 643.180212
2 520.767232 652.891440
2 651.328371 625.969421
1 419.908231 657.006804
1 386.424739 652.055010
1 390.503157 648.554451
2 394.599263 662.126311
2 491.289442 648.902712
2 333.353294 609.302038
1 391.604026 657.523746
1 347.501907 633.998454
2 404.150335 575.816252
2 636.079631 389.265452
2 380.217026 646.148324
1 387.731172 662.085793
2 487.227178 503.832526
1 365.889229 632.628485
2 411.978153 590.590002
1 404.786521 639.770960
1 416.389671 641.506324
1 445.836717 594.166855
1 406.144701 658.438976
2 407.744341 590.135593
2 415.263097 533.207332
1 373.863685 607.945152
1 402.214749 660.936453
1 377.806439 634.410341
1 406.578051 632.704834
1 421.478645 663.603918
2 333.715108 600.149328
1 466.332958 630.802073
1 419.257836 664.543193
2 354.563393 573.044170
1 403.383958 631.962678
2 358.286190 534.149037
1 376.875717 627.940029
1 438.660030 604.204466
2 370.167120 578.418304
1 381.847481 630.802442
1 411.695950 660.170077
1 459.671989 608.611084
1 405.279767 614.323778
2 446.866899 652.544469
2 407.245710 620.197667
1 411.668134 668.368042
1 592.269184 788.914880
1 591.487549 810.596792
1 569.833038 799.846903
1 572.212885 807.626350
1 562.838830 823.133327
1 581.619194 791.499844
1 562.109298 801.404777
1 569.393378 799.362321
1 575.479506 794.895237
1 550.314057 812.352350
1 585.959880 788.115219
1 564.241788 810.020203
1 569.629502 802.786922
1 577.599504 805.651019
1 574.622168 791.722488
1 564.053403 790.297419
1 553.192257 793.616418
1 549.161840 788.600295
1 576.378288 808.759825
1 569.200985 800.474026
1 576.727973 810.336564
1 553.858209 800.021254
1 559.810518 804.961297
1 548.627846 793.185977
1 562.278597 797.613960
1 571.998115 799.433039
1 566.964520 801.578735
1 574.470780 783.193272
1 572.089694 783.789241
1 570.978102 799.174940
1 576.423917 815.735739
1 592.906930 809.881322
1 592.085861 806.001343
1 575.887485 815.058752
1 574.647485 814.706093
1 562.839817 799.521881
1 565.419632 797.485520
1 555.859829 792.941726
1 582.643007 781.605743
1 586.486928 795.935543
1 571.754810 812.072489
1 569.199946 795.767835
1 580.683493 819.967901
1 571.582199 797.383136
1 590.387599 797.733528
1 577.335586 808.401524
1 580.041311 806.092403
1 567.753650 797.303679
1 561.438024 797.509067
1 570.353356 805.491408
2 577.914558 714.854242
2 436.675419 920.930438
2 601.527925 716.441812
2 443.770658 934.503837
2 373.322691 854.021838
2 574.700117 858.400583
2 610.104511 840.210379
2 642.694306 910.732831
2 659.645040 947.878012
2 526.803464 864.987154
2 486.398273 802.952947
2 349.544459 746.803773
2 381.538185 894.107693
2 339.589366 723.918474
2 412.598899 810.795338
2 382.367949 691.752045
2 448.318685 952.522040
2 503.259611 871.763370
2 408.423329 772.895511
2 650.792042 795.792364
2 520.087113 997.883590
2 496.779949 667.697406
2 447.291469 719.800295
2 646.125732 813.346760
2 473.722511 702.352219
2 648.836860 787.895538
2 572.124382 759.782192
2 542.324607 680.102779
2 622.243191 962.189270
2 524.971951 840.720524
2 430.984447 864.594218
2 583.814646 844.751735
2 616.138961 886.174952
1 409.496685 671.735844
1 544.077495 811.837703
1 420.652003 667.256817
1 379.973815 686.815492
1 593.407049 789.077958
2 386.821403 780.672840
1 545.299349 820.858476
2 607.563341 911.622224
2 488.544925 715.785723
2 438.582937 670.121829
1 568.748347 780.472071
1 365.060009 668.222435
2 434.158260 941.850004
1 551.064379 774.722296
2 576.706102 857.252708
1 560.127260 782.308495
2 568.476764 828.782268
2 621.693098 917.172674
1 544.090416 794.531715
2 452.965477 708.167348
1 591.738573 789.431131
2 641.307766 948.029536
1 371.723272 683.186951
1 417.718685 678.230664
1 524.719155 812.373526
1 529.359929 793.441257
1 562.556475 797.195530
1 590.888035 823.721468
2 502.861036 676.676138
1 634.565965 779.739909
1 604.369052 777.921153
2 488.346673 700.862015
2 478.602284 733.631100
1 547.127496 803.143720
1 573.757167 816.076212
1 367.498415 672.340563
2 465.924832 776.142869
2 482.456197 791.940876
2 610.847194 669.972612
1 549.572992 827.714426
1 549.333126 811.489238
1 408.593155 676.350539
1 599.110244 828.796259
1 563.080006 804.029206
1 574.492989 776.090983
1 566.280223 779.439093
1 439.498268 676.581557
1 580.816976 748.452741
2 630.708425 792.632108
2 645.345268 673.547166
1 581.368322 811.356361
1 556.006050 796.465840
1 421.298304 676.323954
2 482.664565 778.923282
2 441.546479 715.419510
1 605.659944 767.011497
1 583.296461 808.508697
2 630.161995 785.141659
1 375.770174 679.435112
2 572.798447 886.950131
2 640.482927 806.858118
1 576.880994 847.814840
1 605.251801 847.002343
1 562.989713 817.582333
1 573.335456 795.524890
1 365.098703 702.150829
2 495.656558 790.154841
2 448.737703 788.179471
2 625.399700 814.389951
1 531.837798 744.942743
1 432.246824 674.370498
2 496.864557 798.305067
1 409.058022 690.706754
1 509.539728 807.031281
1 462.089086 672.307044
2 488.113888 896.223370
1 390.474869 677.647347
2 604.002156 845.336242
1 400.095075 692.092614
1 528.641158 794.049808
1 610.845370 825.031399
1 574.857392 797.794648
1 469.651281 812.578535
1 385.061017 672.260475
2 552.620003 800.730366
1 359.284856 677.076728
1 601.409730 795.696642
2 638.572733 705.808052
2 552.195991 751.245004
2 595.339481 906.090106
2 612.079785 911.611288
2 600.486696 872.581741
2 510.094502 793.911831
1 447.298976 667.024027
1 383.952753 673.079383
1 399.374339 671.010619
1 591.405848 781.391256
1 564.677356 795.293313
1 566.344240 811.396263
2 647.131822 807.587834
2 418.552344 855.697785
1 559.737031 836.730475
1 561.942983 804.927798
2 654.640680 672.168599
1 448.507267 686.137292
2 647.150524 846.480945
2 337.954085 734.506165
2 448.974337 802.562456
1 529.510013 822.710392
2 461.661826 720.782159
2 454.752627 860.055897
2 491.136238 765.339296
1 570.291639 822.492985
2 430.617142 717.021988
2 432.681788 742.290875
1 567.743074 800.973733
2 511.765539 730.654148
1 543.035680 779.909453
1 354.064139 695.989486
1 369.720414 678.670406
1 389.645598 684.865404
1 553.461521 807.871993
1 825.323420 313.131564
1 817.333145 301.770809
1 812.226200 290.236725
1 830.429414 297.607845
1 824.995430 303.209579
1 814.043604 287.613507
1 833.030645 316.684872
1 831.667684 295.476292
1 814.058431 301.075981
1 834.044190 283.999700
1 827.473053 308.571495
1 819.691371 300.488439
1 820.776003 303.481807
1 835.591285 300.783414
1 807.626186 302.934711
1 820.155986 304.158386
1 822.841290 275.549347
1 826.779512 299.570688
1 802.061386 300.942897
1 818.328382 301.953430
1 830.789986 321.305360
1 821.461269 298.275657
1 837.939457 290.559085
1 809.734327 290.916042
1 799.208382 306.913418
1 827.960425 295.295719
1 822.190965 301.146311
1 828.619228 297.276916
1 824.871657 302.618242
1 818.187449 299.010597
1 822.031434 305.360813
1 822.383471 302.747937
1 820.658663 284.509079
1 809.235061 314.367895
1 817.915434 307.558264
1 838.150705 307.822859
1 817.894563 302.926957
1 820.400217 300.308929
1 833.266366 306.872088
1 825.397005 287.726416
1 824.072163 310.451970
1 820.862003 300.408726
1 818.762404 303.936763
1 812.497967 279.106009
1 829.669497 290.198884
1 832.419664 315.356267
1 820.978513 300.690964
1 797.302606 305.825083
1 843.686914 295.652230
1 836.313379 292.914827
2 666.798979 177.648918
2 722.194114 196.170142
2 799.967573 112.965367
2 893.464066 245.978228
2 755.215109 262.818065
2 967.740334 176.295514
2 847.526756 47.555112
2 896.554048 172.220755
2 882.950573 98.002196
2 919.808063 177.226763
2 777.515608 169.121337
2 763.118143 314.693327
2 830.285743 135.188482
2 995.768737 265.352777
2 801.264136 178.192910
2 675.563414 185.947463
2 900.574006 251.836751
2 844.330495 166.834008
2 792.672124 105.940476
2 786.455709 275.805450
2 909.989381 231.012482
2 721.232896 113.150164
2 850.339335 302.945682
2 955.189126 119.127902
2 923.431828 272.093459
2 921.373790 74.377634
2 809.899771 309.508034
2 700.217118 149.705557
2 923.879637 114.424918
2 799.230402 268.265659
2 725.838965 321.164163
2 826.266588 220.737925
2 746.763665 98.818846
2 942.296089 88.085685
2 998.183651 278.084384
2 992.212422 18.595498
2 961.750529 170.609145
2 747.794707 283.159653
2 743.638688 290.934731
1 829.049360 269.867141
2 754.711815 281.764289
2 993.081902 148.455052
1 832.035933 288.187993
1 783.794238 320.789921
2 908.750553 168.904648
1 830.643004 301.710477
2 904.673360 320.543506
1 850.539085 314.568298
1 805.572699 298.346652
1 853.148314 299.628851
1 799.768352 285.143089
1 853.139038 322.231191
1 832.279363 285.597081
1 801.054917 269.987885
1 809.562945 294.518236
1 835.596517 317.660464
1 831.698550 285.507832
1 813.208627 328.875024
2 784.550744 192.749190
1 825.605607 317.220966
2 679.003521 272.195185
1 799.228772 306.846729
1 814.699279 316.719614
1 843.513724 313.944492
2 802.956883 206.450740
2 863.227617 246.223793
1 800.233269 272.165076
1 831.610008 314.423343
2 946.411647 235.320736
1 784.825878 315.374322
2 894.356882 253.343025
1 866.020801 257.065322
1 807.686823 316.680075
2 805.525791 300.761196
1 819.446063 301.514373
2 750.060780 305.476933
1 804.503006 283.376383
2 868.937817 287.394643
1 828.120113 286.762014
1 785.623387 290.475209
1 860.503628 267.634965
2 766.625316 274.436449
1 852.630197 306.259724
2 865.407459 298.193623
1 796.194372 271.928706
1 776.158367 297.761534
1 860.205021 326.638696
2 846.950935 142.709661
1 815.290023 301.519415
1 863.312234 268.880416
2 986.759766 204.849187
1 825.729258 277.030926
2 924.822934 360.146150
2 853.461554 617.476469
2 898.600168 540.882315
2 677.775509 342.930127
2 750.100477 352.702020
2 867.559483 627.575568
2 910.013623 458.782088
2 968.121624 355.378469
2 909.437058 404.824141
2 921.326964 580.380160
2 857.254788 594.139169
2 977.632657 440.842494
2 720.361765 580.513346
2 772.892698 525.418582
2 958.985674 356.512416
2 952.169677 569.099599
2 813.839232 641.817628
2 864.808386 501.433124
2 922.861860 409.129112
2 757.961885 346.761935
2 921.044725 367.612915
2 710.275476 501.749901
2 821.702857 505.467745
2 923.699222 340.109950
2 857.317670 417.800218
1 841.569521 336.175826
2 726.739960 407.214719
2 769.684756 350.308207
2 768.925132 369.924609
2 986.288734 449.467890
1 869.018999 348.885906
1 846.033573 342.747032
1 817.362186 343.991803
2 730.879782 942.588539
2 817.317326 740.240759
2 728.193996 675.485181
2 737.304823 749.460525
2 676.107195 838.903866
2 836.032604 668.933878
2 977.535892 947.458170
2 922.795936 866.236940
2 906.207141 929.633314
2 970.266889 912.324051
2 841.109441 723.509132
2 975.466924 771.741003
2 981.902447 834.698518
2 864.426634 915.553717
2 960.869334 752.871921
2 761.362816 885.111847
2 693.274694 781.004788
2 666.953286 932.102326
2 741.835712 871.078402
2 780.253001 708.401185
2 806.801612 766.132397
2 714.558758 833.168375
2 717.064079 886.550998
2 674.437971 774.742747
2 696.904842 866.253269
2 995.719976 805.327633
2 973.393707 816.736553
2 680.964276 687.162985
