1 202.078525 179.315206
1 186.819888 180.064576
1 214.176846 164.074055
1 182.952212 174.534474
1 206.669392 164.939290
1 196.768541 177.505941
1 204.328503 189.087506
1 210.958168 179.125455
1 211.836927 174.842533
1 189.331589 163.877402
1 203.527437 163.832954
1 193.067098 161.343859
1 199.534577 179.521387
1 201.970054 177.160632
1 209.442568 186.467994
1 180.724814 194.967207
1 203.531713 193.973627
1 193.107182 173.501593
1 196.032144 186.401373
1 216.060535 192.472274
1 198.853969 176.148251
1 192.250519 197.907028
1 194.037276 181.435106
1 199.799649 178.648621
1 181.725132 173.312320
1 183.153069 197.091140
1 188.637822 183.889312
1 189.229870 181.374885
1 199.026631 174.339036
1 190.123317 178.772194
1 211.479674 193.053529
1 201.737982 180.358956
1 199.410362 165.275356
1 200.678000 184.928028
1 178.902086 190.791062
1 199.439138 173.536568
1 210.518514 165.218820
1 201.121318 185.842062
1 185.497611 180.646397
1 198.505473 182.127880
1 182.344040 172.955946
1 194.792092 166.717099
1 186.702925 186.835629
1 203.281993 182.508794
1 215.404842 195.972708
1 209.131122 169.530986
1 205.148379 156.622375
1 203.190361 193.766879
1 210.067252 172.806962
1 160.261349 145.532016
1 193.497823 229.307182
1 217.653200 185.773555
1 182.956854 140.205619
1 183.830094 190.927990
1 213.481803 202.454935
1 138.458281 168.139650
1 149.763586 168.012383
1 194.077901 176.869781
1 196.247041 187.508665
1 190.202292 184.541596
1 197.634944 130.298551
1 187.796467 219.745312
1 194.005313 165.996016
1 184.442314 223.382931
1 208.298032 147.387147
1 218.964696 121.474409
1 148.646577 157.757968
1 177.650831 150.707719
1 163.226846 199.063164
1 143.069630 157.931093
1 244.222510 182.797135
1 198.703342 132.646970
1 220.112370 185.652415
1 149.495186 185.718334
1 228.111349 192.124108
1 240.145153 211.384658
1 175.982822 221.494164
1 170.755198 228.273759
1 150.730345 217.507966
1 256.046955 149.809616
1 214.270601 168.560167
1 222.029323 198.246450
1 166.811860 190.148353
1 281.165138 174.444605
1 152.605003 122.442122
1 228.939744 221.040588
1 230.896532 168.118112
2 59.664177 453.414726
2 50.576305 436.787278
2 58.482343 434.984402
2 51.425367 440.837784
2 43.175214 434.119097
2 75.720087 415.002922
2 58.804816 428.815023
2 63.347146 425.863559
2 72.406240 438.663397
2 68.614963 418.307461
2 78.024736 442.886722
2 67.604440 409.186050
2 50.591738 412.758446
2 64.626408 427.958435
2 74.532559 427.224107
2 45.398665 416.726962
2 56.673980 431.836704
2 64.811656 413.906890
2 39.766784 432.656259
2 54.629899 427.696813
2 39.445893 422.065107
2 64.010856 425.553187
2 59.602518 430.313672
2 64.184752 413.590620
2 80.182577 438.192942
2 70.931752 442.930283
2 61.246465 421.775181
2 60.792721 428.363508
2 61.668450 429.694248
2 53.810192 419.722364
2 56.705041 425.612133
2 56.175670 411.315359
2 63.494198 428.757342
2 83.436392 431.710276
2 56.345963 431.619136
2 62.089104 430.141319
2 43.408837 443.731623
2 62.548742 428.029501
2 65.727367 424.865274
2 71.831915 415.201987
2 61.552714 420.683760
2 54.176240 408.216230
2 54.332525 422.651007
2 65.391002 431.691994
2 45.589576 434.050779
2 63.955935 438.324871
2 40.333242 444.457525
2 47.776520 438.419990
2 83.859896 425.730642
1 321.958231 611.165968
1 137.580917 790.113407
1 154.195366 773.573497
1 148.767415 779.060031
1 148.218661 777.629893
1 139.421185 798.342218
1 138.908182 789.084680
1 146.418749 784.457072
1 160.131038 787.909778
1 150.308837 780.140365
1 157.117436 792.632554
1 158.460107 771.246079
1 146.027089 803.146904
1 157.586055 786.824144
1 151.165851 778.942263
1 154.737368 774.207855
1 153.580006 777.188003
1 164.555545 789.736037
1 150.928066 781.749938
1 161.261873 761.410870
1 149.508251 763.863873
1 144.243613 785.552113
1 163.909595 777.338638
1 146.093343 790.984559
1 136.628337 785.524255
1 140.338804 770.199865
1 135.578839 792.133503
1 135.556030 777.083723
1 153.267474 780.133094
1 150.762099 774.299002
1 129.636304 786.653029
1 147.859911 793.014543
1 150.481933 780.709372
1 130.425149 772.329319
1 147.324617 770.897743
1 165.789670 780.267917
1 170.979326 792.811980
1 143.297630 795.898551
1 154.225798 768.676333
1 146.283493 780.222102
1 156.864742 796.891839
1 161.861036 758.807051
1 128.360333 771.670554
1 157.033526 783.322430
1 154.356766 782.354495
1 171.076966 768.126136
1 149.792901 793.426537
1 155.137713 786.289303
1 144.477388 777.595097
1 165.961065 763.317471
1 160.573092 762.600482
1 195.392677 800.742540
1 182.040764 783.383649
1 152.743966 800.101501
1 170.105400 792.433470
1 88.856406 784.050559
1 112.018235 775.423382
1 132.349405 775.758012
1 141.750023 799.099707
1 156.087836 769.114954
1 151.349164 774.978093
1 195.074596 819.564571
1 122.371354 791.137075
1 157.176270 735.525171
1 135.039817 766.773778
1 194.794386 753.538328
1 128.323934 772.926424
1 97.340171 747.424649
1 147.547680 789.305424
1 126.496482 750.883751
1 184.808390 780.327435
1 154.206991 743.582086
1 126.475186 768.970179
1 103.897731 807.056682
1 117.810090 780.386994
1 109.380420 805.901711
1 123.498779 759.272049
1 162.638328 786.857850
1 150.748844 792.837867
1 120.964159 828.577587
1 166.150314 815.013476
1 150.368774 756.715152
1 88.530793 807.932943
1 137.723311 772.463644
1 138.480285 761.583115
1 171.297500 772.269297
1 177.745459 795.453117
1 109.230155 820.468619
1 123.155484 800.778076
1 147.999279 764.097420
1 139.875283 737.846725
1 151.769107 738.332064
1 171.245893 789.951846
1 102.054962 809.234533
1 164.414204 767.793146
1 169.000675 758.243443
1 148.925235 799.669308
1 154.063304 769.298692
1 137.005217 764.967032
1 161.537847 773.963030
2 499.585782 134.991032
2 484.248733 151.095240
2 487.072859 134.072046
2 483.869978 133.688808
2 506.632547 149.885286
2 492.965995 129.845313
2 518.370217 137.655406
2 500.372290 132.347817
2 487.886167 155.139001
2 493.720714 134.765195
2 500.592111 143.538737
2 509.219396 138.393067
2 509.805614 158.859363
2 494.685072 156.280964
2 516.707945 155.811111
2 493.952420 155.236588
2 512.198795 143.865391
2 498.891104 142.434045
2 503.031665 142.810787
2 503.838197 164.691625
2 496.084056 144.129262
2 491.287710 130.238975
2 493.997559 149.054409
2 505.718363 140.086895
2 516.354893 141.664266
2 492.726283 160.391446
2 497.273132 140.416961
2 487.985610 127.781588
2 480.665799 140.519273
2 491.863470 139.404843
2 484.169628 124.939385
2 500.296424 143.208910
2 502.431803 130.208756
2 488.163780 137.309645
2 507.653555 163.648638
2 490.172815 141.775291
2 497.665782 137.406016
2 504.235634 136.967520
2 507.121802 126.362128
2 504.037112 143.205893
2 519.923327 144.451390
2 507.237126 134.154348
2 495.384363 140.921447
2 497.827101 132.321328
2 520.065446 142.572758
2 485.296409 121.877189
2 495.878229 119.440463
2 499.532163 145.276059
2 486.023560 139.868389
1 414.159271 654.484542
1 396.965906 656.429721
1 409.232629 630.668999
1 407.023245 639.978443
1 393.944144 650.141133
1 399.197276 650.149638
1 405.431374 649.333913
1 391.300101 656.779568
1 399.486811 646.725757
1 400.259023 649.944374
1 399.088965 649.256337
1 395.487644 652.575963
1 399.326209 652.158784
1 411.968041 650.520766
1 398.848586 635.686138
1 391.609420 665.205160
1 408.133576 630.837110
1 399.173399 644.191207
1 409.607785 663.929181
1 389.841955 658.005263
1 400.774781 650.308213
1 399.641320 649.664334
1 400.950645 653.944074
1 396.906714 642.965381
1 396.371375 649.914623
1 381.955513 645.056636
1 398.298446 654.480653
1 405.424793 638.575822
1 381.367666 653.613494
1 410.397212 637.327155
1 398.660293 649.819049
1 401.354440 647.757411
1 390.971265 647.465206
1 405.861198 641.062399
1 398.602001 647.378318
1 394.385557 654.002274
1 393.340697 642.555826
1 411.539163 654.654595
1 401.664526 639.774492
1 408.226809 628.395687
1 395.338749 637.154486
1 403.421915 634.225238
1 415.984239 646.909203
1 399.215922 650.971434
1 423.036678 654.281203
2 556.654560 492.168320
2 566.327921 479.929622
2 559.645556 478.749257
2 542.108217 474.036524
2 559.685605 487.433473
2 563.369408 490.282628
2 573.381410 471.477110
2 559.161220 474.688788
2 557.486451 481.565274
2 556.840378 498.166857
2 563.704203 473.647680
2 558.252617 486.808067
2 558.899972 479.781194
2 548.343974 488.373185
2 559.745212 479.979779
2 569.635254 470.297255
2 565.753896 479.453980
2 547.504747 473.173566
2 568.280122 458.401332
2 552.993692 480.154732
2 536.452940 475.645585
2 545.797056 473.774194
2 567.445625 494.042759
2 562.460124 483.713340
2 543.069621 483.761617
2 558.284391 476.821103
2 547.655082 458.294657
2 561.074381 495.485274
2 563.167474 480.654356
2 566.168079 497.857587
2 557.684401 461.115869
2 552.590856 490.349685
2 560.512513 470.929234
2 563.243376 477.289553
2 542.971177 465.114985
2 544.830961 464.668945
2 553.586758 461.895545
2 564.947799 458.268381
2 567.193653 481.763242
2 564.631733 472.059136
2 559.099342 479.038836
2 580.142647 476.366680
2 565.634408 455.665149
2 557.992754 503.939145
2 580.160206 485.271098
2 564.291244 478.719299
2 548.831643 495.501298
2 544.664903 471.243575
2 545.146850 474.591171
2 568.669514 482.475636
2 542.314648 469.645494
2 578.591519 503.580802
1 407.015715 666.129662
2 504.108071 421.135446
1 403.035889 660.371144
1 406.974894 632.056884
1 424.558836 654.761897
2 572.238860 487.060812
1 378.428239 624.443093
1 379.129764 632.425650
1 421.073581 646.231309
1 394.924357 637.932608
1 404.794021 617.549289
1 394.232067 657.251243
2 552.226741 500.584461
1 371.427964 646.969594
1 403.152273 664.787895
1 377.654052 630.737987
1 402.172189 648.251743
1 368.493176 663.667816
1 394.857928 643.820797
1 397.647881 663.927234
1 402.469268 635.669706
1 424.189085 615.447204
1 388.213284 596.013699
1 420.408267 636.162565
1 392.796238 645.104721
1 448.456052 652.100596
1 371.522040 625.671441
1 371.743489 654.647804
1 358.070649 654.861608
1 373.281008 638.164565
1 382.657512 657.548426
1 410.304825 656.938534
1 384.124410 665.390295
1 381.851227 600.546160
1 387.565525 659.823547
1 414.780584 656.264413
1 389.283924 637.576403
1 404.524995 659.498129
1 342.619584 590.316648
1 343.057462 587.462687
1 465.191352 619.310335
1 433.910189 665.345739
1 377.895642 649.114260
1 373.818094 663.950677
1 421.611355 656.395011
1 404.198051 647.677097
1 389.547563 647.880377
1 377.702513 664.486624
1 417.073054 649.678384
1 392.114856 668.457714
1 394.954126 674.308099
1 410.850476 670.035768
1 395.577588 668.116983
1 394.221399 669.527537
1 575.661683 787.109299
1 554.016372 799.904415
1 581.751516 787.336215
1 566.340280 801.260464
1 570.123937 800.021367
1 591.474880 793.367133
1 567.376086 804.549630
1 560.549366 808.971070
1 587.251436 782.693528
1 587.747347 813.579480
1 583.242380 791.272099
1 572.751738 801.405733
1 552.745377 812.852118
1 564.153244 803.367135
1 566.634687 799.764181
1 569.401358 802.703440
1 581.768991 798.964816
1 572.759855 799.243772
1 577.898006 790.170492
1 574.622078 798.789140
1 583.571398 807.125762
1 573.053080 813.579015
1 584.509425 787.087501
1 572.145453 786.877142
1 574.188549 798.183811
1 555.463841 818.504065
1 589.863390 791.962140
1 560.629967 802.699365
1 568.084256 806.421477
1 556.173005 808.304817
1 572.362892 786.040284
1 569.348468 803.664456
1 559.722450 798.231480
1 554.189676 788.492689
1 565.268759 792.765162
1 570.431892 804.553449
1 553.812317 802.677720
1 566.122417 793.535738
1 556.450136 801.912863
1 558.457108 801.771453
1 553.909713 813.565870
1 551.165307 798.782531
1 588.384833 811.338194
1 564.321143 806.739449
1 563.309108 788.919077
1 546.552111 799.804377
1 578.038975 812.878854
1 570.841369 788.925269
1 569.494965 799.816144
1 577.269699 796.321275
2 389.538227 833.879714
2 402.161750 844.896420
2 378.960659 833.429814
2 411.442228 835.670410
2 409.237313 811.380150
2 399.890100 830.041025
2 387.390942 851.011779
2 405.207302 850.738799
2 397.114311 827.173351
2 397.580039 831.068220
2 401.636197 813.259206
2 401.312932 830.117661
2 387.290173 814.781166
2 399.712033 820.898581
2 402.382769 830.642689
2 397.509522 816.278095
2 411.152661 844.794265
2 395.711069 837.208026
2 390.150597 825.066402
2 399.501159 818.059710
2 398.257724 839.003859
2 376.583223 838.678080
2 382.307555 837.874612
2 416.083383 812.282884
2 385.918454 817.639902
2 412.266138 813.407596
2 399.456228 830.895849
2 413.065501 846.807698
2 415.642324 835.764118
2 408.008256 824.890422
2 390.094158 829.951194
2 398.878255 849.165779
2 401.366324 848.649844
2 401.175089 840.522349
2 399.819838 837.191383
2 405.832256 845.406995
2 398.449407 821.013905
2 402.179150 831.091748
2 405.133892 836.167852
2 418.329704 828.496631
2 400.384027 826.575821
2 391.501291 844.196585
2 402.664223 816.254259
2 404.526549 830.470441
2 402.357607 815.581699
2 393.088402 831.176945
2 397.917414 854.296024
2 388.306593 841.258806
2 382.629465 844.753000
2 396.333447 803.021410
1 553.180654 778.229244
1 586.351938 803.771106
1 546.172775 840.376202
2 363.852709 814.802749
1 590.311246 817.038916
1 568.104159 826.696258
2 379.865359 822.354913
2 407.894364 774.543095
1 566.332546 800.434535
1 544.276787 789.785505
2 374.269659 799.757476
1 529.689750 802.896398
1 367.060574 687.837331
2 388.656718 852.181549
1 399.507090 678.430091
2 370.980274 797.260188
1 582.601485 823.654358
1 387.687472 671.421177
1 538.892852 781.265143
2 427.156492 804.377911
1 591.264216 794.135422
1 626.815617 769.865208
1 417.906132 682.980461
1 604.558595 795.772184
2 422.037069 840.584262
1 569.936304 829.423175
1 396.056260 673.069558
1 590.619730 792.763542
2 417.857887 850.816012
1 376.511214 699.913681
1 585.768015 735.068049
1 340.787489 676.546328
2 403.725990 833.843647
2 371.936550 854.886183
2 418.873627 864.702869
2 369.063237 852.030816
1 392.057793 697.364464
1 584.659801 848.834382
1 540.426838 785.187633
1 386.918265 667.341297
1 542.792635 715.901452
1 634.858076 760.689370
1 582.472003 803.500940
2 375.772936 801.495987
1 404.866475 705.204007
1 548.354594 762.447261
2 382.932593 778.181465
1 599.939454 807.459173
2 406.461919 856.696505
1 608.658596 796.959197
2 378.957375 816.710913
1 583.084785 782.267096
1 614.484128 799.443794
2 426.755472 831.747148
2 390.934556 822.306119
1 362.221691 703.477913
2 392.623969 831.250301
2 385.095120 794.248678
1 418.733027 686.766544
1 576.167264 777.341114
1 604.020607 809.669128
2 399.373926 840.652412
2 428.978423 864.780278
1 599.936288 798.041033
2 430.062798 803.140196
1 566.886560 809.584349
1 592.760000 825.912288
1 565.487621 819.447443
2 425.992118 851.619366
1 510.446594 761.226102
1 367.673022 730.024616
1 361.069894 689.537640
1 395.878346 700.035821
1 576.683649 794.739044
1 351.497610 668.602418
2 349.066623 845.945524
1 578.637460 791.580886
1 393.354041 675.039667
1 626.636588 856.725679
1 550.468188 803.035472
1 410.919029 672.711233
2 412.717129 820.258055
1 422.147307 695.326484
1 569.905964 820.139106
1 411.255852 702.883872
2 412.059612 817.528696
1 585.214325 804.847665
1 441.138144 769.709787
1 556.405233 819.931010
2 386.591808 861.481825
1 394.997255 670.448523
1 583.792117 806.113074
1 607.002789 809.953173
1 550.634247 785.004277
1 575.819157 797.290383
1 369.587654 698.689813
1 543.928578 746.168124
1 431.500828 673.074105
2 416.862311 842.319867
1 602.931358 798.965295
1 541.930187 780.703559
1 525.245986 734.588530
2 371.037448 813.982054
2 419.390023 800.437704
2 430.454979 809.446842
2 345.067560 833.709589
2 397.108958 846.389136
1 570.223697 776.250020
1 458.975568 683.137110
2 406.785522 850.166951
1 593.091786 813.684260
1 822.570945 295.209373
1 796.388864 306.657840
1 821.036917 304.551643
1 829.830806 294.046739
1 821.918281 286.535242
1 827.008361 306.982318
1 819.703925 311.468283
1 819.562622 309.232983
1 802.629404 300.577595
1 839.125300 303.166866
1 819.550908 293.675277
1 823.128751 297.453261
1 816.029020 288.743721
1 823.478148 298.508401
1 821.751465 291.149601
1 818.087407 302.558102
1 815.426318 276.391480
1 825.283169 296.602609
1 818.450751 282.660983
1 820.312877 300.045297
1 819.187439 300.062221
1 804.173060 292.202385
1 820.927539 293.228590
1 822.934482 292.983958
1 828.970412 303.746897
1 820.841994 316.170513
1 815.418058 296.885520
1 819.024018 294.624643
1 831.099042 306.238499
1 818.992631 313.060734
1 819.454788 297.964086
1 839.922837 300.968418
1 814.089782 286.227806
1 814.952164 321.010370
1 825.252307 296.898763
1 803.852044 302.353583
1 809.983797 301.390875
1 823.426854 290.314283
1 799.510615 313.051670
1 837.694861 287.564907
1 831.735188 292.686087
1 805.251090 281.217554
1 834.640377 300.015460
1 819.206725 279.764840
1 822.409595 321.539671
1 803.484546 312.865743
1 821.588987 277.873229
1 817.297562 303.155753
1 814.325253 299.945888
1 826.184956 286.264424
1 836.865851 306.743316
1 822.199136 300.465921
1 827.537822 295.979267
1 793.955405 294.712347
1 867.494267 313.630364
1 785.802607 313.839484
1 831.367321 276.740031
1 796.680364 288.740492
1 808.570086 303.890465
1 835.295392 268.528632
1 801.627062 262.960327
1 795.114993 307.197434
1 797.122220 246.437990
1 814.829466 298.393482
1 807.481860 283.641338
1 843.511702 272.940107
1 786.758971 278.409256
1 786.403814 279.934736
1 824.448203 273.464006
1 818.875721 302.574516
1 762.585135 238.427955
1 791.036744 289.770757
1 834.438341 320.818275
1 798.436226 299.280029
1 845.962301 296.474193
1 824.796086 274.840063
1 849.141346 301.219340
1 817.727382 265.690580
1 788.061804 282.096035
1 791.897291 301.366046
1 751.020242 315.564595
1 807.345214 303.384268
1 814.791704 293.828854
1 814.639922 273.052479
1 797.767089 274.378777
1 798.815562 275.609026
1 783.678608 309.191809
1 828.900610 208.357215
1 810.405940 306.153398
1 768.446989 264.146748
1 840.300049 314.818184
2 840.676232 608.621616
2 852.475574 633.410839
2 846.066883 625.840064
2 851.954105 627.968782
2 854.026035 648.220403
2 839.991632 615.530566
2 853.077069 632.163393
2 838.369887 634.561641
2 841.955730 613.519406
2 866.584727 624.813974
2 828.963805 622.449259
2 852.416090 642.763955
2 837.016986 614.694498
2 840.738615 643.357703
2 843.478089 641.697435
2 838.721206 644.038280
2 863.400528 639.149061
2 859.753973 642.335668
2 837.233535 635.162835
2 853.881323 619.546542
2 850.632442 625.157595
2 853.359522 611.015333
2 850.418268 615.658842
2 858.067359 619.559308
2 857.351504 643.163369
2 850.318600 639.521488
2 835.521914 631.914579
2 831.556330 614.604932
2 850.077215 631.957816
2 856.027421 643.177058
2 852.373098 634.690302
2 851.245743 630.290808
2 836.293860 616.051164
2 837.884820 636.400251
2 853.265255 626.674026
2 848.812040 628.612968
2 850.192135 635.737483
2 854.054095 633.278565
2 849.995893 630.763458
2 834.979246 636.262926
2 855.763583 644.513919
2 846.730506 607.687930
2 856.436795 633.342058
2 852.717873 632.804110
2 842.090755 638.151091
2 850.868218 630.077384
2 841.498960 633.550477
2 831.691895 631.432495
1 864.318033 334.944203
1 796.646418 351.329545
1 811.064885 337.787043
1 857.504400 336.699767
1 795.950077 335.674844
