1 201.889364 166.244283
1 212.483211 172.490510
1 203.705688 176.662764
1 191.860712 185.192797
1 199.578806 182.418145
1 220.977149 175.115079
1 196.939850 198.505773
1 199.999612 180.015226
1 193.785615 175.874331
1 201.650211 166.035300
1 198.891638 173.225857
1 180.106523 173.681083
1 181.902077 174.280506
1 205.334414 178.161422
1 212.620355 185.058393
1 188.913952 189.585743
1 202.955266 172.699582
1 194.252804 187.623283
1 201.516642 175.161366
1 209.057956 178.535843
2 147.719864 139.178096
2 245.197685 60.614106
2 294.372177 189.389279
2 247.747488 300.629079
2 123.511157 300.565481
2 318.756259 57.705115
2 158.408097 123.982872
2 238.095347 173.144910
2 317.447416 179.969107
2 89.577762 289.336909
2 18.138077 109.929903
2 3.136457 219.714821
2 129.998060 280.385958
2 198.110545 10.437739
2 31.140934 115.490686
2 114.672760 10.294318
2 24.569977 251.627972
2 87.105782 18.602916
2 203.383335 10.801702
2 303.357936 108.119407
1 194.694255 253.341696
2 268.335058 320.190817
1 210.090982 210.383355
1 221.264996 174.503870
2 275.235485 304.438480
2 153.164324 121.680871
1 198.885477 160.933454
1 181.368621 214.157387
1 188.165829 177.850269
1 220.959784 157.436117
1 192.470832 174.538170
2 253.112542 242.729290
1 145.955510 200.135281
1 180.946417 170.181005
2 314.496694 273.500662
1 212.665693 221.896313
1 220.684564 192.481769
1 179.047824 178.439249
1 194.343463 163.420946
1 228.916402 193.474471
2 271.780183 157.425947
1 165.231487 159.582864
1 221.654210 217.201582
2 315.357032 101.709389
1 145.782416 244.100071
1 195.856074 193.012676
2 201.927346 106.639102
1 188.810885 164.968920
1 260.559480 180.428272
2 276.238114 272.349216
1 214.085453 193.442971
2 222.300250 156.275110
2 152.285246 103.301883
2 112.465904 164.130443
2 286.756557 222.929773
1 186.913233 155.727386
1 170.268311 176.094981
2 267.710394 145.659819
1 185.768711 206.696478
1 192.704195 156.463822
2 230.987373 165.264935
2 191.934799 130.453097
1 147.654748 157.742846
2 294.919623 191.542672
1 233.360023 190.258022
1 241.788485 163.581788
1 149.518562 155.747708
2 256.208585 330.751974
1 178.300889 170.809710
1 211.614633 160.292196
1 170.366403 240.064764
2 298.329709 155.331665
1 207.101180 196.857736
1 234.380702 195.262225
1 232.975463 144.615477
1 170.331084 144.301164
1 132.429979 213.228402
2 187.788867 125.635564
1 266.751307 151.060679
2 246.990554 284.161137
1 176.105876 193.658217
1 226.416344 167.887215
2 272.451416 315.186590
1 191.847852 138.864903
1 167.807700 275.786232
1 194.430438 141.553510
1 211.903407 154.445679
1 193.739166 247.255701
2 160.345428 159.850148
2 174.249835 184.915737
2 246.329046 11.222212
2 114.649331 191.706182
2 179.381919 127.244116
2 61.892852 58.418539
1 178.289682 201.687291
2 259.060454 37.470494
2 251.599032 295.351267
1 168.948778 198.425015
1 184.501760 170.761799
2 206.163744 158.436474
2 171.244360 543.570455
2 20.994490 632.140718
2 66.088670 339.827348
2 153.389716 641.988353
2 197.668517 576.454287
2 176.469311 624.306723
2 142.015951 484.013842
2 28.754951 434.886062
2 285.577834 399.682199
2 243.642724 359.433039
2 206.003233 444.655875
2 73.254313 598.941207
2 134.954239 645.637362
2 99.191083 646.504344
2 207.408084 475.388057
2 175.878546 664.310229
2 82.550540 644.024579
2 260.009265 377.781450
2 78.843084 660.412220
2 164.823581 652.223737
2 97.366133 659.655466
2 226.051428 469.030105
1 143.108860 781.374177
1 145.163527 789.729331
1 164.059055 789.500816
1 162.035259 791.309183
1 143.341848 761.361544
1 150.635253 800.337475
1 139.604911 775.162807
1 139.669431 765.674780
1 148.445724 798.992661
1 161.454364 774.691989
1 147.551750 782.847987
1 130.097206 782.724603
1 165.210033 792.478869
1 145.398130 795.977175
1 148.886593 775.785309
1 151.684056 759.675614
1 143.634279 768.792677
1 139.070384 777.583477
1 164.121171 782.791520
1 131.403224 778.324781
1 142.264031 791.512781
1 156.685346 781.153872
1 144.954823 801.106475
2 45.445622 846.788738
2 278.842459 682.923933
2 179.601668 815.345060
2 235.255087 804.442660
2 66.431093 926.363874
2 206.757819 820.565459
2 95.990597 827.499648
2 100.781039 780.964956
2 251.927141 815.949635
2 97.995087 682.932946
2 109.632884 844.386862
2 186.317673 845.551338
2 54.460575 712.218472
2 132.847880 719.890740
2 251.392151 680.540094
2 92.891069 894.358573
2 292.569065 875.351900
2 35.480299 826.268132
1 113.842315 785.251245
1 173.372381 793.152134
2 193.319096 800.530239
1 92.190536 771.438365
1 90.111556 803.721483
1 168.480101 764.631878
1 169.467255 782.054782
1 168.542377 789.391330
2 168.422500 824.733605
1 94.778159 769.751416
2 25.548375 821.227375
2 204.540266 893.357563
1 183.679823 798.934269
1 171.234046 820.668089
1 141.676628 791.753757
1 157.681379 815.509205
2 241.103097 815.409014
2 203.539775 671.491501
1 170.265521 786.137451
2 180.759505 990.602948
1 116.537773 792.294288
2 258.015460 790.836511
1 127.591753 760.079020
2 221.154294 797.286508
1 154.957747 768.248468
1 164.826646 787.862993
2 184.157982 849.717297
2 116.517698 672.279711
1 135.364765 784.436168
1 194.012522 772.552176
2 263.769959 717.885760
2 73.279768 910.183269
1 138.243357 768.670560
1 155.722041 821.598875
2 302.130680 709.524590
2 323.002689 715.117355
1 153.132420 774.540105
1 175.251804 794.066815
2 297.239356 722.536265
1 169.162646 816.305732
2 123.931652 846.198710
1 136.154197 811.964368
1 116.521588 798.674308
1 181.763428 800.490468
2 28.160081 822.361411
1 151.908607 765.278877
1 129.380976 824.941409
1 73.479032 779.582634
1 138.633526 768.508946
1 97.799615 757.241407
1 163.300611 829.510064
1 122.653374 761.823347
2 192.868572 828.567165
2 110.514649 739.823694
1 170.528881 831.418317
2 203.380792 837.897540
1 152.233111 725.137740
1 154.747141 785.444497
1 130.866320 797.401135
1 173.709674 831.322219
1 142.327341 818.509820
1 141.148635 826.290334
1 125.299620 829.021779
1 139.534647 818.931029
2 228.755080 780.402845
1 136.517949 813.345185
2 277.837050 687.862121
1 117.012223 779.646996
1 122.997176 747.052356
2 268.488428 798.591948
1 178.036991 740.933811
1 146.959270 794.954335
1 164.122397 779.660500
2 191.761826 870.186195
2 55.301297 841.807439
1 187.019893 789.398843
1 193.122186 797.296217
2 192.777083 874.478575
1 120.760337 815.197238
2 150.640093 669.910659
1 155.620698 774.252040
1 105.496095 746.919990
2 59.950662 797.595237
1 102.725554 763.674332
1 124.430324 794.041895
1 322.507764 668.176231
2 79.244422 669.085152
1 141.352914 800.176356
2 18.772368 880.364594
1 105.797666 753.431638
1 133.989895 819.979685
1 181.834119 807.061926
2 186.845664 847.931407
1 116.108678 794.336982
1 206.435569 765.915278
1 145.640130 799.917651
1 147.180037 802.168443
1 218.543228 778.034326
2 119.980219 687.832756
1 140.695472 787.617468
2 235.955509 815.260893
1 104.712641 838.436308
2 149.258998 818.879893
2 85.440031 672.306735
1 164.825193 736.555067
2 268.260025 838.780084
2 256.792851 803.756215
2 157.492458 843.074264
2 349.778605 9.205542
2 581.120796 112.089809
2 665.653347 275.935088
2 647.042743 256.695106
2 666.366008 82.483431
2 649.420891 250.178670
2 442.269964 137.611678
2 578.546029 74.844074
2 463.885595 159.578450
2 340.834231 314.390766
2 581.659812 104.667085
2 584.759719 8.514276
2 406.604858 243.912258
2 393.617551 91.206526
2 390.672135 228.799509
2 623.500289 78.874461
2 371.782737 51.913341
2 444.498006 305.325461
2 571.288115 214.680961
2 459.060437 293.612571
2 349.969409 217.305581
2 554.134467 7.963598
1 382.260213 656.654334
1 400.060358 664.114563
1 390.688447 647.845610
1 397.298582 643.386521
1 399.545928 650.646476
1 408.363581 655.378863
1 385.087245 644.224714
1 400.441090 649.314884
1 399.327124 649.262928
1 400.506485 650.383943
1 395.364842 649.921690
1 398.053061 653.189044
1 398.752565 649.912308
1 406.456430 640.285232
1 400.504314 653.885126
1 422.983944 640.758248
1 380.384746 651.717041
1 392.518443 649.812297
1 411.925322 644.440037
1 394.418308 649.889421
1 406.652711 633.066539
1 395.472651 631.200161
1 402.283887 655.352194
1 414.147286 642.437744
1 394.118353 663.469716
2 455.653924 403.258451
2 554.207542 524.403726
2 407.654692 539.267475
2 545.309700 599.809725
2 409.899350 583.813836
2 569.053141 516.305782
2 638.136057 382.283967
2 514.384405 514.909617
2 421.769390 657.734760
2 567.767176 623.068481
2 531.947152 538.399774
2 414.301767 487.742486
2 379.458646 395.931238
2 603.739266 638.164720
2 501.170248 578.989438
2 493.003781 406.135317
2 439.302773 543.991638
2 622.657885 589.764738
2 624.977644 549.091301
2 418.523773 349.099599
2 651.343269 665.120359
2 356.809001 521.837604
1 436.828180 630.682792
1 417.737395 633.298077
1 445.730728 630.543446
1 431.790320 655.556425
1 425.548566 626.637071
1 425.945032 593.572149
2 386.900181 568.855121
2 389.697104 591.709949
1 378.353756 625.588204
1 396.432957 630.439918
2 427.098534 652.877400
1 408.578936 652.495637
2 396.973543 610.358745
2 406.862124 577.292358
1 368.586828 662.083356
2 371.851021 375.610654
1 420.011934 642.349383
1 387.982695 659.478751
1 417.895399 636.586000
1 462.685589 649.111051
2 449.776097 612.307339
2 483.062641 656.759919
2 535.545834 484.098386
2 487.078471 588.223838
1 401.964037 654.375619
1 412.983809 620.909762
1 349.302874 611.401341
2 450.955143 626.423488
1 422.929364 652.368510
1 406.707330 607.683194
2 420.503843 581.821311
2 396.035765 591.924840
1 401.238919 650.106307
1 406.830316 647.652121
1 376.131266 598.984673
1 404.036879 629.866386
2 381.251170 575.949559
1 363.037219 640.721327
2 488.326585 386.547852
2 392.763808 633.512343
2 457.602081 559.978940
1 363.637861 623.370769
1 422.610490 658.129351
1 376.843291 633.144603
1 397.205922 623.065841
1 365.131612 626.000225
1 401.095962 642.711622
1 384.887615 598.208576
1 376.009476 584.655926
1 464.924615 645.224099
1 406.824149 634.666058
2 522.922008 559.423328
2 479.978324 527.823840
2 438.515433 585.652398
1 404.714610 663.192540
1 436.158468 659.169481
1 383.241031 634.315891
1 404.689305 603.439988
2 423.670458 592.129981
2 421.012093 579.367613
1 443.031855 621.003595
1 412.607927 591.092543
1 474.945092 665.757619
1 416.210998 562.579086
2 440.078707 586.295057
1 434.579319 620.985539
1 468.310447 646.332395
1 343.509067 640.118938
1 392.584448 635.276316
2 415.205334 543.137080
2 408.445181 598.343190
1 403.955629 639.146281
1 390.072725 666.402980
2 394.357609 621.568901
2 418.928185 657.714953
1 581.619194 791.499844
1 575.479506 794.895237
1 585.959880 788.115219
1 577.599504 805.651019
1 574.622168 791.722488
1 564.053403 790.297419
1 553.192257 793.616418
1 576.378288 808.759825
1 576.727973 810.336564
1 548.627846 793.185977
1 571.998115 799.433039
1 570.978102 799.174940
1 576.423917 815.735739
1 592.085861 806.001343
1 575.887485 815.058752
1 571.754810 812.072489
1 569.199946 795.767835
1 571.582199 797.383136
1 570.353356 805.491408
2 577.914558 714.854242
2 601.527925 716.441812
2 443.770658 934.503837
2 642.694306 910.732831
2 659.645040 947.878012
2 526.803464 864.987154
2 349.544459 746.803773
2 381.538185 894.107693
2 412.598899 810.795338
2 448.318685 952.522040
2 503.259611 871.763370
2 408.423329 772.895511
2 650.792042 795.792364
2 648.836860 787.895538
2 572.124382 759.782192
2 622.243191 962.189270
2 524.971951 840.720524
2 430.984447 864.594218
2 583.814646 844.751735
1 580.349892 804.605791
2 348.374224 708.936181
2 409.575080 963.109291
1 589.195023 855.986712
2 548.130298 727.265326
1 394.751097 693.638683
1 593.267532 805.824375
1 601.545575 744.480479
2 391.257672 748.429227
2 660.996208 757.429125
1 519.300453 859.026371
1 620.327733 802.249774
2 434.295342 722.656916
1 602.151904 849.021656
1 541.003119 839.992563
2 644.147185 935.492330
1 614.199414 828.204235
1 574.947507 780.153979
1 575.391527 828.697766
1 572.543857 821.684055
1 554.505546 844.199618
2 483.708620 712.475565
2 662.223533 912.342759
1 396.331104 677.208682
2 665.477626 750.335147
1 525.320748 743.049184
2 554.415662 771.341145
2 538.823012 721.409033
1 533.127384 825.233003
2 650.657415 892.030985
2 434.864673 720.843590
1 573.209242 772.350394
1 567.358298 816.914588
1 565.789586 786.839347
2 557.742967 754.641112
1 604.903379 737.264471
1 625.440350 747.549776
1 525.308970 807.068796
2 376.616096 705.184612
1 572.877157 818.561217
2 486.649156 871.635443
1 571.737420 793.120654
1 582.053876 791.279856
2 591.117702 702.450637
1 551.420744 829.705185
1 555.175779 836.148288
2 540.384171 731.487127
1 617.520126 848.736429
2 640.737369 766.919604
1 611.536749 796.414957
1 598.600082 839.247477
2 460.401564 685.011706
2 352.383520 685.518740
1 573.163610 798.541341
1 597.315884 803.486117
1 563.599741 803.760768
2 493.806456 811.246162
1 530.405323 828.639613
2 483.913496 835.924607
2 610.414718 845.511509
1 613.069937 738.019848
2 472.391774 701.855155
1 410.249698 672.150654
1 582.918071 816.919100
2 507.991868 858.902623
2 411.160184 760.723166
2 659.314254 820.909446
1 575.236480 735.554853
1 388.331576 681.596167
1 429.102943 693.824485
2 457.944844 672.565794
1 597.306919 790.245093
2 502.825715 731.045760
1 552.369371 802.993219
2 547.748264 779.180826
2 601.675714 880.001783
1 582.181879 750.572153
2 396.363342 680.454641
1 390.433590 675.758541
2 345.864128 728.083614
1 544.626600 780.750232
1 633.477213 719.992015
1 444.620670 675.371923
1 380.329958 705.788368
1 576.479590 838.411031
2 657.836762 936.143326
1 540.654410 776.616980
2 635.004484 775.490754
1 551.153224 820.722303
2 653.553462 819.411777
2 624.687387 753.333180
2 500.511698 843.539595
1 418.824117 680.721439
2 425.935349 685.140616
2 342.023001 734.052335
1 580.543954 780.506602
2 541.315748 887.143292
1 565.707617 763.643433
2 623.566239 877.895594
1 568.819343 752.899375
1 572.962180 756.257838
1 574.425464 786.800280
1 433.742965 687.510852
1 595.529277 844.931694
1 551.038592 822.954198
1 592.603250 757.656762
2 634.734098 884.311977
1 576.876165 870.903841
2 623.031893 893.693423
1 408.337867 679.724115
2 430.452203 954.299519
1 580.958588 802.949172
1 580.052936 830.048063
1 575.211403 801.744706
1 825.323420 313.131564
1 817.333145 301.770809
1 812.226200 290.236725
1 824.995430 303.209579
1 814.043604 287.613507
1 833.030645 316.684872
1 831.667684 295.476292
1 834.044190 283.999700
1 819.691371 300.488439
1 820.776003 303.481807
1 807.626186 302.934711
1 820.155986 304.158386
1 822.841290 275.549347
1 818.328382 301.953430
1 830.789986 321.305360
1 821.461269 298.275657
1 837.939457 290.559085
1 799.208382 306.913418
1 827.960425 295.295719
1 824.871657 302.618242
1 822.031434 305.360813
1 820.658663 284.509079
1 809.235061 314.367895
1 817.915434 307.558264
1 820.400217 300.308929
1 818.762404 303.936763
1 829.669497 290.198884
1 832.419664 315.356267
1 843.686914 295.652230
1 836.313379 292.914827
2 666.798979 177.648918
2 722.194114 196.170142
2 799.967573 112.965367
2 967.740334 176.295514
2 896.554048 172.220755
2 763.118143 314.693327
2 830.285743 135.188482
2 995.768737 265.352777
2 900.574006 251.836751
2 844.330495 166.834008
2 721.232896 113.150164
2 955.189126 119.127902
2 923.431828 272.093459
2 809.899771 309.508034
2 700.217118 149.705557
2 923.879637 114.424918
2 725.838965 321.164163
2 826.266588 220.737925
2 942.296089 88.085685
2 961.750529 170.609145
2 747.794707 283.159653
1 806.814176 239.387667
1 804.331797 321.901232
1 848.205952 293.959127
2 875.791620 264.588455
2 845.048195 297.217596
2 799.514356 281.614860
2 836.800013 248.710194
2 983.461491 135.330962
1 843.266463 262.457642
1 793.827639 262.677063
1 805.861857 319.727062
1 867.194598 294.555707
1 755.852004 323.181575
2 802.268571 275.433685
1 847.144939 279.118919
1 803.140755 260.959051
1 802.929259 285.591060
1 775.065394 320.928349
2 769.528168 226.701565
1 812.632506 239.806469
1 803.062809 288.131679
1 855.853800 282.227982
1 807.895215 271.398266
1 759.513046 277.880714
2 857.270511 295.796471
1 873.589936 289.044485
2 820.652440 214.235909
1 821.638886 254.681469
2 750.163849 236.991600
2 742.006516 237.938130
2 741.311534 290.615069
2 771.880726 246.016266
2 824.907195 263.591253
1 876.400729 261.647877
2 720.912725 266.290965
2 890.157772 269.436742
1 825.376340 272.272285
2 735.928378 305.771510
2 825.795974 329.749422
1 789.674143 188.941968
2 903.023279 243.334445
1 838.841615 283.399606
1 864.735708 301.395181
1 822.783427 292.857660
1 822.379615 290.500018
2 747.607484 242.497481
1 815.969886 297.064889
2 847.238205 295.184951
2 821.051734 253.505704
2 766.724006 243.639309
1 855.026569 305.739038
2 843.369301 250.738565
2 798.812634 312.998816
1 805.048098 306.698527
2 914.465422 171.797091
2 746.413889 239.689222
1 823.609669 270.822996
2 901.699051 275.185347
1 819.974663 273.304608
1 807.791057 254.446596
1 871.881632 317.539188
2 745.187700 323.548814
2 979.062910 291.848315
2 713.286165 217.691933
1 823.466414 275.891988
2 720.303918 316.332026
2 830.758676 301.174123
1 874.360679 321.102230
1 839.334240 270.158137
1 808.202304 328.042457
2 778.671256 292.723430
1 852.220083 280.191187
2 685.483240 305.762407
1 862.132791 277.061982
1 808.999095 328.819846
2 748.227523 301.043887
1 848.375579 325.748873
2 774.090810 279.672657
1 827.445400 264.476434
1 813.801002 293.446471
2 795.980292 263.472651
1 898.123307 299.517659
1 838.347136 272.465341
2 779.523543 268.892046
2 740.373513 271.727325
2 846.513173 271.019321
2 698.181685 279.438155
2 759.199557 311.675700
1 777.197533 291.750170
1 804.976495 275.137605
2 804.887947 209.633803
2 947.499762 252.936970
2 727.976794 309.659811
1 792.834771 326.867860
2 789.968749 232.702938
2 877.703322 314.822936
2 740.176763 316.578754
2 831.697464 98.352854
2 932.220130 239.257892
1 801.489042 260.675747
1 800.664413 300.196927
2 740.792081 297.821763
1 851.428133 318.889148
2 938.667897 266.770735
1 826.330241 259.211615
1 823.898042 274.666962
2 938.432340 265.992396
2 869.597097 278.938606
2 757.685309 309.573028
2 808.680625 264.332916
2 781.825741 319.427678
2 924.822934 360.146150
2 853.461554 617.476469
2 677.775509 342.930127
2 910.013623 458.782088
2 968.121624 355.378469
2 909.437058 404.824141
2 857.254788 594.139169
2 977.632657 440.842494
2 720.361765 580.513346
2 958.985674 356.512416
2 952.169677 569.099599
2 813.839232 641.817628
2 922.861860 409.129112
2 923.699222 340.109950
2 857.317670 417.800218
1 827.561505 375.428189
1 816.401757 371.315829
2 716.173201 372.238113
1 834.548351 344.166835
2 742.360160 365.704864
1 820.195773 361.342131
2 866.836725 398.337971
1 719.473619 340.495875
2 841.312248 430.689139
2 865.194489 376.962086
2 870.002412 334.757973
1 851.136597 337.397392
2 880.235228 373.353974
1 817.398035 341.644067
1 846.175007 433.432112
1 853.172004 348.448779
1 815.920242 367.754084
1 824.269071 454.124211
1 845.330334 435.028481
1 862.971803 349.250712
2 793.436147 369.235608
2 882.642676 339.295845
2 725.803487 374.228748
1 809.297506 485.778546
1 799.981007 364.601021
1 818.190947 349.393539
2 710.104319 663.909408
1 853.577425 386.006974
2 848.859374 357.047442
2 817.317326 740.240759
2 728.193996 675.485181
2 676.107195 838.903866
2 836.032604 668.933878
2 922.795936 866.236940
2 906.207141 929.633314
2 970.266889 912.324051
2 841.109441 723.509132
2 981.902447 834.698518
2 864.426634 915.553717
2 761.362816 885.111847
2 693.274694 781.004788
2 666.953286 932.102326
2 741.835712 871.078402
2 806.801612 766.132397
2 763.146447 693.436160
2 801.059404 831.165753
2 886.248995 948.804928
2 956.322638 872.707165
2 679.193257 793.953548
2 990.449957 817.184543
2 790.396623 760.201321
2 670.287772 807.813106
2 953.975116 737.864693
2 758.786842 772.823365
2 960.502495 718.489223
2 798.563348 671.673918
2 692.045660 917.037459
2 994.138247 871.887402
1 667.652849 749.917542
