1 197.585379 68.536473
1 227.392955 302.192280
1 313.969586 315.599614
1 230.003390 178.856653
1 314.414491 210.164995
1 67.476189 260.100194
1 140.683214 156.090703
1 327.772860 137.490116
1 24.904997 303.394023
1 173.588134 18.022255
1 104.480227 300.510895
1 48.617216 75.470187
1 61.422672 151.633035
1 239.003649 113.693761
1 263.906661 32.168027
1 85.354037 176.337397
1 188.429640 110.722341
1 85.447888 324.330994
1 241.341109 212.649048
2 311.303603 181.219448
2 296.287722 49.767000
2 304.295869 104.174248
2 218.346695 214.268148
2 260.349239 159.039324
2 324.061254 12.367633
2 274.374649 192.921543
2 111.295531 220.133324
2 23.491015 238.615023
2 208.130459 204.658832
2 160.450556 37.472569
2 327.701120 223.464263
2 226.152450 34.390305
2 84.408012 75.818389
2 186.346612 292.779963
2 49.404244 283.744333
2 259.220601 265.894176
2 70.388703 330.014283
2 129.997594 243.710430
2 159.875039 88.026675
2 28.657664 4.273275
2 56.607664 307.899096
2 312.166270 137.625010
2 26.267607 21.270480
2 316.370337 74.529812
2 321.298975 54.299931
2 264.232769 249.187822
2 255.375288 185.264193
2 91.682547 223.742952
2 320.127970 41.006667
1 40.276163 143.840404
2 233.844237 254.390929
1 311.964845 127.641031
2 50.026766 305.909821
1 40.407980 121.090400
1 328.192831 126.780198
1 308.465476 93.322572
2 311.571091 312.831072
2 149.879654 253.339595
1 301.181367 128.358971
1 41.124831 330.196878
2 13.916477 278.627885
1 268.087143 302.863294
1 80.486606 242.350056
2 184.527444 234.776722
1 106.330689 215.517757
1 108.874523 295.695339
1 118.690788 309.103783
2 25.677270 274.746174
2 75.622906 233.735351
1 111.375351 282.809245
1 42.205126 233.853508
1 287.318967 85.529941
1 126.817551 305.022166
1 262.205827 296.726634
1 38.383451 104.703011
2 168.719429 224.927637
1 280.833624 327.906058
1 265.950033 315.904338
1 302.652214 196.435508
2 188.399726 310.695790
2 278.598692 63.970901
2 259.687989 158.953695
2 272.989380 138.308380
2 44.930125 303.473002
1 272.619416 42.916761
1 286.143493 322.098793
1 284.584090 306.782499
1 230.194937 63.330381
2 20.828888 239.471747
2 292.916787 82.712392
1 99.564598 184.930285
1 328.019937 246.177080
1 277.516070 278.944131
1 118.038270 320.332174
1 193.847292 86.114456
1 294.323065 18.083490
1 143.290790 149.301258
1 242.868597 245.867949
1 262.582214 52.735867
1 133.548002 135.636803
1 163.491249 479.108492
1 58.795044 497.863921
1 38.816802 662.589717
1 219.538441 433.763289
1 221.169798 380.067057
1 194.360526 412.161575
1 189.382456 509.944123
1 230.529024 558.307207
1 218.647039 658.015779
1 206.277293 379.037724
1 193.212425 450.287582
1 235.155047 472.810310
1 180.265875 471.780884
1 149.900140 516.909154
1 105.358924 407.332115
1 204.424429 617.270977
1 152.879955 490.706121
1 30.461587 417.075698
1 0.480891 612.236223
1 146.920984 561.102274
1 47.585308 647.157558
1 315.283949 603.734123
1 33.137175 649.557979
1 276.358118 413.278334
1 284.242584 396.271092
1 102.107081 634.761869
1 316.598961 383.804521
2 299.201049 449.494960
2 173.855350 592.209000
2 115.556649 362.056388
2 252.749137 558.805498
2 273.631074 376.147589
2 134.712736 598.533107
2 330.712272 586.209813
2 197.531141 498.212117
2 233.907174 613.206898
2 304.892282 625.772198
2 281.478477 407.085735
2 27.028763 525.779509
2 60.834130 666.560717
2 22.493793 578.740681
2 314.257561 665.376860
2 231.058875 589.727769
2 205.058867 651.079323
2 242.136558 463.384920
2 208.381219 581.376326
2 206.069341 333.801522
2 64.670478 522.482213
2 91.462422 610.635597
2 284.807814 501.714916
2 92.715450 413.027946
1 93.607916 492.398275
2 74.171724 557.411050
1 69.472338 355.602543
2 267.094601 380.214287
2 53.969665 436.253863
2 62.966490 543.834508
1 218.877191 433.677660
1 245.852328 623.356504
2 265.734318 470.519116
1 246.810881 563.353974
1 225.636131 344.769404
1 55.424109 530.809313
2 115.645396 617.773846
2 64.612422 362.188850
1 221.018763 417.481781
2 52.328631 599.135042
2 149.691747 584.973594
1 255.296401 425.267887
2 47.054672 398.468665
1 102.840715 664.358382
1 320.606790 374.608041
1 5.058417 358.354888
2 105.484619 505.716264
1 239.644294 465.863801
1 146.130263 581.894633
2 277.432500 473.018274
1 229.695797 413.042021
1 157.183421 512.610333
2 257.865421 439.078125
1 154.597898 465.225638
1 249.835911 439.592554
1 114.278012 944.504855
1 63.229111 954.847485
1 263.934164 694.517496
1 136.924088 691.493316
1 36.741120 839.077199
1 91.065556 770.707594
1 127.126240 953.447158
1 318.283908 854.352679
1 203.245367 953.596296
1 64.373245 872.201101
1 182.175276 940.294038
1 219.812535 708.683614
1 44.055137 933.189976
1 250.228455 871.586628
1 203.154321 897.236786
1 290.334198 928.099551
1 274.301190 683.853948
1 102.448526 768.324268
2 87.527853 892.257136
2 278.084093 919.242683
2 131.113662 912.742586
2 296.334759 892.508787
2 240.171921 802.840766
2 107.076504 909.006980
2 204.323078 741.582202
2 213.138510 672.667877
2 155.575248 687.687698
2 181.319500 985.091133
2 116.215981 692.181778
2 173.237317 928.117672
2 274.114663 758.089276
2 236.881243 788.766236
2 240.933586 706.704299
2 277.356968 681.089350
2 13.041661 803.003318
2 316.195059 764.532779
2 205.393524 890.153634
2 118.604955 699.130390
2 61.644076 900.865378
2 168.701846 780.767669
2 165.308361 678.683242
2 219.097761 795.967136
2 21.331296 998.623514
1 64.250792 751.865910
1 94.425970 824.484345
1 71.687045 829.739287
1 259.950857 811.770970
1 101.573619 818.901400
2 255.253100 863.049326
2 72.143121 949.092021
2 269.513087 961.102434
2 60.310186 833.046966
2 108.988013 921.609146
2 233.478633 959.334743
2 94.346573 906.454139
1 101.194094 674.711253
1 258.317625 861.417635
2 208.183242 918.779760
2 150.468133 699.466419
1 51.189960 782.285920
1 70.090949 886.732731
1 49.315847 710.816360
1 263.489187 718.269480
2 206.168992 771.420188
2 0.067026 988.314932
1 30.790296 844.394417
1 266.678543 849.517163
2 113.806738 932.587087
1 148.436268 669.248451
1 240.568970 829.827161
1 255.269712 681.986604
1 81.612444 693.778032
2 296.184954 764.561095
1 16.179363 886.692330
1 437.672608 243.588201
1 659.482798 27.387874
1 554.549485 150.343773
1 494.573009 201.953483
1 366.801041 295.120732
1 624.710932 4.766620
1 554.231944 143.679682
1 538.309617 284.726028
1 555.786333 203.063245
1 333.861333 157.776151
1 600.836980 316.081911
1 400.372799 10.856292
1 415.575331 234.658095
1 506.271850 286.688390
1 387.232029 36.243329
1 400.507023 34.230554
1 639.038861 132.143028
1 343.499290 58.704461
1 376.892342 172.228952
1 414.725986 88.442162
1 409.032608 238.411885
2 545.232714 69.819280
2 497.057436 147.554779
2 352.786408 298.573828
2 403.785010 190.942886
2 386.675433 147.413109
2 485.581418 1.609562
2 389.899839 75.260711
2 629.392762 195.655718
2 487.276280 269.425335
2 617.622418 208.299237
2 452.664790 48.360798
2 616.741788 12.729389
2 551.283602 2.600051
2 345.087822 55.576289
2 553.615903 138.542809
2 508.720626 78.371781
2 583.254824 9.354457
2 629.694619 226.715719
2 375.697774 56.666100
2 467.638588 215.260343
1 566.132796 205.701976
1 432.370201 34.566583
1 412.702297 252.137869
1 413.746475 40.203702
1 383.263318 286.740914
2 569.376510 192.843778
1 558.299689 256.877203
1 498.483179 202.200295
1 481.592023 202.818299
1 423.906288 11.310952
1 399.100354 193.826980
1 353.314024 178.452909
1 556.077858 173.517668
1 556.435956 192.527720
1 652.320720 321.341257
2 472.437919 200.497623
2 552.864884 263.469453
1 356.536184 46.223647
2 385.898722 185.061060
2 527.728960 174.992073
2 551.693879 250.176189
2 333.821584 34.042576
1 353.851405 129.927326
2 653.560145 226.354236
1 389.906696 12.921356
2 544.591860 244.820910
1 376.766813 235.623642
1 621.479239 116.082754
1 465.336712 254.358904
2 492.524601 224.826210
2 474.963093 278.639068
2 516.727598 129.930938
1 470.025301 160.042329
2 521.757520 65.890967
1 344.908556 106.363192
1 601.600000 151.601330
2 397.325556 113.322244
2 607.303424 133.659944
2 368.258721 100.952786
1 555.214026 269.138066
1 615.343237 218.136649
1 535.524317 160.740583
1 337.497819 498.309166
1 400.627405 354.314444
1 531.729551 438.009189
1 465.860585 497.771392
1 530.813643 627.469104
1 439.673418 455.271631
1 605.222508 510.639681
1 538.450583 385.941499
1 634.484924 386.131854
1 636.274505 643.814850
1 582.233200 512.266875
1 611.870395 354.925545
1 428.424631 359.832228
1 372.358615 528.288930
1 649.120156 403.353534
1 580.333194 508.599401
1 575.767190 358.325627
1 616.376797 646.466445
1 508.200340 343.851177
1 597.926505 594.775631
1 414.058782 537.756811
1 607.111084 487.176608
1 532.285224 549.423580
1 471.975369 344.255530
2 641.172031 627.485645
2 576.459885 523.426468
2 448.339665 568.537646
2 379.576731 453.259534
2 650.687050 406.399743
2 644.760365 509.502881
2 616.722677 420.477605
2 488.089405 503.064856
2 411.144280 406.662058
2 623.372161 468.380917
2 552.020073 656.825809
2 467.628122 554.710692
2 557.924016 394.976669
2 487.438303 384.154701
2 528.320052 391.491566
2 562.553138 558.126708
2 616.423212 525.475439
2 598.103253 453.918760
2 475.160978 406.484023
2 403.064486 466.049517
2 540.981224 355.940442
2 662.607590 345.115221
2 444.070445 592.161289
2 356.779418 589.667787
1 540.932313 538.957101
2 445.491817 554.944364
1 340.975497 346.895352
2 541.674400 597.843099
1 553.826640 358.684866
2 568.327334 587.524866
1 440.364038 404.137539
2 613.041344 403.559031
1 343.426308 640.600624
1 389.274132 589.733943
2 465.062092 617.860209
1 528.901402 574.778167
1 598.060938 599.872176
1 401.277201 546.166343
1 606.708027 589.405697
2 339.163327 392.492881
1 479.221570 368.944332
2 546.124564 642.276328
1 386.601797 361.729041
1 627.428056 435.770445
1 395.060527 347.543894
1 658.750684 339.438120
1 520.139747 388.156488
1 419.150696 414.414437
1 525.477518 538.864308
1 405.560867 431.634777
1 590.927586 580.625797
1 478.919010 412.183635
2 462.702271 596.259286
1 629.482202 345.806660
1 558.611920 550.986139
2 554.977667 379.961814
1 662.544581 850.616544
1 595.691517 676.109538
1 543.640552 695.150826
1 514.578574 810.166524
1 631.519930 765.158865
1 633.561672 927.470537
1 489.580713 845.742489
1 555.375538 872.662250
1 534.212399 935.118961
1 632.818256 867.544517
1 445.027406 693.433344
1 514.116324 880.708123
1 560.013102 804.072625
1 526.179331 995.142182
1 540.790254 809.096258
1 583.042329 701.874352
1 416.923185 703.356275
1 635.012244 862.428616
2 458.647282 888.125089
2 358.843302 932.203177
2 486.158226 701.801227
2 387.540374 943.278405
2 510.628871 687.380767
2 502.008098 803.772595
2 658.978667 687.662515
2 376.102059 924.033618
2 410.316333 800.393337
2 501.907144 883.835943
2 465.223297 959.861419
2 372.024948 827.011581
2 510.447942 846.363111
2 579.728320 968.079010
2 605.570660 885.512517
2 557.632724 776.662259
2 479.682360 718.267100
2 573.949316 771.258111
2 444.632350 769.252331
2 427.137828 896.014539
2 432.330753 767.295837
2 647.750576 935.049148
2 634.725527 904.321227
2 490.173772 705.255456
2 345.161844 771.372761
2 492.872069 763.559999
1 410.074497 888.797322
2 470.627647 958.126174
1 473.481111 978.453681
2 375.449931 962.944625
2 463.261871 864.623624
2 551.418089 761.602488
1 656.977703 843.845994
1 451.408020 971.182034
1 359.437661 978.526806
1 480.466023 786.529670
2 495.400072 702.198251
2 604.194390 981.604836
1 513.855220 731.186480
2 458.998274 800.037201
1 535.789369 717.792377
2 482.480095 696.350476
2 560.752830 734.752776
1 480.262687 810.900661
1 489.558112 724.882574
2 546.486063 777.503831
2 480.122030 786.129152
2 339.320092 966.974135
2 466.419390 873.293187
1 434.532709 880.835433
2 617.913453 856.421060
2 502.368694 737.367982
1 370.901504 997.003489
2 658.413291 965.473337
1 521.737055 887.302839
1 946.685645 109.988788
1 767.907736 98.066569
1 723.442000 85.014089
1 900.365892 54.065705
1 788.971267 268.132435
1 974.755801 146.535561
1 691.561735 314.308697
1 980.420592 68.781357
1 962.258994 313.001479
1 672.372467 90.696022
1 841.535291 300.881902
1 886.028776 301.519180
1 848.896776 101.239247
1 983.302944 111.420018
1 929.245363 145.278844
1 893.361030 289.998926
1 857.788573 22.876179
1 778.319062 153.347837
1 699.510087 290.988315
1 727.528044 274.202015
1 799.138123 243.896612
1 839.545475 84.013812
1 980.670262 100.503480
1 928.259221 68.468331
2 761.223703 188.258693
2 825.531417 308.638669
2 722.519278 299.405164
2 822.344151 161.353950
2 712.757922 330.332361
2 879.787301 294.005986
2 785.736209 193.188338
2 670.936081 239.491144
2 875.924621 256.132601
2 803.246346 171.690774
2 980.532567 95.485614
2 893.840095 186.712941
2 963.742458 276.499814
2 832.603590 18.087352
2 837.232900 322.303772
2 931.047050 81.067241
2 748.202896 54.657703
2 848.235397 11.428255
2 893.714932 139.460270
2 752.627736 165.661173
2 835.685507 164.206653
2 672.715336 96.579324
2 772.732596 169.926988
2 941.315398 214.493748
2 792.245724 309.108808
1 903.573299 130.256126
2 836.608713 315.674318
1 827.645078 105.441550
1 803.481474 98.206145
2 796.981663 179.763291
1 924.387732 49.889042
1 930.748394 250.497538
1 756.917504 47.560550
1 887.065759 279.360659
1 945.511488 35.980993
1 672.368696 277.586657
1 725.148843 97.549423
1 753.227623 97.184473
1 827.645078 105.441550
2 926.670609 207.720429
2 874.620264 282.802384
1 889.375660 3.559686
1 670.753752 295.870520
1 949.143127 181.090692
1 953.528871 87.101822
2 710.082970 276.876624
2 896.729250 243.128941
2 896.658823 262.701888
1 911.885270 44.653882
1 689.063357 62.578064
1 930.684392 13.391134
1 897.060344 547.312910
1 735.501662 492.877225
1 788.146643 665.920776
1 732.729678 562.481058
1 874.550603 338.888955
1 933.083970 644.164863
1 701.520157 588.107285
1 785.529985 378.422290
1 793.020601 467.315333
1 996.085707 409.312371
1 795.199957 354.587125
1 894.956407 462.415673
1 849.637310 379.541859
1 739.893326 519.316578
1 713.646393 559.191219
1 927.313567 450.265303
1 739.328962 440.117238
1 973.331642 581.856048
2 960.949527 569.570709
2 935.966839 653.051092
2 927.315655 378.736469
2 683.668105 524.249998
2 761.356937 492.751501
2 691.004191 582.766931
2 979.082283 493.955603
2 848.086646 586.213854
2 811.866568 632.505143
2 879.844751 592.811505
2 735.073520 632.649006
2 896.992502 567.010741
2 751.724726 452.877944
2 697.186770 591.876354
2 773.996828 552.161962
2 933.404402 379.427592
2 816.502501 606.469002
2 902.932218 421.229533
1 762.875580 639.674090
2 827.868229 622.649352
2 776.001374 654.829482
1 697.690447 595.756645
1 916.544888 521.139792
1 951.272713 477.110733
2 827.986679 460.290009
2 752.030074 472.352692
1 821.806102 480.065425
1 933.895715 595.283115
1 714.693555 560.307314
1 987.157771 590.766348
1 775.331366 511.858631
1 780.628908 528.151150
2 747.662754 443.800076
2 863.471584 603.633259
1 958.084498 476.732222
1 750.405008 625.539688
2 827.593102 536.945898
1 810.282193 624.442483
1 760.083771 576.788685
2 968.218163 384.839736
1 777.875427 961.349815
1 713.883973 681.871294
1 884.976513 967.340616
1 776.948956 925.669527
1 985.729791 736.182174
1 752.682000 760.811311
1 889.445493 755.067427
1 991.276271 928.139018
1 761.411600 684.993317
1 948.075843 711.627920
1 790.947674 667.164776
1 787.572453 772.058655
1 753.908400 957.381225
1 804.312989 796.868233
1 992.452014 887.245723
1 973.469796 973.959822
2 806.888779 903.158509
2 711.178231 902.302355
2 910.685141 887.346740
2 955.729005 752.378792
2 688.667302 741.599192
2 851.580954 973.453359
2 751.369956 730.967509
2 901.751763 901.376158
2 961.570173 672.819592
2 828.199575 803.765985
2 730.353121 806.652293
2 851.828095 829.326335
2 957.127626 945.695485
2 900.559246 691.848082
2 673.480700 875.861290
2 797.561275 886.615365
1 753.556451 729.851717
2 829.090338 963.618405
1 985.370157 863.132099
2 819.984016 938.944659
2 938.073309 765.647043
1 684.657449 783.935745
2 724.407070 917.090433
2 736.725167 724.194190
2 685.482341 837.068870
2 827.857990 909.924852
2 858.111376 941.567978
2 897.921547 685.274563
1 966.164262 880.455306
2 688.359282 949.004617
1 681.718778 975.918215
1 682.117840 799.500370
1 975.903696 680.036890
1 746.931326 680.178020
1 787.881174 799.120369
1 997.252445 853.904089
1 673.340886 833.366935
1 862.030073 998.218824
1 939.072112 674.101519
1 995.835014 923.435035
2 822.045017 915.102447
2 768.710162 870.359286
