1 202.078525 179.315206
1 214.176846 164.074055
1 182.952212 174.534474
1 206.669392 164.939290
1 196.768541 177.505941
1 204.328503 189.087506
1 211.836927 174.842533
1 193.067098 161.343859
1 199.534577 179.521387
1 201.970054 177.160632
1 209.442568 186.467994
1 203.531713 193.973627
1 193.107182 173.501593
1 196.032144 186.401373
1 216.060535 192.472274
1 194.037276 181.435106
1 199.799649 178.648621
1 181.725132 173.312320
1 190.123317 178.772194
1 199.410362 165.275356
1 210.518514 165.218820
1 201.121318 185.842062
1 186.702925 186.835629
1 203.281993 182.508794
1 215.404842 195.972708
1 209.131122 169.530986
1 205.148379 156.622375
1 181.850433 214.230856
1 247.698908 187.139952
1 169.711899 174.984640
1 178.809139 154.310756
1 174.277626 137.624145
1 218.551935 156.450554
1 253.405677 198.373895
1 192.511771 222.670011
1 175.128865 188.149819
1 202.988334 214.191201
1 118.851778 159.393100
1 143.527167 161.877228
1 180.792037 164.810878
1 249.096000 209.513029
1 205.660788 199.888086
1 178.941240 176.977118
1 156.650480 195.924054
1 171.732369 207.186485
1 187.030052 193.744166
1 171.374144 124.381565
1 247.900779 168.323063
1 235.200543 205.770405
1 198.206691 164.510083
1 134.037563 186.396637
1 273.946742 191.001916
1 161.338923 135.035792
1 211.441082 195.099955
1 258.306252 206.564460
1 279.764626 202.314298
1 220.844815 167.850617
1 209.568728 158.297300
1 163.689027 127.304402
1 140.572719 222.921021
1 242.348210 206.865952
1 157.148566 162.721217
1 185.538116 142.809741
1 207.182450 230.037380
1 209.222967 197.694096
1 200.838499 139.133552
1 171.104643 234.659289
1 222.042593 166.508092
1 195.608030 125.321815
1 273.102095 177.836425
1 208.361661 163.477202
1 184.011683 207.763701
1 193.550420 155.572775
1 279.764627 202.314298
1 224.371127 210.498603
1 188.591271 190.922457
1 228.152437 182.496077
1 217.468630 139.225017
1 272.005485 160.042983
1 242.734702 126.000692
1 208.964369 188.889924
1 227.254740 145.641239
1 159.933835 110.596231
1 215.014526 268.366611
1 212.274700 134.081235
1 217.416162 219.275338
1 158.708017 148.194075
1 135.167394 215.174123
2 59.664177 453.414726
2 50.576305 436.787278
2 43.175214 434.119097
2 75.720087 415.002922
2 58.804816 428.815023
2 63.347146 425.863559
2 60.732494 408.726670
2 72.406240 438.663397
2 68.614963 418.307461
2 78.024736 442.886722
2 50.591738 412.758446
2 64.626408 427.958435
2 74.532559 427.224107
2 45.398665 416.726962
2 56.673980 431.836704
2 64.811656 413.906890
2 39.766784 432.656259
2 54.629899 427.696813
2 64.010856 425.553187
2 59.602518 430.313672
2 80.182577 438.192942
2 70.931752 442.930283
2 61.246465 421.775181
2 60.792721 428.363508
2 53.810192 419.722364
2 63.494198 428.757342
2 83.436392 431.710276
2 56.345963 431.619136
2 62.089104 430.141319
2 65.727367 424.865274
2 61.552714 420.683760
2 54.332525 422.651007
2 65.391002 431.691994
2 45.589576 434.050779
2 63.955935 438.324871
2 40.333242 444.457525
2 47.776520 438.419990
2 83.859896 425.730642
1 329.266727 642.771891
2 29.908740 433.155305
1 333.191974 646.749296
2 10.395896 463.885543
1 154.195366 773.573497
1 148.767415 779.060031
1 148.218661 777.629893
1 139.421185 798.342218
1 138.908182 789.084680
1 150.308837 780.140365
1 161.261873 761.410870
1 149.508251 763.863873
1 144.243613 785.552113
1 163.909595 777.338638
1 146.093343 790.984559
1 136.628337 785.524255
1 135.578839 792.133503
1 153.267474 780.133094
1 147.859911 793.014543
1 143.297630 795.898551
1 154.225798 768.676333
1 146.283493 780.222102
1 156.864742 796.891839
1 149.792901 793.426537
1 165.961065 763.317471
1 161.660195 743.229703
1 117.480530 840.233255
1 169.474423 806.735227
1 160.171493 728.168990
1 167.167669 824.504186
1 126.794249 817.898849
1 155.350524 829.208227
1 168.848557 795.903797
1 141.018213 822.600896
1 145.280681 719.723449
1 128.936840 801.508418
1 181.046931 808.894852
1 102.045805 679.588075
1 150.185939 773.199038
1 153.930228 801.361929
1 144.527067 776.614814
1 167.283801 752.405324
1 228.588204 737.779828
1 117.464896 763.381908
1 211.747132 677.342773
1 132.870579 852.523077
1 203.064141 782.781527
1 124.574923 784.671643
1 113.807896 798.753175
1 145.525332 765.756496
1 95.850814 824.810962
1 162.497433 773.002365
1 114.239890 759.741582
1 169.326922 762.812728
1 139.789580 729.775598
1 136.006571 816.981760
1 167.297429 815.124352
1 143.978313 775.184676
1 130.427255 675.519269
1 133.115800 846.250108
1 125.136817 741.114176
1 116.335459 839.982686
1 170.730925 768.338243
1 137.205081 845.790333
1 159.832284 835.046580
1 110.409156 757.264207
1 168.725456 828.150287
1 221.328885 746.522999
1 181.108886 827.613304
1 87.825013 774.801286
1 313.725755 735.295260
2 499.585782 134.991032
2 487.072859 134.072046
2 506.632547 149.885286
2 492.965995 129.845313
2 518.370217 137.655406
2 500.372290 132.347817
2 487.886167 155.139001
2 493.720714 134.765195
2 500.592111 143.538737
2 509.219396 138.393067
2 509.805614 158.859363
2 494.685072 156.280964
2 493.952420 155.236588
2 512.198795 143.865391
2 498.891104 142.434045
2 503.031665 142.810787
2 503.838197 164.691625
2 496.084056 144.129262
2 491.287710 130.238975
2 493.997559 149.054409
2 505.718363 140.086895
2 516.354893 141.664266
2 492.726283 160.391446
2 497.273132 140.416961
2 487.985610 127.781588
2 480.665799 140.519273
2 484.169628 124.939385
2 500.296424 143.208910
2 502.431803 130.208756
2 488.163780 137.309645
2 507.653555 163.648638
2 490.172815 141.775291
2 497.665782 137.406016
2 504.235634 136.967520
2 507.121802 126.362128
2 504.037112 143.205893
2 519.923327 144.451390
2 507.237126 134.154348
2 495.384363 140.921447
2 497.827101 132.321328
2 485.296409 121.877189
2 495.878229 119.440463
2 499.532163 145.276059
2 486.023560 139.868389
1 414.159271 654.484542
1 396.965906 656.429721
1 407.023245 639.978443
1 399.197276 650.149638
1 405.431374 649.333913
1 391.300101 656.779568
1 400.259023 649.944374
1 395.487644 652.575963
1 411.968041 650.520766
1 398.848586 635.686138
1 408.133576 630.837110
1 396.906714 642.965381
1 396.371375 649.914623
1 381.367666 653.613494
1 398.660293 649.819049
1 390.971265 647.465206
1 405.861198 641.062399
1 398.602001 647.378318
1 393.340697 642.555826
1 411.539163 654.654595
1 401.664526 639.774492
1 408.226809 628.395687
1 415.984239 646.909203
1 399.215922 650.971434
1 423.036678 654.281203
2 556.654560 492.168320
2 559.645556 478.749257
2 542.108217 474.036524
2 559.685605 487.433473
2 563.369408 490.282628
2 559.161220 474.688788
2 557.486451 481.565274
2 556.840378 498.166857
2 563.704203 473.647680
2 558.252617 486.808067
2 558.899972 479.781194
2 548.343974 488.373185
2 559.745212 479.979779
2 569.635254 470.297255
2 565.753896 479.453980
2 568.280122 458.401332
2 552.993692 480.154732
2 536.452940 475.645585
2 567.445625 494.042759
2 562.460124 483.713340
2 543.069621 483.761617
2 558.284391 476.821103
2 547.655082 458.294657
2 561.074381 495.485274
2 563.167474 480.654356
2 566.168079 497.857587
2 557.684401 461.115869
2 552.590856 490.349685
2 560.512513 470.929234
2 563.243376 477.289553
2 542.971177 465.114985
2 553.586758 461.895545
2 564.947799 458.268381
2 564.631733 472.059136
2 559.099342 479.038836
2 580.142647 476.366680
2 565.634408 455.665149
2 557.992754 503.939145
2 580.160206 485.271098
2 564.291244 478.719299
2 544.664903 471.243575
1 386.266053 632.729654
1 398.720259 647.146209
1 419.718660 657.776999
1 363.511530 645.081430
1 385.574760 627.486184
1 391.322449 598.838019
2 575.136311 485.117748
1 438.869428 663.300245
1 398.264274 654.529050
1 387.691057 624.626378
1 393.415988 636.889951
2 523.948929 434.817976
2 568.236961 441.303327
1 479.906437 629.119957
1 431.294298 657.271087
1 434.985993 643.535139
1 399.953015 625.067422
1 402.945454 610.996427
1 401.907929 660.603910
1 379.324516 622.397332
1 409.873266 661.918479
1 425.153304 654.234049
1 373.700249 663.982615
1 350.425997 622.748565
1 365.456804 634.827717
1 436.247342 622.083659
1 414.553673 623.077028
1 413.080108 643.291225
1 355.418147 651.492714
1 418.110166 634.670682
1 400.897024 628.736727
1 407.229348 650.373809
1 438.372530 639.677714
1 419.187803 619.370505
1 429.478870 624.814253
1 400.197463 623.652081
2 487.081162 405.343685
1 461.227820 654.460296
1 467.325532 603.281215
2 557.380597 469.410312
1 424.969726 561.484486
1 377.799564 646.058489
1 424.442419 640.910467
1 464.607326 613.561951
2 580.814181 442.665403
1 423.999479 653.917076
1 404.852478 663.525906
1 408.039683 635.245949
1 436.222304 590.910248
1 364.662614 627.333113
1 392.114856 668.457714
1 394.954126 674.308099
1 410.850476 670.035768
1 394.221399 669.527537
1 554.016372 799.904415
1 570.123937 800.021367
1 567.376086 804.549630
1 560.549366 808.971070
1 587.251436 782.693528
1 587.747347 813.579480
1 552.745377 812.852118
1 564.153244 803.367135
1 577.898006 790.170492
1 574.622078 798.789140
1 583.571398 807.125762
1 573.053080 813.579015
1 574.188549 798.183811
1 555.463841 818.504065
1 589.863390 791.962140
1 568.084256 806.421477
1 569.348468 803.664456
1 559.722450 798.231480
1 554.189676 788.492689
1 565.268759 792.765162
1 570.431892 804.553449
1 553.812317 802.677720
1 566.122417 793.535738
1 556.450136 801.912863
1 558.457108 801.771453
1 553.909713 813.565870
1 564.321143 806.739449
1 546.552111 799.804377
1 578.038975 812.878854
1 570.841369 788.925269
1 577.269699 796.321275
2 389.538227 833.879714
2 402.161750 844.896420
2 378.960659 833.429814
2 409.237313 811.380150
2 399.890100 830.041025
2 387.390942 851.011779
2 400.025746 809.960347
2 405.207302 850.738799
2 397.114311 827.173351
2 397.580039 831.068220
2 401.636197 813.259206
2 401.312932 830.117661
2 387.290173 814.781166
2 399.712033 820.898581
2 402.382769 830.642689
2 397.509522 816.278095
2 411.152661 844.794265
2 395.711069 837.208026
2 399.501159 818.059710
2 398.257724 839.003859
2 376.583223 838.678080
2 382.307555 837.874612
2 416.083383 812.282884
2 385.918454 817.639902
2 399.456228 830.895849
2 408.008256 824.890422
2 390.094158 829.951194
2 401.366324 848.649844
2 401.175089 840.522349
2 399.819838 837.191383
2 398.449407 821.013905
2 402.179150 831.091748
2 405.133892 836.167852
2 418.329704 828.496631
2 400.384027 826.575821
2 391.501291 844.196585
2 402.664223 816.254259
2 402.357607 815.581699
2 393.088402 831.176945
2 397.917414 854.296024
2 388.306593 841.258806
2 382.629465 844.753000
2 382.116116 814.485627
1 539.618481 793.694258
1 552.232326 805.771430
1 595.708478 808.767533
1 591.941001 815.300947
1 556.156424 769.382533
2 442.707505 807.848096
1 390.299148 677.433995
1 595.361973 784.061442
2 418.764283 863.253999
2 434.921608 837.372810
2 372.003758 837.725041
1 373.076787 670.173731
1 423.023974 698.419651
2 369.759219 864.263460
2 435.403138 783.732354
2 389.808828 825.300821
1 560.417291 798.129511
1 399.951050 671.632830
2 468.345125 800.387838
1 439.729234 679.096925
1 545.709855 828.255466
2 389.636162 838.100337
1 423.186556 673.344205
2 397.031791 804.794476
2 376.059970 846.655846
2 424.166958 867.950390
1 537.846912 816.485194
1 531.707193 795.033016
2 389.505049 835.567883
1 585.686480 833.445733
1 593.333413 796.093216
1 372.502480 682.579886
1 443.861578 692.044393
1 575.773902 806.670458
1 513.574187 785.934560
1 591.563771 770.515110
1 601.938206 788.875705
2 397.481607 833.687659
1 617.681173 790.429095
2 426.549509 829.571384
2 413.472466 878.502469
1 371.755304 707.440526
2 395.642800 867.607643
2 437.765005 828.423936
1 610.511690 816.888117
1 595.204921 780.944248
2 363.745615 864.131297
1 646.883205 762.508931
2 375.702978 847.747001
1 389.641955 680.580376
2 431.209804 764.851351
1 587.360180 785.773608
1 544.357306 861.583891
1 418.445709 722.894372
1 547.653138 791.411179
2 428.930260 838.525851
1 591.662739 793.171635
1 510.668760 776.234014
1 570.347761 803.874301
2 439.690752 758.307869
2 371.356065 841.906912
1 375.132389 691.806238
2 428.340456 800.098070
2 376.596679 833.133185
2 417.722752 787.092741
1 577.289213 826.726852
2 395.095420 847.198151
1 594.433109 820.903081
2 429.993539 789.362214
1 609.423651 822.128657
2 421.764644 888.267544
1 619.511968 792.784101
1 367.361001 684.234249
2 400.567061 839.618970
1 564.239827 789.264882
1 408.310579 681.228959
1 601.989457 794.312242
1 408.084299 679.667785
1 375.282670 671.697632
1 587.685509 860.995782
1 394.928241 676.173428
1 586.289651 802.302331
1 604.390526 743.367396
1 435.231094 680.445794
1 547.469898 811.745133
2 399.609983 830.376255
1 375.531701 687.419774
1 365.899540 674.857513
1 593.813328 759.908948
1 583.055590 804.334047
1 372.122327 670.941145
1 542.953089 833.067481
1 377.161476 684.011656
1 617.466416 776.749884
1 605.167316 815.786510
2 395.344066 812.307105
2 406.380427 855.695627
1 604.257722 770.964278
2 433.069359 784.389705
2 463.352858 792.135413
2 411.171435 894.292941
2 433.749679 814.209355
1 433.474262 668.322546
1 482.234524 781.649568
1 545.478254 771.222861
1 592.273177 754.955784
1 611.148742 801.272992
1 568.707586 830.952547
1 505.899593 815.885016
2 457.081954 790.683719
1 557.926913 819.383468
1 539.721389 755.411669
1 558.708670 809.249036
1 438.914572 721.472242
1 417.699573 672.796261
2 395.258699 777.448981
2 383.421928 818.825223
1 587.281002 861.699662
1 563.020874 903.506760
2 355.337083 839.327707
1 361.588258 683.306337
2 452.942435 846.631287
1 611.604455 816.591778
2 416.910625 741.806519
1 400.434183 725.653140
1 528.169779 791.321003
1 586.322477 846.913953
1 549.407697 884.723952
2 358.724995 803.499695
2 493.366450 793.815252
2 402.097318 785.379931
2 381.120443 833.846838
1 595.883833 805.358706
1 512.271628 792.171589
2 417.411950 839.272925
1 523.176558 817.174491
1 424.892168 685.166843
2 408.354545 846.796704
2 440.114249 773.535216
1 517.865819 783.459995
1 564.132479 767.458218
2 461.461202 820.550660
1 588.200898 794.223603
2 429.730227 860.642645
1 555.392365 795.653774
2 441.997411 799.374900
2 377.281291 846.436369
1 428.299076 670.300446
2 391.753088 804.041505
2 479.565821 757.599413
2 475.480663 816.006409
2 398.633812 863.929170
1 376.250432 670.301804
1 596.689345 740.678205
1 593.362466 859.018273
2 419.279175 832.674526
2 363.191350 827.813585
2 431.130185 829.176744
2 406.815958 808.696868
2 440.202205 823.220933
1 796.388864 306.657840
1 821.036917 304.551643
1 821.918281 286.535242
1 827.008361 306.982318
1 819.562622 309.232983
1 802.629404 300.577595
1 819.550908 293.675277
1 816.029020 288.743721
1 823.478148 298.508401
1 821.751465 291.149601
1 815.426318 276.391480
1 818.450751 282.660983
1 820.312877 300.045297
1 819.187439 300.062221
1 804.173060 292.202385
1 820.927539 293.228590
1 818.992631 313.060734
1 839.922837 300.968418
1 814.089782 286.227806
1 803.852044 302.353583
1 809.983797 301.390875
1 799.510615 313.051670
1 805.251090 281.217554
1 822.409595 321.539671
1 821.588987 277.873229
1 814.325253 299.945888
1 826.184956 286.264424
1 795.669137 301.242204
1 826.556014 274.311823
1 791.259153 316.660583
1 763.488581 300.783248
1 762.772044 266.968686
1 809.321286 300.025162
1 871.657848 319.345637
1 821.102368 315.204887
1 810.103299 245.286701
1 811.961093 285.532540
1 851.730441 270.214370
1 844.449940 287.335362
1 812.529266 298.714423
1 858.277716 330.366598
1 815.487079 288.866520
1 783.624187 278.237651
1 805.634030 296.606843
1 833.581039 240.606349
1 792.742895 282.473397
1 802.473381 279.271817
1 799.009430 276.463784
1 846.839791 292.174857
1 804.657772 283.761732
1 764.755587 274.550150
1 849.444774 286.500415
1 836.076392 311.758449
1 816.446051 289.484412
1 826.460864 297.285601
1 798.432235 296.954690
1 807.475066 315.722171
1 802.914998 303.379500
1 756.188945 285.385649
1 797.945098 245.054455
1 819.517767 308.710372
1 815.900919 261.018922
1 862.892317 284.801861
1 819.952896 240.695264
1 837.897948 281.412142
1 863.799126 299.413469
1 809.392486 308.358824
1 809.429518 314.613743
1 781.362054 283.972897
1 790.259291 293.673511
1 774.926781 309.379883
1 857.419627 328.285387
1 779.414106 291.035179
1 838.151656 298.902496
1 786.841658 310.668218
1 783.386195 237.409002
1 825.925088 298.094612
1 829.344597 288.497967
1 806.303899 286.302891
1 802.704147 275.019396
1 821.754226 317.159373
1 794.284069 328.688193
1 796.394942 249.374848
1 787.114301 316.355761
1 836.065937 294.433981
1 779.011719 242.650344
1 827.452147 214.099533
1 820.757585 300.494659
1 764.444019 292.848968
1 794.458346 311.732140
1 813.109980 327.029862
1 829.429157 275.007126
1 803.317970 324.954600
1 829.021667 323.765113
1 830.361905 261.609894
1 752.672918 260.854722
1 856.603170 271.959612
1 816.192467 282.525418
1 785.436797 247.693245
1 845.931485 288.258917
1 825.445894 310.938733
1 815.628988 307.279102
1 839.482891 271.507939
1 854.879033 327.446099
1 783.651775 281.900933
1 858.538392 292.969969
1 809.032531 308.230740
1 774.603983 256.628034
1 844.794112 259.806253
1 858.521598 314.470851
1 826.389434 296.927304
1 812.230963 257.813163
2 840.676232 608.621616
2 852.475574 633.410839
2 846.066883 625.840064
2 851.954105 627.968782
2 854.026035 648.220403
2 839.991632 615.530566
2 853.077069 632.163393
2 838.369887 634.561641
2 866.584727 624.813974
2 828.963805 622.449259
2 852.416090 642.763955
2 837.016986 614.694498
2 840.738615 643.357703
2 843.478089 641.697435
2 838.721206 644.038280
2 863.400528 639.149061
2 859.753973 642.335668
2 837.233535 635.162835
2 853.881323 619.546542
2 850.632442 625.157595
2 853.359522 611.015333
2 850.418268 615.658842
2 858.067359 619.559308
2 857.351504 643.163369
2 850.318600 639.521488
2 835.521914 631.914579
2 831.556330 614.604932
2 850.077215 631.957816
2 856.027421 643.177058
2 852.373098 634.690302
2 836.293860 616.051164
2 837.884820 636.400251
2 853.265255 626.674026
2 848.812040 628.612968
2 850.192135 635.737483
2 846.559716 642.299393
2 834.979246 636.262926
2 855.763583 644.513919
2 846.730506 607.687930
2 856.436795 633.342058
2 852.717873 632.804110
2 842.090755 638.151091
2 850.868218 630.077384
2 831.691895 631.432495
1 844.315099 354.675681
1 800.460295 337.599477
1 802.594406 353.539538
1 797.125428 356.028319
1 828.717001 335.037778
1 820.599173 338.847050
